3	34	81.250000000	-93.750000000
3	36	81.250000000	-88.750000000
3	37	81.250000000	-86.250000000
3	38	81.250000000	-83.750000000
3	39	81.250000000	-81.250000000
3	40	81.250000000	-78.750000000
3	41	81.250000000	-76.250000000
3	42	81.250000000	-73.750000000
3	44	81.250000000	-68.750000000
3	45	81.250000000	-66.250000000
3	50	81.250000000	-53.750000000
3	60	81.250000000	-28.750000000
3	61	81.250000000	-26.250000000
3	62	81.250000000	-23.750000000
3	63	81.250000000	-21.250000000
3	66	81.250000000	-13.750000000
4	30	78.750000000	-103.750000000
4	31	78.750000000	-101.250000000
4	36	78.750000000	-88.750000000
4	37	78.750000000	-86.250000000
4	38	78.750000000	-83.750000000
4	44	78.750000000	-68.750000000
5	23	76.250000000	-121.250000000
5	25	76.250000000	-116.250000000
5	26	76.250000000	-113.750000000
5	28	76.250000000	-108.750000000
5	30	76.250000000	-103.750000000
5	31	76.250000000	-101.250000000
5	32	76.250000000	-98.750000000
5	34	76.250000000	-93.750000000
5	35	76.250000000	-91.250000000
5	39	76.250000000	-81.250000000
5	64	76.250000000	-18.750000000
5	96	76.250000000	61.250000000
5	110	76.250000000	96.250000000
5	111	76.250000000	98.750000000
5	112	76.250000000	101.250000000
5	113	76.250000000	103.750000000
5	114	76.250000000	106.250000000
5	115	76.250000000	108.750000000
5	116	76.250000000	111.250000000
5	127	76.250000000	138.750000000
6	22	73.750000000	-123.750000000
6	23	73.750000000	-121.250000000
6	24	73.750000000	-118.750000000
6	25	73.750000000	-116.250000000
6	31	73.750000000	-101.250000000
6	32	73.750000000	-98.750000000
6	34	73.750000000	-93.750000000
6	35	73.750000000	-91.250000000
6	37	73.750000000	-86.250000000
6	62	73.750000000	-23.750000000
6	63	73.750000000	-21.250000000
6	93	73.750000000	53.750000000
6	94	73.750000000	56.250000000
6	106	73.750000000	86.250000000
6	107	73.750000000	88.750000000
6	108	73.750000000	91.250000000
6	109	73.750000000	93.750000000
6	110	73.750000000	96.250000000
6	111	73.750000000	98.750000000
6	112	73.750000000	101.250000000
6	113	73.750000000	103.750000000
6	114	73.750000000	106.250000000
6	116	73.750000000	111.250000000
6	121	73.750000000	123.750000000
6	128	73.750000000	141.250000000
7	0	71.250000000	-178.750000000
7	9	71.250000000	-156.250000000
7	25	71.250000000	-116.250000000
7	26	71.250000000	-113.750000000
7	27	71.250000000	-111.250000000
7	28	71.250000000	-108.750000000
7	29	71.250000000	-106.250000000
7	33	71.250000000	-96.250000000
7	34	71.250000000	-93.750000000
7	37	71.250000000	-86.250000000
7	38	71.250000000	-83.750000000
7	39	71.250000000	-81.250000000
7	40	71.250000000	-78.750000000
7	41	71.250000000	-76.250000000
7	42	71.250000000	-73.750000000
7	43	71.250000000	-71.250000000
7	50	71.250000000	-53.750000000
7	62	71.250000000	-23.750000000
7	93	71.250000000	53.750000000
7	99	71.250000000	68.750000000
7	100	71.250000000	71.250000000
7	101	71.250000000	73.750000000
7	102	71.250000000	76.250000000
7	103	71.250000000	78.750000000
7	104	71.250000000	81.250000000
7	105	71.250000000	83.750000000
7	106	71.250000000	86.250000000
7	107	71.250000000	88.750000000
7	108	71.250000000	91.250000000
7	109	71.250000000	93.750000000
7	110	71.250000000	96.250000000
7	111	71.250000000	98.750000000
7	112	71.250000000	101.250000000
7	113	71.250000000	103.750000000
7	114	71.250000000	106.250000000
7	115	71.250000000	108.750000000
7	116	71.250000000	111.250000000
7	117	71.250000000	113.750000000
7	118	71.250000000	116.250000000
7	119	71.250000000	118.750000000
7	120	71.250000000	121.250000000
7	121	71.250000000	123.750000000
7	122	71.250000000	126.250000000
7	123	71.250000000	128.750000000
7	125	71.250000000	133.750000000
7	126	71.250000000	136.250000000
7	127	71.250000000	138.750000000
7	128	71.250000000	141.250000000
7	129	71.250000000	143.750000000
7	130	71.250000000	146.250000000
7	131	71.250000000	148.750000000
7	132	71.250000000	151.250000000
8	0	68.750000000	-178.750000000
8	5	68.750000000	-166.250000000
8	6	68.750000000	-163.750000000
8	7	68.750000000	-161.250000000
8	8	68.750000000	-158.750000000
8	9	68.750000000	-156.250000000
8	10	68.750000000	-153.750000000
8	11	68.750000000	-151.250000000
8	12	68.750000000	-148.750000000
8	13	68.750000000	-146.250000000
8	14	68.750000000	-143.750000000
8	15	68.750000000	-141.250000000
8	16	68.750000000	-138.750000000
8	17	68.750000000	-136.250000000
8	18	68.750000000	-133.750000000
8	19	68.750000000	-131.250000000
8	20	68.750000000	-128.750000000
8	21	68.750000000	-126.250000000
8	22	68.750000000	-123.750000000
8	23	68.750000000	-121.250000000
8	24	68.750000000	-118.750000000
8	25	68.750000000	-116.250000000
8	27	68.750000000	-111.250000000
8	29	68.750000000	-106.250000000
8	33	68.750000000	-96.250000000
8	34	68.750000000	-93.750000000
8	35	68.750000000	-91.250000000
8	36	68.750000000	-88.750000000
8	38	68.750000000	-83.750000000
8	40	68.750000000	-78.750000000
8	41	68.750000000	-76.250000000
8	42	68.750000000	-73.750000000
8	43	68.750000000	-71.250000000
8	44	68.750000000	-68.750000000
8	51	68.750000000	-51.250000000
8	78	68.750000000	16.250000000
8	79	68.750000000	18.750000000
8	80	68.750000000	21.250000000
8	81	68.750000000	23.750000000
8	82	68.750000000	26.250000000
8	83	68.750000000	28.750000000
8	84	68.750000000	31.250000000
8	85	68.750000000	33.750000000
8	86	68.750000000	36.250000000
8	91	68.750000000	48.750000000
8	93	68.750000000	53.750000000
8	95	68.750000000	58.750000000
8	96	68.750000000	61.250000000
8	97	68.750000000	63.750000000
8	98	68.750000000	66.250000000
8	100	68.750000000	71.250000000
8	102	68.750000000	76.250000000
8	103	68.750000000	78.750000000
8	104	68.750000000	81.250000000
8	105	68.750000000	83.750000000
8	106	68.750000000	86.250000000
8	107	68.750000000	88.750000000
8	108	68.750000000	91.250000000
8	109	68.750000000	93.750000000
8	110	68.750000000	96.250000000
8	111	68.750000000	98.750000000
8	112	68.750000000	101.250000000
8	113	68.750000000	103.750000000
8	114	68.750000000	106.250000000
8	115	68.750000000	108.750000000
8	116	68.750000000	111.250000000
8	117	68.750000000	113.750000000
8	118	68.750000000	116.250000000
8	119	68.750000000	118.750000000
8	120	68.750000000	121.250000000
8	121	68.750000000	123.750000000
8	122	68.750000000	126.250000000
8	123	68.750000000	128.750000000
8	124	68.750000000	131.250000000
8	125	68.750000000	133.750000000
8	126	68.750000000	136.250000000
8	127	68.750000000	138.750000000
8	128	68.750000000	141.250000000
8	129	68.750000000	143.750000000
8	130	68.750000000	146.250000000
8	131	68.750000000	148.750000000
8	132	68.750000000	151.250000000
8	133	68.750000000	153.750000000
8	134	68.750000000	156.250000000
8	135	68.750000000	158.750000000
8	136	68.750000000	161.250000000
8	137	68.750000000	163.750000000
8	138	68.750000000	166.250000000
8	139	68.750000000	168.750000000
8	140	68.750000000	171.250000000
8	141	68.750000000	173.750000000
8	142	68.750000000	176.250000000
8	143	68.750000000	178.750000000
9	0	66.250000000	-178.750000000
9	1	66.250000000	-176.250000000
9	2	66.250000000	-173.750000000
9	3	66.250000000	-171.250000000
9	5	66.250000000	-166.250000000
9	7	66.250000000	-161.250000000
9	8	66.250000000	-158.750000000
9	9	66.250000000	-156.250000000
9	10	66.250000000	-153.750000000
9	11	66.250000000	-151.250000000
9	12	66.250000000	-148.750000000
9	13	66.250000000	-146.250000000
9	14	66.250000000	-143.750000000
9	15	66.250000000	-141.250000000
9	16	66.250000000	-138.750000000
9	17	66.250000000	-136.250000000
9	18	66.250000000	-133.750000000
9	19	66.250000000	-131.250000000
9	20	66.250000000	-128.750000000
9	21	66.250000000	-126.250000000
9	25	66.250000000	-116.250000000
9	26	66.250000000	-113.750000000
9	27	66.250000000	-111.250000000
9	28	66.250000000	-108.750000000
9	29	66.250000000	-106.250000000
9	30	66.250000000	-103.750000000
9	31	66.250000000	-101.250000000
9	32	66.250000000	-98.750000000
9	33	66.250000000	-96.250000000
9	34	66.250000000	-93.750000000
9	35	66.250000000	-91.250000000
9	36	66.250000000	-88.750000000
9	37	66.250000000	-86.250000000
9	38	66.250000000	-83.750000000
9	42	66.250000000	-73.750000000
9	43	66.250000000	-71.250000000
9	44	66.250000000	-68.750000000
9	45	66.250000000	-66.250000000
9	46	66.250000000	-63.750000000
9	50	66.250000000	-53.750000000
9	51	66.250000000	-51.250000000
9	65	66.250000000	-16.250000000
9	77	66.250000000	13.750000000
9	78	66.250000000	16.250000000
9	79	66.250000000	18.750000000
9	80	66.250000000	21.250000000
9	81	66.250000000	23.750000000
9	82	66.250000000	26.250000000
9	83	66.250000000	28.750000000
9	84	66.250000000	31.250000000
9	85	66.250000000	33.750000000
9	87	66.250000000	38.750000000
9	89	66.250000000	43.750000000
9	90	66.250000000	46.250000000
9	91	66.250000000	48.750000000
9	92	66.250000000	51.250000000
9	93	66.250000000	53.750000000
9	94	66.250000000	56.250000000
9	95	66.250000000	58.750000000
9	96	66.250000000	61.250000000
9	97	66.250000000	63.750000000
9	98	66.250000000	66.250000000
9	99	66.250000000	68.750000000
9	100	66.250000000	71.250000000
9	101	66.250000000	73.750000000
9	102	66.250000000	76.250000000
9	103	66.250000000	78.750000000
9	104	66.250000000	81.250000000
9	105	66.250000000	83.750000000
9	106	66.250000000	86.250000000
9	107	66.250000000	88.750000000
9	108	66.250000000	91.250000000
9	109	66.250000000	93.750000000
9	110	66.250000000	96.250000000
9	111	66.250000000	98.750000000
9	112	66.250000000	101.250000000
9	113	66.250000000	103.750000000
9	114	66.250000000	106.250000000
9	115	66.250000000	108.750000000
9	116	66.250000000	111.250000000
9	117	66.250000000	113.750000000
9	118	66.250000000	116.250000000
9	119	66.250000000	118.750000000
9	120	66.250000000	121.250000000
9	121	66.250000000	123.750000000
9	122	66.250000000	126.250000000
9	123	66.250000000	128.750000000
9	124	66.250000000	131.250000000
9	125	66.250000000	133.750000000
9	126	66.250000000	136.250000000
9	127	66.250000000	138.750000000
9	128	66.250000000	141.250000000
9	129	66.250000000	143.750000000
9	130	66.250000000	146.250000000
9	131	66.250000000	148.750000000
9	132	66.250000000	151.250000000
9	133	66.250000000	153.750000000
9	134	66.250000000	156.250000000
9	135	66.250000000	158.750000000
9	136	66.250000000	161.250000000
9	137	66.250000000	163.750000000
9	138	66.250000000	166.250000000
9	139	66.250000000	168.750000000
9	140	66.250000000	171.250000000
9	141	66.250000000	173.750000000
9	142	66.250000000	176.250000000
9	143	66.250000000	178.750000000
10	8	63.750000000	-158.750000000
10	9	63.750000000	-156.250000000
10	10	63.750000000	-153.750000000
10	11	63.750000000	-151.250000000
10	12	63.750000000	-148.750000000
10	13	63.750000000	-146.250000000
10	14	63.750000000	-143.750000000
10	15	63.750000000	-141.250000000
10	16	63.750000000	-138.750000000
10	17	63.750000000	-136.250000000
10	18	63.750000000	-133.750000000
10	19	63.750000000	-131.250000000
10	20	63.750000000	-128.750000000
10	21	63.750000000	-126.250000000
10	22	63.750000000	-123.750000000
10	23	63.750000000	-121.250000000
10	24	63.750000000	-118.750000000
10	25	63.750000000	-116.250000000
10	26	63.750000000	-113.750000000
10	27	63.750000000	-111.250000000
10	28	63.750000000	-108.750000000
10	29	63.750000000	-106.250000000
10	30	63.750000000	-103.750000000
10	31	63.750000000	-101.250000000
10	32	63.750000000	-98.750000000
10	33	63.750000000	-96.250000000
10	34	63.750000000	-93.750000000
10	35	63.750000000	-91.250000000
10	37	63.750000000	-86.250000000
10	39	63.750000000	-81.250000000
10	43	63.750000000	-71.250000000
10	44	63.750000000	-68.750000000
10	45	63.750000000	-66.250000000
10	51	63.750000000	-51.250000000
10	64	63.750000000	-18.750000000
10	75	63.750000000	8.750000000
10	76	63.750000000	11.250000000
10	77	63.750000000	13.750000000
10	78	63.750000000	16.250000000
10	79	63.750000000	18.750000000
10	81	63.750000000	23.750000000
10	82	63.750000000	26.250000000
10	83	63.750000000	28.750000000
10	84	63.750000000	31.250000000
10	85	63.750000000	33.750000000
10	86	63.750000000	36.250000000
10	87	63.750000000	38.750000000
10	88	63.750000000	41.250000000
10	89	63.750000000	43.750000000
10	90	63.750000000	46.250000000
10	91	63.750000000	48.750000000
10	92	63.750000000	51.250000000
10	93	63.750000000	53.750000000
10	94	63.750000000	56.250000000
10	95	63.750000000	58.750000000
10	96	63.750000000	61.250000000
10	97	63.750000000	63.750000000
10	98	63.750000000	66.250000000
10	99	63.750000000	68.750000000
10	100	63.750000000	71.250000000
10	101	63.750000000	73.750000000
10	102	63.750000000	76.250000000
10	103	63.750000000	78.750000000
10	104	63.750000000	81.250000000
10	105	63.750000000	83.750000000
10	106	63.750000000	86.250000000
10	107	63.750000000	88.750000000
10	108	63.750000000	91.250000000
10	109	63.750000000	93.750000000
10	110	63.750000000	96.250000000
10	111	63.750000000	98.750000000
10	112	63.750000000	101.250000000
10	113	63.750000000	103.750000000
10	114	63.750000000	106.250000000
10	115	63.750000000	108.750000000
10	116	63.750000000	111.250000000
10	117	63.750000000	113.750000000
10	118	63.750000000	116.250000000
10	119	63.750000000	118.750000000
10	120	63.750000000	121.250000000
10	121	63.750000000	123.750000000
10	122	63.750000000	126.250000000
10	123	63.750000000	128.750000000
10	124	63.750000000	131.250000000
10	125	63.750000000	133.750000000
10	126	63.750000000	136.250000000
10	127	63.750000000	138.750000000
10	128	63.750000000	141.250000000
10	129	63.750000000	143.750000000
10	130	63.750000000	146.250000000
10	131	63.750000000	148.750000000
10	132	63.750000000	151.250000000
10	133	63.750000000	153.750000000
10	134	63.750000000	156.250000000
10	135	63.750000000	158.750000000
10	136	63.750000000	161.250000000
10	137	63.750000000	163.750000000
10	138	63.750000000	166.250000000
10	139	63.750000000	168.750000000
10	140	63.750000000	171.250000000
10	141	63.750000000	173.750000000
10	142	63.750000000	176.250000000
10	143	63.750000000	178.750000000
11	6	61.250000000	-163.750000000
11	7	61.250000000	-161.250000000
11	8	61.250000000	-158.750000000
11	9	61.250000000	-156.250000000
11	10	61.250000000	-153.750000000
11	11	61.250000000	-151.250000000
11	12	61.250000000	-148.750000000
11	13	61.250000000	-146.250000000
11	14	61.250000000	-143.750000000
11	15	61.250000000	-141.250000000
11	16	61.250000000	-138.750000000
11	17	61.250000000	-136.250000000
11	18	61.250000000	-133.750000000
11	19	61.250000000	-131.250000000
11	20	61.250000000	-128.750000000
11	21	61.250000000	-126.250000000
11	22	61.250000000	-123.750000000
11	23	61.250000000	-121.250000000
11	24	61.250000000	-118.750000000
11	26	61.250000000	-113.750000000
11	27	61.250000000	-111.250000000
11	28	61.250000000	-108.750000000
11	29	61.250000000	-106.250000000
11	30	61.250000000	-103.750000000
11	31	61.250000000	-101.250000000
11	32	61.250000000	-98.750000000
11	33	61.250000000	-96.250000000
11	41	61.250000000	-76.250000000
11	42	61.250000000	-73.750000000
11	52	61.250000000	-48.750000000
11	53	61.250000000	-46.250000000
11	74	61.250000000	6.250000000
11	75	61.250000000	8.750000000
11	76	61.250000000	11.250000000
11	77	61.250000000	13.750000000
11	78	61.250000000	16.250000000
11	81	61.250000000	23.750000000
11	82	61.250000000	26.250000000
11	83	61.250000000	28.750000000
11	85	61.250000000	33.750000000
11	87	61.250000000	38.750000000
11	88	61.250000000	41.250000000
11	89	61.250000000	43.750000000
11	90	61.250000000	46.250000000
11	91	61.250000000	48.750000000
11	92	61.250000000	51.250000000
11	93	61.250000000	53.750000000
11	94	61.250000000	56.250000000
11	95	61.250000000	58.750000000
11	96	61.250000000	61.250000000
11	97	61.250000000	63.750000000
11	98	61.250000000	66.250000000
11	99	61.250000000	68.750000000
11	100	61.250000000	71.250000000
11	101	61.250000000	73.750000000
11	102	61.250000000	76.250000000
11	103	61.250000000	78.750000000
11	104	61.250000000	81.250000000
11	105	61.250000000	83.750000000
11	106	61.250000000	86.250000000
11	107	61.250000000	88.750000000
11	108	61.250000000	91.250000000
11	109	61.250000000	93.750000000
11	110	61.250000000	96.250000000
11	111	61.250000000	98.750000000
11	112	61.250000000	101.250000000
11	113	61.250000000	103.750000000
11	114	61.250000000	106.250000000
11	115	61.250000000	108.750000000
11	116	61.250000000	111.250000000
11	117	61.250000000	113.750000000
11	118	61.250000000	116.250000000
11	119	61.250000000	118.750000000
11	120	61.250000000	121.250000000
11	121	61.250000000	123.750000000
11	122	61.250000000	126.250000000
11	123	61.250000000	128.750000000
11	124	61.250000000	131.250000000
11	125	61.250000000	133.750000000
11	126	61.250000000	136.250000000
11	127	61.250000000	138.750000000
11	128	61.250000000	141.250000000
11	129	61.250000000	143.750000000
11	130	61.250000000	146.250000000
11	131	61.250000000	148.750000000
11	132	61.250000000	151.250000000
11	133	61.250000000	153.750000000
11	134	61.250000000	156.250000000
11	136	61.250000000	161.250000000
11	137	61.250000000	163.750000000
11	138	61.250000000	166.250000000
11	139	61.250000000	168.750000000
11	140	61.250000000	171.250000000
12	9	58.750000000	-156.250000000
12	10	58.750000000	-153.750000000
12	17	58.750000000	-136.250000000
12	18	58.750000000	-133.750000000
12	19	58.750000000	-131.250000000
12	20	58.750000000	-128.750000000
12	21	58.750000000	-126.250000000
12	22	58.750000000	-123.750000000
12	23	58.750000000	-121.250000000
12	24	58.750000000	-118.750000000
12	25	58.750000000	-116.250000000
12	26	58.750000000	-113.750000000
12	27	58.750000000	-111.250000000
12	28	58.750000000	-108.750000000
12	29	58.750000000	-106.250000000
12	30	58.750000000	-103.750000000
12	31	58.750000000	-101.250000000
12	32	58.750000000	-98.750000000
12	33	58.750000000	-96.250000000
12	34	58.750000000	-93.750000000
12	40	58.750000000	-78.750000000
12	41	58.750000000	-76.250000000
12	42	58.750000000	-73.750000000
12	43	58.750000000	-71.250000000
12	44	58.750000000	-68.750000000
12	45	58.750000000	-66.250000000
12	46	58.750000000	-63.750000000
12	74	58.750000000	6.250000000
12	75	58.750000000	8.750000000
12	76	58.750000000	11.250000000
12	77	58.750000000	13.750000000
12	78	58.750000000	16.250000000
12	81	58.750000000	23.750000000
12	82	58.750000000	26.250000000
12	83	58.750000000	28.750000000
12	84	58.750000000	31.250000000
12	85	58.750000000	33.750000000
12	86	58.750000000	36.250000000
12	87	58.750000000	38.750000000
12	88	58.750000000	41.250000000
12	89	58.750000000	43.750000000
12	90	58.750000000	46.250000000
12	91	58.750000000	48.750000000
12	92	58.750000000	51.250000000
12	93	58.750000000	53.750000000
12	94	58.750000000	56.250000000
12	95	58.750000000	58.750000000
12	96	58.750000000	61.250000000
12	97	58.750000000	63.750000000
12	98	58.750000000	66.250000000
12	99	58.750000000	68.750000000
12	100	58.750000000	71.250000000
12	101	58.750000000	73.750000000
12	102	58.750000000	76.250000000
12	103	58.750000000	78.750000000
12	104	58.750000000	81.250000000
12	105	58.750000000	83.750000000
12	106	58.750000000	86.250000000
12	107	58.750000000	88.750000000
12	108	58.750000000	91.250000000
12	109	58.750000000	93.750000000
12	110	58.750000000	96.250000000
12	111	58.750000000	98.750000000
12	112	58.750000000	101.250000000
12	113	58.750000000	103.750000000
12	114	58.750000000	106.250000000
12	115	58.750000000	108.750000000
12	116	58.750000000	111.250000000
12	117	58.750000000	113.750000000
12	118	58.750000000	116.250000000
12	119	58.750000000	118.750000000
12	120	58.750000000	121.250000000
12	121	58.750000000	123.750000000
12	122	58.750000000	126.250000000
12	123	58.750000000	128.750000000
12	124	58.750000000	131.250000000
12	125	58.750000000	133.750000000
12	126	58.750000000	136.250000000
12	127	58.750000000	138.750000000
12	128	58.750000000	141.250000000
12	136	58.750000000	161.250000000
12	137	58.750000000	163.750000000
13	8	56.250000000	-158.750000000
13	19	56.250000000	-131.250000000
13	20	56.250000000	-128.750000000
13	21	56.250000000	-126.250000000
13	22	56.250000000	-123.750000000
13	23	56.250000000	-121.250000000
13	24	56.250000000	-118.750000000
13	25	56.250000000	-116.250000000
13	26	56.250000000	-113.750000000
13	27	56.250000000	-111.250000000
13	28	56.250000000	-108.750000000
13	29	56.250000000	-106.250000000
13	30	56.250000000	-103.750000000
13	31	56.250000000	-101.250000000
13	32	56.250000000	-98.750000000
13	33	56.250000000	-96.250000000
13	34	56.250000000	-93.750000000
13	35	56.250000000	-91.250000000
13	36	56.250000000	-88.750000000
13	40	56.250000000	-78.750000000
13	41	56.250000000	-76.250000000
13	42	56.250000000	-73.750000000
13	43	56.250000000	-71.250000000
13	44	56.250000000	-68.750000000
13	45	56.250000000	-66.250000000
13	46	56.250000000	-63.750000000
13	47	56.250000000	-61.250000000
13	70	56.250000000	-3.750000000
13	75	56.250000000	8.750000000
13	77	56.250000000	13.750000000
13	80	56.250000000	21.250000000
13	81	56.250000000	23.750000000
13	82	56.250000000	26.250000000
13	83	56.250000000	28.750000000
13	84	56.250000000	31.250000000
13	85	56.250000000	33.750000000
13	86	56.250000000	36.250000000
13	87	56.250000000	38.750000000
13	88	56.250000000	41.250000000
13	89	56.250000000	43.750000000
13	90	56.250000000	46.250000000
13	91	56.250000000	48.750000000
13	92	56.250000000	51.250000000
13	93	56.250000000	53.750000000
13	94	56.250000000	56.250000000
13	95	56.250000000	58.750000000
13	96	56.250000000	61.250000000
13	97	56.250000000	63.750000000
13	98	56.250000000	66.250000000
13	99	56.250000000	68.750000000
13	100	56.250000000	71.250000000
13	101	56.250000000	73.750000000
13	102	56.250000000	76.250000000
13	103	56.250000000	78.750000000
13	104	56.250000000	81.250000000
13	105	56.250000000	83.750000000
13	106	56.250000000	86.250000000
13	107	56.250000000	88.750000000
13	108	56.250000000	91.250000000
13	109	56.250000000	93.750000000
13	110	56.250000000	96.250000000
13	111	56.250000000	98.750000000
13	112	56.250000000	101.250000000
13	113	56.250000000	103.750000000
13	114	56.250000000	106.250000000
13	115	56.250000000	108.750000000
13	116	56.250000000	111.250000000
13	117	56.250000000	113.750000000
13	118	56.250000000	116.250000000
13	119	56.250000000	118.750000000
13	120	56.250000000	121.250000000
13	121	56.250000000	123.750000000
13	122	56.250000000	126.250000000
13	123	56.250000000	128.750000000
13	124	56.250000000	131.250000000
13	125	56.250000000	133.750000000
13	126	56.250000000	136.250000000
13	134	56.250000000	156.250000000
13	135	56.250000000	158.750000000
13	136	56.250000000	161.250000000
14	5	53.750000000	-166.250000000
14	20	53.750000000	-128.750000000
14	21	53.750000000	-126.250000000
14	22	53.750000000	-123.750000000
14	23	53.750000000	-121.250000000
14	24	53.750000000	-118.750000000
14	25	53.750000000	-116.250000000
14	26	53.750000000	-113.750000000
14	27	53.750000000	-111.250000000
14	28	53.750000000	-108.750000000
14	29	53.750000000	-106.250000000
14	30	53.750000000	-103.750000000
14	31	53.750000000	-101.250000000
14	33	53.750000000	-96.250000000
14	34	53.750000000	-93.750000000
14	35	53.750000000	-91.250000000
14	36	53.750000000	-88.750000000
14	37	53.750000000	-86.250000000
14	38	53.750000000	-83.750000000
14	40	53.750000000	-78.750000000
14	41	53.750000000	-76.250000000
14	42	53.750000000	-73.750000000
14	43	53.750000000	-71.250000000
14	44	53.750000000	-68.750000000
14	45	53.750000000	-66.250000000
14	46	53.750000000	-63.750000000
14	47	53.750000000	-61.250000000
14	48	53.750000000	-58.750000000
14	68	53.750000000	-8.750000000
14	69	53.750000000	-6.250000000
14	71	53.750000000	-1.250000000
14	75	53.750000000	8.750000000
14	76	53.750000000	11.250000000
14	77	53.750000000	13.750000000
14	78	53.750000000	16.250000000
14	79	53.750000000	18.750000000
14	80	53.750000000	21.250000000
14	81	53.750000000	23.750000000
14	82	53.750000000	26.250000000
14	83	53.750000000	28.750000000
14	84	53.750000000	31.250000000
14	85	53.750000000	33.750000000
14	86	53.750000000	36.250000000
14	87	53.750000000	38.750000000
14	88	53.750000000	41.250000000
14	89	53.750000000	43.750000000
14	90	53.750000000	46.250000000
14	91	53.750000000	48.750000000
14	92	53.750000000	51.250000000
14	93	53.750000000	53.750000000
14	94	53.750000000	56.250000000
14	95	53.750000000	58.750000000
14	96	53.750000000	61.250000000
14	97	53.750000000	63.750000000
14	98	53.750000000	66.250000000
14	99	53.750000000	68.750000000
14	100	53.750000000	71.250000000
14	101	53.750000000	73.750000000
14	102	53.750000000	76.250000000
14	103	53.750000000	78.750000000
14	104	53.750000000	81.250000000
14	105	53.750000000	83.750000000
14	106	53.750000000	86.250000000
14	107	53.750000000	88.750000000
14	108	53.750000000	91.250000000
14	109	53.750000000	93.750000000
14	110	53.750000000	96.250000000
14	111	53.750000000	98.750000000
14	112	53.750000000	101.250000000
14	113	53.750000000	103.750000000
14	114	53.750000000	106.250000000
14	115	53.750000000	108.750000000
14	116	53.750000000	111.250000000
14	117	53.750000000	113.750000000
14	118	53.750000000	116.250000000
14	119	53.750000000	118.750000000
14	120	53.750000000	121.250000000
14	121	53.750000000	123.750000000
14	122	53.750000000	126.250000000
14	123	53.750000000	128.750000000
14	124	53.750000000	131.250000000
14	125	53.750000000	133.750000000
14	126	53.750000000	136.250000000
14	127	53.750000000	138.750000000
14	134	53.750000000	156.250000000
14	135	53.750000000	158.750000000
15	21	51.250000000	-126.250000000
15	22	51.250000000	-123.750000000
15	23	51.250000000	-121.250000000
15	24	51.250000000	-118.750000000
15	25	51.250000000	-116.250000000
15	26	51.250000000	-113.750000000
15	27	51.250000000	-111.250000000
15	28	51.250000000	-108.750000000
15	29	51.250000000	-106.250000000
15	30	51.250000000	-103.750000000
15	31	51.250000000	-101.250000000
15	33	51.250000000	-96.250000000
15	34	51.250000000	-93.750000000
15	35	51.250000000	-91.250000000
15	36	51.250000000	-88.750000000
15	37	51.250000000	-86.250000000
15	38	51.250000000	-83.750000000
15	39	51.250000000	-81.250000000
15	40	51.250000000	-78.750000000
15	41	51.250000000	-76.250000000
15	42	51.250000000	-73.750000000
15	43	51.250000000	-71.250000000
15	44	51.250000000	-68.750000000
15	45	51.250000000	-66.250000000
15	46	51.250000000	-63.750000000
15	47	51.250000000	-61.250000000
15	48	51.250000000	-58.750000000
15	49	51.250000000	-56.250000000
15	70	51.250000000	-3.750000000
15	71	51.250000000	-1.250000000
15	72	51.250000000	1.250000000
15	73	51.250000000	3.750000000
15	74	51.250000000	6.250000000
15	75	51.250000000	8.750000000
15	76	51.250000000	11.250000000
15	77	51.250000000	13.750000000
15	78	51.250000000	16.250000000
15	79	51.250000000	18.750000000
15	80	51.250000000	21.250000000
15	81	51.250000000	23.750000000
15	82	51.250000000	26.250000000
15	83	51.250000000	28.750000000
15	84	51.250000000	31.250000000
15	85	51.250000000	33.750000000
15	86	51.250000000	36.250000000
15	87	51.250000000	38.750000000
15	88	51.250000000	41.250000000
15	89	51.250000000	43.750000000
15	90	51.250000000	46.250000000
15	91	51.250000000	48.750000000
15	92	51.250000000	51.250000000
15	93	51.250000000	53.750000000
15	94	51.250000000	56.250000000
15	95	51.250000000	58.750000000
15	96	51.250000000	61.250000000
15	97	51.250000000	63.750000000
15	98	51.250000000	66.250000000
15	99	51.250000000	68.750000000
15	100	51.250000000	71.250000000
15	101	51.250000000	73.750000000
15	102	51.250000000	76.250000000
15	103	51.250000000	78.750000000
15	104	51.250000000	81.250000000
15	105	51.250000000	83.750000000
15	106	51.250000000	86.250000000
15	107	51.250000000	88.750000000
15	108	51.250000000	91.250000000
15	109	51.250000000	93.750000000
15	110	51.250000000	96.250000000
15	111	51.250000000	98.750000000
15	112	51.250000000	101.250000000
15	113	51.250000000	103.750000000
15	114	51.250000000	106.250000000
15	115	51.250000000	108.750000000
15	116	51.250000000	111.250000000
15	117	51.250000000	113.750000000
15	118	51.250000000	116.250000000
15	119	51.250000000	118.750000000
15	120	51.250000000	121.250000000
15	121	51.250000000	123.750000000
15	122	51.250000000	126.250000000
15	123	51.250000000	128.750000000
15	124	51.250000000	131.250000000
15	125	51.250000000	133.750000000
15	126	51.250000000	136.250000000
15	127	51.250000000	138.750000000
16	22	48.750000000	-123.750000000
16	23	48.750000000	-121.250000000
16	24	48.750000000	-118.750000000
16	25	48.750000000	-116.250000000
16	26	48.750000000	-113.750000000
16	27	48.750000000	-111.250000000
16	28	48.750000000	-108.750000000
16	29	48.750000000	-106.250000000
16	30	48.750000000	-103.750000000
16	31	48.750000000	-101.250000000
16	32	48.750000000	-98.750000000
16	33	48.750000000	-96.250000000
16	34	48.750000000	-93.750000000
16	35	48.750000000	-91.250000000
16	36	48.750000000	-88.750000000
16	37	48.750000000	-86.250000000
16	38	48.750000000	-83.750000000
16	39	48.750000000	-81.250000000
16	40	48.750000000	-78.750000000
16	41	48.750000000	-76.250000000
16	42	48.750000000	-73.750000000
16	43	48.750000000	-71.250000000
16	45	48.750000000	-66.250000000
16	48	48.750000000	-58.750000000
16	49	48.750000000	-56.250000000
16	50	48.750000000	-53.750000000
16	70	48.750000000	-3.750000000
16	71	48.750000000	-1.250000000
16	72	48.750000000	1.250000000
16	73	48.750000000	3.750000000
16	74	48.750000000	6.250000000
16	75	48.750000000	8.750000000
16	76	48.750000000	11.250000000
16	77	48.750000000	13.750000000
16	78	48.750000000	16.250000000
16	79	48.750000000	18.750000000
16	80	48.750000000	21.250000000
16	81	48.750000000	23.750000000
16	82	48.750000000	26.250000000
16	83	48.750000000	28.750000000
16	84	48.750000000	31.250000000
16	85	48.750000000	33.750000000
16	86	48.750000000	36.250000000
16	87	48.750000000	38.750000000
16	88	48.750000000	41.250000000
16	89	48.750000000	43.750000000
16	90	48.750000000	46.250000000
16	91	48.750000000	48.750000000
16	92	48.750000000	51.250000000
16	93	48.750000000	53.750000000
16	94	48.750000000	56.250000000
16	95	48.750000000	58.750000000
16	96	48.750000000	61.250000000
16	97	48.750000000	63.750000000
16	98	48.750000000	66.250000000
16	99	48.750000000	68.750000000
16	100	48.750000000	71.250000000
16	101	48.750000000	73.750000000
16	102	48.750000000	76.250000000
16	103	48.750000000	78.750000000
16	104	48.750000000	81.250000000
16	105	48.750000000	83.750000000
16	106	48.750000000	86.250000000
16	107	48.750000000	88.750000000
16	108	48.750000000	91.250000000
16	109	48.750000000	93.750000000
16	110	48.750000000	96.250000000
16	111	48.750000000	98.750000000
16	112	48.750000000	101.250000000
16	113	48.750000000	103.750000000
16	114	48.750000000	106.250000000
16	115	48.750000000	108.750000000
16	116	48.750000000	111.250000000
16	117	48.750000000	113.750000000
16	118	48.750000000	116.250000000
16	119	48.750000000	118.750000000
16	120	48.750000000	121.250000000
16	121	48.750000000	123.750000000
16	122	48.750000000	126.250000000
16	123	48.750000000	128.750000000
16	124	48.750000000	131.250000000
16	125	48.750000000	133.750000000
16	126	48.750000000	136.250000000
16	127	48.750000000	138.750000000
17	22	46.250000000	-123.750000000
17	23	46.250000000	-121.250000000
17	24	46.250000000	-118.750000000
17	25	46.250000000	-116.250000000
17	26	46.250000000	-113.750000000
17	27	46.250000000	-111.250000000
17	28	46.250000000	-108.750000000
17	29	46.250000000	-106.250000000
17	30	46.250000000	-103.750000000
17	31	46.250000000	-101.250000000
17	32	46.250000000	-98.750000000
17	33	46.250000000	-96.250000000
17	35	46.250000000	-91.250000000
17	36	46.250000000	-88.750000000
17	37	46.250000000	-86.250000000
17	39	46.250000000	-81.250000000
17	40	46.250000000	-78.750000000
17	41	46.250000000	-76.250000000
17	42	46.250000000	-73.750000000
17	43	46.250000000	-71.250000000
17	44	46.250000000	-68.750000000
17	45	46.250000000	-66.250000000
17	46	46.250000000	-63.750000000
17	47	46.250000000	-61.250000000
17	71	46.250000000	-1.250000000
17	72	46.250000000	1.250000000
17	73	46.250000000	3.750000000
17	74	46.250000000	6.250000000
17	75	46.250000000	8.750000000
17	76	46.250000000	11.250000000
17	77	46.250000000	13.750000000
17	78	46.250000000	16.250000000
17	79	46.250000000	18.750000000
17	80	46.250000000	21.250000000
17	81	46.250000000	23.750000000
17	82	46.250000000	26.250000000
17	83	46.250000000	28.750000000
17	85	46.250000000	33.750000000
17	87	46.250000000	38.750000000
17	88	46.250000000	41.250000000
17	89	46.250000000	43.750000000
17	90	46.250000000	46.250000000
17	91	46.250000000	48.750000000
17	93	46.250000000	53.750000000
17	94	46.250000000	56.250000000
17	95	46.250000000	58.750000000
17	96	46.250000000	61.250000000
17	97	46.250000000	63.750000000
17	98	46.250000000	66.250000000
17	99	46.250000000	68.750000000
17	100	46.250000000	71.250000000
17	101	46.250000000	73.750000000
17	102	46.250000000	76.250000000
17	103	46.250000000	78.750000000
17	104	46.250000000	81.250000000
17	105	46.250000000	83.750000000
17	106	46.250000000	86.250000000
17	107	46.250000000	88.750000000
17	108	46.250000000	91.250000000
17	109	46.250000000	93.750000000
17	110	46.250000000	96.250000000
17	111	46.250000000	98.750000000
17	112	46.250000000	101.250000000
17	113	46.250000000	103.750000000
17	114	46.250000000	106.250000000
17	115	46.250000000	108.750000000
17	116	46.250000000	111.250000000
17	117	46.250000000	113.750000000
17	118	46.250000000	116.250000000
17	119	46.250000000	118.750000000
17	120	46.250000000	121.250000000
17	121	46.250000000	123.750000000
17	122	46.250000000	126.250000000
17	123	46.250000000	128.750000000
17	124	46.250000000	131.250000000
17	125	46.250000000	133.750000000
17	126	46.250000000	136.250000000
18	22	43.750000000	-123.750000000
18	23	43.750000000	-121.250000000
18	24	43.750000000	-118.750000000
18	25	43.750000000	-116.250000000
18	26	43.750000000	-113.750000000
18	27	43.750000000	-111.250000000
18	28	43.750000000	-108.750000000
18	29	43.750000000	-106.250000000
18	30	43.750000000	-103.750000000
18	31	43.750000000	-101.250000000
18	32	43.750000000	-98.750000000
18	33	43.750000000	-96.250000000
18	34	43.750000000	-93.750000000
18	35	43.750000000	-91.250000000
18	36	43.750000000	-88.750000000
18	37	43.750000000	-86.250000000
18	39	43.750000000	-81.250000000
18	41	43.750000000	-76.250000000
18	42	43.750000000	-73.750000000
18	43	43.750000000	-71.250000000
18	71	43.750000000	-1.250000000
18	72	43.750000000	1.250000000
18	73	43.750000000	3.750000000
18	74	43.750000000	6.250000000
18	76	43.750000000	11.250000000
18	78	43.750000000	16.250000000
18	79	43.750000000	18.750000000
18	80	43.750000000	21.250000000
18	81	43.750000000	23.750000000
18	82	43.750000000	26.250000000
18	88	43.750000000	41.250000000
18	89	43.750000000	43.750000000
18	90	43.750000000	46.250000000
18	92	43.750000000	51.250000000
18	93	43.750000000	53.750000000
18	94	43.750000000	56.250000000
18	95	43.750000000	58.750000000
18	96	43.750000000	61.250000000
18	97	43.750000000	63.750000000
18	98	43.750000000	66.250000000
18	99	43.750000000	68.750000000
18	100	43.750000000	71.250000000
18	101	43.750000000	73.750000000
18	102	43.750000000	76.250000000
18	103	43.750000000	78.750000000
18	104	43.750000000	81.250000000
18	105	43.750000000	83.750000000
18	106	43.750000000	86.250000000
18	107	43.750000000	88.750000000
18	108	43.750000000	91.250000000
18	109	43.750000000	93.750000000
18	110	43.750000000	96.250000000
18	111	43.750000000	98.750000000
18	112	43.750000000	101.250000000
18	113	43.750000000	103.750000000
18	114	43.750000000	106.250000000
18	115	43.750000000	108.750000000
18	116	43.750000000	111.250000000
18	117	43.750000000	113.750000000
18	118	43.750000000	116.250000000
18	119	43.750000000	118.750000000
18	120	43.750000000	121.250000000
18	121	43.750000000	123.750000000
18	122	43.750000000	126.250000000
18	123	43.750000000	128.750000000
18	124	43.750000000	131.250000000
18	125	43.750000000	133.750000000
18	129	43.750000000	143.750000000
19	22	41.250000000	-123.750000000
19	23	41.250000000	-121.250000000
19	24	41.250000000	-118.750000000
19	25	41.250000000	-116.250000000
19	26	41.250000000	-113.750000000
19	27	41.250000000	-111.250000000
19	28	41.250000000	-108.750000000
19	29	41.250000000	-106.250000000
19	30	41.250000000	-103.750000000
19	31	41.250000000	-101.250000000
19	32	41.250000000	-98.750000000
19	33	41.250000000	-96.250000000
19	34	41.250000000	-93.750000000
19	35	41.250000000	-91.250000000
19	36	41.250000000	-88.750000000
19	37	41.250000000	-86.250000000
19	38	41.250000000	-83.750000000
19	39	41.250000000	-81.250000000
19	40	41.250000000	-78.750000000
19	41	41.250000000	-76.250000000
19	42	41.250000000	-73.750000000
19	68	41.250000000	-8.750000000
19	69	41.250000000	-6.250000000
19	70	41.250000000	-3.750000000
19	71	41.250000000	-1.250000000
19	72	41.250000000	1.250000000
19	77	41.250000000	13.750000000
19	78	41.250000000	16.250000000
19	80	41.250000000	21.250000000
19	81	41.250000000	23.750000000
19	82	41.250000000	26.250000000
19	83	41.250000000	28.750000000
19	85	41.250000000	33.750000000
19	86	41.250000000	36.250000000
19	88	41.250000000	41.250000000
19	89	41.250000000	43.750000000
19	90	41.250000000	46.250000000
19	91	41.250000000	48.750000000
19	94	41.250000000	56.250000000
19	95	41.250000000	58.750000000
19	96	41.250000000	61.250000000
19	97	41.250000000	63.750000000
19	98	41.250000000	66.250000000
19	99	41.250000000	68.750000000
19	100	41.250000000	71.250000000
19	101	41.250000000	73.750000000
19	102	41.250000000	76.250000000
19	103	41.250000000	78.750000000
19	104	41.250000000	81.250000000
19	105	41.250000000	83.750000000
19	106	41.250000000	86.250000000
19	107	41.250000000	88.750000000
19	108	41.250000000	91.250000000
19	109	41.250000000	93.750000000
19	110	41.250000000	96.250000000
19	111	41.250000000	98.750000000
19	112	41.250000000	101.250000000
19	113	41.250000000	103.750000000
19	114	41.250000000	106.250000000
19	115	41.250000000	108.750000000
19	116	41.250000000	111.250000000
19	117	41.250000000	113.750000000
19	118	41.250000000	116.250000000
19	119	41.250000000	118.750000000
19	120	41.250000000	121.250000000
19	121	41.250000000	123.750000000
19	122	41.250000000	126.250000000
19	123	41.250000000	128.750000000
19	128	41.250000000	141.250000000
20	23	38.750000000	-121.250000000
20	24	38.750000000	-118.750000000
20	25	38.750000000	-116.250000000
20	26	38.750000000	-113.750000000
20	27	38.750000000	-111.250000000
20	28	38.750000000	-108.750000000
20	29	38.750000000	-106.250000000
20	30	38.750000000	-103.750000000
20	31	38.750000000	-101.250000000
20	32	38.750000000	-98.750000000
20	33	38.750000000	-96.250000000
20	34	38.750000000	-93.750000000
20	35	38.750000000	-91.250000000
20	36	38.750000000	-88.750000000
20	37	38.750000000	-86.250000000
20	38	38.750000000	-83.750000000
20	39	38.750000000	-81.250000000
20	40	38.750000000	-78.750000000
20	41	38.750000000	-76.250000000
20	68	38.750000000	-8.750000000
20	69	38.750000000	-6.250000000
20	70	38.750000000	-3.750000000
20	71	38.750000000	-1.250000000
20	78	38.750000000	16.250000000
20	80	38.750000000	21.250000000
20	81	38.750000000	23.750000000
20	83	38.750000000	28.750000000
20	84	38.750000000	31.250000000
20	85	38.750000000	33.750000000
20	86	38.750000000	36.250000000
20	87	38.750000000	38.750000000
20	88	38.750000000	41.250000000
20	89	38.750000000	43.750000000
20	90	38.750000000	46.250000000
20	91	38.750000000	48.750000000
20	94	38.750000000	56.250000000
20	95	38.750000000	58.750000000
20	96	38.750000000	61.250000000
20	97	38.750000000	63.750000000
20	98	38.750000000	66.250000000
20	99	38.750000000	68.750000000
20	100	38.750000000	71.250000000
20	101	38.750000000	73.750000000
20	102	38.750000000	76.250000000
20	103	38.750000000	78.750000000
20	104	38.750000000	81.250000000
20	105	38.750000000	83.750000000
20	106	38.750000000	86.250000000
20	107	38.750000000	88.750000000
20	108	38.750000000	91.250000000
20	109	38.750000000	93.750000000
20	110	38.750000000	96.250000000
20	111	38.750000000	98.750000000
20	112	38.750000000	101.250000000
20	113	38.750000000	103.750000000
20	114	38.750000000	106.250000000
20	115	38.750000000	108.750000000
20	116	38.750000000	111.250000000
20	117	38.750000000	113.750000000
20	118	38.750000000	116.250000000
20	122	38.750000000	126.250000000
20	128	38.750000000	141.250000000
21	23	36.250000000	-121.250000000
21	24	36.250000000	-118.750000000
21	25	36.250000000	-116.250000000
21	26	36.250000000	-113.750000000
21	27	36.250000000	-111.250000000
21	28	36.250000000	-108.750000000
21	29	36.250000000	-106.250000000
21	30	36.250000000	-103.750000000
21	31	36.250000000	-101.250000000
21	32	36.250000000	-98.750000000
21	33	36.250000000	-96.250000000
21	34	36.250000000	-93.750000000
21	35	36.250000000	-91.250000000
21	36	36.250000000	-88.750000000
21	37	36.250000000	-86.250000000
21	38	36.250000000	-83.750000000
21	39	36.250000000	-81.250000000
21	40	36.250000000	-78.750000000
21	41	36.250000000	-76.250000000
21	72	36.250000000	1.250000000
21	73	36.250000000	3.750000000
21	74	36.250000000	6.250000000
21	75	36.250000000	8.750000000
21	85	36.250000000	33.750000000
21	86	36.250000000	36.250000000
21	87	36.250000000	38.750000000
21	88	36.250000000	41.250000000
21	89	36.250000000	43.750000000
21	90	36.250000000	46.250000000
21	91	36.250000000	48.750000000
21	92	36.250000000	51.250000000
21	93	36.250000000	53.750000000
21	94	36.250000000	56.250000000
21	95	36.250000000	58.750000000
21	96	36.250000000	61.250000000
21	97	36.250000000	63.750000000
21	98	36.250000000	66.250000000
21	99	36.250000000	68.750000000
21	100	36.250000000	71.250000000
21	101	36.250000000	73.750000000
21	102	36.250000000	76.250000000
21	103	36.250000000	78.750000000
21	104	36.250000000	81.250000000
21	105	36.250000000	83.750000000
21	106	36.250000000	86.250000000
21	107	36.250000000	88.750000000
21	108	36.250000000	91.250000000
21	109	36.250000000	93.750000000
21	110	36.250000000	96.250000000
21	111	36.250000000	98.750000000
21	112	36.250000000	101.250000000
21	113	36.250000000	103.750000000
21	114	36.250000000	106.250000000
21	115	36.250000000	108.750000000
21	116	36.250000000	111.250000000
21	117	36.250000000	113.750000000
21	118	36.250000000	116.250000000
21	119	36.250000000	118.750000000
21	123	36.250000000	128.750000000
21	126	36.250000000	136.250000000
21	127	36.250000000	138.750000000
22	25	33.750000000	-116.250000000
22	26	33.750000000	-113.750000000
22	27	33.750000000	-111.250000000
22	28	33.750000000	-108.750000000
22	29	33.750000000	-106.250000000
22	30	33.750000000	-103.750000000
22	31	33.750000000	-101.250000000
22	32	33.750000000	-98.750000000
22	33	33.750000000	-96.250000000
22	34	33.750000000	-93.750000000
22	35	33.750000000	-91.250000000
22	36	33.750000000	-88.750000000
22	37	33.750000000	-86.250000000
22	38	33.750000000	-83.750000000
22	39	33.750000000	-81.250000000
22	69	33.750000000	-6.250000000
22	70	33.750000000	-3.750000000
22	71	33.750000000	-1.250000000
22	72	33.750000000	1.250000000
22	73	33.750000000	3.750000000
22	74	33.750000000	6.250000000
22	75	33.750000000	8.750000000
22	86	33.750000000	36.250000000
22	87	33.750000000	38.750000000
22	88	33.750000000	41.250000000
22	89	33.750000000	43.750000000
22	90	33.750000000	46.250000000
22	91	33.750000000	48.750000000
22	92	33.750000000	51.250000000
22	93	33.750000000	53.750000000
22	94	33.750000000	56.250000000
22	95	33.750000000	58.750000000
22	96	33.750000000	61.250000000
22	97	33.750000000	63.750000000
22	98	33.750000000	66.250000000
22	99	33.750000000	68.750000000
22	100	33.750000000	71.250000000
22	101	33.750000000	73.750000000
22	103	33.750000000	78.750000000
22	104	33.750000000	81.250000000
22	105	33.750000000	83.750000000
22	106	33.750000000	86.250000000
22	107	33.750000000	88.750000000
22	108	33.750000000	91.250000000
22	109	33.750000000	93.750000000
22	110	33.750000000	96.250000000
22	111	33.750000000	98.750000000
22	112	33.750000000	101.250000000
22	113	33.750000000	103.750000000
22	114	33.750000000	106.250000000
22	115	33.750000000	108.750000000
22	116	33.750000000	111.250000000
22	117	33.750000000	113.750000000
22	118	33.750000000	116.250000000
22	119	33.750000000	118.750000000
22	125	33.750000000	133.750000000
23	25	31.250000000	-116.250000000
23	27	31.250000000	-111.250000000
23	28	31.250000000	-108.750000000
23	29	31.250000000	-106.250000000
23	30	31.250000000	-103.750000000
23	31	31.250000000	-101.250000000
23	32	31.250000000	-98.750000000
23	33	31.250000000	-96.250000000
23	34	31.250000000	-93.750000000
23	35	31.250000000	-91.250000000
23	36	31.250000000	-88.750000000
23	37	31.250000000	-86.250000000
23	38	31.250000000	-83.750000000
23	68	31.250000000	-8.750000000
23	69	31.250000000	-6.250000000
23	70	31.250000000	-3.750000000
23	71	31.250000000	-1.250000000
23	72	31.250000000	1.250000000
23	73	31.250000000	3.750000000
23	74	31.250000000	6.250000000
23	76	31.250000000	11.250000000
23	77	31.250000000	13.750000000
23	78	31.250000000	16.250000000
23	80	31.250000000	21.250000000
23	81	31.250000000	23.750000000
23	82	31.250000000	26.250000000
23	84	31.250000000	31.250000000
23	86	31.250000000	36.250000000
23	87	31.250000000	38.750000000
23	88	31.250000000	41.250000000
23	89	31.250000000	43.750000000
23	90	31.250000000	46.250000000
23	91	31.250000000	48.750000000
23	92	31.250000000	51.250000000
23	93	31.250000000	53.750000000
23	94	31.250000000	56.250000000
23	95	31.250000000	58.750000000
23	96	31.250000000	61.250000000
23	97	31.250000000	63.750000000
23	98	31.250000000	66.250000000
23	99	31.250000000	68.750000000
23	100	31.250000000	71.250000000
23	101	31.250000000	73.750000000
23	102	31.250000000	76.250000000
23	103	31.250000000	78.750000000
23	104	31.250000000	81.250000000
23	105	31.250000000	83.750000000
23	106	31.250000000	86.250000000
23	107	31.250000000	88.750000000
23	108	31.250000000	91.250000000
23	109	31.250000000	93.750000000
23	110	31.250000000	96.250000000
23	111	31.250000000	98.750000000
23	112	31.250000000	101.250000000
23	113	31.250000000	103.750000000
23	114	31.250000000	106.250000000
23	115	31.250000000	108.750000000
23	116	31.250000000	111.250000000
23	117	31.250000000	113.750000000
23	118	31.250000000	116.250000000
23	119	31.250000000	118.750000000
23	120	31.250000000	121.250000000
24	26	28.750000000	-113.750000000
24	27	28.750000000	-111.250000000
24	28	28.750000000	-108.750000000
24	29	28.750000000	-106.250000000
24	30	28.750000000	-103.750000000
24	31	28.750000000	-101.250000000
24	32	28.750000000	-98.750000000
24	33	28.750000000	-96.250000000
24	39	28.750000000	-81.250000000
24	68	28.750000000	-8.750000000
24	69	28.750000000	-6.250000000
24	72	28.750000000	1.250000000
24	73	28.750000000	3.750000000
24	74	28.750000000	6.250000000
24	75	28.750000000	8.750000000
24	76	28.750000000	11.250000000
24	77	28.750000000	13.750000000
24	78	28.750000000	16.250000000
24	80	28.750000000	21.250000000
24	82	28.750000000	26.250000000
24	83	28.750000000	28.750000000
24	84	28.750000000	31.250000000
24	86	28.750000000	36.250000000
24	87	28.750000000	38.750000000
24	88	28.750000000	41.250000000
24	89	28.750000000	43.750000000
24	90	28.750000000	46.250000000
24	92	28.750000000	51.250000000
24	93	28.750000000	53.750000000
24	94	28.750000000	56.250000000
24	95	28.750000000	58.750000000
24	96	28.750000000	61.250000000
24	97	28.750000000	63.750000000
24	98	28.750000000	66.250000000
24	99	28.750000000	68.750000000
24	100	28.750000000	71.250000000
24	101	28.750000000	73.750000000
24	102	28.750000000	76.250000000
24	103	28.750000000	78.750000000
24	104	28.750000000	81.250000000
24	105	28.750000000	83.750000000
24	106	28.750000000	86.250000000
24	107	28.750000000	88.750000000
24	108	28.750000000	91.250000000
24	109	28.750000000	93.750000000
24	110	28.750000000	96.250000000
24	111	28.750000000	98.750000000
24	112	28.750000000	101.250000000
24	113	28.750000000	103.750000000
24	114	28.750000000	106.250000000
24	115	28.750000000	108.750000000
24	116	28.750000000	111.250000000
24	117	28.750000000	113.750000000
24	118	28.750000000	116.250000000
24	119	28.750000000	118.750000000
24	120	28.750000000	121.250000000
25	28	26.250000000	-108.750000000
25	29	26.250000000	-106.250000000
25	30	26.250000000	-103.750000000
25	31	26.250000000	-101.250000000
25	32	26.250000000	-98.750000000
25	39	26.250000000	-81.250000000
25	66	26.250000000	-13.750000000
25	67	26.250000000	-11.250000000
25	68	26.250000000	-8.750000000
25	69	26.250000000	-6.250000000
25	70	26.250000000	-3.750000000
25	72	26.250000000	1.250000000
25	73	26.250000000	3.750000000
25	74	26.250000000	6.250000000
25	75	26.250000000	8.750000000
25	77	26.250000000	13.750000000
25	78	26.250000000	16.250000000
25	79	26.250000000	18.750000000
25	80	26.250000000	21.250000000
25	81	26.250000000	23.750000000
25	82	26.250000000	26.250000000
25	83	26.250000000	28.750000000
25	84	26.250000000	31.250000000
25	85	26.250000000	33.750000000
25	87	26.250000000	38.750000000
25	88	26.250000000	41.250000000
25	89	26.250000000	43.750000000
25	90	26.250000000	46.250000000
25	91	26.250000000	48.750000000
25	94	26.250000000	56.250000000
25	95	26.250000000	58.750000000
25	96	26.250000000	61.250000000
25	97	26.250000000	63.750000000
25	98	26.250000000	66.250000000
25	99	26.250000000	68.750000000
25	100	26.250000000	71.250000000
25	101	26.250000000	73.750000000
25	102	26.250000000	76.250000000
25	103	26.250000000	78.750000000
25	104	26.250000000	81.250000000
25	105	26.250000000	83.750000000
25	106	26.250000000	86.250000000
25	107	26.250000000	88.750000000
25	108	26.250000000	91.250000000
25	109	26.250000000	93.750000000
25	110	26.250000000	96.250000000
25	111	26.250000000	98.750000000
25	112	26.250000000	101.250000000
25	113	26.250000000	103.750000000
25	114	26.250000000	106.250000000
25	115	26.250000000	108.750000000
25	116	26.250000000	111.250000000
25	117	26.250000000	113.750000000
25	118	26.250000000	116.250000000
25	119	26.250000000	118.750000000
26	29	23.750000000	-106.250000000
26	30	23.750000000	-103.750000000
26	31	23.750000000	-101.250000000
26	32	23.750000000	-98.750000000
26	41	23.750000000	-76.250000000
26	66	23.750000000	-13.750000000
26	67	23.750000000	-11.250000000
26	68	23.750000000	-8.750000000
26	69	23.750000000	-6.250000000
26	70	23.750000000	-3.750000000
26	71	23.750000000	-1.250000000
26	72	23.750000000	1.250000000
26	75	23.750000000	8.750000000
26	76	23.750000000	11.250000000
26	77	23.750000000	13.750000000
26	78	23.750000000	16.250000000
26	79	23.750000000	18.750000000
26	80	23.750000000	21.250000000
26	81	23.750000000	23.750000000
26	82	23.750000000	26.250000000
26	83	23.750000000	28.750000000
26	84	23.750000000	31.250000000
26	85	23.750000000	33.750000000
26	87	23.750000000	38.750000000
26	88	23.750000000	41.250000000
26	89	23.750000000	43.750000000
26	90	23.750000000	46.250000000
26	91	23.750000000	48.750000000
26	92	23.750000000	51.250000000
26	93	23.750000000	53.750000000
26	94	23.750000000	56.250000000
26	99	23.750000000	68.750000000
26	100	23.750000000	71.250000000
26	101	23.750000000	73.750000000
26	102	23.750000000	76.250000000
26	103	23.750000000	78.750000000
26	104	23.750000000	81.250000000
26	105	23.750000000	83.750000000
26	106	23.750000000	86.250000000
26	107	23.750000000	88.750000000
26	108	23.750000000	91.250000000
26	109	23.750000000	93.750000000
26	110	23.750000000	96.250000000
26	111	23.750000000	98.750000000
26	112	23.750000000	101.250000000
26	113	23.750000000	103.750000000
26	114	23.750000000	106.250000000
26	115	23.750000000	108.750000000
26	116	23.750000000	111.250000000
26	117	23.750000000	113.750000000
26	118	23.750000000	116.250000000
26	120	23.750000000	121.250000000
27	30	21.250000000	-103.750000000
27	31	21.250000000	-101.250000000
27	32	21.250000000	-98.750000000
27	36	21.250000000	-88.750000000
27	41	21.250000000	-76.250000000
27	65	21.250000000	-16.250000000
27	66	21.250000000	-13.750000000
27	67	21.250000000	-11.250000000
27	69	21.250000000	-6.250000000
27	70	21.250000000	-3.750000000
27	71	21.250000000	-1.250000000
27	72	21.250000000	1.250000000
27	74	21.250000000	6.250000000
27	75	21.250000000	8.750000000
27	76	21.250000000	11.250000000
27	77	21.250000000	13.750000000
27	79	21.250000000	18.750000000
27	80	21.250000000	21.250000000
27	81	21.250000000	23.750000000
27	82	21.250000000	26.250000000
27	83	21.250000000	28.750000000
27	84	21.250000000	31.250000000
27	85	21.250000000	33.750000000
27	86	21.250000000	36.250000000
27	88	21.250000000	41.250000000
27	89	21.250000000	43.750000000
27	90	21.250000000	46.250000000
27	91	21.250000000	48.750000000
27	92	21.250000000	51.250000000
27	93	21.250000000	53.750000000
27	94	21.250000000	56.250000000
27	100	21.250000000	71.250000000
27	101	21.250000000	73.750000000
27	102	21.250000000	76.250000000
27	103	21.250000000	78.750000000
27	104	21.250000000	81.250000000
27	105	21.250000000	83.750000000
27	106	21.250000000	86.250000000
27	109	21.250000000	93.750000000
27	110	21.250000000	96.250000000
27	111	21.250000000	98.750000000
27	112	21.250000000	101.250000000
27	113	21.250000000	103.750000000
27	114	21.250000000	106.250000000
28	30	18.750000000	-103.750000000
28	31	18.750000000	-101.250000000
28	32	18.750000000	-98.750000000
28	33	18.750000000	-96.250000000
28	35	18.750000000	-91.250000000
28	36	18.750000000	-88.750000000
28	43	18.750000000	-71.250000000
28	44	18.750000000	-68.750000000
28	66	18.750000000	-13.750000000
28	67	18.750000000	-11.250000000
28	71	18.750000000	-1.250000000
28	72	18.750000000	1.250000000
28	73	18.750000000	3.750000000
28	74	18.750000000	6.250000000
28	75	18.750000000	8.750000000
28	76	18.750000000	11.250000000
28	78	18.750000000	16.250000000
28	79	18.750000000	18.750000000
28	80	18.750000000	21.250000000
28	81	18.750000000	23.750000000
28	82	18.750000000	26.250000000
28	83	18.750000000	28.750000000
28	84	18.750000000	31.250000000
28	85	18.750000000	33.750000000
28	86	18.750000000	36.250000000
28	88	18.750000000	41.250000000
28	89	18.750000000	43.750000000
28	90	18.750000000	46.250000000
28	92	18.750000000	51.250000000
28	93	18.750000000	53.750000000
28	94	18.750000000	56.250000000
28	101	18.750000000	73.750000000
28	102	18.750000000	76.250000000
28	103	18.750000000	78.750000000
28	104	18.750000000	81.250000000
28	105	18.750000000	83.750000000
28	109	18.750000000	93.750000000
28	110	18.750000000	96.250000000
28	111	18.750000000	98.750000000
28	112	18.750000000	101.250000000
28	113	18.750000000	103.750000000
28	115	18.750000000	108.750000000
29	33	16.250000000	-96.250000000
29	34	16.250000000	-93.750000000
29	35	16.250000000	-91.250000000
29	36	16.250000000	-88.750000000
29	65	16.250000000	-16.250000000
29	66	16.250000000	-13.750000000
29	67	16.250000000	-11.250000000
29	68	16.250000000	-8.750000000
29	69	16.250000000	-6.250000000
29	70	16.250000000	-3.750000000
29	71	16.250000000	-1.250000000
29	72	16.250000000	1.250000000
29	73	16.250000000	3.750000000
29	74	16.250000000	6.250000000
29	75	16.250000000	8.750000000
29	76	16.250000000	11.250000000
29	77	16.250000000	13.750000000
29	78	16.250000000	16.250000000
29	79	16.250000000	18.750000000
29	80	16.250000000	21.250000000
29	81	16.250000000	23.750000000
29	82	16.250000000	26.250000000
29	83	16.250000000	28.750000000
29	84	16.250000000	31.250000000
29	85	16.250000000	33.750000000
29	86	16.250000000	36.250000000
29	87	16.250000000	38.750000000
29	89	16.250000000	43.750000000
29	90	16.250000000	46.250000000
29	91	16.250000000	48.750000000
29	92	16.250000000	51.250000000
29	101	16.250000000	73.750000000
29	102	16.250000000	76.250000000
29	103	16.250000000	78.750000000
29	111	16.250000000	98.750000000
29	112	16.250000000	101.250000000
29	113	16.250000000	103.750000000
29	114	16.250000000	106.250000000
29	120	16.250000000	121.250000000
30	36	13.750000000	-88.750000000
30	37	13.750000000	-86.250000000
30	38	13.750000000	-83.750000000
30	65	13.750000000	-16.250000000
30	66	13.750000000	-13.750000000
30	67	13.750000000	-11.250000000
30	68	13.750000000	-8.750000000
30	69	13.750000000	-6.250000000
30	70	13.750000000	-3.750000000
30	71	13.750000000	-1.250000000
30	72	13.750000000	1.250000000
30	73	13.750000000	3.750000000
30	74	13.750000000	6.250000000
30	75	13.750000000	8.750000000
30	76	13.750000000	11.250000000
30	78	13.750000000	16.250000000
30	79	13.750000000	18.750000000
30	80	13.750000000	21.250000000
30	81	13.750000000	23.750000000
30	82	13.750000000	26.250000000
30	83	13.750000000	28.750000000
30	84	13.750000000	31.250000000
30	85	13.750000000	33.750000000
30	86	13.750000000	36.250000000
30	87	13.750000000	38.750000000
30	88	13.750000000	41.250000000
30	89	13.750000000	43.750000000
30	90	13.750000000	46.250000000
30	102	13.750000000	76.250000000
30	103	13.750000000	78.750000000
30	111	13.750000000	98.750000000
30	112	13.750000000	101.250000000
30	113	13.750000000	103.750000000
30	114	13.750000000	106.250000000
30	115	13.750000000	108.750000000
30	120	13.750000000	121.250000000
30	121	13.750000000	123.750000000
31	42	11.250000000	-73.750000000
31	44	11.250000000	-68.750000000
31	46	11.250000000	-63.750000000
31	65	11.250000000	-16.250000000
31	66	11.250000000	-13.750000000
31	67	11.250000000	-11.250000000
31	68	11.250000000	-8.750000000
31	69	11.250000000	-6.250000000
31	70	11.250000000	-3.750000000
31	71	11.250000000	-1.250000000
31	72	11.250000000	1.250000000
31	73	11.250000000	3.750000000
31	74	11.250000000	6.250000000
31	75	11.250000000	8.750000000
31	76	11.250000000	11.250000000
31	77	11.250000000	13.750000000
31	78	11.250000000	16.250000000
31	79	11.250000000	18.750000000
31	80	11.250000000	21.250000000
31	81	11.250000000	23.750000000
31	82	11.250000000	26.250000000
31	83	11.250000000	28.750000000
31	84	11.250000000	31.250000000
31	85	11.250000000	33.750000000
31	86	11.250000000	36.250000000
31	87	11.250000000	38.750000000
31	88	11.250000000	41.250000000
31	91	11.250000000	48.750000000
31	102	11.250000000	76.250000000
31	103	11.250000000	78.750000000
31	111	11.250000000	98.750000000
31	113	11.250000000	103.750000000
31	114	11.250000000	106.250000000
31	121	11.250000000	123.750000000
32	38	8.750000000	-83.750000000
32	39	8.750000000	-81.250000000
32	40	8.750000000	-78.750000000
32	41	8.750000000	-76.250000000
32	42	8.750000000	-73.750000000
32	43	8.750000000	-71.250000000
32	44	8.750000000	-68.750000000
32	45	8.750000000	-66.250000000
32	46	8.750000000	-63.750000000
32	47	8.750000000	-61.250000000
32	67	8.750000000	-11.250000000
32	68	8.750000000	-8.750000000
32	69	8.750000000	-6.250000000
32	70	8.750000000	-3.750000000
32	71	8.750000000	-1.250000000
32	72	8.750000000	1.250000000
32	73	8.750000000	3.750000000
32	74	8.750000000	6.250000000
32	75	8.750000000	8.750000000
32	76	8.750000000	11.250000000
32	77	8.750000000	13.750000000
32	78	8.750000000	16.250000000
32	79	8.750000000	18.750000000
32	80	8.750000000	21.250000000
32	81	8.750000000	23.750000000
32	82	8.750000000	26.250000000
32	83	8.750000000	28.750000000
32	84	8.750000000	31.250000000
32	85	8.750000000	33.750000000
32	86	8.750000000	36.250000000
32	87	8.750000000	38.750000000
32	88	8.750000000	41.250000000
32	89	8.750000000	43.750000000
32	90	8.750000000	46.250000000
32	91	8.750000000	48.750000000
32	111	8.750000000	98.750000000
33	41	6.250000000	-76.250000000
33	42	6.250000000	-73.750000000
33	43	6.250000000	-71.250000000
33	44	6.250000000	-68.750000000
33	45	6.250000000	-66.250000000
33	46	6.250000000	-63.750000000
33	47	6.250000000	-61.250000000
33	48	6.250000000	-58.750000000
33	68	6.250000000	-8.750000000
33	69	6.250000000	-6.250000000
33	70	6.250000000	-3.750000000
33	71	6.250000000	-1.250000000
33	72	6.250000000	1.250000000
33	74	6.250000000	6.250000000
33	75	6.250000000	8.750000000
33	76	6.250000000	11.250000000
33	77	6.250000000	13.750000000
33	78	6.250000000	16.250000000
33	79	6.250000000	18.750000000
33	80	6.250000000	21.250000000
33	81	6.250000000	23.750000000
33	82	6.250000000	26.250000000
33	83	6.250000000	28.750000000
33	84	6.250000000	31.250000000
33	85	6.250000000	33.750000000
33	86	6.250000000	36.250000000
33	87	6.250000000	38.750000000
33	88	6.250000000	41.250000000
33	89	6.250000000	43.750000000
33	90	6.250000000	46.250000000
33	91	6.250000000	48.750000000
33	104	6.250000000	81.250000000
33	112	6.250000000	101.250000000
33	118	6.250000000	116.250000000
34	41	3.750000000	-76.250000000
34	42	3.750000000	-73.750000000
34	43	3.750000000	-71.250000000
34	44	3.750000000	-68.750000000
34	45	3.750000000	-66.250000000
34	46	3.750000000	-63.750000000
34	47	3.750000000	-61.250000000
34	48	3.750000000	-58.750000000
34	49	3.750000000	-56.250000000
34	50	3.750000000	-53.750000000
34	51	3.750000000	-51.250000000
34	75	3.750000000	8.750000000
34	76	3.750000000	11.250000000
34	77	3.750000000	13.750000000
34	78	3.750000000	16.250000000
34	79	3.750000000	18.750000000
34	80	3.750000000	21.250000000
34	81	3.750000000	23.750000000
34	82	3.750000000	26.250000000
34	83	3.750000000	28.750000000
34	84	3.750000000	31.250000000
34	85	3.750000000	33.750000000
34	86	3.750000000	36.250000000
34	87	3.750000000	38.750000000
34	88	3.750000000	41.250000000
34	89	3.750000000	43.750000000
34	90	3.750000000	46.250000000
34	111	3.750000000	98.750000000
34	112	3.750000000	101.250000000
34	117	3.750000000	113.750000000
34	118	3.750000000	116.250000000
35	40	1.250000000	-78.750000000
35	41	1.250000000	-76.250000000
35	42	1.250000000	-73.750000000
35	43	1.250000000	-71.250000000
35	44	1.250000000	-68.750000000
35	45	1.250000000	-66.250000000
35	46	1.250000000	-63.750000000
35	47	1.250000000	-61.250000000
35	48	1.250000000	-58.750000000
35	49	1.250000000	-56.250000000
35	50	1.250000000	-53.750000000
35	51	1.250000000	-51.250000000
35	76	1.250000000	11.250000000
35	77	1.250000000	13.750000000
35	78	1.250000000	16.250000000
35	79	1.250000000	18.750000000
35	80	1.250000000	21.250000000
35	81	1.250000000	23.750000000
35	82	1.250000000	26.250000000
35	83	1.250000000	28.750000000
35	84	1.250000000	31.250000000
35	85	1.250000000	33.750000000
35	86	1.250000000	36.250000000
35	87	1.250000000	38.750000000
35	88	1.250000000	41.250000000
35	89	1.250000000	43.750000000
35	111	1.250000000	98.750000000
35	112	1.250000000	101.250000000
35	113	1.250000000	103.750000000
35	116	1.250000000	111.250000000
35	117	1.250000000	113.750000000
35	118	1.250000000	116.250000000
35	120	1.250000000	121.250000000
36	40	-1.250000000	-78.750000000
36	41	-1.250000000	-76.250000000
36	42	-1.250000000	-73.750000000
36	43	-1.250000000	-71.250000000
36	44	-1.250000000	-68.750000000
36	45	-1.250000000	-66.250000000
36	46	-1.250000000	-63.750000000
36	47	-1.250000000	-61.250000000
36	48	-1.250000000	-58.750000000
36	49	-1.250000000	-56.250000000
36	50	-1.250000000	-53.750000000
36	51	-1.250000000	-51.250000000
36	52	-1.250000000	-48.750000000
36	53	-1.250000000	-46.250000000
36	76	-1.250000000	11.250000000
36	77	-1.250000000	13.750000000
36	78	-1.250000000	16.250000000
36	79	-1.250000000	18.750000000
36	80	-1.250000000	21.250000000
36	81	-1.250000000	23.750000000
36	82	-1.250000000	26.250000000
36	83	-1.250000000	28.750000000
36	84	-1.250000000	31.250000000
36	86	-1.250000000	36.250000000
36	87	-1.250000000	38.750000000
36	88	-1.250000000	41.250000000
36	111	-1.250000000	98.750000000
36	112	-1.250000000	101.250000000
36	113	-1.250000000	103.750000000
36	116	-1.250000000	111.250000000
36	117	-1.250000000	113.750000000
36	118	-1.250000000	116.250000000
36	120	-1.250000000	121.250000000
36	124	-1.250000000	131.250000000
36	125	-1.250000000	133.750000000
36	126	-1.250000000	136.250000000
37	40	-3.750000000	-78.750000000
37	41	-3.750000000	-76.250000000
37	42	-3.750000000	-73.750000000
37	43	-3.750000000	-71.250000000
37	44	-3.750000000	-68.750000000
37	45	-3.750000000	-66.250000000
37	46	-3.750000000	-63.750000000
37	47	-3.750000000	-61.250000000
37	48	-3.750000000	-58.750000000
37	49	-3.750000000	-56.250000000
37	50	-3.750000000	-53.750000000
37	51	-3.750000000	-51.250000000
37	52	-3.750000000	-48.750000000
37	53	-3.750000000	-46.250000000
37	54	-3.750000000	-43.750000000
37	55	-3.750000000	-41.250000000
37	56	-3.750000000	-38.750000000
37	76	-3.750000000	11.250000000
37	77	-3.750000000	13.750000000
37	78	-3.750000000	16.250000000
37	79	-3.750000000	18.750000000
37	80	-3.750000000	21.250000000
37	81	-3.750000000	23.750000000
37	82	-3.750000000	26.250000000
37	83	-3.750000000	28.750000000
37	84	-3.750000000	31.250000000
37	85	-3.750000000	33.750000000
37	86	-3.750000000	36.250000000
37	87	-3.750000000	38.750000000
37	113	-3.750000000	103.750000000
37	118	-3.750000000	116.250000000
37	120	-3.750000000	121.250000000
37	122	-3.750000000	126.250000000
37	123	-3.750000000	128.750000000
37	125	-3.750000000	133.750000000
37	126	-3.750000000	136.250000000
37	127	-3.750000000	138.750000000
37	128	-3.750000000	141.250000000
37	129	-3.750000000	143.750000000
38	40	-6.250000000	-78.750000000
38	41	-6.250000000	-76.250000000
38	42	-6.250000000	-73.750000000
38	43	-6.250000000	-71.250000000
38	44	-6.250000000	-68.750000000
38	45	-6.250000000	-66.250000000
38	46	-6.250000000	-63.750000000
38	47	-6.250000000	-61.250000000
38	48	-6.250000000	-58.750000000
38	49	-6.250000000	-56.250000000
38	50	-6.250000000	-53.750000000
38	51	-6.250000000	-51.250000000
38	52	-6.250000000	-48.750000000
38	53	-6.250000000	-46.250000000
38	54	-6.250000000	-43.750000000
38	55	-6.250000000	-41.250000000
38	56	-6.250000000	-38.750000000
38	57	-6.250000000	-36.250000000
38	77	-6.250000000	13.750000000
38	78	-6.250000000	16.250000000
38	79	-6.250000000	18.750000000
38	80	-6.250000000	21.250000000
38	81	-6.250000000	23.750000000
38	82	-6.250000000	26.250000000
38	83	-6.250000000	28.750000000
38	84	-6.250000000	31.250000000
38	85	-6.250000000	33.750000000
38	86	-6.250000000	36.250000000
38	87	-6.250000000	38.750000000
38	114	-6.250000000	106.250000000
38	127	-6.250000000	138.750000000
38	128	-6.250000000	141.250000000
38	129	-6.250000000	143.750000000
38	130	-6.250000000	146.250000000
39	40	-8.750000000	-78.750000000
39	41	-8.750000000	-76.250000000
39	42	-8.750000000	-73.750000000
39	43	-8.750000000	-71.250000000
39	44	-8.750000000	-68.750000000
39	45	-8.750000000	-66.250000000
39	46	-8.750000000	-63.750000000
39	47	-8.750000000	-61.250000000
39	48	-8.750000000	-58.750000000
39	49	-8.750000000	-56.250000000
39	50	-8.750000000	-53.750000000
39	51	-8.750000000	-51.250000000
39	52	-8.750000000	-48.750000000
39	53	-8.750000000	-46.250000000
39	54	-8.750000000	-43.750000000
39	55	-8.750000000	-41.250000000
39	56	-8.750000000	-38.750000000
39	57	-8.750000000	-36.250000000
39	77	-8.750000000	13.750000000
39	78	-8.750000000	16.250000000
39	79	-8.750000000	18.750000000
39	80	-8.750000000	21.250000000
39	81	-8.750000000	23.750000000
39	82	-8.750000000	26.250000000
39	83	-8.750000000	28.750000000
39	84	-8.750000000	31.250000000
39	85	-8.750000000	33.750000000
39	86	-8.750000000	36.250000000
39	87	-8.750000000	38.750000000
39	118	-8.750000000	116.250000000
39	119	-8.750000000	118.750000000
39	120	-8.750000000	121.250000000
39	122	-8.750000000	126.250000000
39	128	-8.750000000	141.250000000
40	41	-11.250000000	-76.250000000
40	42	-11.250000000	-73.750000000
40	43	-11.250000000	-71.250000000
40	44	-11.250000000	-68.750000000
40	45	-11.250000000	-66.250000000
40	46	-11.250000000	-63.750000000
40	47	-11.250000000	-61.250000000
40	48	-11.250000000	-58.750000000
40	49	-11.250000000	-56.250000000
40	50	-11.250000000	-53.750000000
40	51	-11.250000000	-51.250000000
40	52	-11.250000000	-48.750000000
40	53	-11.250000000	-46.250000000
40	54	-11.250000000	-43.750000000
40	55	-11.250000000	-41.250000000
40	56	-11.250000000	-38.750000000
40	77	-11.250000000	13.750000000
40	78	-11.250000000	16.250000000
40	79	-11.250000000	18.750000000
40	80	-11.250000000	21.250000000
40	81	-11.250000000	23.750000000
40	82	-11.250000000	26.250000000
40	83	-11.250000000	28.750000000
40	84	-11.250000000	31.250000000
40	85	-11.250000000	33.750000000
40	86	-11.250000000	36.250000000
40	87	-11.250000000	38.750000000
40	124	-11.250000000	131.250000000
41	41	-13.750000000	-76.250000000
41	42	-13.750000000	-73.750000000
41	43	-13.750000000	-71.250000000
41	44	-13.750000000	-68.750000000
41	45	-13.750000000	-66.250000000
41	46	-13.750000000	-63.750000000
41	47	-13.750000000	-61.250000000
41	48	-13.750000000	-58.750000000
41	49	-13.750000000	-56.250000000
41	50	-13.750000000	-53.750000000
41	51	-13.750000000	-51.250000000
41	52	-13.750000000	-48.750000000
41	53	-13.750000000	-46.250000000
41	54	-13.750000000	-43.750000000
41	55	-13.750000000	-41.250000000
41	77	-13.750000000	13.750000000
41	78	-13.750000000	16.250000000
41	79	-13.750000000	18.750000000
41	80	-13.750000000	21.250000000
41	81	-13.750000000	23.750000000
41	82	-13.750000000	26.250000000
41	83	-13.750000000	28.750000000
41	84	-13.750000000	31.250000000
41	85	-13.750000000	33.750000000
41	86	-13.750000000	36.250000000
41	87	-13.750000000	38.750000000
41	91	-13.750000000	48.750000000
41	124	-13.750000000	131.250000000
41	125	-13.750000000	133.750000000
41	126	-13.750000000	136.250000000
42	42	-16.250000000	-73.750000000
42	43	-16.250000000	-71.250000000
42	44	-16.250000000	-68.750000000
42	45	-16.250000000	-66.250000000
42	46	-16.250000000	-63.750000000
42	47	-16.250000000	-61.250000000
42	48	-16.250000000	-58.750000000
42	49	-16.250000000	-56.250000000
42	50	-16.250000000	-53.750000000
42	51	-16.250000000	-51.250000000
42	52	-16.250000000	-48.750000000
42	53	-16.250000000	-46.250000000
42	54	-16.250000000	-43.750000000
42	55	-16.250000000	-41.250000000
42	77	-16.250000000	13.750000000
42	78	-16.250000000	16.250000000
42	79	-16.250000000	18.750000000
42	80	-16.250000000	21.250000000
42	81	-16.250000000	23.750000000
42	82	-16.250000000	26.250000000
42	83	-16.250000000	28.750000000
42	84	-16.250000000	31.250000000
42	85	-16.250000000	33.750000000
42	86	-16.250000000	36.250000000
42	87	-16.250000000	38.750000000
42	90	-16.250000000	46.250000000
42	91	-16.250000000	48.750000000
42	121	-16.250000000	123.750000000
42	122	-16.250000000	126.250000000
42	123	-16.250000000	128.750000000
42	124	-16.250000000	131.250000000
42	125	-16.250000000	133.750000000
42	126	-16.250000000	136.250000000
42	129	-16.250000000	143.750000000
43	44	-18.750000000	-68.750000000
43	45	-18.750000000	-66.250000000
43	46	-18.750000000	-63.750000000
43	47	-18.750000000	-61.250000000
43	48	-18.750000000	-58.750000000
43	49	-18.750000000	-56.250000000
43	50	-18.750000000	-53.750000000
43	51	-18.750000000	-51.250000000
43	52	-18.750000000	-48.750000000
43	53	-18.750000000	-46.250000000
43	54	-18.750000000	-43.750000000
43	55	-18.750000000	-41.250000000
43	77	-18.750000000	13.750000000
43	79	-18.750000000	18.750000000
43	80	-18.750000000	21.250000000
43	81	-18.750000000	23.750000000
43	82	-18.750000000	26.250000000
43	83	-18.750000000	28.750000000
43	84	-18.750000000	31.250000000
43	85	-18.750000000	33.750000000
43	86	-18.750000000	36.250000000
43	90	-18.750000000	46.250000000
43	91	-18.750000000	48.750000000
43	121	-18.750000000	123.750000000
43	122	-18.750000000	126.250000000
43	123	-18.750000000	128.750000000
43	124	-18.750000000	131.250000000
43	125	-18.750000000	133.750000000
43	126	-18.750000000	136.250000000
43	127	-18.750000000	138.750000000
43	128	-18.750000000	141.250000000
43	129	-18.750000000	143.750000000
43	130	-18.750000000	146.250000000
44	44	-21.250000000	-68.750000000
44	45	-21.250000000	-66.250000000
44	46	-21.250000000	-63.750000000
44	47	-21.250000000	-61.250000000
44	48	-21.250000000	-58.750000000
44	49	-21.250000000	-56.250000000
44	50	-21.250000000	-53.750000000
44	51	-21.250000000	-51.250000000
44	52	-21.250000000	-48.750000000
44	53	-21.250000000	-46.250000000
44	54	-21.250000000	-43.750000000
44	55	-21.250000000	-41.250000000
44	77	-21.250000000	13.750000000
44	78	-21.250000000	16.250000000
44	79	-21.250000000	18.750000000
44	80	-21.250000000	21.250000000
44	81	-21.250000000	23.750000000
44	82	-21.250000000	26.250000000
44	83	-21.250000000	28.750000000
44	84	-21.250000000	31.250000000
44	85	-21.250000000	33.750000000
44	89	-21.250000000	43.750000000
44	90	-21.250000000	46.250000000
44	118	-21.250000000	116.250000000
44	119	-21.250000000	118.750000000
44	120	-21.250000000	121.250000000
44	121	-21.250000000	123.750000000
44	122	-21.250000000	126.250000000
44	123	-21.250000000	128.750000000
44	124	-21.250000000	131.250000000
44	125	-21.250000000	133.750000000
44	126	-21.250000000	136.250000000
44	127	-21.250000000	138.750000000
44	128	-21.250000000	141.250000000
44	129	-21.250000000	143.750000000
44	130	-21.250000000	146.250000000
44	131	-21.250000000	148.750000000
45	44	-23.750000000	-68.750000000
45	45	-23.750000000	-66.250000000
45	46	-23.750000000	-63.750000000
45	47	-23.750000000	-61.250000000
45	48	-23.750000000	-58.750000000
45	49	-23.750000000	-56.250000000
45	50	-23.750000000	-53.750000000
45	51	-23.750000000	-51.250000000
45	52	-23.750000000	-48.750000000
45	53	-23.750000000	-46.250000000
45	78	-23.750000000	16.250000000
45	79	-23.750000000	18.750000000
45	80	-23.750000000	21.250000000
45	81	-23.750000000	23.750000000
45	82	-23.750000000	26.250000000
45	83	-23.750000000	28.750000000
45	84	-23.750000000	31.250000000
45	85	-23.750000000	33.750000000
45	89	-23.750000000	43.750000000
45	90	-23.750000000	46.250000000
45	117	-23.750000000	113.750000000
45	118	-23.750000000	116.250000000
45	119	-23.750000000	118.750000000
45	120	-23.750000000	121.250000000
45	121	-23.750000000	123.750000000
45	122	-23.750000000	126.250000000
45	123	-23.750000000	128.750000000
45	124	-23.750000000	131.250000000
45	125	-23.750000000	133.750000000
45	126	-23.750000000	136.250000000
45	127	-23.750000000	138.750000000
45	128	-23.750000000	141.250000000
45	129	-23.750000000	143.750000000
45	130	-23.750000000	146.250000000
45	131	-23.750000000	148.750000000
45	132	-23.750000000	151.250000000
46	44	-26.250000000	-68.750000000
46	45	-26.250000000	-66.250000000
46	46	-26.250000000	-63.750000000
46	47	-26.250000000	-61.250000000
46	48	-26.250000000	-58.750000000
46	49	-26.250000000	-56.250000000
46	50	-26.250000000	-53.750000000
46	51	-26.250000000	-51.250000000
46	52	-26.250000000	-48.750000000
46	78	-26.250000000	16.250000000
46	79	-26.250000000	18.750000000
46	80	-26.250000000	21.250000000
46	81	-26.250000000	23.750000000
46	82	-26.250000000	26.250000000
46	83	-26.250000000	28.750000000
46	84	-26.250000000	31.250000000
46	117	-26.250000000	113.750000000
46	118	-26.250000000	116.250000000
46	119	-26.250000000	118.750000000
46	120	-26.250000000	121.250000000
46	121	-26.250000000	123.750000000
46	122	-26.250000000	126.250000000
46	123	-26.250000000	128.750000000
46	124	-26.250000000	131.250000000
46	125	-26.250000000	133.750000000
46	126	-26.250000000	136.250000000
46	127	-26.250000000	138.750000000
46	128	-26.250000000	141.250000000
46	129	-26.250000000	143.750000000
46	130	-26.250000000	146.250000000
46	131	-26.250000000	148.750000000
46	132	-26.250000000	151.250000000
47	43	-28.750000000	-71.250000000
47	44	-28.750000000	-68.750000000
47	45	-28.750000000	-66.250000000
47	46	-28.750000000	-63.750000000
47	47	-28.750000000	-61.250000000
47	48	-28.750000000	-58.750000000
47	49	-28.750000000	-56.250000000
47	50	-28.750000000	-53.750000000
47	51	-28.750000000	-51.250000000
47	79	-28.750000000	18.750000000
47	80	-28.750000000	21.250000000
47	81	-28.750000000	23.750000000
47	82	-28.750000000	26.250000000
47	83	-28.750000000	28.750000000
47	84	-28.750000000	31.250000000
47	118	-28.750000000	116.250000000
47	119	-28.750000000	118.750000000
47	120	-28.750000000	121.250000000
47	121	-28.750000000	123.750000000
47	122	-28.750000000	126.250000000
47	123	-28.750000000	128.750000000
47	124	-28.750000000	131.250000000
47	125	-28.750000000	133.750000000
47	126	-28.750000000	136.250000000
47	127	-28.750000000	138.750000000
47	128	-28.750000000	141.250000000
47	129	-28.750000000	143.750000000
47	130	-28.750000000	146.250000000
47	131	-28.750000000	148.750000000
47	132	-28.750000000	151.250000000
48	43	-31.250000000	-71.250000000
48	44	-31.250000000	-68.750000000
48	45	-31.250000000	-66.250000000
48	46	-31.250000000	-63.750000000
48	47	-31.250000000	-61.250000000
48	48	-31.250000000	-58.750000000
48	49	-31.250000000	-56.250000000
48	50	-31.250000000	-53.750000000
48	79	-31.250000000	18.750000000
48	80	-31.250000000	21.250000000
48	81	-31.250000000	23.750000000
48	82	-31.250000000	26.250000000
48	83	-31.250000000	28.750000000
48	118	-31.250000000	116.250000000
48	119	-31.250000000	118.750000000
48	120	-31.250000000	121.250000000
48	121	-31.250000000	123.750000000
48	122	-31.250000000	126.250000000
48	123	-31.250000000	128.750000000
48	124	-31.250000000	131.250000000
48	125	-31.250000000	133.750000000
48	126	-31.250000000	136.250000000
48	127	-31.250000000	138.750000000
48	128	-31.250000000	141.250000000
48	129	-31.250000000	143.750000000
48	130	-31.250000000	146.250000000
48	131	-31.250000000	148.750000000
48	132	-31.250000000	151.250000000
49	43	-33.750000000	-71.250000000
49	44	-33.750000000	-68.750000000
49	45	-33.750000000	-66.250000000
49	46	-33.750000000	-63.750000000
49	47	-33.750000000	-61.250000000
49	48	-33.750000000	-58.750000000
49	49	-33.750000000	-56.250000000
49	50	-33.750000000	-53.750000000
49	79	-33.750000000	18.750000000
49	80	-33.750000000	21.250000000
49	81	-33.750000000	23.750000000
49	82	-33.750000000	26.250000000
49	118	-33.750000000	116.250000000
49	119	-33.750000000	118.750000000
49	120	-33.750000000	121.250000000
49	121	-33.750000000	123.750000000
49	126	-33.750000000	136.250000000
49	127	-33.750000000	138.750000000
49	128	-33.750000000	141.250000000
49	129	-33.750000000	143.750000000
49	130	-33.750000000	146.250000000
49	131	-33.750000000	148.750000000
49	132	-33.750000000	151.250000000
50	43	-36.250000000	-71.250000000
50	44	-36.250000000	-68.750000000
50	45	-36.250000000	-66.250000000
50	46	-36.250000000	-63.750000000
50	47	-36.250000000	-61.250000000
50	48	-36.250000000	-58.750000000
50	128	-36.250000000	141.250000000
50	129	-36.250000000	143.750000000
50	130	-36.250000000	146.250000000
50	131	-36.250000000	148.750000000
51	43	-38.750000000	-71.250000000
51	44	-38.750000000	-68.750000000
51	45	-38.750000000	-66.250000000
51	46	-38.750000000	-63.750000000
51	47	-38.750000000	-61.250000000
51	129	-38.750000000	143.750000000
51	130	-38.750000000	146.250000000
51	142	-38.750000000	176.250000000
52	42	-41.250000000	-73.750000000
52	43	-41.250000000	-71.250000000
52	44	-41.250000000	-68.750000000
52	45	-41.250000000	-66.250000000
52	130	-41.250000000	146.250000000
52	141	-41.250000000	173.750000000
53	1	-43.750000000	-176.250000000
53	43	-43.750000000	-71.250000000
53	44	-43.750000000	-68.750000000
53	45	-43.750000000	-66.250000000
53	140	-43.750000000	171.250000000
54	42	-46.250000000	-73.750000000
54	43	-46.250000000	-71.250000000
54	44	-46.250000000	-68.750000000
54	139	-46.250000000	168.750000000
55	43	-48.750000000	-71.250000000
55	44	-48.750000000	-68.750000000
56	42	-51.250000000	-73.750000000
56	43	-51.250000000	-71.250000000
57	42	-53.750000000	-73.750000000
57	43	-53.750000000	-71.250000000
57	44	-53.750000000	-68.750000000
