1002001000	-2	12418	9034.778	4874.444	97.625	9.499	180	11.844	219.25	46.211	10713.111	219.25	0	0	1	9	9	12210	12418	10121	12099	0	11801	10988	11678	-2	97	90	84	109	89	94	108	110	-2	174	172	162	194	-2	173	192	193	-2	228	227	213	264	103	230	245	244	-1
1002001000	-2	13033	9270.667	5011.845	111.875	11.516	185.286	7.497	224.75	36.362	10877.667	224.75	0	0	1	9	9	13033	12406	11495	12534	10722	12453	10795	0	-2	117	97	93	112	113	110	130	123	-2	187	173	176	189	192	185	195	-2	-2	241	224	223	252	242	236	248	132	-1
1001001000	-2	13033	9715.556	3716.276	110.625	5.337	177.75	3.666	221	6.124	9723.222	221	0	0	0	9	9	13033	11893	9278	12820	9683	11629	10089	9017	-2	110	100	117	115	117	110	108	108	-2	184	173	174	178	181	181	176	175	-2	226	217	214	226	223	230	221	211	-1
1001001000	-2	13033	9715.556	3716.276	110.625	5.337	177.75	3.666	221	6.124	9723.222	221	0	0	0	9	9	13033	11893	9278	12820	9683	11629	10089	9017	-2	110	100	117	115	117	110	108	108	-2	184	173	174	178	181	181	176	175	-2	226	217	214	226	223	230	221	211	-1
1001001000	-2	12538	9355.556	3554.154	110.375	5.999	177.375	4.498	220.875	6.173	9378	220.875	0	0	0	9	9	12538	11475	9279	11895	8850	11223	8671	10271	-2	114	104	113	115	119	110	109	99	-2	185	174	174	179	181	181	174	171	-2	227	218	214	228	223	228	218	211	-1
1001001000	-2	12646	9367.556	3565.044	110.375	5.999	177.375	4.498	220.875	6.173	9378	220.875	0	0	0	9	9	12646	11475	9279	11895	8850	11223	8671	10271	-2	114	104	113	115	119	110	109	99	-2	185	174	174	179	181	181	174	171	-2	227	218	214	228	223	228	218	211	-1
1001001000	-2	11840	9002.778	3479.799	112.375	3.672	176.75	4.206	218.5	5.701	9003.444	218.5	0	0	0	9	9	11840	11277	7992	11125	8030	11593	8947	10223	-2	115	111	113	116	118	106	109	111	-2	184	174	170	179	178	179	178	172	-2	225	217	210	225	217	223	221	210	-1
1001001000	-2	11840	9002.778	3479.799	112.375	3.672	176.75	4.206	218.5	5.701	9003.444	218.5	0	0	0	9	9	11840	11277	7992	11125	8030	11593	8947	10223	-2	115	111	113	116	118	106	109	111	-2	184	174	170	179	178	179	178	172	-2	225	217	210	225	217	223	221	210	-1
1002001000	-2	11599	7480.222	4176.662	114.75	4.409	176.429	4.371	206.875	30.694	7480.667	206.875	0	0	1	9	9	0	10732	8189	10202	7460	11599	8911	10231	-2	116	115	114	120	120	105	115	113	-2	-2	174	171	179	179	180	182	170	-2	127	218	211	226	218	222	224	209	-1
1002001000	-2	11348	7365.444	4108.171	114.75	4.409	176.429	4.371	206.875	30.694	7480.667	206.875	0	0	1	9	9	0	10841	8323	10007	7398	11348	8519	9855	-2	116	115	114	120	120	105	115	113	-2	-2	174	171	179	179	180	182	170	-2	127	218	211	226	218	222	224	209	-1
1001001000	-2	11023	8565.444	3267.507	116.875	6.071	177.5	5.545	219.625	6.518	8565.667	219.625	0	0	0	9	9	10975	10509	8070	10011	7130	11023	9966	9407	-2	116	117	114	122	125	105	123	113	-2	184	174	171	179	179	178	186	169	-2	226	221	211	225	218	221	227	208	-1
1006001000	-2	13716	4300.556	6091.444	74.75	19.753	183	2.944	149.5	87.023	5018.778	149.5	0	0	5	9	9	0	0	13716	12512	0	12479	0	0	-2	54	54	80	105	63	84	56	102	-2	-2	-2	180	187	-2	182	-2	-2	-2	63	78	246	276	70	253	76	134	-1
1002001000	-2	14136	10087.444	5462.535	111.25	9.846	187.571	8.086	227.75	37.596	11087.222	227.75	0	0	1	9	9	14136	13401	10967	13923	12378	13104	12880	0	-2	116	97	95	112	114	110	123	123	-2	187	173	180	190	198	189	196	-2	-2	243	226	227	258	249	239	248	132	-1
1001001000	-2	14140	11965.111	4249.884	133.25	6.591	195	4.899	250.375	8.154	12674.111	250.375	0	0	0	9	9	13680	13293	13353	13607	12535	13551	14140	13529	-2	142	129	125	125	140	134	130	141	-2	197	188	196	189	201	196	202	191	-2	257	241	248	248	251	255	265	238	-1
1001001000	-2	14126	11790.889	4237.378	132.75	6.379	194.875	4.702	249.875	8.894	12276.778	249.875	0	0	0	9	9	14047	12675	11721	14126	12746	13706	14014	13085	-2	143	129	128	126	139	133	125	139	-2	198	188	198	188	200	197	199	191	-2	257	242	246	249	247	263	260	235	-1
1001001000	-2	14126	11790.889	4237.378	132.75	6.379	194.875	4.702	249.875	8.894	12276.778	249.875	0	0	0	9	9	14047	12675	11721	14126	12746	13706	14014	13085	-2	143	129	128	126	139	133	125	139	-2	198	188	198	188	200	197	199	191	-2	257	242	246	249	247	263	260	235	-1
1001001000	-2	14553	11005.444	4085.331	126.25	7.412	192.125	2.619	249.25	8.871	11262.556	249.25	0	0	0	9	9	14553	14009	11611	12501	11052	10391	12164	12770	-2	140	120	125	126	135	125	115	124	-2	195	189	192	192	194	194	194	187	-2	258	249	240	257	246	258	254	232	-1
1001001000	-2	12683	9188.333	3514.403	107	8.86	176.625	4.948	220.625	7.482	9188.889	220.625	0	0	0	9	9	12683	11482	8659	11582	9290	10796	9652	8553	-2	115	100	117	114	107	109	106	88	-2	185	174	174	180	178	179	176	167	-2	227	220	214	230	222	226	221	205	-1
1001001000	-2	12683	9188.333	3514.403	107	8.86	176.625	4.948	220.625	7.482	9188.889	220.625	0	0	0	9	9	12683	11482	8659	11582	9290	10796	9652	8553	-2	115	100	117	114	107	109	106	88	-2	185	174	174	180	178	179	176	167	-2	227	220	214	230	222	226	221	205	-1
1001001000	-2	11907	8790.111	3383.966	106.625	8.717	174.75	5.54	216.5	7.246	8793.556	216.5	0	0	0	9	9	11907	11551	8111	11248	9056	8981	10019	8240	-2	113	102	116	114	110	107	104	87	-2	184	172	172	178	179	175	174	164	-2	225	215	211	224	219	220	217	201	-1
1001001000	-2	11907	8792.333	3385.785	106.625	8.717	174.75	5.54	216.5	7.246	8793.556	216.5	0	0	0	9	9	11907	11571	8111	11248	9056	8981	10019	8240	-2	113	102	116	114	110	107	104	87	-2	184	172	172	178	179	175	174	164	-2	225	215	211	224	219	220	217	201	-1
1001001000	-2	11215	8200	3162.767	107.125	8.795	174	5.831	215.5	7.141	8200.444	215.5	0	0	0	9	9	10587	11215	7637	10868	8193	8683	7939	8680	-2	113	104	115	115	113	104	106	87	-2	183	172	171	180	178	172	173	163	-2	223	216	210	224	218	217	216	200	-1
1001001000	-2	11215	8200	3162.767	107.125	8.795	174	5.831	215.5	7.141	8200.444	215.5	0	0	0	9	9	10587	11215	7637	10868	8193	8683	7939	8680	-2	113	104	115	115	113	104	106	87	-2	183	172	171	180	178	172	173	163	-2	223	216	210	224	218	217	216	200	-1
1001001000	-2	11312	8114.111	3179.275	106.875	9.212	172.75	5.868	213.625	7.296	8114.889	213.625	0	0	0	9	9	10939	11312	7162	10236	8537	7398	8562	8883	-2	111	109	114	115	116	103	100	87	-2	182	173	170	178	177	165	173	164	-2	223	219	207	221	216	207	215	201	-1
1001001000	-2	11312	8114.111	3179.275	106.875	9.212	172.75	5.868	213.625	7.296	8114.889	213.625	0	0	0	9	9	10939	11312	7162	10236	8537	7398	8562	8883	-2	111	109	114	115	116	103	100	87	-2	182	173	170	178	177	165	173	164	-2	223	219	207	221	216	207	215	201	-1
1001001000	-2	11419	8356.778	3209.399	106.125	8.978	173.375	5.7	215.625	7.398	8357.333	215.625	0	0	0	9	9	11183	11419	8293	10542	8423	7807	8639	8907	-2	110	111	114	115	111	103	98	87	-2	183	174	170	178	178	167	172	165	-2	226	222	210	222	219	209	214	203	-1
1001001000	-2	11419	8331.444	3187.818	106.125	8.978	173.375	5.7	215.625	7.398	8357.333	215.625	0	0	0	9	9	10955	11419	8293	10542	8423	7807	8639	8907	-2	110	111	114	115	111	103	98	87	-2	183	174	170	178	178	167	172	165	-2	226	222	210	222	219	209	214	203	-1
1002001000	-2	10760	7615.667	4121.681	109	10.05	177.286	4.949	209.25	38.577	7891.333	209.25	0	0	1	9	9	9856	10760	8434	9827	9296	10618	0	9752	-2	111	116	118	116	119	104	99	89	-2	184	177	173	180	181	178	-2	168	-2	232	231	216	227	227	223	109	209	-1
1002001000	-2	11583	7862	4297.947	109	10.05	177.286	4.949	209.25	38.577	7891.333	209.25	0	0	1	9	9	11108	10760	8434	9827	9296	11583	0	9752	-2	111	116	118	116	119	104	99	89	-2	184	177	173	180	181	178	-2	168	-2	232	231	216	227	227	223	109	209	-1
1002001000	-2	11875	7904.333	4333.894	116.5	6.325	182.714	5.284	219	36.79	8099.333	219	0	0	1	9	9	0	10071	10459	8128	9427	11875	10957	10224	-2	116	120	124	121	124	107	110	110	-2	-2	187	184	180	186	184	187	171	-2	124	245	232	230	234	233	239	215	-1
1001001000	-2	12760	9815.222	3613.835	121.25	5.673	187.625	6.244	242.375	10.7	9824.889	242.375	0	0	0	9	9	11255	9876	10182	10694	12429	12760	11446	9697	-2	126	122	126	123	129	112	118	114	-2	188	195	187	188	193	186	191	173	-2	250	256	236	238	251	240	248	220	-1
1001001000	-2	12762	9824.222	3618.196	121.25	5.673	187.625	6.244	242.375	10.7	9824.889	242.375	0	0	0	9	9	11318	9876	10182	10693	12446	12762	11446	9697	-2	126	122	126	123	129	112	118	114	-2	188	195	187	188	193	186	191	173	-2	250	256	236	238	251	240	248	220	-1
1001001000	-2	12120	8874.667	3303.036	129.375	5.957	196.25	6.942	267	19.085	8875.111	267	0	0	0	9	9	12120	8456	9274	10740	10116	10670	9296	9202	-2	126	127	122	127	134	134	141	124	-2	195	209	189	191	202	196	201	187	-2	272	302	243	252	268	270	285	244	-1
1001001000	-2	12335	8771.667	3343.812	130.875	7.524	196.875	6.827	268.5	19.994	8772.111	268.5	0	0	0	9	9	12335	8097	8708	11518	9427	10037	9187	9638	-2	124	126	121	134	138	135	144	125	-2	194	210	189	192	202	198	201	189	-2	263	308	243	257	268	276	286	247	-1
1001001000	-2	10846	8568.667	3154.677	128.25	6.418	195.125	7.322	262.375	18.788	8568.889	262.375	0	0	0	9	9	10045	9812	7668	10846	9389	10568	8978	9814	-2	125	124	118	127	133	135	139	125	-2	188	208	184	192	201	197	200	191	-2	253	304	239	255	261	270	271	246	-1
1001001000	-2	10846	8568.667	3154.677	128.25	6.418	195.125	7.322	262.375	18.788	8568.889	262.375	0	0	0	9	9	10045	9812	7668	10846	9389	10568	8978	9814	-2	125	124	118	127	133	135	139	125	-2	188	208	184	192	201	197	200	191	-2	253	304	239	255	261	270	271	246	-1
1005001000	-2	12589	5465.222	6116.184	79.625	18.357	184	5.612	169.125	89.948	6927.111	169.125	0	0	4	9	9	11635	0	12589	12535	0	12430	0	0	-2	97	55	84	105	61	93	56	86	-2	177	-2	181	186	-2	192	-2	-2	-2	249	78	246	273	70	266	77	94	-1
1003001000	-2	12662	8205.556	5806.993	121.75	12.039	190.333	8.3	215.125	48.3	9095.444	215.125	0	0	2	9	9	0	12633	12353	12662	12036	0	12232	11936	-2	121	99	109	129	133	121	123	139	-2	-2	174	192	188	200	-2	197	191	-2	135	225	246	248	249	130	249	239	-1
1003001000	-2	13689	8554.778	6075.039	124.375	10.416	190.667	6.128	212.5	45.733	8898.222	212.5	0	0	2	9	9	0	13689	11583	13233	12387	0	13163	12940	-2	124	103	120	129	135	121	123	140	-2	-2	180	191	187	199	-2	196	191	-2	135	225	241	239	244	133	247	236	-1
1003001000	-2	13680	8380.333	5949.244	124.375	10.416	190.667	6.128	212.5	45.733	8898.222	212.5	0	0	2	9	9	0	13680	11583	12840	12155	0	12631	12536	-2	124	103	120	129	135	121	123	140	-2	-2	180	191	187	199	-2	196	191	-2	135	225	241	239	244	133	247	236	-1
1001001000	-2	14601	11645.333	4202.657	135	6.164	198.5	3.674	264.5	13.105	12332.222	264.5	0	0	0	9	9	14601	12608	12028	13986	13306	11780	13046	13455	-2	145	131	129	134	140	140	125	136	-2	201	196	200	201	194	202	202	192	-2	274	258	257	266	253	285	279	244	-1
1001001000	-2	12225	9031.222	3495.454	106.5	9.631	177	5.958	222.75	8.555	9410.778	222.75	0	0	0	9	9	11636	10868	8447	12225	9593	11367	9432	7715	-2	115	101	119	114	100	112	103	88	-2	186	175	177	182	177	179	176	164	-2	232	224	217	232	223	228	222	204	-1
1001001000	-2	12225	9031.222	3495.454	106.5	9.631	177	5.958	222.75	8.555	9410.778	222.75	0	0	0	9	9	11636	10868	8447	12225	9593	11367	9432	7715	-2	115	101	119	114	100	112	103	88	-2	186	175	177	182	177	179	176	164	-2	232	224	217	232	223	228	222	204	-1
1002001000	-2	10987	6691.222	3766.497	97	11.832	169.286	8.293	196.5	41.122	7044.667	196.5	0	0	1	9	9	10987	9734	8156	0	9295	7619	7046	7386	-2	106	96	117	82	95	109	86	85	-2	179	163	174	-2	177	174	163	155	-2	221	211	212	90	219	219	207	193	-1
1002001000	-2	11200	7043.889	3933.829	97	11.832	169.286	8.293	196.5	41.122	7044.667	196.5	0	0	1	9	9	11200	9850	8459	0	10343	7737	8004	7804	-2	106	96	117	82	95	109	86	85	-2	179	163	174	-2	177	174	163	155	-2	221	211	212	90	219	219	207	193	-1
1003001000	-2	9811	5217.111	3797.135	96.625	10.897	167.833	8.194	181	47.421	5217.556	181	0	0	2	9	9	9811	0	7778	0	8424	7559	6300	7084	-2	107	85	116	93	96	105	86	85	-2	176	-2	171	-2	178	165	163	154	-2	216	96	210	104	218	207	206	191	-1
1003001000	-2	9811	5217.111	3797.135	96.625	10.897	167.833	8.194	181	47.421	5217.556	181	0	0	2	9	9	9811	0	7778	0	8424	7559	6300	7084	-2	107	85	116	93	96	105	86	85	-2	176	-2	171	-2	178	165	163	154	-2	216	96	210	104	218	207	206	191	-1
1002001000	-2	11613	6481.778	3911.36	98.75	9.47	165.429	7.594	193	34.889	6482.333	193	0	0	1	9	9	9691	11613	7719	0	9648	8397	5217	6053	-2	109	99	115	96	97	102	87	85	-2	174	163	170	-2	175	164	160	152	-2	214	209	209	103	215	204	201	189	-1
1002001000	-2	11613	6481.778	3911.36	98.75	9.47	165.429	7.594	193	34.889	6482.333	193	0	0	1	9	9	9691	11613	7719	0	9648	8397	5217	6053	-2	109	99	115	96	97	102	87	85	-2	174	163	170	-2	175	164	160	152	-2	214	209	209	103	215	204	201	189	-1
1002001000	-2	10262	6062.889	3469.054	100.625	9.823	164	6.141	193.5	31.945	6063.111	193.5	0	0	1	9	9	9150	10262	7168	6954	0	8352	6029	6653	-2	109	105	113	110	98	98	86	86	-2	171	163	168	172	-2	161	159	154	-2	212	212	208	212	111	202	200	191	-1
1002001000	-2	10262	6062.889	3469.054	100.625	9.823	164	6.141	193.5	31.945	6063.111	193.5	0	0	1	9	9	9150	10262	7168	6954	0	8352	6029	6653	-2	109	105	113	110	98	98	86	86	-2	171	163	168	172	-2	161	159	154	-2	212	212	208	212	111	202	200	191	-1
1001001000	-2	10688	7226	2817.268	101.375	9.899	166.875	5.946	209	7.053	7243.444	209	0	0	0	9	9	8916	10688	7524	7116	8620	8450	6342	7380	-2	108	108	115	110	98	98	87	87	-2	170	164	168	174	176	165	160	158	-2	212	214	209	216	218	205	202	196	-1
1001001000	-2	10688	7226	2817.268	101.375	9.899	166.875	5.946	209	7.053	7243.444	209	0	0	0	9	9	8916	10688	7524	7116	8620	8450	6342	7380	-2	108	108	115	110	98	98	87	87	-2	170	164	168	174	176	165	160	158	-2	212	214	209	216	218	205	202	196	-1
1002001000	-2	11681	7016.889	3908.555	103.125	10.659	171.571	5.628	202.375	36.069	7168.444	202.375	0	0	1	9	9	9331	11681	7776	8664	9405	7744	0	8553	-2	109	110	117	114	98	102	88	87	-2	173	174	172	177	178	166	-2	161	-2	217	225	215	222	222	208	109	201	-1
1003001000	-2	12339	6582.778	4776.852	105.625	10.38	175.333	4.784	195.875	47.782	6594	195.875	0	0	2	9	9	10166	10449	8709	8531	0	12339	0	9053	-2	110	115	118	116	100	105	92	89	-2	177	176	176	179	-2	179	-2	165	-2	223	234	221	226	119	226	109	209	-1
1003001000	-2	12339	6582.778	4776.852	105.625	10.38	175.333	4.784	195.875	47.782	6594	195.875	0	0	2	9	9	10166	10449	8709	8531	0	12339	0	9053	-2	110	115	118	116	100	105	92	89	-2	177	176	176	179	-2	179	-2	165	-2	223	234	221	226	119	226	109	209	-1
1005001000	-2	12239	4577.667	5176.24	109.125	9.034	184	2.121	175.25	62.97	4603.222	175.25	0	0	4	9	9	0	10078	9635	9249	0	12239	0	0	-2	111	118	120	117	102	112	94	99	-2	-2	186	183	181	-2	186	-2	-2	-2	125	250	231	231	113	239	106	107	-1
1005001000	-2	12047	4556.333	5144.922	109.125	9.034	184	2.121	175.25	62.97	4603.222	175.25	0	0	4	9	9	0	10078	9635	9249	0	12047	0	0	-2	111	118	120	117	102	112	94	99	-2	-2	186	183	181	-2	186	-2	-2	-2	125	250	231	231	113	239	106	107	-1
1004001000	-2	12379	5387.556	4933.377	108.625	7.745	180	5.177	188.875	56.909	5415.222	188.875	0	0	3	9	9	0	9571	9449	8325	0	12379	0	8766	-2	110	118	115	117	101	108	94	106	-2	-2	184	180	179	-2	186	-2	171	-2	125	248	228	227	114	240	110	219	-1
1004001000	-2	12544	5405.889	4959.561	108.625	7.745	180	5.177	188.875	56.909	5415.222	188.875	0	0	3	9	9	0	9571	9449	8325	0	12544	0	8766	-2	110	118	115	117	101	108	94	106	-2	-2	184	180	179	-2	186	-2	171	-2	125	248	228	227	114	240	110	219	-1
1003001000	-2	12207	6817.222	4901.378	114.125	5.061	185.833	5.49	210.75	53.66	6817.778	210.75	0	0	2	9	9	0	10065	9705	9850	0	12207	10825	8705	-2	111	119	116	122	105	117	111	112	-2	-2	191	182	186	-2	188	192	176	-2	125	257	233	236	114	245	252	224	-1
1002001000	-2	11324	7240.444	3984.282	114.875	5.11	184.857	5.514	225.25	43.306	7708.667	225.25	0	0	1	9	9	9959	8999	9192	9556	0	11324	7684	8452	-2	110	118	116	121	106	122	113	113	-2	180	188	182	185	-2	190	193	176	-2	236	255	233	236	114	249	255	224	-1
1001001000	-2	12151	9532.667	3551.448	21.875	5.487	176	14.195	283.125	15.062	9873.667	283.125	0	0	0	9	9	10555	12151	11969	10184	10785	11009	11087	8056	-2	31	22	23	13	29	18	20	19	-2	163	158	160	192	183	171	183	198	-2	275	266	269	304	290	267	289	305	-1
1001001000	-2	13720	11294	4056.303	128.125	12.293	192.125	6.112	241	6.557	12532.556	241	0	0	0	9	9	13566	13720	12731	13027	11263	12516	12843	11982	-2	137	100	122	131	135	137	123	140	-2	193	179	198	187	199	195	195	191	-2	245	227	248	241	244	245	244	234	-1
1002001000	-2	13114	9509.889	5131.898	129.625	12.257	190.857	4.189	219.125	36.971	9852	219.125	0	0	1	9	9	13114	0	11537	12929	10674	12623	12538	12176	-2	140	102	124	132	137	139	123	140	-2	191	-2	196	183	195	192	192	187	-2	236	122	238	228	234	236	235	224	-1
1002001000	-2	13431	8754.667	4902.171	129.375	11.532	186.571	4.499	212.125	34.071	9050.667	212.125	0	0	1	9	9	12895	0	10568	13431	8457	12643	10537	10263	-2	141	104	125	130	136	138	122	139	-2	187	-2	195	180	185	190	186	183	-2	226	123	234	221	220	231	224	218	-1
1002001000	-2	13756	8911.333	5038.453	129.375	11.532	186.571	4.499	212.125	34.071	9050.667	212.125	0	0	1	9	9	13302	0	10568	13756	8457	13321	10537	10263	-2	141	104	125	130	136	138	122	139	-2	187	-2	195	180	185	190	186	183	-2	226	123	234	221	220	231	224	218	-1
1001001000	-2	13223	11044.889	3937.031	136.125	5.904	192.625	3.903	238.5	5.916	11102.556	238.5	0	0	0	9	9	12172	11829	12016	12710	13215	13223	12344	11897	-2	145	132	138	135	140	140	124	135	-2	193	191	201	194	189	192	194	187	-2	239	239	247	237	233	244	242	227	-1
1001001000	-2	13223	11092.778	3951.526	136.125	5.904	192.625	3.903	238.5	5.916	11102.556	238.5	0	0	0	9	9	12260	11829	12259	12793	13215	13223	12344	11914	-2	145	132	138	135	140	140	124	135	-2	193	191	201	194	189	192	194	187	-2	239	239	247	237	233	244	242	227	-1
1001001000	-2	13530	10553	3862.075	125.625	8.873	188	5.385	238.25	8.467	10570.333	238.25	0	0	0	9	9	13530	11749	10698	12052	13258	11987	10253	11452	-2	139	121	125	130	134	130	112	114	-2	194	188	194	190	187	191	183	177	-2	251	241	239	242	234	245	233	221	-1
1001001000	-2	13258	9280.556	3527.734	125.625	8.873	188	5.385	238.25	8.467	10570.333	238.25	0	0	0	9	9	9258	9863	10689	11018	13258	9038	8993	11410	-2	139	121	125	130	134	130	112	114	-2	194	188	194	190	187	191	183	177	-2	251	241	239	242	234	245	233	221	-1
1002001000	-2	9912	6759.111	3676.074	104.75	11.486	176.714	6.088	210.375	33.552	7622.111	210.375	0	0	1	9	9	0	9037	9912	9041	9125	7528	7844	8347	-2	109	100	122	115	100	114	91	87	-2	-2	174	183	182	178	181	175	164	-2	124	223	225	231	224	230	222	204	-1
1002001000	-2	9912	6759.111	3676.074	104.75	11.486	176.714	6.088	210.375	33.552	7622.111	210.375	0	0	1	9	9	0	9037	9912	9041	9125	7528	7844	8347	-2	109	100	122	115	100	114	91	87	-2	-2	174	183	182	178	181	175	164	-2	124	223	225	231	224	230	222	204	-1
1001001000	-2	8353	6645.333	2445.275	86.125	15.839	160.5	7.665	202	6.708	6645.556	202	0	0	0	9	9	7101	8353	8185	8175	6389	7782	7295	6530	-2	95	70	115	71	79	105	73	81	-2	167	152	171	164	160	165	159	146	-2	205	200	209	206	202	207	201	186	-1
1001001000	-2	8353	6645.333	2445.275	86.125	15.839	160.5	7.665	202	6.708	6645.556	202	0	0	0	9	9	7101	8353	8185	8175	6389	7782	7295	6530	-2	95	70	115	71	79	105	73	81	-2	167	152	171	164	160	165	159	146	-2	205	200	209	206	202	207	201	186	-1
1002001000	-2	8978	5716	3213.471	86.5	13.143	158.714	7.459	186.125	36.842	5716.444	186.125	0	0	1	9	9	6325	8978	8717	0	6491	8080	6009	6846	-2	100	71	108	79	79	100	73	82	-2	166	152	170	-2	159	160	158	146	-2	204	199	209	90	200	202	199	186	-1
1002001000	-2	8978	5716	3213.471	86.5	13.143	158.714	7.459	186.125	36.842	5716.444	186.125	0	0	1	9	9	6325	8978	8717	0	6491	8080	6009	6846	-2	100	71	108	79	79	100	73	82	-2	166	152	170	-2	159	160	158	146	-2	204	199	209	90	200	202	199	186	-1
1002001000	-2	7827	5525.667	2996.16	87.625	11.521	159.857	6.707	187.25	34.597	5526	187.25	0	0	1	9	9	6153	0	7623	6799	6761	7827	6912	7658	-2	102	74	105	86	82	97	73	82	-2	166	-2	168	163	164	157	151	150	-2	205	97	208	202	204	199	194	189	-1
1002001000	-2	7827	5525.667	2996.16	87.625	11.521	159.857	6.707	187.25	34.597	5526	187.25	0	0	1	9	9	6153	0	7623	6799	6761	7827	6912	7658	-2	102	74	105	86	82	97	73	82	-2	166	-2	168	163	164	157	151	150	-2	205	97	208	202	204	199	194	189	-1
1003001000	-2	8306	4694.667	3393.544	90.375	11.247	159	6.506	173	45.886	4695.111	173	0	0	2	9	9	6301	0	6511	6356	0	8306	6585	8195	-2	101	85	111	91	82	96	73	84	-2	164	-2	167	164	-2	157	149	153	-2	204	97	207	202	91	198	193	192	-1
1003001000	-2	8306	4694.667	3393.544	90.375	11.247	159	6.506	173	45.886	4695.111	173	0	0	2	9	9	6301	0	6511	6356	0	8306	6585	8195	-2	101	85	111	91	82	96	73	84	-2	164	-2	167	164	-2	157	149	153	-2	204	97	207	202	91	198	193	192	-1
1003001000	-2	8366	4916.222	3517.722	89.625	11.575	159.333	6.675	173.75	46.056	4916.667	173.75	0	0	2	9	9	7389	0	7058	6300	0	7932	7203	8366	-2	97	81	112	92	81	97	73	84	-2	165	-2	168	164	-2	156	150	153	-2	205	97	209	203	92	197	194	193	-1
1003001000	-2	9008	5304.111	3826.644	90.25	11.267	163.667	5.121	179	48.987	5304.556	179	0	0	2	9	9	9008	0	7249	6394	0	8491	7756	8841	-2	96	83	112	92	81	99	74	85	-2	170	-2	169	166	-2	162	159	156	-2	213	97	212	208	92	206	206	198	-1
1003001000	-2	9008	5304.111	3826.644	90.25	11.267	163.667	5.121	179	48.987	5304.556	179	0	0	2	9	9	9008	0	7249	6394	0	8491	7756	8841	-2	96	83	112	92	81	99	74	85	-2	170	-2	169	166	-2	162	159	156	-2	213	97	212	208	92	206	206	198	-1
1005001000	-2	8604	3619	4065.224	90.25	10.545	164.25	5.068	154.375	53.984	3619.222	154.375	0	0	4	9	9	8398	0	7143	0	0	8428	0	8604	-2	96	82	110	92	82	99	75	86	-2	169	-2	169	-2	-2	162	-2	157	-2	213	97	212	104	92	208	110	199	-1
1004001000	-2	9771	4853.889	4403.702	93.25	10.86	168.2	4.996	173.375	55.767	4854.556	173.375	0	0	3	9	9	9771	9188	7078	0	0	9467	0	8183	-2	94	104	107	92	82	105	75	87	-2	174	168	170	-2	-2	170	-2	159	-2	220	224	215	104	92	219	110	203	-1
1005001000	-2	11190	4014.333	4591.47	92.5	11.747	170.5	6.103	160.25	61.445	4014.778	160.25	0	0	4	9	9	0	9368	7270	0	0	11190	0	8303	-2	83	106	107	91	84	107	75	87	-2	-2	172	171	-2	-2	178	-2	161	-2	91	233	217	104	93	228	110	206	-1
1005001000	-2	11190	4014.333	4591.47	92.5	11.747	170.5	6.103	160.25	61.445	4014.778	160.25	0	0	4	9	9	0	9368	7270	0	0	11190	0	8303	-2	83	106	107	91	84	107	75	87	-2	-2	172	171	-2	-2	178	-2	161	-2	91	233	217	104	93	228	110	206	-1
1005001000	-2	11411	3942.889	4538.471	90.125	10.856	170.25	6.098	159.125	58.58	3943.222	159.125	0	0	4	9	9	9045	0	7133	0	0	11411	0	7899	-2	83	84	107	92	84	108	76	87	-2	172	-2	170	-2	-2	178	-2	161	-2	220	97	215	104	93	228	110	206	-1
1005001000	-2	11411	3942.889	4538.471	90.125	10.856	170.25	6.098	159.125	58.58	3943.222	159.125	0	0	4	9	9	9045	0	7133	0	0	11411	0	7899	-2	83	84	107	92	84	108	76	87	-2	172	-2	170	-2	-2	178	-2	161	-2	220	97	215	104	93	228	110	206	-1
1006001000	-2	8746	2640.556	3751.421	90.25	10.825	169.333	6.944	143.25	57.087	2868.667	143.25	0	0	5	9	9	0	0	7283	0	0	8746	0	7738	-2	83	83	106	91	85	109	76	89	-2	-2	-2	169	-2	-2	178	-2	161	-2	92	98	215	104	93	227	110	207	-1
1001001000	-2	14045	10354.889	3893.35	19.25	4.684	147.125	9.854	231	8.617	14162.222	231	0	0	0	9	9	10304	14045	10697	12326	12193	10119	13201	10311	-2	27	20	20	12	25	15	19	16	-2	140	125	146	157	154	150	149	156	-2	221	214	231	239	233	232	237	241	-1
1001001000	-2	12290	8800	3532.023	123.125	12.374	178.875	6.698	214.5	7.141	8800.222	214.5	0	0	0	9	9	10319	10195	9637	12290	9306	11857	9540	6058	-2	137	100	121	125	133	137	109	123	-2	183	173	191	172	181	185	172	174	-2	217	209	227	209	216	223	210	205	-1
1001001000	-2	11903	9215.889	3416.841	132	5	184.875	5.622	224.5	7.246	9248.444	224.5	0	0	0	9	9	11151	9369	10537	11312	11903	10628	9696	8349	-2	140	129	132	133	137	132	122	131	-2	189	183	196	184	184	187	180	176	-2	228	220	239	223	227	227	219	213	-1
1001001000	-2	13311	10139.222	3717.179	130.25	6.476	189.625	6.183	240.875	7.801	10968.333	240.875	0	0	0	9	9	12399	10556	11476	12024	13311	9966	10880	10643	-2	138	128	131	133	137	132	116	127	-2	193	191	200	191	189	191	185	177	-2	247	243	251	239	238	247	238	224	-1
1001001000	-2	13311	10139.222	3717.179	130.25	6.476	189.625	6.183	240.875	7.801	10968.333	240.875	0	0	0	9	9	12399	10556	11476	12024	13311	9966	10880	10643	-2	138	128	131	133	137	132	116	127	-2	193	191	200	191	189	191	185	177	-2	247	243	251	239	238	247	238	224	-1
1002001000	-2	12164	7998.444	4394.891	110.125	11.152	180.143	5.462	217.125	35.29	8142.778	217.125	0	0	1	9	9	0	9752	11648	10229	10257	8698	9240	12164	-2	111	107	124	118	102	125	104	90	-2	-2	180	191	183	178	181	173	175	-2	125	234	238	233	229	235	223	220	-1
1002001000	-2	12164	7998.444	4394.891	110.125	11.152	180.143	5.462	217.125	35.29	8142.778	217.125	0	0	1	9	9	0	9752	11648	10229	10257	8698	9240	12164	-2	111	107	124	118	102	125	104	90	-2	-2	180	191	183	178	181	173	175	-2	125	234	238	233	229	235	223	220	-1
1003001000	-2	8993	5151.556	3699.543	73.75	18.873	153.333	11.686	164.5	53.775	5152	164.5	0	0	2	9	9	6706	8249	8993	0	0	8038	7449	6931	-2	74	60	108	54	65	102	66	61	-2	159	145	171	-2	-2	163	139	143	-2	196	193	209	67	78	204	185	184	-1
1003001000	-2	8993	5151.556	3699.543	73.75	18.873	153.333	11.686	164.5	53.775	5152	164.5	0	0	2	9	9	6706	8249	8993	0	0	8038	7449	6931	-2	74	60	108	54	65	102	66	61	-2	159	145	171	-2	-2	163	139	143	-2	196	193	209	67	78	204	185	184	-1
1003001000	-2	8312	4863.111	3464.337	75.125	16.027	149.5	9.57	164.5	47.326	4863.444	164.5	0	0	2	9	9	0	8312	6743	7087	0	7216	6926	7486	-2	80	62	103	54	65	97	69	71	-2	-2	143	168	150	-2	154	141	141	-2	89	189	206	192	78	195	185	182	-1
1003001000	-2	8312	4863.111	3464.337	75.125	16.027	149.5	9.57	164.5	47.326	4863.444	164.5	0	0	2	9	9	0	8312	6743	7087	0	7216	6926	7486	-2	80	62	103	54	65	97	69	71	-2	-2	143	168	150	-2	154	141	141	-2	89	189	206	192	78	195	185	182	-1
1003001000	-2	8569	4575.111	3309.93	77.625	14.309	149.333	8.957	164.75	47.426	4575.444	164.75	0	0	2	9	9	0	8569	6194	6242	0	6988	6105	7080	-2	81	66	104	63	66	97	70	74	-2	-2	147	166	149	-2	154	141	139	-2	89	193	205	191	78	195	185	182	-1
1003001000	-2	8569	4575.111	3309.93	77.625	14.309	149.333	8.957	164.75	47.426	4575.444	164.75	0	0	2	9	9	0	8569	6194	6242	0	6988	6105	7080	-2	81	66	104	63	66	97	70	74	-2	-2	147	166	149	-2	154	141	139	-2	89	193	205	191	78	195	185	182	-1
1002001000	-2	9872	5781.333	3250.075	77.375	12.845	150.714	7.265	179.75	34.448	5781.889	179.75	0	0	1	9	9	0	9872	6983	5969	7401	7947	6816	7046	-2	81	70	103	64	66	92	70	73	-2	-2	151	163	149	156	153	144	139	-2	90	197	202	190	196	195	186	182	-1
1002001000	-2	9872	5781.333	3250.075	77.375	12.845	150.714	7.265	179.75	34.448	5781.889	179.75	0	0	1	9	9	0	9872	6983	5969	7401	7947	6816	7046	-2	81	70	103	64	66	92	70	73	-2	-2	151	163	149	156	153	144	139	-2	90	197	202	190	196	195	186	182	-1
1002001000	-2	9223	5757.556	3210.94	77.5	11.737	150.286	6.135	178.375	37.914	5758.556	178.375	0	0	1	9	9	7210	9223	6145	6088	0	8273	7663	7218	-2	81	72	100	65	67	92	70	73	-2	153	151	160	149	-2	154	146	139	-2	193	196	200	191	79	197	189	182	-1
1002001000	-2	9223	5757.556	3210.94	77.5	11.737	150.286	6.135	178.375	37.914	5758.556	178.375	0	0	1	9	9	7210	9223	6145	6088	0	8273	7663	7218	-2	81	72	100	65	67	92	70	73	-2	153	151	160	149	-2	154	146	139	-2	193	196	200	191	79	197	189	182	-1
1002001000	-2	8433	5809.556	3184.534	79	11.705	153.286	7.065	183.75	33.338	5810	183.75	0	0	1	9	9	7379	0	7541	5885	8246	8433	7843	6961	-2	81	74	103	70	67	92	70	75	-2	155	-2	165	151	158	155	148	141	-2	196	97	206	193	202	199	192	185	-1
1002001000	-2	8433	5809.556	3184.534	79	11.705	153.286	7.065	183.75	33.338	5810	183.75	0	0	1	9	9	7379	0	7541	5885	8246	8433	7843	6961	-2	81	74	103	70	67	92	70	75	-2	155	-2	165	151	158	155	148	141	-2	196	97	206	193	202	199	192	185	-1
1002001000	-2	8238	5890.444	3191.808	80.5	12.339	156	7.521	187.125	34.247	5891	187.125	0	0	1	9	9	7958	0	7417	6985	8238	8211	7664	6543	-2	81	74	104	72	67	97	71	78	-2	157	-2	168	159	159	157	150	142	-2	200	98	210	200	204	202	196	187	-1
1002001000	-2	8238	5890.444	3191.808	80.5	12.339	156	7.521	187.125	34.247	5891	187.125	0	0	1	9	9	7958	0	7417	6985	8238	8211	7664	6543	-2	81	74	104	72	67	97	71	78	-2	157	-2	168	159	159	157	150	142	-2	200	98	210	200	204	202	196	187	-1
1005001000	-2	8057	3156.222	3552.309	83.625	11.989	163	5.477	152.875	55.555	3156.444	152.875	0	0	4	9	9	0	0	6544	6612	0	7195	0	8057	-2	81	81	105	76	71	101	71	83	-2	-2	-2	169	161	-2	167	-2	155	-2	91	97	214	205	93	214	110	199	-1
1005001000	-2	8057	3156.222	3552.309	83.625	11.989	163	5.477	152.875	55.555	3156.444	152.875	0	0	4	9	9	0	0	6544	6612	0	7195	0	8057	-2	81	81	105	76	71	101	71	83	-2	-2	-2	169	161	-2	167	-2	155	-2	91	97	214	205	93	214	110	199	-1
1004001000	-2	8407	4276.889	3844.018	84.625	11.51	163.6	4.587	169.375	53.84	4277.111	169.375	0	0	3	9	9	7607	0	6968	7435	0	8077	0	8407	-2	81	80	104	84	72	102	71	83	-2	160	-2	169	162	-2	169	-2	158	-2	209	98	215	208	93	219	110	203	-1
1004001000	-2	8407	4276.889	3844.018	84.625	11.51	163.6	4.587	169.375	53.84	4277.111	169.375	0	0	3	9	9	7607	0	6968	7435	0	8077	0	8407	-2	81	80	104	84	72	102	71	83	-2	160	-2	169	162	-2	169	-2	158	-2	209	98	215	208	93	219	110	203	-1
1004001000	-2	9773	4696.667	4239.685	81.375	11.757	163.2	5.036	171.125	52.959	4697.222	171.125	0	0	3	9	9	8342	9773	8664	0	0	7501	0	7992	-2	80	75	101	72	73	101	70	79	-2	162	165	168	-2	-2	167	-2	154	-2	209	218	213	80	124	216	110	199	-1
1004001000	-2	9773	4696.667	4239.685	81.375	11.757	163.2	5.036	171.125	52.959	4697.222	171.125	0	0	3	9	9	8342	9773	8664	0	0	7501	0	7992	-2	80	75	101	72	73	101	70	79	-2	162	165	168	-2	-2	167	-2	154	-2	209	218	213	80	124	216	110	199	-1
1002001000	-2	9654	6963.222	3741.199	33.25	9.107	145.143	12.171	171.75	47.848	7226.222	171.75	0	0	1	9	9	8999	8636	8266	8829	9367	8920	9654	0	-2	39	32	53	27	36	32	24	23	-2	152	119	153	153	143	157	139	-2	-2	192	171	197	190	191	200	186	47	-1
1001001000	-2	11081	8845.667	3243.995	124	5.788	178.875	6.071	218.625	7.968	8845.889	218.625	0	0	0	9	9	10877	9761	11081	11076	10052	9043	8848	8875	-2	125	116	127	129	132	126	114	123	-2	181	177	193	180	177	178	173	172	-2	222	214	237	218	219	218	212	209	-1
1001001000	-2	12979	10505.778	3801.559	123.875	6.193	183.875	6.274	233.375	6.613	10529.222	233.375	0	0	0	9	9	12847	10654	12979	12430	10833	11827	10976	12008	-2	124	121	130	130	130	127	115	114	-2	186	181	198	187	176	182	182	179	-2	236	231	249	235	228	232	229	227	-1
1001001000	-2	13034	10528.667	3814.392	123.875	6.193	183.875	6.274	233.375	6.613	10529.222	233.375	0	0	0	9	9	12882	10654	13034	12531	10833	11827	10976	12023	-2	124	121	130	130	130	127	115	114	-2	186	181	198	187	176	182	182	179	-2	236	231	249	235	228	232	229	227	-1
1002001000	-2	10881	7737	4154.044	101	11.034	171.714	6.318	204.125	40.303	7854.667	204.125	0	0	1	9	9	10881	9576	10091	9873	9798	9994	0	9422	-2	106	97	122	95	97	113	91	87	-2	174	169	182	175	165	175	-2	162	-2	221	218	228	225	212	224	99	206	-1
1002001000	-2	10881	7737	4154.044	101	11.034	171.714	6.318	204.125	40.303	7854.667	204.125	0	0	1	9	9	10881	9576	10091	9873	9798	9994	0	9422	-2	106	97	122	95	97	113	91	87	-2	174	169	182	175	165	175	-2	162	-2	221	218	228	225	212	224	99	206	-1
1004001000	-2	7891	4011.778	3626.121	57.875	24.817	145.6	11.534	139.5	64.269	4012.111	139.5	0	0	3	9	9	5879	7578	7344	7416	0	7891	0	0	-2	51	52	102	38	47	96	48	29	-2	140	133	165	138	-2	152	-2	-2	-2	182	182	204	185	60	192	58	53	-1
1004001000	-2	7847	4006.889	3620.913	57.875	24.817	145.6	11.534	139.5	64.269	4012.111	139.5	0	0	3	9	9	5879	7578	7344	7416	0	7847	0	0	-2	51	52	102	38	47	96	48	29	-2	140	133	165	138	-2	152	-2	-2	-2	182	182	204	185	60	192	58	53	-1
1003001000	-2	8565	5172.333	3706.279	59.625	22.293	141.5	10.308	152	56.4	5173	152	0	0	2	9	9	6265	7819	7612	8111	0	8181	8565	0	-2	57	53	99	38	47	95	42	46	-2	145	133	156	138	-2	151	126	-2	-2	185	180	196	182	55	191	172	55	-1
1003001000	-2	8565	5172.333	3706.279	59.625	22.293	141.5	10.308	152	56.4	5173	152	0	0	2	9	9	6265	7819	7612	8111	0	8181	8565	0	-2	57	53	99	38	47	95	42	46	-2	145	133	156	138	-2	151	126	-2	-2	185	180	196	182	55	191	172	55	-1
1002001000	-2	7863	5187.778	2875.077	63.75	18.492	138.714	8.843	167.75	38.661	5188.222	167.75	0	0	1	9	9	0	6919	6147	6781	4916	6872	7863	7194	-2	57	55	97	39	62	90	50	60	-2	-2	133	156	136	139	145	126	136	-2	67	179	196	181	183	187	172	177	-1
1002001000	-2	7863	5187.778	2875.077	63.75	18.492	138.714	8.843	167.75	38.661	5188.222	167.75	0	0	1	9	9	0	6919	6147	6781	4916	6872	7863	7194	-2	57	55	97	39	62	90	50	60	-2	-2	133	156	136	139	145	126	136	-2	67	179	196	181	183	187	172	177	-1
1002001000	-2	9613	5460.222	3097.668	63.5	16.217	138.857	7.019	166.625	41.373	5460.667	166.625	0	0	1	9	9	6641	7425	5681	6531	6243	7010	0	9613	-2	57	60	93	43	63	86	49	57	-2	139	133	154	134	138	142	-2	132	-2	180	181	193	179	183	185	58	174	-1
1002001000	-2	9613	5460.222	3097.668	63.5	16.217	138.857	7.019	166.625	41.373	5460.667	166.625	0	0	1	9	9	6641	7425	5681	6531	6243	7010	0	9613	-2	57	60	93	43	63	86	49	57	-2	139	133	154	134	138	142	-2	132	-2	180	181	193	179	183	185	58	174	-1
1002001000	-2	7196	5144.222	2806.319	65.625	16.324	139.714	8.048	168.125	43.048	5144.889	168.125	0	0	1	9	9	6783	6746	5111	6883	6676	6905	7196	0	-2	58	62	97	50	63	87	61	47	-2	141	132	155	138	140	144	128	-2	-2	183	180	194	183	187	187	176	55	-1
1002001000	-2	7196	5144.222	2806.319	65.625	16.324	139.714	8.048	168.125	43.048	5144.889	168.125	0	0	1	9	9	6783	6746	5111	6883	6676	6905	7196	0	-2	58	62	97	50	63	87	61	47	-2	141	132	155	138	140	144	128	-2	-2	183	180	194	183	187	187	176	55	-1
1002001000	-2	9162	5422.222	3075.466	68.25	15.106	143.714	6.649	177.375	30.409	5422.556	177.375	0	0	1	9	9	7132	0	5350	7230	7165	7170	5593	9162	-2	59	67	98	51	64	87	65	55	-2	144	-2	156	146	142	147	134	137	-2	187	98	197	191	191	192	181	182	-1
1002001000	-2	9162	5422.222	3075.466	68.25	15.106	143.714	6.649	177.375	30.409	5422.556	177.375	0	0	1	9	9	7132	0	5350	7230	7165	7170	5593	9162	-2	59	67	98	51	64	87	65	55	-2	144	-2	156	146	142	147	134	137	-2	187	98	197	191	191	192	181	182	-1
1001001000	-2	8682	6351.333	2416.479	70.5	15.851	146.625	6.726	192.625	5.314	6352	192.625	0	0	0	9	9	7430	7510	5761	7402	7516	7277	5586	8682	-2	60	70	98	51	64	95	65	61	-2	145	150	156	149	143	155	136	139	-2	190	197	199	193	193	199	184	186	-1
1001001000	-2	8682	6351.333	2416.479	70.5	15.851	146.625	6.726	192.625	5.314	6352	192.625	0	0	0	9	9	7430	7510	5761	7402	7516	7277	5586	8682	-2	60	70	98	51	64	95	65	61	-2	145	150	156	149	143	155	136	139	-2	190	197	199	193	193	199	184	186	-1
1001001000	-2	8710	6068	2397.836	72.5	14.56	152	6.538	199.5	5.979	6068.333	199.5	0	0	0	9	9	7026	7934	5429	5818	8710	6960	5350	7387	-2	62	71	95	60	65	99	61	67	-2	148	157	158	152	156	160	144	141	-2	195	207	203	198	204	206	193	190	-1
1002001000	-2	8857	5606.778	3197.469	66.625	14.142	150	6.547	184.5	39.154	5608	184.5	0	0	1	9	9	7207	6879	0	6633	8857	7292	4842	8753	-2	60	68	74	51	66	99	53	62	-2	148	153	-2	151	154	161	140	143	-2	195	205	82	198	204	208	192	192	-1
1002001000	-2	8857	5606.778	3197.469	66.625	14.142	150	6.547	184.5	39.154	5608	184.5	0	0	1	9	9	7207	6879	0	6633	8857	7292	4842	8753	-2	60	68	74	51	66	99	53	62	-2	148	153	-2	151	154	161	140	143	-2	195	205	82	198	204	208	192	192	-1
1003001000	-2	8619	5165.667	3718.026	59.875	16.937	146.333	5.055	161.125	58.92	5166.111	161.125	0	0	2	9	9	7877	6034	0	7878	8619	7595	0	8490	-2	59	64	71	48	66	92	32	47	-2	145	144	-2	149	144	156	-2	140	-2	192	197	82	194	195	203	40	186	-1
1001001000	-2	13202	9558	3630.127	14.75	3.897	111.625	9.027	171.25	7.612	9571.222	171.25	0	0	0	9	9	10250	13202	9848	9366	11036	8685	12103	11534	-2	15	13	17	9	22	10	17	15	-2	119	92	117	118	107	121	106	113	-2	176	153	179	172	171	178	170	171	-1
1001001000	-2	13059	9483.889	3585.903	14.75	3.897	111.625	9.027	171.25	7.612	9571.222	171.25	0	0	0	9	9	10250	13059	9848	9366	11036	8686	12103	11009	-2	15	13	17	9	22	10	17	15	-2	119	92	117	118	107	121	106	113	-2	176	153	179	172	171	178	170	171	-1
1001001000	-2	10049	7841.111	2933.606	119.375	7.952	173.625	5.611	210.5	7.399	7841.333	210.5	0	0	0	9	9	6638	8295	8663	9986	9299	10049	9033	8609	-2	118	105	126	124	128	128	114	112	-2	173	172	186	172	173	177	171	165	-2	208	206	227	207	211	216	208	201	-1
1001001000	-2	9836	8085.667	2896.968	118.125	6.972	174.375	4.581	212.625	7.07	8086.333	212.625	0	0	0	9	9	8123	8909	9836	9182	9203	9067	8801	9652	-2	116	114	125	121	127	124	113	105	-2	175	174	184	173	174	177	171	167	-2	214	210	229	209	211	216	208	204	-1
1001001000	-2	13167	10450	3788.572	118.25	6.418	180.125	5.533	229.75	6.398	10450.444	229.75	0	0	0	9	9	11579	10546	13167	11546	12974	12077	10726	11437	-2	112	118	126	121	125	124	112	108	-2	179	178	194	180	177	181	175	177	-2	230	224	245	228	228	233	225	225	-1
1002001000	-2	11656	7730.778	4258.297	93	13.82	165.286	6.562	195.5	40.866	7737.667	195.5	0	0	1	9	9	9283	0	8704	9156	11656	11601	10280	8899	-2	94	73	118	86	91	111	88	83	-2	161	-2	176	166	162	174	160	158	-2	205	89	222	216	207	219	205	201	-1
1002001000	-2	11377	7185.889	3965.698	93	13.82	165.286	6.562	195.5	40.866	7737.667	195.5	0	0	1	9	9	8997	0	8704	7716	11377	8702	10280	8899	-2	94	73	118	86	91	111	88	83	-2	161	-2	176	166	162	174	160	158	-2	205	89	222	216	207	219	205	201	-1
1004001000	-2	9652	4648.111	4190.442	44.75	23.784	128.4	10.892	130.875	57.045	4648.222	130.875	0	0	3	9	9	8060	9652	0	7809	7767	8547	0	0	-2	47	42	71	27	39	92	17	23	-2	128	129	-2	116	121	148	-2	-2	-2	171	175	85	167	167	189	38	55	-1
1004001000	-2	9652	4648.111	4190.442	44.75	23.784	128.4	10.892	130.875	57.045	4648.222	130.875	0	0	3	9	9	8060	9652	0	7809	7767	8547	0	0	-2	47	42	71	27	39	92	17	23	-2	128	129	-2	116	121	148	-2	-2	-2	171	175	85	167	167	189	38	55	-1
1005001000	-2	8145	3186.889	3591.436	46.875	22.212	130	8.337	117	59.747	3187.222	117	0	0	4	9	9	6375	8145	0	6765	0	7399	0	0	-2	50	49	71	33	43	88	15	26	-2	130	127	-2	120	-2	143	-2	-2	-2	174	174	79	171	60	184	38	56	-1
1005001000	-2	8145	3186.889	3591.436	46.875	22.212	130	8.337	117	59.747	3187.222	117	0	0	4	9	9	6375	8145	0	6765	0	7399	0	0	-2	50	49	71	33	43	88	15	26	-2	130	127	-2	120	-2	143	-2	-2	-2	174	174	79	171	60	184	38	56	-1
1004001000	-2	7959	3849	3475.523	53.25	22.078	137.2	10.609	132.125	64.124	3849.333	132.125	0	0	3	9	9	6479	6879	6110	7959	0	7216	0	0	-2	51	51	88	38	45	89	22	42	-2	129	126	154	132	-2	145	-2	-2	-2	173	174	194	178	55	188	39	56	-1
1004001000	-2	7959	3849	3475.523	53.25	22.078	137.2	10.609	132.125	64.124	3849.333	132.125	0	0	3	9	9	6479	6879	6110	7959	0	7216	0	0	-2	51	51	88	38	45	89	22	42	-2	129	126	154	132	-2	145	-2	-2	-2	173	174	194	178	55	188	39	56	-1
1004001000	-2	8180	4032	3631.624	48	20.718	125.8	9.042	128.5	58.506	4032.667	128.5	0	0	3	9	9	6611	8180	0	6722	0	7508	0	7269	-2	51	49	71	37	42	85	13	36	-2	130	124	-2	118	-2	141	-2	116	-2	174	172	80	169	60	183	26	164	-1
1004001000	-2	8180	4032	3631.624	48	20.718	125.8	9.042	128.5	58.506	4032.667	128.5	0	0	3	9	9	6611	8180	0	6722	0	7508	0	7269	-2	51	49	71	37	42	85	13	36	-2	130	124	-2	118	-2	141	-2	116	-2	174	172	80	169	60	183	26	164	-1
1004001000	-2	8138	4119.556	3701.78	48.5	21.708	129.2	8.376	130.25	60.547	4120.111	130.25	0	0	3	9	9	6662	7312	0	8138	0	7487	0	7479	-2	52	52	73	39	38	86	11	37	-2	132	124	-2	131	-2	142	-2	117	-2	176	172	81	178	60	185	23	167	-1
1004001000	-2	8138	4119.556	3701.78	48.5	21.708	129.2	8.376	130.25	60.547	4120.111	130.25	0	0	3	9	9	6662	7312	0	8138	0	7487	0	7479	-2	52	52	73	39	38	86	11	37	-2	132	124	-2	131	-2	142	-2	117	-2	176	172	81	178	60	185	23	167	-1
1005001000	-2	7631	3107.889	3484.302	50.5	21.325	136.25	4.603	118.625	65.992	3108.222	118.625	0	0	4	9	9	7631	6904	0	6777	0	6661	0	0	-2	57	54	73	44	39	85	10	42	-2	135	132	-2	134	-2	144	-2	-2	-2	181	180	81	182	56	189	24	56	-1
1005001000	-2	7631	3107.889	3484.302	50.5	21.325	136.25	4.603	118.625	65.992	3108.222	118.625	0	0	4	9	9	7631	6904	0	6777	0	6661	0	0	-2	57	54	73	44	39	85	10	42	-2	135	132	-2	134	-2	144	-2	-2	-2	181	180	81	182	56	189	24	56	-1
1005001000	-2	7889	2995.889	3402.775	52.25	21.111	139.5	6.423	121.875	68.517	2996.222	121.875	0	0	4	9	9	7889	6620	0	5406	0	7050	0	0	-2	58	56	73	46	46	86	10	43	-2	139	136	-2	133	-2	150	-2	-2	-2	188	187	82	184	56	196	24	58	-1
1005001000	-2	7889	2995.889	3402.775	52.25	21.111	139.5	6.423	121.875	68.517	2996.222	121.875	0	0	4	9	9	7889	6620	0	5406	0	7050	0	0	-2	58	56	73	46	46	86	10	43	-2	139	136	-2	133	-2	150	-2	-2	-2	188	187	82	184	56	196	24	58	-1
1004001000	-2	8817	3650.222	3543.208	49.875	21.098	137.6	6.248	137.625	65.968	3650.667	137.625	0	0	3	9	9	7490	6195	0	3291	0	7061	0	8817	-2	54	53	71	40	45	85	9	42	-2	137	138	-2	133	-2	149	-2	131	-2	187	190	82	184	57	196	25	180	-1
1004001000	-2	8817	3650.222	3543.208	49.875	21.098	137.6	6.248	137.625	65.968	3650.667	137.625	0	0	3	9	9	7490	6195	0	3291	0	7061	0	8817	-2	54	53	71	40	45	85	9	42	-2	137	138	-2	133	-2	149	-2	131	-2	187	190	82	184	57	196	25	180	-1
1004001000	-2	8921	4281.111	3885.398	51	21.296	141	7.071	139.625	67.194	4281.556	139.625	0	0	3	9	9	8403	6451	0	7627	0	7130	0	8921	-2	53	51	72	45	47	88	10	42	-2	137	140	-2	141	-2	154	-2	133	-2	188	192	82	190	57	200	26	182	-1
1004001000	-2	8921	4281.111	3885.398	51	21.296	141	7.071	139.625	67.194	4281.556	139.625	0	0	3	9	9	8403	6451	0	7627	0	7130	0	8921	-2	53	51	72	45	47	88	10	42	-2	137	140	-2	141	-2	154	-2	133	-2	188	192	82	190	57	200	26	182	-1
1001001000	-2	15078	11461.889	4259.587	12.125	3.1	103.875	5.395	187.375	6.224	12289.778	187.375	0	0	0	9	9	11919	14687	12556	13077	11837	10650	15078	13355	-2	12	11	12	8	19	9	13	13	-2	112	94	108	106	100	108	100	103	-2	194	175	194	190	181	191	185	189	-1
1001001000	-2	13331	8974.778	3705.192	18.25	4.63	108	7.632	158.25	7.479	8995.889	158.25	0	0	0	9	9	9662	13331	11015	7738	9401	7058	12570	10000	-2	23	20	20	10	25	13	18	17	-2	113	97	117	109	102	120	101	105	-2	163	146	170	158	155	167	152	155	-1
1001001000	-2	13214	9907.222	3703.436	108.25	8.729	172.875	4.456	218.875	5.183	9923.667	218.875	0	0	0	9	9	11056	11562	9081	10419	12308	13214	11783	9744	-2	105	105	124	103	115	114	107	93	-2	171	177	180	171	169	178	170	167	-2	219	221	228	214	215	224	219	211	-1
1001001000	-2	13214	9907.222	3703.436	108.25	8.729	172.875	4.456	218.875	5.183	9923.667	218.875	0	0	0	9	9	11056	11562	9081	10419	12308	13214	11783	9744	-2	105	105	124	103	115	114	107	93	-2	171	177	180	171	169	178	170	167	-2	219	221	228	214	215	224	219	211	-1
1003001000	-2	10232	6234.889	4436.438	82.875	16.534	158.833	6.914	172.875	53.443	6236.222	172.875	0	0	2	9	9	9548	0	8376	8804	9566	9590	10232	0	-2	79	69	114	70	81	107	72	71	-2	158	-2	170	155	153	166	151	-2	-2	201	84	216	204	195	209	196	78	-1
1003001000	-2	10232	6234.889	4436.438	82.875	16.534	158.833	6.914	172.875	53.443	6236.222	172.875	0	0	2	9	9	9548	0	8376	8804	9566	9590	10232	0	-2	79	69	114	70	81	107	72	71	-2	158	-2	170	155	153	166	151	-2	-2	201	84	216	204	195	209	196	78	-1
1003001000	-2	9461	5332.111	3904.4	36.75	17.275	112.833	6.229	141	36.493	5332.556	141	0	0	2	9	9	7098	8281	0	5985	9437	0	9461	7729	-2	45	39	59	19	35	63	13	21	-2	118	118	-2	104	120	-2	111	106	-2	168	166	85	162	164	72	153	158	-1
1003001000	-2	9461	5332.111	3904.4	36.75	17.275	112.833	6.229	141	36.493	5332.556	141	0	0	2	9	9	7098	8281	0	5985	9437	0	9461	7729	-2	45	39	59	19	35	63	13	21	-2	118	118	-2	104	120	-2	111	106	-2	168	166	85	162	164	72	153	158	-1
1002001000	-2	8466	5896.222	3205.447	39.125	20.515	114.571	10.953	153	28.518	5897	153	0	0	1	9	9	6944	7353	0	6635	8466	8155	8267	7248	-2	46	41	59	21	35	78	12	21	-2	118	116	-2	104	120	136	103	105	-2	167	164	80	162	165	178	152	156	-1
1002001000	-2	8466	5896.222	3205.447	39.125	20.515	114.571	10.953	153	28.518	5897	153	0	0	1	9	9	6944	7353	0	6635	8466	8155	8267	7248	-2	46	41	59	21	35	78	12	21	-2	118	116	-2	104	120	136	103	105	-2	167	164	80	162	165	178	152	156	-1
1003001000	-2	7763	4586.889	3292.951	39.875	20.454	117.333	10.781	138	50.863	4911.222	138	0	0	2	9	9	6247	7550	0	7763	7346	6395	0	5983	-2	46	43	55	27	35	81	11	21	-2	119	121	-2	105	119	136	-2	104	-2	168	167	82	162	165	179	26	155	-1
1004001000	-2	8428	4312.111	3880.254	37.125	21.814	117.6	11.218	121.625	58.185	4315.444	121.625	0	0	3	9	9	7076	8428	0	0	8417	7608	0	7282	-2	45	43	55	19	25	80	8	22	-2	119	118	-2	-2	114	136	-2	101	-2	167	165	82	27	162	178	39	153	-1
1004001000	-2	8428	4312.111	3880.254	37.125	21.814	117.6	11.218	121.625	58.185	4315.444	121.625	0	0	3	9	9	7076	8428	0	0	8417	7608	0	7282	-2	45	43	55	19	25	80	8	22	-2	119	118	-2	-2	114	136	-2	101	-2	167	165	82	27	162	178	39	153	-1
1003001000	-2	8736	5046.556	3638.973	37.375	24.062	116.833	12.402	137.25	53.047	5048.111	137.25	0	0	2	9	9	7350	8736	0	8636	0	7207	7251	6241	-2	46	44	63	27	8	80	8	23	-2	121	123	-2	110	-2	139	104	104	-2	169	169	82	164	19	182	157	156	-1
1003001000	-2	8736	5046.556	3638.973	37.375	24.062	116.833	12.402	137.25	53.047	5048.111	137.25	0	0	2	9	9	7350	8736	0	8636	0	7207	7251	6241	-2	46	44	63	27	8	80	8	23	-2	121	123	-2	110	-2	139	104	104	-2	169	169	82	164	19	182	157	156	-1
1005001000	-2	8128	3488.889	3906.575	37.375	22.045	125.5	8.646	109.625	66.901	3489.222	109.625	0	0	4	9	9	7926	8018	0	8128	0	7330	0	0	-2	46	45	56	29	11	78	8	26	-2	123	125	-2	115	-2	139	-2	-2	-2	173	173	82	168	23	184	40	34	-1
1005001000	-2	8128	3488.889	3906.575	37.375	22.045	125.5	8.646	109.625	66.901	3489.222	109.625	0	0	4	9	9	7926	8018	0	8128	0	7330	0	0	-2	46	45	56	29	11	78	8	26	-2	123	125	-2	115	-2	139	-2	-2	-2	173	173	82	168	23	184	40	34	-1
1004001000	-2	8140	4073.333	3656.904	40.875	22.054	127	10.178	127.25	66.934	4073.778	127.25	0	0	3	9	9	8140	7045	0	7189	0	7006	0	7282	-2	45	49	63	35	16	80	9	30	-2	128	127	-2	120	-2	145	-2	115	-2	177	177	83	173	24	191	25	168	-1
1004001000	-2	8140	4073.333	3656.904	40.875	22.054	127	10.178	127.25	66.934	4073.778	127.25	0	0	3	9	9	8140	7045	0	7189	0	7006	0	7282	-2	45	49	63	35	16	80	9	30	-2	128	127	-2	120	-2	145	-2	115	-2	177	177	83	173	24	191	25	168	-1
1004001000	-2	8566	4172.111	3757.095	38.375	19.773	125.8	10.245	126.875	66.05	4172.889	126.875	0	0	3	9	9	8566	7388	0	7600	0	6890	0	7107	-2	43	45	52	29	18	77	9	34	-2	126	128	-2	120	-2	143	-2	112	-2	176	178	83	173	25	188	26	166	-1
1004001000	-2	8566	4172.111	3757.095	38.375	19.773	125.8	10.245	126.875	66.05	4172.889	126.875	0	0	3	9	9	8566	7388	0	7600	0	6890	0	7107	-2	43	45	52	29	18	77	9	34	-2	126	128	-2	120	-2	143	-2	112	-2	176	178	83	173	25	188	26	166	-1
1004001000	-2	7323	3751.444	3366.737	33.5	19.013	122.6	11.412	121.5	67.847	3751.889	121.5	0	0	3	9	9	6773	6844	0	6196	0	6629	0	7323	-2	34	42	31	27	17	77	9	31	-2	119	125	-2	117	-2	143	-2	109	-2	172	175	55	170	24	187	26	163	-1
1001001000	-2	12456	9629.556	3532.52	10.75	3.152	78.375	6.873	136.625	8.23	9630.333	136.625	0	0	0	9	9	12456	10364	9742	10297	9856	11944	10178	11831	-2	11	9	11	7	18	8	12	10	-2	88	74	86	71	76	87	71	74	-2	143	127	148	134	133	149	128	131	-1
1001001000	-2	12456	9629.556	3532.52	10.75	3.152	78.375	6.873	136.625	8.23	9630.333	136.625	0	0	0	9	9	12456	10364	9742	10297	9856	11944	10178	11831	-2	11	9	11	7	18	8	12	10	-2	88	74	86	71	76	87	71	74	-2	143	127	148	134	133	149	128	131	-1
1002001000	-2	9777	5954.778	3507.5	67.875	22.464	143.143	7.882	167.875	43.036	6000.111	167.875	0	0	1	9	9	9149	8504	9777	7321	4289	6872	7683	0	-2	76	53	102	57	61	98	67	29	-2	143	140	159	140	138	149	133	-2	-2	186	186	198	180	172	191	174	56	-1
1003001000	-2	10066	6000	4308.844	49.75	16.177	133.667	6.574	152.875	47.58	6000.222	152.875	0	0	2	9	9	9744	9044	0	10066	7267	8518	9363	0	-2	52	46	73	39	44	76	44	24	-2	131	129	-2	132	136	147	127	-2	-2	178	177	87	182	177	192	173	57	-1
1003001000	-2	8523	4976.889	3625.951	31.625	12.549	106	6.758	136.125	38.657	4977.111	136.125	0	0	2	9	9	7785	7821	0	5161	8523	0	7835	7669	-2	43	38	47	18	29	45	13	20	-2	111	112	-2	104	114	-2	98	97	-2	163	161	86	161	162	56	148	152	-1
1003001000	-2	8292	4791.778	3492.874	31.625	12.549	106	6.758	136.125	38.657	4977.111	136.125	0	0	2	9	9	7607	7238	0	5040	8292	0	7107	7844	-2	43	38	47	18	29	45	13	20	-2	111	112	-2	104	114	-2	98	97	-2	163	161	86	161	162	56	148	152	-1
1004001000	-2	7884	3779.778	3455.507	28.375	11.968	100.6	6.829	114	50.062	3780.333	114	0	0	3	9	9	7150	6696	0	0	5048	0	7884	7242	-2	42	35	42	18	27	38	9	16	-2	107	108	-2	-2	103	-2	92	93	-2	157	156	86	27	153	45	143	145	-1
1004001000	-2	7884	3779.778	3455.507	28.375	11.968	100.6	6.829	114	50.062	3780.333	114	0	0	3	9	9	7150	6696	0	0	5048	0	7884	7242	-2	42	35	42	18	27	38	9	16	-2	107	108	-2	-2	103	-2	92	93	-2	157	156	86	27	153	45	143	145	-1
1003001000	-2	7627	4194	3047.746	26.5	12.845	102.667	12.134	122.75	50.904	4194.333	122.75	0	0	2	9	9	7627	5829	5676	0	5061	0	6608	6947	-2	41	37	41	17	17	37	8	14	-2	106	105	126	-2	98	-2	89	92	-2	154	153	169	27	150	45	141	143	-1
1003001000	-2	7468	3918.667	2856.253	26.5	12.845	102.667	12.134	122.75	50.904	4194.333	122.75	0	0	2	9	9	7468	5540	5612	0	4753	0	5555	6342	-2	41	37	41	17	17	37	8	14	-2	106	105	126	-2	98	-2	89	92	-2	154	153	169	27	150	45	141	143	-1
1004001000	-2	8381	3629.222	3325.716	24.875	13.642	103.6	12.435	107.125	59.223	3901.333	107.125	0	0	3	9	9	8381	6263	6113	0	0	0	5536	6372	-2	39	35	41	17	7	37	7	16	-2	108	102	125	-2	-2	-2	91	92	-2	156	150	169	27	23	45	144	143	-1
1004001000	-2	8820	3901	3557.124	24.875	13.642	103.6	12.435	107.125	59.223	3901.333	107.125	0	0	3	9	9	8820	6747	6205	0	0	0	6500	6839	-2	39	35	41	17	7	37	7	16	-2	108	102	125	-2	-2	-2	91	92	-2	156	150	169	27	23	45	144	143	-1
1004001000	-2	9743	4218.222	3859.148	24.75	12.527	97.4	6.499	113.25	49.643	4218.667	113.25	0	0	3	9	9	9743	7028	0	7141	0	0	7259	6795	-2	35	36	38	18	7	37	7	20	-2	108	102	-2	92	-2	-2	93	92	-2	156	151	83	152	27	46	147	144	-1
1004001000	-2	9743	4218.222	3859.148	24.75	12.527	97.4	6.499	113.25	49.643	4218.667	113.25	0	0	3	9	9	9743	7028	0	7141	0	0	7259	6795	-2	35	36	38	18	7	37	7	20	-2	108	102	-2	92	-2	-2	93	92	-2	156	151	83	152	27	46	147	144	-1
1005001000	-2	9656	3581.667	4071.989	23.875	11.185	100.5	6.265	98.625	58.135	3581.778	98.625	0	0	4	9	9	9656	6764	0	8459	0	0	0	7358	-2	33	37	37	18	8	29	8	21	-2	109	104	-2	94	-2	-2	-2	95	-2	161	153	83	155	28	36	25	148	-1
1005001000	-2	9656	3581.667	4071.989	23.875	11.185	100.5	6.265	98.625	58.135	3581.778	98.625	0	0	4	9	9	9656	6764	0	8459	0	0	0	7358	-2	33	37	37	18	8	29	8	21	-2	109	104	-2	94	-2	-2	-2	95	-2	161	153	83	155	28	36	25	148	-1
1005001000	-2	8727	3609.556	4057.054	23.75	10.744	101.5	5.895	100.875	57.779	3623.889	100.875	0	0	4	9	9	8727	7285	0	8705	0	0	0	7771	-2	24	39	31	19	10	37	8	22	-2	104	110	-2	96	-2	-2	-2	96	-2	160	157	83	157	28	46	25	151	-1
1005001000	-2	8852	3623.444	4074.725	23.75	10.744	101.5	5.895	100.875	57.779	3623.889	100.875	0	0	4	9	9	8852	7285	0	8705	0	0	0	7771	-2	24	39	31	19	10	37	8	22	-2	104	110	-2	96	-2	-2	-2	96	-2	160	157	83	157	28	46	25	151	-1
1004001000	-2	8266	3483.222	3750.649	20.625	8.703	99	4.561	115.375	51.456	3482	115.375	0	0	3	9	9	8266	6082	0	8110	899	0	0	7994	-2	18	36	24	20	9	28	8	22	-2	97	107	-2	95	101	-2	-2	95	-2	154	155	83	155	155	46	26	149	-1
1001001000	-2	10980	8146.444	3122.665	17.125	5.158	94.75	10.721	140.5	8.016	8165.667	140.5	0	0	0	9	9	10469	9341	10053	8846	8533	8422	6676	10980	-2	22	17	22	10	25	12	17	12	-2	102	87	109	90	89	112	89	80	-2	145	133	152	136	138	153	137	130	-1
1002001000	-2	10417	7520.111	4067.695	43.5	12.952	129.286	7.065	161.375	39.639	7739.111	161.375	0	0	1	9	9	9689	8989	10280	10417	8311	9993	10004	0	-2	50	42	66	40	39	57	31	23	-2	126	129	143	125	125	136	121	-2	-2	174	176	188	176	167	184	168	58	-1
1002001000	-2	8472	5680.556	3138.703	23.625	10.049	98.714	12.758	135.375	38.675	5872	135.375	0	0	1	9	9	8472	7642	5982	6141	8147	0	7795	6948	-2	38	32	36	16	20	24	9	14	-2	103	107	124	91	94	-2	88	84	-2	154	155	168	149	145	36	139	137	-1
1002001000	-2	8655	5871.111	3265.726	23.625	10.049	98.714	12.758	135.375	38.675	5872	135.375	0	0	1	9	9	8531	8142	6093	6159	8228	0	8655	7034	-2	38	32	36	16	20	24	9	14	-2	103	107	124	91	94	-2	88	84	-2	154	155	168	149	145	36	139	137	-1
1003001000	-2	7399	4505.778	3211.179	19.5	8.846	88	8.083	117	41.644	4506.556	117	0	0	2	9	9	7399	6972	0	7122	6146	0	6828	6087	-2	32	31	24	15	11	24	8	11	-2	95	100	-2	85	91	-2	78	79	-2	147	148	36	142	142	56	133	132	-1
1003001000	-2	7399	4505.778	3211.179	19.5	8.846	88	8.083	117	41.644	4506.556	117	0	0	2	9	9	7399	6972	0	7122	6146	0	6828	6087	-2	32	31	24	15	11	24	8	11	-2	95	100	-2	85	91	-2	78	79	-2	147	148	36	142	142	56	133	132	-1
1002001000	-2	8049	5036.111	2827.306	17.125	7.079	86.143	11.012	127.75	28.239	5037.444	127.75	0	0	1	9	9	8049	7024	6784	6154	4562	0	6524	6230	-2	23	27	22	15	9	23	7	11	-2	91	89	109	78	85	-2	76	75	-2	141	140	155	135	138	56	130	127	-1
1002001000	-2	7832	4755.778	2687.151	17.125	7.079	86.143	11.012	127.75	28.239	5037.444	127.75	0	0	1	9	9	7832	6793	6413	5960	4459	0	5399	5948	-2	23	27	22	15	9	23	7	11	-2	91	89	109	78	85	-2	76	75	-2	141	140	155	135	138	56	130	127	-1
1002001000	-2	9004	5025.444	3180.03	16.875	7.557	87.143	11.038	128.625	28.587	5026.222	128.625	0	0	1	9	9	9004	7880	6842	7301	2469	0	6060	5675	-2	22	28	22	15	6	23	7	12	-2	92	91	110	80	84	-2	78	75	-2	143	141	156	137	137	56	132	127	-1
1002001000	-2	9004	5025.444	3180.03	16.875	7.557	87.143	11.038	128.625	28.587	5026.222	128.625	0	0	1	9	9	9004	7880	6842	7301	2469	0	6060	5675	-2	22	28	22	15	6	23	7	12	-2	92	91	110	80	84	-2	78	75	-2	143	141	156	137	137	56	132	127	-1
1002001000	-2	8349	4957.778	3233.502	16.625	7.21	92	12.851	128.625	40.068	4958.444	128.625	0	0	1	9	9	8349	7718	6075	8321	1775	6373	0	6011	-2	20	27	22	16	6	23	7	12	-2	89	89	112	80	84	111	-2	79	-2	141	141	158	138	138	156	25	132	-1
1002001000	-2	8591	4920	3249.004	15.625	6.594	86.714	9.238	128.875	31.951	4920.333	128.875	0	0	1	9	9	8591	7540	5890	7660	1427	0	6478	6696	-2	16	27	17	16	7	23	7	12	-2	88	88	107	82	86	-2	76	80	-2	143	141	155	139	140	46	133	134	-1
1002001000	-2	8591	4920	3249.004	15.625	6.594	86.714	9.238	128.875	31.951	4920.333	128.875	0	0	1	9	9	8591	7540	5890	7660	1427	0	6478	6696	-2	16	27	17	16	7	23	7	12	-2	88	88	107	82	86	-2	76	80	-2	143	141	155	139	140	46	133	134	-1
1002001000	-2	8567	4979	3351.297	16.375	6.945	88.571	9.752	130.5	32.585	4979.889	130.5	0	0	1	9	9	8092	7139	6332	8567	1049	0	6487	7147	-2	15	28	20	17	8	24	7	12	-2	88	89	111	85	86	-2	78	83	-2	144	142	158	141	141	46	135	137	-1
1002001000	-2	8567	4979	3351.297	16.375	6.945	88.571	9.752	130.5	32.585	4979.889	130.5	0	0	1	9	9	8092	7139	6332	8567	1049	0	6487	7147	-2	15	28	20	17	8	24	7	12	-2	88	89	111	85	86	-2	78	83	-2	144	142	158	141	141	46	135	137	-1
1001001000	-2	10357	7949.111	2880.281	19.25	4.465	100.625	9.353	146.125	6.882	8082.778	146.125	0	0	0	9	9	8645	8489	10357	8124	8331	9211	9241	9146	-2	22	19	28	15	23	16	17	14	-2	103	97	115	97	91	115	99	88	-2	146	146	157	142	140	155	148	135	-1
1001001000	-2	9997	7172.889	2662.762	29.25	8.422	110.625	8.587	160.875	5.946	7523	160.875	0	0	0	9	9	7836	7423	7695	7258	8658	8328	7363	9997	-2	35	36	41	35	28	24	15	20	-2	109	117	124	104	113	119	100	99	-2	161	165	169	162	159	167	152	152	-1
1001001000	-2	8242	6382	2348.212	15.375	4.82	87.125	10.517	137.75	8.058	6622.778	137.75	0	0	0	9	9	7461	7056	7685	5917	7479	6396	7204	8242	-2	20	19	20	15	11	20	7	11	-2	89	93	102	76	84	102	76	75	-2	140	144	149	133	135	147	128	126	-1
1001001000	-2	8212	6361.667	2336.734	15.375	4.82	87.125	10.517	137.75	8.058	6622.778	137.75	0	0	0	9	9	7463	6963	7576	5876	7409	6488	7270	8212	-2	20	19	20	15	11	20	7	11	-2	89	93	102	76	84	102	76	75	-2	140	144	149	133	135	147	128	126	-1
1001001000	-2	7829	5859.667	2226.476	12.75	3.631	80.25	9.404	130.875	7.881	5902.556	130.875	0	0	0	9	9	7829	5854	7787	5643	5438	6408	6806	6974	-2	16	17	15	13	9	16	7	9	-2	81	82	97	74	72	93	72	71	-2	132	135	145	126	126	139	124	120	-1
1001001000	-2	12422	9922.778	3631.905	7.5	1.225	59.625	4.091	120.5	6.874	10413.556	120.5	0	0	0	9	9	11910	11577	12339	9995	9724	12422	11047	10293	-2	8	7	8	6	10	6	8	7	-2	64	58	66	55	57	63	60	54	-2	127	116	131	114	117	129	118	112	-1
1001001000	-2	10331	7558.667	2925.769	7.625	1.317	60.125	4.91	109.875	6.809	7941.889	109.875	0	0	0	9	9	9544	8071	10331	8677	6572	9870	7935	7030	-2	8	7	9	6	10	6	8	7	-2	66	58	66	56	56	66	60	53	-2	114	108	117	106	102	121	111	100	-1
1001001000	-2	10717	8578.444	3090.844	8.5	1.225	65.875	4.781	119	5.701	8981.556	119	0	0	0	9	9	9603	8978	10717	9926	10211	9943	8874	8956	-2	8	8	10	7	11	8	8	8	-2	71	62	73	63	63	71	65	59	-2	120	119	125	115	114	129	120	110	-1
1001001000	-2	11179	8729.667	3191.176	20.875	3.257	107.5	7.106	160.5	5.852	9015.111	160.5	0	0	0	9	9	8854	9365	10274	10325	8779	10714	11179	9079	-2	22	24	25	19	24	20	18	15	-2	108	112	116	106	98	115	110	95	-2	159	163	166	158	156	165	168	149	-1
1001001000	-2	10681	7995.333	2964.377	23.125	8.054	105.625	7.615	158.75	5.847	8319.222	158.75	0	0	0	9	9	9445	8885	7663	7569	9115	9115	9487	10681	-2	23	34	24	37	14	21	13	19	-2	103	118	116	101	107	107	95	98	-2	156	169	165	163	156	157	153	151	-1
1001001000	-2	11009	8213.556	3082.496	23.125	8.054	105.625	7.615	158.75	5.847	8319.222	158.75	0	0	0	9	9	9570	7761	7588	11009	9132	9289	9149	10426	-2	23	34	24	37	14	21	13	19	-2	103	118	116	101	107	107	95	98	-2	156	169	165	163	156	157	153	151	-1
1001001000	-2	8857	6517.222	2534.496	11.625	3.16	76	6.083	127.25	7.479	6517.667	127.25	0	0	0	9	9	7897	5532	8857	6410	6177	7719	7400	8665	-2	11	15	14	14	9	15	6	9	-2	79	83	85	74	72	79	68	68	-2	128	137	138	127	126	129	117	116	-1
