1001001000	-2	13667	11197.444	4010.812	17.625	4.121	75.125	4.512	132.125	7.881	12423.333	132.125	0	0	0	9	9	12835	12396	12232	13667	11157	12644	12990	12858	-2	15	13	12	17	22	19	18	25	-2	71	74	68	75	79	84	75	75	-2	131	130	117	145	133	141	132	128	-1
1001001000	-2	14249	11434.556	4155.695	19	4.123	73.625	4.662	128.75	7.677	12871.333	128.75	0	0	0	9	9	13313	12674	10432	14249	13214	13069	12877	13085	-2	19	13	14	17	24	22	18	25	-2	72	69	67	72	80	81	76	72	-2	129	124	115	138	133	138	132	121	-1
1001001000	-2	12271	9866.556	3606.873	12.75	4.684	66	2.398	109.25	5.607	9933.333	109.25	0	0	0	9	9	12212	11599	9517	12271	9893	10873	11777	10659	-2	21	10	8	11	16	18	7	11	-2	67	63	64	64	68	70	68	64	-2	109	107	102	112	110	119	114	101	-1
1001001000	-2	12271	9866.556	3606.873	12.75	4.684	66	2.398	109.25	5.607	9933.333	109.25	0	0	0	9	9	12212	11599	9517	12271	9893	10873	11777	10659	-2	21	10	8	11	16	18	7	11	-2	67	63	64	64	68	70	68	64	-2	109	107	102	112	110	119	114	101	-1
1001001000	-2	11861	9713.667	3558.537	12.5	4.416	66.125	2.522	109.5	4.093	9794	109.5	0	0	0	9	9	11567	11482	9171	11650	9384	10938	11372	11861	-2	20	10	8	12	15	18	7	10	-2	66	64	66	63	69	70	68	63	-2	108	107	106	112	111	117	112	103	-1
1001001000	-2	11663	9693.889	3546.67	12.5	4.416	66.125	2.522	109.5	4.093	9794	109.5	0	0	0	9	9	11636	11482	9171	11663	9384	10938	11420	11553	-2	20	10	8	12	15	18	7	10	-2	66	64	66	63	69	70	68	63	-2	108	107	106	112	111	117	112	103	-1
1001001000	-2	11645	9312.222	3461.959	12.625	4.581	65	3.674	106.625	5.195	9332.556	106.625	0	0	0	9	9	11162	11645	9880	10181	7874	11484	10777	10809	-2	21	10	8	12	15	18	8	9	-2	66	65	64	60	67	70	69	59	-2	108	107	102	106	106	115	112	97	-1
1001001000	-2	11645	9312.222	3461.959	12.625	4.581	65	3.674	106.625	5.195	9332.556	106.625	0	0	0	9	9	11162	11645	9880	10181	7874	11484	10777	10809	-2	21	10	8	12	15	18	8	9	-2	66	65	64	60	67	70	69	59	-2	108	107	102	106	106	115	112	97	-1
1001001000	-2	11355	8943.111	3302.148	12.25	4.493	64.625	4.211	106.375	5.023	8943.667	106.375	0	0	0	9	9	10644	11007	8465	9410	8688	11355	10595	10326	-2	21	10	8	12	14	17	8	8	-2	66	65	63	61	68	69	69	56	-2	107	108	101	108	108	113	110	96	-1
1001001000	-2	11302	8826.111	3245.542	12.25	4.493	64.625	4.211	106.375	5.023	8943.667	106.375	0	0	0	9	9	10438	10898	8342	9299	8908	11302	10182	10068	-2	21	10	8	12	14	17	8	8	-2	66	65	63	61	68	69	69	56	-2	107	108	101	108	108	113	110	96	-1
1001001000	-2	11970	9043.222	3410.968	12	4.555	65	4.272	107.25	6.553	9047.222	107.25	0	0	0	9	9	10061	11970	9516	10718	7608	11593	10048	9877	-2	22	10	8	11	14	15	8	8	-2	67	67	64	63	66	69	69	55	-2	110	113	102	111	105	114	110	93	-1
1001001000	-2	13873	11699.556	4183.885	18.5	3.808	87	3.428	181.125	11.005	13208.778	181.125	0	0	0	9	9	12333	13111	13827	13833	13873	12456	12296	13569	-2	18	14	14	16	22	22	17	25	-2	85	86	82	83	91	91	91	87	-2	199	170	176	189	192	174	184	165	-1
1001001000	-2	14219	12065.111	4295.922	19.625	4.357	76.75	4.294	134	6.144	13615.889	134	0	0	0	9	9	13604	12905	13478	14219	14161	13307	12764	14150	-2	20	13	17	16	25	23	17	26	-2	78	70	81	72	83	79	78	73	-2	137	125	141	139	140	133	133	124	-1
1001001000	-2	13974	11893.333	4221.021	20.875	4.226	77.875	4.428	135.625	9.873	13249.556	135.625	0	0	0	9	9	13802	13199	13006	13974	13235	13101	13789	12936	-2	24	14	18	16	26	24	20	25	-2	81	72	79	75	82	79	84	71	-2	146	126	132	136	134	140	152	119	-1
1001001000	-2	14020	11671.333	4169.478	20.875	3.919	78.125	3.951	136.25	10.883	12647.778	136.25	0	0	0	9	9	13582	12920	11857	14020	13153	13249	13624	12639	-2	25	14	22	15	25	21	23	22	-2	80	73	80	76	82	78	84	72	-2	146	128	128	138	134	144	154	118	-1
1001001000	-2	14020	11671.333	4169.478	20.875	3.919	78.125	3.951	136.25	10.883	12647.778	136.25	0	0	0	9	9	13582	12920	11857	14020	13153	13249	13624	12639	-2	25	14	22	15	25	21	23	22	-2	80	73	80	76	82	78	84	72	-2	146	128	128	138	134	144	154	118	-1
1001001000	-2	13391	11013.444	3939.146	16	4.123	76	3.317	135.375	8.943	11451.556	135.375	0	0	0	9	9	13391	12865	12156	12281	12387	11046	12398	12599	-2	24	12	11	14	20	17	13	17	-2	76	74	75	73	82	78	79	71	-2	138	135	124	139	140	144	145	118	-1
1001001000	-2	11462	9569	3428.378	12.25	4.38	65.875	2.759	110.375	5.566	9599.222	110.375	0	0	0	9	9	11462	11423	11078	10110	9641	10757	10746	10906	-2	21	11	7	11	16	14	7	11	-2	67	65	65	63	68	68	70	61	-2	110	111	105	113	112	115	118	99	-1
1001001000	-2	11462	9569	3428.378	12.25	4.38	65.875	2.759	110.375	5.566	9599.222	110.375	0	0	0	9	9	11462	11423	11078	10110	9641	10757	10746	10906	-2	21	11	7	11	16	14	7	11	-2	67	65	65	63	68	68	70	61	-2	110	111	105	113	112	115	118	99	-1
1001001000	-2	10976	8678.444	3196.398	11.875	4.136	62.875	3.48	103.875	5.578	8679.333	103.875	0	0	0	9	9	10559	10976	9867	10087	8087	10374	9729	8429	-2	20	10	8	11	15	15	7	9	-2	64	64	63	60	66	65	66	55	-2	105	105	100	105	107	110	108	91	-1
1001001000	-2	10845	8663.889	3186.185	11.875	4.136	62.875	3.48	103.875	5.578	8679.333	103.875	0	0	0	9	9	10559	10845	9867	10087	8087	10374	9729	8429	-2	20	10	8	11	15	15	7	9	-2	64	64	63	60	66	65	66	55	-2	105	105	100	105	107	110	108	91	-1
1001001000	-2	10731	7888.667	2990.712	11.625	4.121	63	4	103.625	6.143	7894.444	103.625	0	0	0	9	9	9660	10731	8323	9132	6808	9524	9081	7741	-2	20	9	8	11	14	15	7	9	-2	64	64	63	60	65	67	67	54	-2	104	108	99	104	105	111	108	90	-1
1001001000	-2	10778	7893.889	2995.708	11.625	4.121	63	4	103.625	6.143	7894.444	103.625	0	0	0	9	9	9660	10778	8323	9132	6808	9524	9081	7741	-2	20	9	8	11	14	15	7	9	-2	64	64	63	60	65	67	67	54	-2	104	108	99	104	105	111	108	90	-1
1001001000	-2	11570	8169.333	3121.651	11.5	4.213	61.875	4.196	102	6.062	8172.333	102	0	0	0	9	9	9769	11570	8802	8691	6881	9874	9350	8589	-2	20	9	8	11	14	15	7	8	-2	64	65	62	59	60	65	67	53	-2	104	110	98	102	98	107	107	90	-1
1001001000	-2	11565	8168.778	3121.046	11.5	4.213	61.875	4.196	102	6.062	8172.333	102	0	0	0	9	9	9769	11565	8802	8691	6881	9874	9350	8589	-2	20	9	8	11	14	15	7	8	-2	64	65	62	59	60	65	67	53	-2	104	110	98	102	98	107	107	90	-1
1001001000	-2	11663	8660.444	3248.947	11.875	4.4	63.375	4.328	104.625	6.04	8674.889	104.625	0	0	0	9	9	10217	11663	9470	8308	8507	10696	10548	8537	-2	21	10	8	10	15	15	8	8	-2	65	66	63	59	67	66	67	54	-2	108	113	100	102	108	107	107	92	-1
1001001000	-2	11767	8674.333	3261.121	11.875	4.4	63.375	4.328	104.625	6.04	8674.889	104.625	0	0	0	9	9	10217	11767	9470	8308	8507	10696	10569	8537	-2	21	10	8	10	15	15	8	8	-2	65	66	63	59	67	66	67	54	-2	108	113	100	102	108	107	107	92	-1
1001001000	-2	11612	9224.111	3313.588	12.375	4.241	66.25	4.206	112.5	6.481	9277.333	112.5	0	0	0	9	9	10413	10566	9418	10649	10235	11612	10440	9686	-2	21	10	8	11	16	15	9	9	-2	67	69	64	64	71	69	69	57	-2	114	121	108	112	116	115	116	98	-1
1001001000	-2	12053	9273.111	3351.58	12.375	4.241	66.25	4.206	112.5	6.481	9277.333	112.5	0	0	0	9	9	10413	10566	9418	10649	10235	12053	10440	9686	-2	21	10	8	11	16	15	9	9	-2	67	69	64	64	71	69	69	57	-2	114	121	108	112	116	115	116	98	-1
1001001000	-2	12036	9267.333	3392.728	14.375	4.241	69.625	5.29	120.5	9.192	9316	120.5	0	0	0	9	9	10555	9587	9590	9670	11728	12036	10606	9636	-2	20	11	9	13	17	16	20	9	-2	68	76	65	69	73	72	75	59	-2	122	134	113	118	124	122	129	102	-1
1001001000	-2	12057	9590.556	3526.651	15.125	3.855	71.625	5.43	129	13.248	9591.333	129	0	0	0	9	9	11555	11134	9695	9846	12049	12057	10750	9231	-2	19	13	11	14	18	16	21	9	-2	70	80	70	71	74	72	76	60	-2	134	155	119	124	132	127	135	106	-1
1001001000	-2	12049	9581.778	3520.595	15.125	3.855	71.625	5.43	129	13.248	9591.333	129	0	0	0	9	9	11555	11134	9695	9846	12049	11978	10750	9231	-2	19	13	11	14	18	16	21	9	-2	70	80	70	71	74	72	76	60	-2	134	155	119	124	132	127	135	106	-1
1001001000	-2	10736	8475.444	3232.072	18.875	3.689	79.5	7.036	151.25	15.433	8476.333	151.25	0	0	0	9	9	10603	6453	9941	10277	9637	9680	8954	10736	-2	14	22	20	19	20	18	25	13	-2	75	95	79	72	83	76	83	73	-2	152	182	146	133	148	151	166	132	-1
1001001000	-2	10755	8493.667	3222.534	19.875	4.014	81.25	7.529	154.875	17.892	8494	154.875	0	0	0	9	9	10755	6650	9877	10601	9519	9075	9442	10526	-2	14	22	20	20	22	20	27	14	-2	75	95	79	73	84	78	91	75	-2	153	188	146	137	148	156	178	133	-1
1001001000	-2	11649	8736.111	3189.872	19.75	4.116	80.875	8.1	151.125	18.381	8736.889	151.125	0	0	0	9	9	11649	8511	9281	9552	9587	9776	10173	10098	-2	14	20	19	21	19	20	29	16	-2	74	93	80	71	83	78	94	74	-2	142	184	144	134	146	151	178	130	-1
1001001000	-2	11649	8736.111	3189.872	19.75	4.116	80.875	8.1	151.125	18.381	8736.889	151.125	0	0	0	9	9	11649	8511	9281	9552	9587	9776	10173	10098	-2	14	20	19	21	19	20	29	16	-2	74	93	80	71	83	78	94	74	-2	142	184	144	134	146	151	178	130	-1
1001001000	-2	14584	12032.778	4323.846	18.375	3.533	84.25	2.947	171.75	14.948	14533.444	171.75	0	0	0	9	9	13315	13196	14395	14584	14516	13111	12149	13031	-2	19	13	19	15	18	23	16	24	-2	83	83	87	82	85	89	86	79	-2	197	162	191	176	172	161	166	149	-1
1001001000	-2	14456	11858.444	4232.067	21.75	4.918	78.125	4.196	135	7.746	13373.333	135	0	0	0	9	9	13344	13394	13526	14456	12836	13142	12256	13774	-2	23	14	27	16	25	27	17	25	-2	79	73	81	74	83	83	80	72	-2	145	127	140	137	134	144	132	121	-1
1001001000	-2	13729	11460.444	4089.378	20.75	3.897	76.5	4.61	127.125	6.698	12297.111	127.125	0	0	0	9	9	13077	13729	12559	13343	12226	12338	12269	13605	-2	23	14	22	16	24	24	18	25	-2	79	69	80	71	80	80	81	72	-2	132	117	133	123	126	135	133	118	-1
1001001000	-2	13704	11395	4057.959	20.75	3.897	76.5	4.61	127.125	6.698	12297.111	127.125	0	0	0	9	9	12895	13704	12461	13274	12226	12302	12441	13254	-2	23	14	22	16	24	24	18	25	-2	79	69	80	71	80	80	81	72	-2	132	117	133	123	126	135	133	118	-1
1001001000	-2	13535	11446.333	4094.621	21	3.571	81.875	4.54	151.625	16.889	12583.778	151.625	0	0	0	9	9	12696	13127	13535	13530	13388	11417	12722	12604	-2	26	15	25	17	21	22	23	19	-2	83	79	86	82	77	87	87	74	-2	161	146	145	146	136	184	167	128	-1
1001001000	-2	11261	9241	3335.863	12	4.33	66.75	3.072	113.125	5.689	9977.444	113.125	0	0	0	9	9	11237	9341	10440	10971	10043	11261	9393	10485	-2	21	11	7	11	16	12	7	11	-2	71	67	66	64	70	66	69	61	-2	119	116	107	115	115	114	118	101	-1
1001001000	-2	11261	9241	3335.863	12	4.33	66.75	3.072	113.125	5.689	9977.444	113.125	0	0	0	9	9	11237	9341	10440	10971	10043	11261	9393	10485	-2	21	11	7	11	16	12	7	11	-2	71	67	66	64	70	66	69	61	-2	119	116	107	115	115	114	118	101	-1
1001001000	-2	10314	8079.444	3024.773	11.25	3.767	62.625	3.352	104.125	6.133	8517.667	104.125	0	0	0	9	9	9734	9440	9107	10314	8607	10018	8783	6714	-2	19	10	7	11	14	13	7	9	-2	65	65	63	60	66	63	64	55	-2	107	109	101	106	108	107	106	89	-1
1001001000	-2	11066	8517.111	3172.453	11.25	3.767	62.625	3.352	104.125	6.133	8517.667	104.125	0	0	0	9	9	11066	10102	9541	10017	9544	9900	9379	7107	-2	19	10	7	11	14	13	7	9	-2	65	65	63	60	66	63	64	55	-2	107	109	101	106	108	107	106	89	-1
1001001000	-2	10375	7501	2940.712	11	3.571	60.625	3.314	100.75	5.629	7501.667	100.75	0	0	0	9	9	10375	9781	8150	8828	6666	8523	9032	6156	-2	18	9	7	11	14	13	7	9	-2	63	62	61	59	61	61	65	53	-2	103	105	99	101	101	104	106	87	-1
1001001000	-2	10375	7501	2940.712	11	3.571	60.625	3.314	100.75	5.629	7501.667	100.75	0	0	0	9	9	10375	9781	8150	8828	6666	8523	9032	6156	-2	18	9	7	11	14	13	7	9	-2	63	62	61	59	61	61	65	53	-2	103	105	99	101	101	104	106	87	-1
1001001000	-2	10985	7625.556	3129.654	9.875	2.571	59.625	3.462	98.625	6.019	7626.333	98.625	0	0	0	9	9	10240	10985	7801	8890	7909	7810	9743	5254	-2	14	8	7	11	13	11	7	8	-2	63	62	59	59	59	59	64	52	-2	102	105	97	100	99	99	103	84	-1
1001001000	-2	10985	7625.556	3129.654	9.875	2.571	59.625	3.462	98.625	6.019	7626.333	98.625	0	0	0	9	9	10240	10985	7801	8890	7909	7810	9743	5254	-2	14	8	7	11	13	11	7	8	-2	63	62	59	59	59	59	64	52	-2	102	105	97	100	99	99	103	84	-1
1001001000	-2	10479	7619.556	2975.808	9.875	2.713	59.75	2.947	98.75	4.994	7620.111	98.75	0	0	0	9	9	10479	10460	8096	8516	7722	7977	9112	6216	-2	14	8	7	10	14	11	7	8	-2	63	61	59	59	60	60	63	53	-2	102	105	97	100	100	98	101	87	-1
1001001000	-2	10479	7619.556	2975.808	9.875	2.713	59.75	2.947	98.75	4.994	7620.111	98.75	0	0	0	9	9	10479	10460	8096	8516	7722	7977	9112	6216	-2	14	8	7	10	14	11	7	8	-2	63	61	59	59	60	60	63	53	-2	102	105	97	100	100	98	101	87	-1
1001001000	-2	11316	8176.667	3084.154	10.125	2.571	61.125	3.48	101.875	6.009	8250.778	101.875	0	0	0	9	9	10275	11316	9536	8572	7860	8602	9608	7823	-2	13	9	7	11	14	12	7	8	-2	63	65	59	59	63	61	65	54	-2	104	112	98	101	106	100	104	90	-1
1001001000	-2	11316	8176.667	3084.154	10.125	2.571	61.125	3.48	101.875	6.009	8250.778	101.875	0	0	0	9	9	10275	11316	9536	8572	7860	8602	9608	7823	-2	13	9	7	11	14	12	7	8	-2	63	65	59	59	63	61	65	54	-2	104	112	98	101	106	100	104	90	-1
1001001000	-2	11322	8700.556	3168.376	10.75	2.487	63.75	3.929	107.5	6.185	8826	107.5	0	0	0	9	9	9961	10555	9385	8908	8734	11322	9478	9964	-2	12	10	8	12	15	13	8	8	-2	64	67	62	62	68	65	67	55	-2	108	117	105	107	112	107	110	94	-1
1001001000	-2	11614	9010.111	3278.199	11.75	2.278	66.625	3.871	115.5	6.764	9010.778	115.5	0	0	0	9	9	10447	10289	9410	8807	10059	11614	10836	9631	-2	13	11	8	13	15	14	11	9	-2	66	69	64	68	71	67	70	58	-2	115	126	112	115	120	116	119	101	-1
1001001000	-2	11614	9010.111	3278.199	11.75	2.278	66.625	3.871	115.5	6.764	9010.778	115.5	0	0	0	9	9	10447	10289	9410	8807	10059	11614	10836	9631	-2	13	11	8	13	15	14	11	9	-2	66	69	64	68	71	67	70	58	-2	115	126	112	115	120	116	119	101	-1
1001001000	-2	11847	9100.889	3363.796	13.75	2.222	70.625	5.407	126.25	11.02	9225.556	126.25	0	0	0	9	9	10006	10930	9087	9725	11368	11847	10328	8619	-2	13	13	12	15	15	14	18	10	-2	68	79	66	69	75	72	75	61	-2	128	147	115	118	132	127	133	110	-1
1001001000	-2	11781	9068	3345.05	13.75	2.222	70.625	5.407	126.25	11.02	9225.556	126.25	0	0	0	9	9	10006	10949	9087	9725	11246	11781	10201	8619	-2	13	13	12	15	15	14	18	10	-2	68	79	66	69	75	72	75	61	-2	128	147	115	118	132	127	133	110	-1
1001001000	-2	11653	9013.778	3295.117	13.75	2.537	70.875	5.325	126.875	12.791	9126.222	126.875	0	0	0	9	9	10140	10562	9095	10137	10390	11653	10578	8571	-2	12	13	12	14	15	15	19	10	-2	69	80	66	69	75	71	75	62	-2	126	154	115	118	131	127	134	110	-1
1001001000	-2	11747	9070.667	3326.818	13.75	2.537	70.875	5.325	126.875	12.791	9126.222	126.875	0	0	0	9	9	10140	10654	9095	10137	10396	11747	10898	8571	-2	12	13	12	14	15	15	19	10	-2	69	80	66	69	75	71	75	62	-2	126	154	115	118	131	127	134	110	-1
1001001000	-2	12367	9096.222	3351.457	15.125	2.976	73.875	6.03	135	17.371	9113.333	135	0	0	0	9	9	9957	10873	9172	9055	10148	12367	10590	9706	-2	13	14	15	15	15	16	22	11	-2	70	86	70	70	77	73	79	66	-2	131	175	121	121	136	135	144	117	-1
1001001000	-2	12073	9084.444	3320.613	15.25	3.382	74.625	6.143	136.75	17.598	9142.556	136.75	0	0	0	9	9	10714	10776	9024	9450	10095	12073	9798	9832	-2	12	14	13	16	15	17	23	12	-2	70	86	69	71	79	75	80	67	-2	133	175	119	123	137	141	148	118	-1
1002002000	-2	10005	6761.333	3694.962	18.571	1.591	117.286	6.181	254.625	29.874	6761.889	254.625	0	0	0	9	9	8072	10005	9152	7438	8124	9673	8391	-1	-2	17	17	18	21	21	18	18	-2	-2	119	115	114	124	120	105	124	-2	-2	277	246	231	302	269	198	270	244	-1
1001001000	-2	14033	11566.111	4131.141	22	4.796	75.75	4.71	127	6.856	12837.667	127	0	0	0	9	9	12961	13830	12622	14033	12211	13038	12285	13117	-2	24	15	29	16	24	27	18	23	-2	77	69	80	71	82	81	75	71	-2	133	121	132	128	127	137	124	114	-1
1001001000	-2	13641	10795.778	3925.711	20.125	5.555	71.5	5.074	113.25	5.673	11122.222	113.25	0	0	0	9	9	13641	12791	10920	12924	10580	11991	12545	11772	-2	24	14	29	15	20	24	12	23	-2	74	64	79	65	77	72	73	68	-2	119	105	120	109	116	117	115	105	-1
1001001000	-2	12749	10010.778	3811.066	18.5	5.05	68.375	5.023	106.5	5.268	10206.222	106.5	0	0	0	9	9	12749	11303	10554	12729	7782	12221	11435	11326	-2	24	12	24	14	19	22	11	22	-2	69	62	78	62	69	70	72	65	-2	108	100	116	103	103	111	110	101	-1
1001001000	-2	13122	10101.111	3876.353	18.5	5.05	68.375	5.023	106.5	5.268	10206.222	106.5	0	0	0	9	9	13064	11303	10554	13122	7782	12326	11435	11326	-2	24	12	24	14	19	22	11	22	-2	69	62	78	62	69	70	72	65	-2	108	100	116	103	103	111	110	101	-1
1001001000	-2	13127	11124.778	3956.391	20.125	5.487	75.125	4.729	121.75	6.906	11303.333	121.75	0	0	0	9	9	11796	12461	12760	12565	12353	13085	13127	11978	-2	27	14	30	17	21	21	14	17	-2	76	76	84	76	68	74	78	69	-2	121	125	130	119	113	127	129	110	-1
1001001000	-2	13148	11152.111	3962.465	20.125	5.487	75.125	4.729	121.75	6.906	11303.333	121.75	0	0	0	9	9	12039	12461	12599	12658	12353	13133	13148	11980	-2	27	14	30	17	21	21	14	17	-2	76	76	84	76	68	74	78	69	-2	121	125	130	119	113	127	129	110	-1
1001001000	-2	12859	10875.333	3925.92	15	4.69	73.125	3.621	124.75	7.562	11162.333	124.75	0	0	0	9	9	12725	11259	10445	12804	12859	12328	12707	12753	-2	25	13	14	14	19	14	8	13	-2	76	73	76	74	70	75	76	65	-2	134	126	122	127	117	130	132	110	-1
1001001000	-2	12641	9434.556	3508.704	15	4.69	73.125	3.621	124.75	7.562	11162.333	124.75	0	0	0	9	9	9396	10002	10445	11157	12641	9726	9452	12094	-2	25	13	14	14	19	14	8	13	-2	76	73	76	74	70	75	76	65	-2	134	126	122	127	117	130	132	110	-1
1001001000	-2	9782	7797.556	2827.697	12.25	4.176	66.25	4.294	111.875	6.679	8887.222	111.875	0	0	0	9	9	8608	8523	9782	8410	9369	8514	7565	9409	-2	21	11	8	12	16	12	7	11	-2	70	67	69	64	70	67	67	56	-2	116	116	111	112	115	117	113	95	-1
1001001000	-2	9782	7797.556	2827.697	12.25	4.176	66.25	4.294	111.875	6.679	8887.222	111.875	0	0	0	9	9	8608	8523	9782	8410	9369	8514	7565	9409	-2	21	11	8	12	16	12	7	11	-2	70	67	69	64	70	67	67	56	-2	116	116	111	112	115	117	113	95	-1
1001001000	-2	9134	6821.111	2741.292	8.875	2.421	58.75	2.817	97.875	4.936	7051.333	97.875	0	0	0	9	9	8830	8269	8071	9134	6752	7241	8510	4585	-2	14	8	7	7	11	9	6	9	-2	62	59	60	59	56	57	63	54	-2	100	101	97	100	96	100	103	86	-1
1001001000	-2	9740	7045	2915.568	8.875	2.421	58.75	2.817	97.875	4.936	7051.333	97.875	0	0	0	9	9	9345	8269	8071	9404	6752	7241	9740	4585	-2	14	8	7	7	11	9	6	9	-2	62	59	60	59	56	57	63	54	-2	100	101	97	100	96	100	103	86	-1
1001001000	-2	9381	7034.111	2886.57	8.75	1.714	57.625	2.826	95.875	4.702	7034.556	95.875	0	0	0	9	9	9258	9127	8250	8044	7262	7716	9381	4271	-2	12	8	7	8	11	8	7	9	-2	61	59	55	58	56	57	62	53	-2	98	100	93	97	95	99	100	85	-1
1001001000	-2	9381	7034.111	2886.57	8.75	1.714	57.625	2.826	95.875	4.702	7034.556	95.875	0	0	0	9	9	9258	9127	8250	8044	7262	7716	9381	4271	-2	12	8	7	8	11	8	7	9	-2	61	59	55	58	56	57	62	53	-2	98	100	93	97	95	99	100	85	-1
1001001000	-2	9483	7175.111	2774.234	8.5	1.5	57.375	2.736	96.375	3.998	7175.444	96.375	0	0	0	9	9	9483	8683	8130	7592	7182	8463	9416	5629	-2	11	8	7	8	11	8	7	8	-2	60	58	56	57	57	57	62	52	-2	99	100	95	95	97	98	100	87	-1
1001001000	-2	9483	7175.111	2774.234	8.5	1.5	57.375	2.736	96.375	3.998	7175.444	96.375	0	0	0	9	9	9483	8683	8130	7592	7182	8463	9416	5629	-2	11	8	7	8	11	8	7	8	-2	60	58	56	57	57	57	62	52	-2	99	100	95	95	97	98	100	87	-1
1001001000	-2	9895	7713.222	2869.583	8.875	1.452	58.25	2.586	97.375	3.998	7714.556	97.375	0	0	0	9	9	9569	9895	8603	8054	7300	8848	9700	7452	-2	11	8	8	11	10	8	7	8	-2	58	60	58	58	58	58	63	53	-2	97	103	96	96	98	98	102	89	-1
1001001000	-2	9889	7713.111	2869.462	8.875	1.452	58.25	2.586	97.375	3.998	7714.556	97.375	0	0	0	9	9	9569	9889	8603	8054	7300	8848	9705	7452	-2	11	8	8	11	10	8	7	8	-2	58	60	58	58	58	58	63	53	-2	97	103	96	96	98	98	102	89	-1
1001001000	-2	10536	8010	2949.597	8.875	1.452	58.625	2.87	98.875	4.622	8029.667	98.875	0	0	0	9	9	9466	10536	8629	7679	8056	8677	9726	9323	-2	10	8	8	11	11	8	7	8	-2	57	62	58	57	61	59	62	53	-2	97	108	97	96	101	97	103	92	-1
1001001000	-2	10481	8519.778	3129.005	10	1.225	61.5	3.122	105.5	5.454	8586.444	105.5	0	0	0	9	9	10392	10481	9295	8109	8232	10127	10334	9710	-2	11	10	8	12	11	10	9	9	-2	61	65	61	60	62	62	66	55	-2	104	116	103	103	107	105	110	96	-1
1001001000	-2	10481	8519.778	3129.005	10	1.225	61.5	3.122	105.5	5.454	8586.444	105.5	0	0	0	9	9	10392	10481	9295	8109	8232	10127	10334	9710	-2	11	10	8	12	11	10	9	9	-2	61	65	61	60	62	62	66	55	-2	104	116	103	103	107	105	110	96	-1
1001001000	-2	10508	8474	3083.526	10.125	1.166	62.125	3.37	107.25	6.078	8681.778	107.25	0	0	0	9	9	9932	9806	9142	8300	8511	10508	10450	9619	-2	11	10	8	12	11	10	10	9	-2	60	67	61	59	63	63	67	57	-2	104	120	104	103	109	107	112	99	-1
1001001000	-2	10496	8604.222	3092.59	11.125	1.763	65.125	3.37	113.25	6.036	8604.667	113.25	0	0	0	9	9	9886	9864	9208	9649	9050	10476	10496	8811	-2	11	11	9	12	11	11	15	9	-2	64	69	62	65	67	65	70	59	-2	112	124	108	111	115	114	119	103	-1
1001001000	-2	10811	8658.556	3126.601	12.125	2.803	67.5	4.444	118.125	7.817	8659.333	118.125	0	0	0	9	9	10271	9813	9083	9635	9453	10811	10283	8580	-2	12	12	10	12	11	12	19	9	-2	68	72	63	68	71	66	73	59	-2	119	131	111	115	122	118	125	104	-1
1001001000	-2	10811	8658.556	3126.601	12.125	2.803	67.5	4.444	118.125	7.817	8659.333	118.125	0	0	0	9	9	10271	9813	9083	9635	9453	10811	10283	8580	-2	12	12	10	12	11	12	19	9	-2	68	72	63	68	71	66	73	59	-2	119	131	111	115	122	118	125	104	-1
1001001000	-2	11790	8613.667	3216.894	12.25	3.419	67.125	4.343	117.375	7.921	8614.111	117.375	0	0	0	9	9	9160	9834	9346	9931	9125	11790	10562	7777	-2	11	11	11	10	11	13	21	10	-2	66	71	63	69	68	67	74	59	-2	116	129	111	116	117	119	128	103	-1
1001001000	-2	11790	8613.667	3216.894	12.25	3.419	67.125	4.343	117.375	7.921	8614.111	117.375	0	0	0	9	9	9160	9834	9346	9931	9125	11790	10562	7777	-2	11	11	11	10	11	13	21	10	-2	66	71	63	69	68	67	74	59	-2	116	129	111	116	117	119	128	103	-1
1001001000	-2	10999	8501.444	3149.99	11.75	2.905	66	4.528	115.5	8.185	8672.444	115.5	0	0	0	9	9	9855	10510	9209	9775	8485	10999	9967	7715	-2	11	10	10	10	11	13	19	10	-2	62	72	63	65	65	67	74	60	-2	112	129	108	112	114	118	127	104	-1
1001001000	-2	13734	11452.444	4085.303	14.125	2.027	89.75	3.527	165.375	5.219	13438.889	165.375	0	0	0	9	9	12304	12751	12990	13734	13725	12307	13048	12215	-2	15	13	14	13	13	16	11	18	-2	86	84	92	89	89	94	95	89	-2	167	156	168	167	163	166	175	161	-1
1001001000	-2	12699	8873.556	3622.716	14.875	4.428	63.125	5.183	98.875	6.333	8965.556	98.875	0	0	0	9	9	11223	9523	9335	12332	8534	12699	9738	6480	-2	22	11	17	12	16	20	8	13	-2	65	59	73	56	61	68	64	59	-2	100	94	110	93	96	107	100	91	-1
1001001000	-2	11533	9453.667	3409.006	17.25	5.019	68.25	4.657	107.625	6.204	9530.667	107.625	0	0	0	9	9	10927	9709	11002	11329	11533	10529	10696	9360	-2	25	12	24	16	19	18	10	14	-2	70	66	79	66	66	68	69	62	-2	110	103	121	105	109	107	108	98	-1
1001001000	-2	13062	10828.778	3898.789	16.5	4.031	74.5	4.796	127	7.089	11666	127	0	0	0	9	9	12157	11125	12726	12571	12914	10783	13062	12123	-2	25	13	19	16	19	14	12	14	-2	75	75	84	75	71	73	77	66	-2	130	128	137	124	120	128	135	114	-1
1001001000	-2	13062	10828.778	3898.789	16.5	4.031	74.5	4.796	127	7.089	11666	127	0	0	0	9	9	12157	11125	12726	12571	12914	10783	13062	12123	-2	25	13	19	16	19	14	12	14	-2	75	75	84	75	71	73	77	66	-2	130	128	137	124	120	128	135	114	-1
1001001000	-2	12007	9093.333	3314.46	12.75	3.865	68.875	4.314	119.75	6.24	9854.778	119.75	0	0	0	9	9	10275	9198	11074	10012	12007	9594	9603	10079	-2	21	11	9	13	16	12	8	12	-2	72	69	75	70	70	68	68	59	-2	126	122	123	121	119	122	121	104	-1
1001001000	-2	12007	9093.333	3314.46	12.75	3.865	68.875	4.314	119.75	6.24	9854.778	119.75	0	0	0	9	9	10275	9198	11074	10012	12007	9594	9603	10079	-2	21	11	9	13	16	12	8	12	-2	72	69	75	70	70	68	68	59	-2	126	122	123	121	119	122	121	104	-1
1001001000	-2	9200	6361.556	2530.005	8.25	2.046	54.75	2.947	93	4.555	6362.556	93	0	0	0	9	9	9200	7323	7248	7957	7182	6345	7391	4610	-2	13	7	7	7	9	8	6	9	-2	61	55	51	57	54	55	53	52	-2	98	96	89	97	94	96	90	84	-1
1001001000	-2	9200	6361.556	2530.005	8.25	2.046	54.75	2.947	93	4.555	6362.556	93	0	0	0	9	9	9200	7323	7248	7957	7182	6345	7391	4610	-2	13	7	7	7	9	8	6	9	-2	61	55	51	57	54	55	53	52	-2	98	96	89	97	94	96	90	84	-1
1001001000	-2	8249	5540	2437.149	8	1.5	53.375	2.176	89.875	3.48	5540.667	89.875	0	0	0	9	9	7684	8249	5766	5734	7006	6053	6535	2835	-2	11	7	7	8	9	7	6	9	-2	57	53	51	56	54	54	51	51	-2	92	92	88	92	92	93	88	82	-1
1001001000	-2	8249	5540	2437.149	8	1.5	53.375	2.176	89.875	3.48	5540.667	89.875	0	0	0	9	9	7684	8249	5766	5734	7006	6053	6535	2835	-2	11	7	7	8	9	7	6	9	-2	57	53	51	56	54	54	51	51	-2	92	92	88	92	92	93	88	82	-1
1001001000	-2	7986	5687.778	2340.72	7.875	1.364	53.625	1.798	90.125	3.219	5688.444	90.125	0	0	0	9	9	7968	7986	7054	6039	6975	5198	5876	4096	-2	10	7	7	8	10	7	6	8	-2	55	54	53	56	54	55	50	52	-2	90	94	91	91	92	93	86	84	-1
1001001000	-2	7986	5687.778	2340.72	7.875	1.364	53.625	1.798	90.125	3.219	5688.444	90.125	0	0	0	9	9	7968	7986	7054	6039	6975	5198	5876	4096	-2	10	7	7	8	10	7	6	8	-2	55	54	53	56	54	55	50	52	-2	90	94	91	91	92	93	86	84	-1
1001001000	-2	8897	5935.556	2335.845	8	1.225	52.875	1.763	90	3.354	5936	90	0	0	0	9	9	7147	8897	6748	5577	7576	5615	5807	6055	-2	10	7	7	7	10	8	7	8	-2	52	54	51	55	55	54	50	52	-2	87	95	89	91	94	92	87	85	-1
1001001000	-2	8897	5935.556	2335.845	8	1.225	52.875	1.763	90	3.354	5936	90	0	0	0	9	9	7147	8897	6748	5577	7576	5615	5807	6055	-2	10	7	7	7	10	8	7	8	-2	52	54	51	55	55	54	50	52	-2	87	95	89	91	94	92	87	85	-1
1001001000	-2	9040	6544.667	2430.255	8.125	1.166	53.5	2.179	92	3.536	6545.111	92	0	0	0	9	9	7561	9040	6386	7507	7801	6671	6713	7225	-2	10	7	7	8	10	8	7	8	-2	52	54	51	55	57	55	54	50	-2	89	95	90	91	97	96	92	86	-1
1001001000	-2	9040	6544.667	2430.255	8.125	1.166	53.5	2.179	92	3.536	6545.111	92	0	0	0	9	9	7561	9040	6386	7507	7801	6671	6713	7225	-2	10	7	7	8	10	8	7	8	-2	52	54	51	55	57	55	54	50	-2	89	95	90	91	97	96	92	86	-1
1001001000	-2	9646	7417.222	2816.618	8.375	0.992	56.25	2.773	96.75	4.146	7418.667	96.75	0	0	0	9	9	9505	9129	6312	7642	8000	7533	9646	8990	-2	10	8	8	7	10	8	8	8	-2	55	58	53	56	60	56	60	52	-2	94	103	94	94	101	98	100	90	-1
1001001000	-2	9646	7417.222	2816.618	8.375	0.992	56.25	2.773	96.75	4.146	7418.667	96.75	0	0	0	9	9	9505	9129	6312	7642	8000	7533	9646	8990	-2	10	8	8	7	10	8	8	8	-2	55	58	53	56	60	56	60	52	-2	94	103	94	94	101	98	100	90	-1
1001001000	-2	10497	7397.333	2843.526	8.5	0.866	57.75	3.865	100.375	5.611	7429.222	100.375	0	0	0	9	9	8860	9332	6439	7124	8126	8197	10497	8003	-2	10	8	8	8	10	8	8	8	-2	55	60	55	56	61	58	65	52	-2	96	109	97	97	103	101	108	92	-1
1001001000	-2	10720	7422.111	2871.264	8.5	0.866	57.75	3.865	100.375	5.611	7429.222	100.375	0	0	0	9	9	8860	9332	6439	7124	8126	8197	10720	8003	-2	10	8	8	8	10	8	8	8	-2	55	60	55	56	61	58	65	52	-2	96	109	97	97	103	101	108	92	-1
1001001000	-2	10787	7585	2927.099	9.375	0.857	61.25	3.7	107	5.831	7605	107	0	0	0	9	9	8600	10787	7759	6668	7610	8775	9977	8091	-2	10	9	9	8	11	9	10	9	-2	58	65	61	58	62	62	68	56	-2	102	117	105	102	109	108	114	99	-1
1001001000	-2	10787	7585	2927.099	9.375	0.857	61.25	3.7	107	5.831	7605	107	0	0	0	9	9	8600	10787	7759	6668	7610	8775	9977	8091	-2	10	9	9	8	11	9	10	9	-2	58	65	61	58	62	62	68	56	-2	102	117	105	102	109	108	114	99	-1
1001001000	-2	10443	7438.222	2864.853	10.25	2.046	62.875	4.4	110.75	6.666	7439.333	110.75	0	0	0	9	9	7741	10001	8230	7111	7378	8859	10443	7183	-2	11	10	9	8	11	9	15	9	-2	59	69	62	59	64	63	70	57	-2	106	123	107	105	113	112	118	102	-1
1001001000	-2	10443	7438.222	2864.853	10.25	2.046	62.875	4.4	110.75	6.666	7439.333	110.75	0	0	0	9	9	7741	10001	8230	7111	7378	8859	10443	7183	-2	11	10	9	8	11	9	15	9	-2	59	69	62	59	64	63	70	57	-2	106	123	107	105	113	112	118	102	-1
1001001000	-2	10450	7570.778	2920.263	10.25	1.714	61.75	3.767	108.75	6.26	7579.333	108.75	0	0	0	9	9	8080	10164	7639	7406	7758	9533	10450	7109	-2	11	10	9	8	11	10	14	9	-2	59	67	59	59	63	62	68	57	-2	105	120	104	104	112	110	115	100	-1
1001001000	-2	10450	7570.778	2920.263	10.25	1.714	61.75	3.767	108.75	6.26	7579.333	108.75	0	0	0	9	9	8080	10164	7639	7406	7758	9533	10450	7109	-2	11	10	9	8	11	10	14	9	-2	59	67	59	59	63	62	68	57	-2	105	120	104	104	112	110	115	100	-1
1001001000	-2	10979	7454.111	3295.266	11.375	3.498	58.25	4.235	94	5.979	7805.333	94	0	0	0	9	9	4890	9138	10232	8821	8396	10979	9529	5104	-2	16	9	13	10	9	17	6	11	-2	61	52	63	55	60	64	53	58	-2	93	87	102	89	95	105	91	90	-1
1001001000	-2	11710	9027	3418.46	14.375	3.426	62.875	6.412	102.5	7.858	9049.667	102.5	0	0	0	9	9	11371	8784	11710	11668	10361	9831	9583	7937	-2	21	12	17	14	16	14	9	12	-2	67	59	77	62	60	64	60	54	-2	107	96	120	101	102	103	99	92	-1
1001001000	-2	12566	10485.556	3756.91	14.375	3.199	68.25	5.826	118.75	6.437	10791.333	118.75	0	0	0	9	9	12288	11354	12255	12248	12566	11974	10858	10829	-2	21	12	16	15	16	13	10	12	-2	70	69	81	70	63	66	67	60	-2	121	117	133	120	114	118	118	109	-1
1001001000	-2	13321	10717.667	3880.232	14.375	3.199	68.25	5.826	118.75	6.437	10791.333	118.75	0	0	0	9	9	13321	11419	13037	12327	12550	12120	10858	10829	-2	21	12	16	15	16	13	10	12	-2	70	69	81	70	63	66	67	60	-2	121	117	133	120	114	118	118	109	-1
1001001000	-2	11920	9276.556	3455.897	10.625	2.446	63.5	5.148	110.625	5.678	9719.333	110.625	0	0	0	9	9	11551	9522	11697	9980	8421	9761	11920	10639	-2	16	10	9	12	11	10	7	10	-2	67	65	71	67	54	61	65	58	-2	114	115	117	115	102	110	111	101	-1
1001001000	-2	11920	9276.556	3455.897	10.625	2.446	63.5	5.148	110.625	5.678	9719.333	110.625	0	0	0	9	9	11551	9522	11697	9980	8421	9761	11920	10639	-2	16	10	9	12	11	10	7	10	-2	67	65	71	67	54	61	65	58	-2	114	115	117	115	102	110	111	101	-1
1001001000	-2	8482	5280.111	2629.298	7.625	1.654	51.5	2.449	86.875	4.428	5280.444	86.875	0	0	0	9	9	5546	8346	6767	5368	8482	6495	4429	2090	-2	11	7	7	7	8	7	5	9	-2	52	51	51	55	53	53	46	51	-2	85	91	89	92	89	89	79	81	-1
1001001000	-2	8482	5262.444	2609.095	7.625	1.654	51.5	2.449	86.875	4.428	5280.444	86.875	0	0	0	9	9	5546	8187	6767	5368	8482	6495	4429	2090	-2	11	7	7	7	8	7	5	9	-2	52	51	51	55	53	53	46	51	-2	85	91	89	92	89	89	79	81	-1
1001001000	-2	8096	4721	2375.475	7.75	1.199	51.5	2.062	85.375	2.955	4721.556	85.375	0	0	0	9	9	6359	8096	5620	3213	7234	5175	4202	2592	-2	10	7	7	8	8	7	6	9	-2	53	52	50	54	53	52	47	51	-2	86	89	86	87	87	87	80	81	-1
1001001000	-2	8096	4721	2375.475	7.75	1.199	51.5	2.062	85.375	2.955	4721.556	85.375	0	0	0	9	9	6359	8096	5620	3213	7234	5175	4202	2592	-2	10	7	7	8	8	7	6	9	-2	53	52	50	54	53	52	47	51	-2	86	89	86	87	87	87	80	81	-1
1001001000	-2	7831	4666.333	2149.895	7.375	1.111	50.875	2.204	85.25	3.666	4666.667	85.25	0	0	0	9	9	4817	7831	6206	4481	6816	4826	3663	3359	-2	9	6	7	7	9	7	6	8	-2	51	51	50	55	53	50	47	50	-2	83	89	87	88	90	85	80	80	-1
1001001000	-2	7831	4666.333	2149.895	7.375	1.111	50.875	2.204	85.25	3.666	4666.667	85.25	0	0	0	9	9	4817	7831	6206	4481	6816	4826	3663	3359	-2	9	6	7	7	9	7	6	8	-2	51	51	50	55	53	50	47	50	-2	83	89	87	88	90	85	80	80	-1
1001001000	-2	7317	5113.667	2112.903	7.375	1.111	51.125	2.368	86	3.674	5114.111	86	0	0	0	9	9	6314	7317	6808	4957	6611	5729	3745	4544	-2	9	6	7	7	9	7	6	8	-2	52	51	50	55	54	50	47	50	-2	85	90	87	88	91	86	80	81	-1
1001001000	-2	7317	5113.667	2112.903	7.375	1.111	51.125	2.368	86	3.674	5114.111	86	0	0	0	9	9	6314	7317	6808	4957	6611	5729	3745	4544	-2	9	6	7	7	9	7	6	8	-2	52	51	50	55	54	50	47	50	-2	85	90	87	88	91	86	80	81	-1
1001001000	-2	7480	5860.222	2157.697	7.5	1	51.875	2.315	88.375	2.913	5860.778	88.375	0	0	0	9	9	7480	7287	6034	6501	7269	5833	5811	6529	-2	9	6	7	7	9	7	7	8	-2	52	52	50	55	56	50	49	51	-2	87	91	88	90	94	87	85	85	-1
1001001000	-2	7480	5860.222	2157.697	7.5	1	51.875	2.315	88.375	2.913	5860.778	88.375	0	0	0	9	9	7480	7287	6034	6501	7269	5833	5811	6529	-2	9	6	7	7	9	7	7	8	-2	52	52	50	55	56	50	49	51	-2	87	91	88	90	94	87	85	85	-1
1001001000	-2	8827	6792.778	2553.339	7.875	1.053	54.125	2.26	92.75	3.231	6793.333	92.75	0	0	0	9	9	8827	8603	5882	7945	7924	6971	6925	8060	-2	10	7	8	7	9	7	7	8	-2	53	55	52	56	59	52	53	53	-2	91	97	92	93	99	90	90	90	-1
1001001000	-2	8827	6792.778	2553.339	7.875	1.053	54.125	2.26	92.75	3.231	6793.333	92.75	0	0	0	9	9	8827	8603	5882	7945	7924	6971	6925	8060	-2	10	7	8	7	9	7	7	8	-2	53	55	52	56	59	52	53	53	-2	91	97	92	93	99	90	90	90	-1
1001001000	-2	8770	6668.333	2502.284	8.125	0.927	55.75	2.107	96.875	2.759	6668.667	96.875	0	0	0	9	9	8770	8002	5921	7348	8129	6410	8063	7374	-2	10	7	8	7	9	8	8	8	-2	54	55	54	57	60	56	57	53	-2	94	100	96	97	101	98	97	92	-1
1001001000	-2	8770	6668.333	2502.284	8.125	0.927	55.75	2.107	96.875	2.759	6668.667	96.875	0	0	0	9	9	8770	8002	5921	7348	8129	6410	8063	7374	-2	10	7	8	7	9	8	8	8	-2	54	55	54	57	60	56	57	53	-2	94	100	96	97	101	98	97	92	-1
1001001000	-2	9091	6645.889	2532.203	8.875	0.781	58.625	2.997	102.75	4.521	6646.778	102.75	0	0	0	9	9	7795	8177	6164	6851	8060	7711	9091	5966	-2	10	8	8	8	10	9	9	9	-2	55	59	56	59	63	59	63	55	-2	98	108	99	101	108	105	107	96	-1
1001001000	-2	8849	6552.333	2448.178	9.125	1.053	59.375	3.276	104.625	5.097	6552.778	104.625	0	0	0	9	9	6696	8105	6664	6911	7912	7632	8849	6204	-2	11	8	8	8	10	9	10	9	-2	55	62	57	59	63	60	64	55	-2	100	112	100	103	110	106	109	97	-1
1001001000	-2	8849	6552.333	2448.178	9.125	1.053	59.375	3.276	104.625	5.097	6552.778	104.625	0	0	0	9	9	6696	8105	6664	6911	7912	7632	8849	6204	-2	11	8	8	8	10	9	10	9	-2	55	62	57	59	63	60	64	55	-2	100	112	100	103	110	106	109	97	-1
1001001000	-2	8982	6675.556	2438.938	9.125	0.781	57.75	2.586	100.75	4.176	6676	100.75	0	0	0	9	9	7275	7203	6651	7421	7742	7746	8982	7062	-2	10	9	8	8	10	9	10	9	-2	55	59	55	58	61	59	61	54	-2	98	105	97	98	105	104	105	94	-1
1001001000	-2	12771	9861.667	3688.841	9.375	2.546	56.625	3.238	96.5	5.874	10167	96.5	0	0	0	9	9	8522	10441	12771	10788	11203	12771	10784	11477	-2	12	8	10	9	8	14	5	9	-2	56	54	64	55	54	59	54	57	-2	93	91	109	92	93	103	95	96	-1
1001001000	-2	11504	9502.667	3462.705	9.375	2.546	56.625	3.238	96.5	5.874	10167	96.5	0	0	0	9	9	8522	10441	11422	10788	11203	11504	10742	10904	-2	12	8	10	9	8	14	5	9	-2	56	54	64	55	54	59	54	57	-2	93	91	109	92	93	103	95	96	-1
1001001000	-2	10620	7650.778	3089.672	12.625	3.08	58.25	5.695	94.625	6.707	7651.444	94.625	0	0	0	9	9	6877	7905	8361	10512	9742	10620	8954	5888	-2	18	10	17	12	12	13	9	10	-2	59	56	72	55	55	60	57	52	-2	93	90	110	90	94	99	94	87	-1
1001001000	-2	10768	8154	3016.73	12.5	2.646	59.375	5.337	96.875	6.918	8154.556	96.875	0	0	0	9	9	9593	7926	10768	9530	8969	9823	9088	7691	-2	18	10	15	13	12	12	10	10	-2	64	56	70	60	55	61	57	52	-2	102	91	112	95	93	99	94	89	-1
1001001000	-2	13052	10421.778	3826.327	12.75	2.222	65.625	6.163	116.25	6.514	10502.556	116.25	0	0	0	9	9	13046	10480	13052	12569	10540	11648	12197	10266	-2	17	11	15	14	12	12	10	11	-2	70	62	77	68	55	65	67	61	-2	120	111	128	116	107	119	120	109	-1
1001001000	-2	11465	9562.111	3456.218	9.75	2.107	60.625	3.569	104.875	4.256	9784.667	104.875	0	0	0	9	9	11425	9931	11465	10807	10909	10884	11449	9191	-2	14	8	9	12	9	9	7	10	-2	62	58	66	64	54	61	62	58	-2	105	104	110	110	100	107	106	97	-1
1001001000	-2	11248	9007	3311.551	9.75	2.107	60.625	3.569	104.875	4.256	9784.667	104.875	0	0	0	9	9	11216	8667	11248	9107	10729	10051	10856	9191	-2	14	8	9	12	9	9	7	10	-2	62	58	66	64	54	61	62	58	-2	105	104	110	110	100	107	106	97	-1
1001001000	-2	8335	4121.111	2750.367	7.125	1.536	49.875	2.571	81.25	5.739	4121.444	81.25	0	0	0	9	9	3424	8335	7243	2994	5192	6592	2755	557	-2	10	6	6	7	7	7	5	9	-2	50	50	50	54	50	50	44	51	-2	80	86	87	87	81	84	75	70	-1
1001001000	-2	8335	4121.111	2750.367	7.125	1.536	49.875	2.571	81.25	5.739	4121.444	81.25	0	0	0	9	9	3424	8335	7243	2994	5192	6592	2755	557	-2	10	6	6	7	7	7	5	9	-2	50	50	50	54	50	50	44	51	-2	80	86	87	87	81	84	75	70	-1
1001001000	-2	7468	3768.111	2387.358	7.375	1.317	49.875	1.763	82.375	3.12	3768.444	82.375	0	0	0	9	9	3709	7468	6577	2020	5465	5080	1998	1598	-2	9	6	7	8	8	7	5	9	-2	50	51	49	52	51	49	46	51	-2	81	86	86	84	83	83	76	80	-1
1001001000	-2	7468	3768.111	2387.358	7.375	1.317	49.875	1.763	82.375	3.12	3768.444	82.375	0	0	0	9	9	3709	7468	6577	2020	5465	5080	1998	1598	-2	9	6	7	8	8	7	5	9	-2	50	51	49	52	51	49	46	51	-2	81	86	86	84	83	83	76	80	-1
1001001000	-2	7454	4566.889	2155.333	7.25	0.968	50.375	1.932	84.25	3.152	4567.556	84.25	0	0	0	9	9	4628	7454	6311	4237	6004	6295	3176	2999	-2	9	6	7	7	8	7	6	8	-2	49	50	50	54	52	50	47	51	-2	80	87	88	87	85	86	80	81	-1
1001001000	-2	7454	4566.889	2155.333	7.25	0.968	50.375	1.932	84.25	3.152	4567.556	84.25	0	0	0	9	9	4628	7454	6311	4237	6004	6295	3176	2999	-2	9	6	7	7	8	7	6	8	-2	49	50	50	54	52	50	47	51	-2	80	87	88	87	85	86	80	81	-1
1001001000	-2	7480	4982.556	2119.301	7.125	1.053	50	1.871	84.25	2.537	4983.444	84.25	0	0	0	9	9	6320	7480	6652	4760	5877	6079	3621	4056	-2	9	6	7	7	8	6	6	8	-2	50	50	49	53	52	48	47	51	-2	83	87	86	86	87	84	80	81	-1
1001001000	-2	7480	4982.556	2119.301	7.125	1.053	50	1.871	84.25	2.537	4983.444	84.25	0	0	0	9	9	6320	7480	6652	4760	5877	6079	3621	4056	-2	9	6	7	7	8	6	6	8	-2	50	50	49	53	52	48	47	51	-2	83	87	86	86	87	84	80	81	-1
1001001000	-2	7314	5818.556	2126.717	7.375	0.857	50.75	1.854	86.375	2.118	5819.333	86.375	0	0	0	9	9	7314	6764	7313	6019	6261	6922	5907	5869	-2	9	6	7	7	8	7	7	8	-2	51	49	50	54	53	50	48	51	-2	85	87	89	88	89	86	83	84	-1
1001001000	-2	7314	5818.556	2126.717	7.375	0.857	50.75	1.854	86.375	2.118	5819.333	86.375	0	0	0	9	9	7314	6764	7313	6019	6261	6922	5907	5869	-2	9	6	7	7	8	7	7	8	-2	51	49	50	54	53	50	48	51	-2	85	87	89	88	89	86	83	84	-1
1001001000	-2	8481	6517.556	2472.688	7.625	0.857	52.625	2.233	91.375	2.643	6518	91.375	0	0	0	9	9	8481	6898	6081	8286	7667	6003	6854	8390	-2	9	6	8	8	8	7	7	8	-2	52	52	51	56	56	52	49	53	-2	90	93	91	94	96	90	87	90	-1
1001001000	-2	8481	6517.556	2472.688	7.625	0.857	52.625	2.233	91.375	2.643	6518	91.375	0	0	0	9	9	8481	6898	6081	8286	7667	6003	6854	8390	-2	9	6	8	8	8	7	7	8	-2	52	52	51	56	56	52	49	53	-2	90	93	91	94	96	90	87	90	-1
1001001000	-2	7846	6325	2349.89	8.25	0.829	55.25	2.046	96.75	2.437	6325.556	96.75	0	0	0	9	9	7759	6746	5737	7846	7645	6119	7694	7381	-2	10	7	8	8	9	8	8	8	-2	54	55	53	58	59	55	53	55	-2	95	98	95	98	102	97	94	95	-1
1001001000	-2	7846	6325	2349.89	8.25	0.829	55.25	2.046	96.75	2.437	6325.556	96.75	0	0	0	9	9	7759	6746	5737	7846	7645	6119	7694	7381	-2	10	7	8	8	9	8	8	8	-2	54	55	53	58	59	55	53	55	-2	95	98	95	98	102	97	94	95	-1
1001001000	-2	7680	6176	2256.449	8.25	0.829	56.25	1.854	98.75	2.385	6176.667	98.75	0	0	0	9	9	7175	7114	6116	7680	7545	6097	7428	6431	-2	10	7	8	8	9	8	8	8	-2	55	57	55	58	60	56	55	54	-2	97	101	98	99	103	100	97	95	-1
1001001000	-2	7680	6176	2256.449	8.25	0.829	56.25	1.854	98.75	2.385	6176.667	98.75	0	0	0	9	9	7175	7114	6116	7680	7545	6097	7428	6431	-2	10	7	8	8	9	8	8	8	-2	55	57	55	58	60	56	55	54	-2	97	101	98	99	103	100	97	95	-1
1001001000	-2	7423	5984.222	2152.397	8.375	0.696	56.625	1.798	99.75	2.537	5984.889	99.75	0	0	0	9	9	6736	6610	6187	7423	7176	6113	6805	6810	-2	10	8	8	8	9	8	8	8	-2	55	57	56	59	60	56	55	55	-2	98	102	98	100	104	102	98	96	-1
1001001000	-2	7423	5984.222	2152.397	8.375	0.696	56.625	1.798	99.75	2.537	5984.889	99.75	0	0	0	9	9	6736	6610	6187	7423	7176	6113	6805	6810	-2	10	8	8	8	9	8	8	8	-2	55	57	56	59	60	56	55	55	-2	98	102	98	100	104	102	98	96	-1
1001001000	-2	12360	10265.222	3665.283	9.875	1.269	75.25	2.99	138.875	4.136	10328.222	138.875	0	0	0	9	9	11266	11313	12292	12360	11781	11628	10862	10887	-2	11	9	11	9	9	12	8	10	-2	76	72	81	74	71	75	78	75	-2	140	136	144	132	135	139	145	140	-1
1001001000	-2	9220	7257.333	2684.618	7	1.581	47.875	2.803	82.125	3.018	7258	82.125	0	0	0	9	9	7992	6638	8485	8480	8662	8797	9220	7044	-2	8	7	8	7	6	10	5	5	-2	49	49	54	44	47	48	46	46	-2	84	81	89	79	82	82	81	79	-1
1001001000	-2	12461	9976.556	3661.581	10.25	1.92	62.125	4.106	108.25	4.521	10173.889	108.25	0	0	0	9	9	10636	9406	12063	11683	12005	11642	12461	9895	-2	13	9	12	13	9	9	8	9	-2	65	58	69	65	55	63	61	61	-2	113	102	115	108	103	110	111	104	-1
1001001000	-2	12461	9976.556	3661.581	10.25	1.92	62.125	4.106	108.25	4.521	10173.889	108.25	0	0	0	9	9	10636	9406	12063	11683	12005	11642	12461	9895	-2	13	9	12	13	9	9	8	9	-2	65	58	69	65	55	63	61	61	-2	113	102	115	108	103	110	111	104	-1
1001001000	-2	10306	8377.556	3064.48	9	1.658	57.5	3.082	97.25	4.116	8435.889	97.25	0	0	0	9	9	7890	9631	9786	9962	9680	10306	9972	8173	-2	12	8	8	11	8	8	7	10	-2	57	55	62	61	54	59	53	59	-2	95	97	103	104	94	99	92	94	-1
1001001000	-2	10306	8377.556	3064.48	9	1.658	57.5	3.082	97.25	4.116	8435.889	97.25	0	0	0	9	9	7890	9631	9786	9962	9680	10306	9972	8173	-2	12	8	8	11	8	8	7	10	-2	57	55	62	61	54	59	53	59	-2	95	97	103	104	94	99	92	94	-1
1001001000	-2	6888	3723.111	2187.695	6.875	1.452	49.125	2.147	80	4.583	3723.444	80	0	0	0	9	9	4331	6542	6888	3520	3779	4854	2830	766	-2	10	6	6	7	6	7	5	8	-2	51	50	50	50	47	48	45	52	-2	82	83	86	83	77	82	76	71	-1
1001001000	-2	6888	3723.111	2187.695	6.875	1.452	49.125	2.147	80	4.583	3723.444	80	0	0	0	9	9	4331	6542	6888	3520	3779	4854	2830	766	-2	10	6	6	7	6	7	5	8	-2	51	50	50	50	47	48	45	52	-2	82	83	86	83	77	82	76	71	-1
1001001000	-2	6590	3648.222	2007.885	6.75	1.199	48.75	1.299	81	2.739	3648.889	81	0	0	0	9	9	4882	6590	6158	2168	3523	4625	2908	1982	-2	9	5	7	7	6	6	6	8	-2	50	49	49	50	48	48	46	50	-2	81	83	86	82	78	82	77	79	-1
1001001000	-2	6590	3648.222	2007.885	6.75	1.199	48.75	1.299	81	2.739	3648.889	81	0	0	0	9	9	4882	6590	6158	2168	3523	4625	2908	1982	-2	9	5	7	7	6	6	6	8	-2	50	49	49	50	48	48	46	50	-2	81	83	86	82	78	82	77	79	-1
1001001000	-2	6363	4294.444	1918.098	6.75	1.199	48.625	1.111	81.5	2.398	4554.333	81.5	0	0	0	9	9	5624	6363	5626	2955	4526	6106	2999	4453	-2	9	5	7	7	6	6	6	8	-2	49	49	49	50	48	49	46	49	-2	81	83	86	82	79	83	78	80	-1
1001001000	-2	7697	5208.333	2271.181	6.625	0.696	48.25	1.199	81.875	2.619	5209	81.875	0	0	0	9	9	6802	7033	7697	3665	5326	7107	4109	5138	-2	8	6	7	7	6	6	6	7	-2	49	48	49	50	47	48	46	49	-2	81	84	86	84	79	83	78	80	-1
1001001000	-2	7697	5208.333	2271.181	6.625	0.696	48.25	1.199	81.875	2.619	5209	81.875	0	0	0	9	9	6802	7033	7697	3665	5326	7107	4109	5138	-2	8	6	7	7	6	6	6	7	-2	49	48	49	50	47	48	46	49	-2	81	84	86	84	79	83	78	80	-1
1001001000	-2	7924	5937.111	2384.186	7.125	0.927	49.125	1.364	84.625	1.728	5937.667	84.625	0	0	0	9	9	7319	7150	7924	3870	6565	7620	6962	6026	-2	9	6	7	7	7	7	6	8	-2	49	48	49	51	50	48	47	51	-2	84	86	88	85	83	85	82	84	-1
1001001000	-2	7924	5937.111	2384.186	7.125	0.927	49.125	1.364	84.625	1.728	5937.667	84.625	0	0	0	9	9	7319	7150	7924	3870	6565	7620	6962	6026	-2	9	6	7	7	7	7	6	8	-2	49	48	49	51	50	48	47	51	-2	84	86	88	85	83	85	82	84	-1
1001001000	-2	8144	6447.667	2359.944	7.25	0.829	51	1.658	89.25	1.561	6448.333	89.25	0	0	0	9	9	8052	7041	6933	7674	6032	6986	8144	7169	-2	9	6	7	7	7	7	7	8	-2	52	50	51	54	51	50	48	52	-2	90	90	91	91	89	89	86	88	-1
1001001000	-2	8139	6447.111	2359.545	7.25	0.829	51	1.658	89.25	1.561	6448.333	89.25	0	0	0	9	9	8052	7041	6933	7674	6032	6986	8139	7169	-2	9	6	7	7	7	7	7	8	-2	52	50	51	54	51	50	48	52	-2	90	90	91	91	89	89	86	88	-1
1001001000	-2	8139	6087.222	2275.516	7.75	1.09	53.25	1.09	93.875	1.364	6087.667	93.875	0	0	0	9	9	7259	6948	6399	8139	6120	5550	7632	6740	-2	10	6	8	8	8	7	7	8	-2	54	52	53	54	54	54	51	54	-2	94	94	95	94	96	94	91	93	-1
1001001000	-2	8139	6087.222	2275.516	7.75	1.09	53.25	1.09	93.875	1.364	6087.667	93.875	0	0	0	9	9	7259	6948	6399	8139	6120	5550	7632	6740	-2	10	6	8	8	8	7	7	8	-2	54	52	53	54	54	54	51	54	-2	94	94	95	94	96	94	91	93	-1
1001001000	-2	7830	6028.333	2213.173	7.625	0.857	53	1	93.375	1.111	6028.667	93.375	0	0	0	9	9	7470	6187	6312	7830	6829	5837	7125	6667	-2	9	6	8	8	8	7	7	8	-2	53	52	54	54	53	53	51	54	-2	94	94	94	93	95	93	91	93	-1
1001001000	-2	7830	6028.333	2213.173	7.625	0.857	53	1	93.375	1.111	6028.667	93.375	0	0	0	9	9	7470	6187	6312	7830	6829	5837	7125	6667	-2	9	6	8	8	8	7	7	8	-2	53	52	54	54	53	53	51	54	-2	94	94	94	93	95	93	91	93	-1
1001001000	-2	7395	5905.556	2184.969	7.625	0.857	51.875	1.053	92	1.323	5906.111	92	0	0	0	9	9	7395	5626	7073	7037	6974	5490	7159	6398	-2	9	6	7	8	8	8	7	8	-2	53	51	52	51	53	52	50	53	-2	93	93	92	90	94	92	90	92	-1
1001001000	-2	10933	8852.111	3225.815	6.125	0.781	47.75	2.99	85	3.5	9210.667	85	0	0	0	9	9	10875	10933	8700	10770	9185	10220	9899	9089	-2	7	6	7	6	6	7	5	5	-2	49	50	54	47	44	47	45	46	-2	89	86	91	85	80	85	83	81	-1
1001001000	-2	10933	8852.111	3225.815	6.125	0.781	47.75	2.99	85	3.5	9210.667	85	0	0	0	9	9	10875	10933	8700	10770	9185	10220	9899	9089	-2	7	6	7	6	6	7	5	5	-2	49	50	54	47	44	47	45	46	-2	89	86	91	85	80	85	83	81	-1
1001001000	-2	9888	7353.889	2870.431	6.875	1.166	49.75	2.634	84.875	4.136	7356.667	84.875	0	0	0	9	9	8096	8696	8564	8691	5551	9530	9888	7171	-2	9	6	8	8	6	6	6	6	-2	51	52	51	50	44	52	47	51	-2	87	88	88	86	75	88	84	83	-1
1001001000	-2	7915	5899.222	2350.946	7.125	1.053	52.25	1.984	87.25	3.455	5899.889	87.25	0	0	0	9	9	6467	7346	7235	5770	6707	7915	7556	4099	-2	9	6	7	8	6	7	6	8	-2	53	52	52	55	50	52	49	55	-2	87	87	92	92	82	89	83	86	-1
1001001000	-2	6957	4459.222	2118.064	6.75	1.199	49.25	1.639	81.5	3.24	4459.556	81.5	0	0	0	9	9	6017	6957	6691	3611	4349	5846	4235	2429	-2	9	5	7	7	6	6	6	8	-2	50	50	50	50	47	48	47	52	-2	82	83	87	84	76	82	78	80	-1
1001001000	-2	6390	4252.667	1967.484	6.75	1.199	49.25	1.639	81.5	3.24	4459.556	81.5	0	0	0	9	9	5660	6390	6271	3464	4313	5649	4155	2374	-2	9	5	7	7	6	6	6	8	-2	50	50	50	50	47	48	47	52	-2	82	83	87	84	76	82	78	80	-1
1001001000	-2	7068	4241	2115.442	6.75	0.829	48.125	1.053	80	3.317	4241.667	80	0	0	0	9	9	5786	7068	6726	3196	3886	5149	4024	2336	-2	8	6	7	7	6	6	6	8	-2	50	49	49	48	47	47	47	48	-2	81	82	87	80	76	80	77	77	-1
1001001000	-2	7068	4241	2115.442	6.75	0.829	48.125	1.053	80	3.317	4241.667	80	0	0	0	9	9	5786	7068	6726	3196	3886	5149	4024	2336	-2	8	6	7	7	6	6	6	8	-2	50	49	49	48	47	47	47	48	-2	81	82	87	80	76	80	77	77	-1
1001001000	-2	7465	4893	2154.72	6.625	0.696	47.25	0.661	79.875	2.315	4893.556	79.875	0	0	0	9	9	5974	7465	7418	3265	4799	5760	4394	4964	-2	8	6	7	7	6	6	6	7	-2	47	48	47	48	47	47	46	48	-2	79	82	84	80	78	81	76	79	-1
1001001000	-2	7255	4622.778	1950.835	6.625	0.696	47.25	0.661	79.875	2.315	4893.556	79.875	0	0	0	9	9	5926	7255	5713	3242	4782	5569	4234	4886	-2	8	6	7	7	6	6	6	7	-2	47	48	47	48	47	47	46	48	-2	79	82	84	80	78	81	76	79	-1
1001001000	-2	7687	5680.222	2229.839	6.375	0.857	47.125	1.269	81.375	2.058	5968.444	81.375	0	0	0	9	9	7507	7687	6377	4257	6035	6936	5705	6620	-2	8	5	6	7	6	6	6	7	-2	48	46	48	49	47	46	45	48	-2	82	81	85	83	79	82	78	81	-1
1001001000	-2	8037	5967.889	2385.163	6.375	0.857	47.125	1.269	81.375	2.058	5968.444	81.375	0	0	0	9	9	7571	7875	8037	4267	6039	7247	5975	6702	-2	8	5	6	7	6	6	6	7	-2	48	46	48	49	47	46	45	48	-2	82	81	85	83	79	82	78	81	-1
1001001000	-2	7724	6123.333	2431.634	6.625	0.696	47.875	1.053	83	2.291	6123.778	83	0	0	0	9	9	7416	7674	7724	4159	5849	7416	7406	7468	-2	8	6	7	7	6	6	6	7	-2	48	47	49	49	47	48	46	49	-2	83	83	87	84	79	85	81	82	-1
1001001000	-2	7724	6123.333	2431.634	6.625	0.696	47.875	1.053	83	2.291	6123.778	83	0	0	0	9	9	7416	7674	7724	4159	5849	7416	7406	7468	-2	8	6	7	7	6	6	6	7	-2	48	47	49	49	47	48	46	49	-2	83	83	87	84	79	85	81	82	-1
1001001000	-2	8559	6641.333	2516.868	6.625	0.696	49.125	1.269	86.75	1.561	6642.111	86.75	0	0	0	9	9	8559	7373	7236	5431	7093	7263	8370	8449	-2	8	6	7	7	6	6	6	7	-2	51	48	50	50	50	48	47	49	-2	89	87	89	87	85	87	85	85	-1
1001001000	-2	8559	6641.333	2516.868	6.625	0.696	49.125	1.269	86.75	1.561	6642.111	86.75	0	0	0	9	9	8559	7373	7236	5431	7093	7263	8370	8449	-2	8	6	7	7	6	6	6	7	-2	51	48	50	50	50	48	47	49	-2	89	87	89	87	85	87	85	85	-1
1001001000	-2	8091	6344.111	2352.307	7.125	0.599	50	1.323	88.75	1.785	6344.889	88.75	0	0	0	9	9	8091	7001	7095	5615	7159	6535	7799	7804	-2	8	6	7	7	7	7	7	8	-2	52	48	50	51	50	50	48	51	-2	92	88	90	90	87	89	86	88	-1
1001001000	-2	8091	6344.111	2352.307	7.125	0.599	50	1.323	88.75	1.785	6344.889	88.75	0	0	0	9	9	8091	7001	7095	5615	7159	6535	7799	7804	-2	8	6	7	7	7	7	7	8	-2	52	48	50	51	50	50	48	51	-2	92	88	90	90	87	89	86	88	-1
1001001000	-2	7986	6433.111	2316.596	7	0.5	49.25	1.199	88	1.414	6433.778	88	0	0	0	9	9	7263	6845	7986	6377	7358	7027	7657	7387	-2	7	6	7	8	7	7	7	7	-2	51	48	50	49	50	49	47	50	-2	91	88	89	88	87	87	86	88	-1
1001001000	-2	5181	3184.333	1494.649	5.25	0.433	40.875	1.763	70.75	2.107	3185.556	70.75	0	0	0	9	9	4132	4181	5181	4129	2211	2297	4112	2418	-2	6	5	5	5	5	6	5	5	-2	43	42	42	39	39	42	42	38	-2	73	71	74	69	68	71	72	68	-1
1001001000	-2	7755	5572.333	2202.835	7.125	1.053	51.625	2.997	85.375	4.029	5869.667	85.375	0	0	0	9	9	6646	6076	7755	5410	6469	6390	7268	4139	-2	9	6	7	8	6	6	7	8	-2	53	52	53	55	46	51	48	55	-2	87	85	91	90	78	86	81	85	-1
1001001000	-2	6912	4396.444	1947.438	6.5	1	47.75	2.046	80.125	3.257	4573.556	80.125	0	0	0	9	9	6912	5898	6290	4985	3194	3748	4704	3839	-2	8	5	6	7	6	6	6	8	-2	50	49	49	48	44	46	46	50	-2	83	82	85	81	74	79	77	80	-1
1001001000	-2	7130	4573.111	2063.325	6.5	1	47.75	2.046	80.125	3.257	4573.556	80.125	0	0	0	9	9	7130	6507	6613	5039	3232	3932	4813	3894	-2	8	5	6	7	6	6	6	8	-2	50	49	49	48	44	46	46	50	-2	83	82	85	81	74	79	77	80	-1
1001001000	-2	6778	4901.333	1918.012	6.375	0.857	46.5	1.118	79.125	2.368	4901.778	79.125	0	0	0	9	9	6351	6305	6778	4622	4418	5564	5623	4453	-2	8	6	7	6	6	5	6	7	-2	47	46	48	46	45	45	47	48	-2	80	80	84	79	75	78	78	79	-1
1001001000	-2	6778	4901.333	1918.012	6.375	0.857	46.5	1.118	79.125	2.368	4901.778	79.125	0	0	0	9	9	6351	6305	6778	4622	4418	5564	5623	4453	-2	8	6	7	6	6	5	6	7	-2	47	46	48	46	45	45	47	48	-2	80	80	84	79	75	78	78	79	-1
1001001000	-2	7767	5478	2042.616	6.125	0.781	45	1.225	78.625	1.996	5478.333	78.625	0	0	0	9	9	6264	5967	7767	5490	5354	6052	6309	6101	-2	7	6	7	6	5	5	6	7	-2	45	44	46	47	45	43	44	46	-2	78	78	83	80	76	78	77	79	-1
1001001000	-2	6838	5274.222	1912.591	6.125	0.781	45	1.225	78.625	1.996	5478.333	78.625	0	0	0	9	9	6255	5646	6838	5486	5350	5773	6078	6044	-2	7	6	7	6	5	5	6	7	-2	45	44	46	47	45	43	44	46	-2	78	78	83	80	76	78	77	79	-1
1001001000	-2	7629	5878.444	2218.86	5.875	0.781	45.875	1.364	79.875	2.147	5878.889	79.875	0	0	0	9	9	7039	7369	7629	5217	5390	6531	6720	7013	-2	7	5	6	6	6	5	5	7	-2	46	44	46	48	45	45	45	48	-2	79	78	84	81	77	81	78	81	-1
1001001000	-2	7629	5878.444	2218.86	5.875	0.781	45.875	1.364	79.875	2.147	5878.889	79.875	0	0	0	9	9	7039	7369	7629	5217	5390	6531	6720	7013	-2	7	5	6	6	6	5	5	7	-2	46	44	46	48	45	45	45	48	-2	79	78	84	81	77	81	78	81	-1
1001001000	-2	8599	6490.667	2482.134	6.125	0.599	46.5	1.658	81.75	2.107	6491.333	81.75	0	0	0	9	9	8599	7767	7957	5395	6385	6812	7215	8288	-2	7	6	6	6	6	5	6	7	-2	48	44	47	49	45	45	46	48	-2	84	80	85	83	78	82	81	81	-1
1001001000	-2	8672	6555.778	2506.978	6.125	0.599	47.25	1.299	84.375	1.867	6556.556	84.375	0	0	0	9	9	8672	8298	7169	5899	6193	6549	7749	8475	-2	7	5	6	6	6	6	6	7	-2	49	47	47	49	47	46	45	48	-2	88	84	85	86	82	84	82	84	-1
1001001000	-2	8672	6555.778	2506.978	6.125	0.599	47.25	1.299	84.375	1.867	6556.556	84.375	0	0	0	9	9	8672	8298	7169	5899	6193	6549	7749	8475	-2	7	5	6	6	6	6	6	7	-2	49	47	47	49	47	46	45	48	-2	88	84	85	86	82	84	82	84	-1
1001001000	-2	8148	6334.222	2381.819	6.375	0.484	47.25	1.299	85	2.121	6334.889	85	0	0	0	9	9	8148	7795	6999	5623	5969	7055	7490	7931	-2	7	6	6	7	6	6	6	7	-2	50	46	47	48	47	46	46	48	-2	89	84	85	87	82	84	83	86	-1
1001001000	-2	8148	6334.222	2381.819	6.375	0.484	47.25	1.299	85	2.121	6334.889	85	0	0	0	9	9	8148	7795	6999	5623	5969	7055	7490	7931	-2	7	6	6	7	6	6	6	7	-2	50	46	47	48	47	46	46	48	-2	89	84	85	87	82	84	83	86	-1
1001001000	-2	7008	3505.444	1919.675	5.75	0.433	41.5	1.658	71.625	1.932	3512.667	71.625	0	0	0	9	9	4784	2850	5398	7008	1961	2822	3194	3534	-2	6	6	6	6	5	6	6	5	-2	41	43	43	41	39	43	43	39	-2	72	72	74	73	68	73	72	69	-1
1001001000	-2	8221	4715	2146.144	6.625	0.857	50	2.55	82.875	4.226	5072.667	82.875	0	0	0	9	9	5435	4375	8221	4977	3735	5478	6584	3632	-2	8	6	7	7	6	5	7	7	-2	51	52	51	53	45	48	48	52	-2	85	82	87	89	74	83	81	82	-1
1001001000	-2	6300	4129.222	1884.827	6	0.866	46	1.732	77.625	3.08	4252.556	77.625	0	0	0	9	9	6300	4844	6204	5312	2477	3330	4856	3842	-2	8	6	6	6	5	5	6	6	-2	48	46	47	46	42	45	47	47	-2	81	78	81	80	71	76	77	77	-1
1001001000	-2	6309	4105.111	1875.798	6	0.866	46	1.732	77.625	3.08	4252.556	77.625	0	0	0	9	9	6309	4716	6145	5310	2471	3304	4860	3833	-2	8	6	6	6	5	5	6	6	-2	48	46	47	46	42	45	47	47	-2	81	78	81	80	71	76	77	77	-1
1001001000	-2	6946	5332	1963.024	5.875	0.599	45	1.414	77.75	2.107	5332.333	77.75	0	0	0	9	9	6560	6267	6326	5818	5291	5322	6946	5460	-2	7	6	6	6	5	5	6	6	-2	46	45	47	45	44	42	46	45	-2	79	78	82	78	75	75	78	77	-1
1001001000	-2	10758	9125.667	3241.276	7.125	0.599	56.75	2.586	101.5	3.354	10240.667	101.5	0	0	0	9	9	10207	10431	10758	10040	10421	10467	10200	9609	-2	8	7	7	7	7	8	6	7	-2	60	55	62	56	54	56	55	56	-2	105	100	109	100	99	100	100	99	-1
1001001000	-2	6805	5131.444	2049.264	5.125	0.331	41.5	1.225	72.875	1.691	5133.222	72.875	0	0	0	9	9	6212	6631	6216	6805	6307	5216	5290	3508	-2	6	5	5	5	5	5	5	5	-2	43	42	43	40	40	42	42	40	-2	76	73	75	72	71	72	73	71	-1
1001001000	-2	8746	6248.444	2499.073	5.25	0.433	42.125	1.763	74.25	2.165	6250.222	74.25	0	0	0	9	9	7479	7190	8746	8701	6368	4732	6643	6379	-2	6	5	5	5	5	6	5	5	-2	46	41	42	41	40	43	43	41	-2	79	73	75	74	71	73	75	74	-1
1001001000	-2	10992	9238	3288.875	6.75	0.661	49.625	2.497	93.875	3.887	10146.667	93.875	0	0	0	9	9	10992	10339	9889	10661	9762	10156	10707	10638	-2	8	7	7	6	6	7	7	6	-2	51	46	50	51	50	49	54	46	-2	98	88	92	97	94	90	100	92	-1
1001001000	-2	10752	6373.778	2731.716	6.875	1.166	52.125	2.803	86.5	4.062	6394.444	86.5	0	0	0	9	9	7575	6882	10752	6206	5889	6922	8151	4989	-2	7	7	7	8	6	5	9	6	-2	53	52	50	56	47	50	55	54	-2	88	84	88	93	78	86	89	86	-1
1001001000	-2	10628	5892.222	2667.363	6.875	1.166	52.125	2.803	86.5	4.062	6394.444	86.5	0	0	0	9	9	6342	6154	10628	5307	5661	6326	7990	4624	-2	7	7	7	8	6	5	9	6	-2	53	52	50	56	47	50	55	54	-2	88	84	88	93	78	86	89	86	-1
1001001000	-2	8335	4446.444	2230.058	5.75	0.661	45.125	1.536	76.25	2.487	4447	76.25	0	0	0	9	9	5703	3915	8335	6257	2634	3828	5359	3989	-2	7	5	6	6	5	5	6	6	-2	47	46	45	47	42	44	45	45	-2	78	76	78	80	71	75	76	76	-1
