1001001000	-2	1053	499.556	358.425	17.625	4.121	75.125	4.512	120.25	13.782	12423.333	132.125	0	0	0	9	9	782	109	157	487	989	515	406	1053	-2	15	13	12	17	22	19	18	25	-2	71	74	68	75	79	84	75	75	-2	131	103	104	106	117	141	132	128	-1
1001001000	-2	1074	481.444	295.124	19	4.123	73.625	4.662	123.875	10.959	12871.333	128.75	0	0	0	9	9	1074	399	234	392	771	454	369	642	-2	19	13	14	17	24	22	18	25	-2	72	69	67	72	80	81	76	72	-2	129	124	109	105	133	138	132	121	-1
1001001000	-2	10392	6328.222	3448.864	12.875	4.91	66	2.398	109.375	5.611	9933.333	109.25	0	0	0	9	9	1486	4048	7876	7957	9139	9271	10392	6787	-2	22	10	8	11	16	18	7	11	-2	67	63	64	64	68	70	68	64	-2	110	107	102	112	110	119	114	101	-1
1001001000	-2	10392	6328.222	3448.864	12.875	4.91	66	2.398	109.375	5.611	9933.333	109.25	0	0	0	9	9	1486	4048	7876	7957	9139	9271	10392	6787	-2	22	10	8	11	16	18	7	11	-2	67	63	64	64	68	70	68	64	-2	110	107	102	112	110	119	114	101	-1
1001001000	-2	11461	7181.222	3491.066	13.125	4.594	66.125	2.522	109.5	4.093	9794	109.5	0	0	0	9	9	6025	2606	8364	10222	8520	8302	9133	11461	-2	22	10	11	12	15	18	7	10	-2	66	64	66	63	69	70	68	63	-2	108	107	106	112	111	117	112	103	-1
1001001000	-2	11451	7182.222	3490.228	13.125	4.594	66.125	2.522	109.5	4.093	9794	109.5	0	0	0	9	9	6030	2607	8364	10228	8523	8306	9133	11451	-2	22	10	11	12	15	18	7	10	-2	66	64	66	63	69	70	68	63	-2	108	107	106	112	111	117	112	103	-1
1001001000	-2	8825	4829.222	2708.016	13.5	4.472	65.25	3.666	106.75	4.994	9332.556	106.625	0	0	0	9	9	2818	2123	5497	8825	4930	4768	6002	8502	-2	22	10	14	12	15	18	8	9	-2	66	65	66	60	67	70	69	59	-2	107	107	104	106	106	115	112	97	-1
1001001000	-2	8825	4829.222	2708.016	13.5	4.472	65.25	3.666	106.75	4.994	9332.556	106.625	0	0	0	9	9	2818	2123	5497	8825	4930	4768	6002	8502	-2	22	10	14	12	15	18	8	9	-2	66	65	66	60	67	70	69	59	-2	107	107	104	106	106	115	112	97	-1
1001001000	-2	8881	3836.333	2589.908	13.375	4.554	64.875	4.166	106.5	4.899	8943.667	106.375	0	0	0	9	9	1591	1918	3744	8881	2912	3545	5126	6812	-2	22	10	16	12	14	17	8	8	-2	66	65	65	61	68	69	69	56	-2	107	108	102	108	108	113	110	96	-1
1001001000	-2	7534	3027.444	2210.626	13.375	4.554	64.875	4.166	106.5	4.899	8943.667	106.375	0	0	0	9	9	920	1596	3098	7534	2053	2805	3642	5601	-2	22	10	16	12	14	17	8	8	-2	66	65	65	61	68	69	69	56	-2	107	108	102	108	108	113	110	96	-1
1001001000	-2	8169	3813.111	2463.261	12.875	4.371	65.375	4.299	107.625	6.323	9047.222	107.25	0	0	0	9	9	3198	3369	2031	8169	2012	4279	3726	7536	-2	22	10	15	11	14	15	8	8	-2	67	67	67	63	66	69	69	55	-2	110	113	105	111	105	114	110	93	-1
1001001000	-2	835	123.667	266.247	18.5	3.808	87	3.428	121.5	20.742	13208.778	181.125	0	0	6	9	9	0	0	835	0	280	0	0	0	-2	18	14	14	16	22	22	17	25	-2	85	86	82	83	91	91	91	87	-2	111	112	176	110	117	117	114	115	-1
1001001000	-2	899	621.556	251.887	19.625	4.357	76.75	4.294	130.125	10.203	13615.889	134	0	0	0	9	9	532	653	899	516	853	721	658	764	-2	20	13	17	16	25	23	17	26	-2	78	70	81	72	83	79	78	73	-2	137	125	141	108	140	133	133	124	-1
1001001000	-2	6886	1667.778	1942.352	20.875	4.226	77.875	4.428	135	9.987	13249.556	135.625	0	0	0	9	9	780	1162	1860	1971	584	6886	1310	459	-2	24	14	18	16	26	24	20	25	-2	81	72	79	75	82	79	84	71	-2	146	126	132	131	134	140	152	119	-1
1001001000	-2	13299	5224.444	3831.957	20.875	3.919	78.125	3.951	134.5	14.274	12647.778	136.25	0	0	0	9	9	4719	5782	3780	8278	3743	13299	6942	479	-2	25	14	22	15	25	21	23	22	-2	80	73	80	76	82	78	84	72	-2	146	128	128	138	134	144	154	104	-1
1001001000	-2	13299	5224.444	3831.957	20.875	3.919	78.125	3.951	134.5	14.274	12647.778	136.25	0	0	0	9	9	4719	5782	3780	8278	3743	13299	6942	479	-2	25	14	22	15	25	21	23	22	-2	80	73	80	76	82	78	84	72	-2	146	128	128	138	134	144	154	104	-1
1001001000	-2	13475	10380.111	3946.45	16	4.123	76	3.317	135.375	8.943	11451.556	135.375	0	0	0	9	9	13475	12873	10293	12281	12482	11046	12497	8476	-2	24	12	11	14	20	17	13	17	-2	76	74	75	73	82	78	79	71	-2	138	135	124	139	140	144	145	118	-1
1001001000	-2	11423	9188.556	3310.796	12.25	4.38	65.875	2.759	110.375	5.566	9599.222	110.375	0	0	0	9	9	9710	11423	9411	10110	9641	10757	10746	10901	-2	21	11	7	11	16	14	7	11	-2	67	65	65	63	68	68	70	61	-2	110	111	105	113	112	115	118	99	-1
1001001000	-2	11423	9188.556	3310.796	12.25	4.38	65.875	2.759	110.375	5.566	9599.222	110.375	0	0	0	9	9	9710	11423	9411	10110	9641	10757	10746	10901	-2	21	11	7	11	16	14	7	11	-2	67	65	65	63	68	68	70	61	-2	110	111	105	113	112	115	118	99	-1
1001001000	-2	10087	6697.222	3307.766	12	4.031	63	3.5	104	5.5	8679.333	103.875	0	0	0	9	9	8897	2815	4405	10087	7454	9174	9729	7716	-2	20	10	9	11	15	15	7	9	-2	64	64	64	60	66	65	66	55	-2	105	105	101	105	107	110	108	91	-1
1001001000	-2	10087	6680.778	3302.585	12	4.031	63	3.5	104	5.5	8679.333	103.875	0	0	0	9	9	8904	2794	4381	10087	7471	9038	9729	7725	-2	20	10	9	11	15	15	7	9	-2	64	64	64	60	66	65	66	55	-2	105	105	101	105	107	110	108	91	-1
1001001000	-2	9132	5243.222	2896.42	11.875	3.951	63.125	4.014	103.875	5.988	7894.444	103.625	0	0	0	9	9	6701	2594	1958	9132	5809	5906	8432	6659	-2	20	9	10	11	14	15	7	9	-2	64	64	64	60	65	67	67	54	-2	104	108	101	104	105	111	108	90	-1
1001001000	-2	9132	5632.889	2623.316	11.625	4.121	63	4	103.625	6.143	7894.444	103.625	0	0	0	9	9	7339	3573	3662	9132	5926	6850	7809	6407	-2	20	9	8	11	14	15	7	9	-2	64	64	63	60	65	67	67	54	-2	104	108	99	104	105	111	108	90	-1
1001001000	-2	8691	5179.333	2331.723	11.5	4.213	61.875	4.196	102	6.062	8172.333	102	0	0	0	9	9	6860	5257	3104	8691	5487	5237	5214	6766	-2	20	9	8	11	14	15	7	8	-2	64	65	62	59	60	65	67	53	-2	104	110	98	102	98	107	107	90	-1
1001001000	-2	8691	4398.778	2419.756	12.125	4.014	62.25	4.323	102.25	5.932	8172.333	102	0	0	0	9	9	5920	3476	2172	8691	4865	3358	4369	6740	-2	20	9	13	11	14	15	7	8	-2	64	65	65	59	60	65	67	53	-2	104	110	100	102	98	107	107	90	-1
1001001000	-2	8889	4805.111	2682.084	11.875	4.4	63.375	4.328	104.625	6.04	8674.889	104.625	0	0	0	9	9	8889	5126	2835	8091	4275	2959	3891	7182	-2	21	10	8	10	15	15	8	8	-2	65	66	63	59	67	66	67	54	-2	108	113	100	102	108	107	107	92	-1
1001001000	-2	8298	5469.222	2447.781	11.875	4.4	63.375	4.328	104.625	6.04	8674.889	104.625	0	0	0	9	9	8182	6791	4338	8298	5560	4446	4335	7275	-2	21	10	8	10	15	15	8	8	-2	65	66	63	59	67	66	67	54	-2	108	113	100	102	108	107	107	92	-1
1001001000	-2	10576	5920.444	2971.356	12.375	4.241	66.25	4.206	112.5	6.481	9277.333	112.5	0	0	0	9	9	8978	5907	5696	10576	6187	3842	3942	8158	-2	21	10	8	11	16	15	9	9	-2	67	69	64	64	71	69	69	57	-2	114	121	108	112	116	115	116	98	-1
1001001000	-2	10649	6206.111	2971.079	12.375	4.241	66.25	4.206	112.5	6.481	9277.333	112.5	0	0	0	9	9	9316	5966	5994	10649	6553	4360	4550	8469	-2	21	10	8	11	16	15	9	9	-2	67	69	64	64	71	69	69	57	-2	114	121	108	112	116	115	116	98	-1
1001001000	-2	9098	6434.889	2709.442	14.375	4.241	69.625	5.29	120.5	9.192	9316	120.5	0	0	0	9	9	8707	5649	6519	8803	7932	4480	6728	9098	-2	20	11	9	13	17	16	20	9	-2	68	76	65	69	73	72	75	59	-2	122	134	113	118	124	122	129	102	-1
1001001000	-2	10426	7381	2913.346	15.125	3.855	71.625	5.43	129	13.248	9591.333	129	0	0	0	9	9	8759	10426	6674	7155	9256	6199	8731	9231	-2	19	13	11	14	18	16	21	9	-2	70	80	70	71	74	72	76	60	-2	134	155	119	124	132	127	135	106	-1
1001001000	-2	9231	6584.556	2695.162	15.125	3.855	71.625	5.43	129	13.248	9591.333	129	0	0	0	9	9	8407	8690	5998	6529	7767	4685	7956	9231	-2	19	13	11	14	18	16	21	9	-2	70	80	70	71	74	72	76	60	-2	134	155	119	124	132	127	135	106	-1
1001001000	-2	9749	7718.222	2893.139	18.875	3.689	79.5	7.036	151.25	15.433	8476.333	151.25	0	0	0	9	9	8380	6453	9262	7944	9044	9680	8954	9749	-2	14	22	20	19	20	18	25	13	-2	75	95	79	72	83	76	83	73	-2	152	182	146	133	148	151	166	132	-1
1001001000	-2	8729	7169.778	2623.757	19.875	4.014	81.25	7.529	154.875	17.892	8494	154.875	0	0	0	9	9	7111	6650	8310	8213	8729	8655	8576	8286	-2	14	22	20	20	22	20	27	14	-2	75	95	79	73	84	78	91	75	-2	153	188	146	137	148	156	178	133	-1
1001001000	-2	9836	7681.222	2804.013	19.75	4.116	80.875	8.1	151.125	18.381	8736.889	151.125	0	0	0	9	9	7870	8134	7524	9292	8653	8556	9836	9268	-2	14	20	19	21	19	20	29	16	-2	74	93	80	71	83	78	94	74	-2	142	184	144	134	146	151	178	130	-1
1001001000	-2	9766	7609.222	2781.432	19.75	4.116	80.875	8.1	151.125	18.381	8736.889	151.125	0	0	0	9	9	7865	8012	7364	9274	8576	8542	9766	9086	-2	14	20	19	21	19	20	29	16	-2	74	93	80	71	83	78	94	74	-2	142	184	144	134	146	151	178	130	-1
1001001000	-2	710	191.333	286.606	18.375	3.533	84.25	2.947	121.75	26.616	14533.444	171.75	0	0	5	9	9	0	0	666	0	348	0	0	710	-2	19	13	19	15	18	23	16	24	-2	83	83	87	82	85	89	86	79	-2	108	108	191	107	113	114	110	123	-1
1001001000	-2	1612	787.222	428.369	21.75	4.918	78.125	4.196	130.875	12.752	13373.333	135	0	0	0	9	9	718	660	1612	370	904	1082	731	1010	-2	23	14	27	16	25	27	17	25	-2	79	73	81	74	83	83	80	72	-2	145	127	140	104	134	144	132	121	-1
1001001000	-2	1852	513.889	577.605	20.75	3.897	76.5	4.61	120.75	13.112	12297.111	127.125	0	0	1	9	9	809	184	1852	0	289	1034	190	269	-2	23	14	22	16	24	24	18	25	-2	79	69	80	71	80	80	81	72	-2	132	117	133	93	126	135	112	118	-1
1001001000	-2	1560	511.556	512.456	20.75	3.897	76.5	4.61	125.375	6.707	12297.111	127.125	0	0	0	9	9	542	158	1560	54	437	1259	228	368	-2	23	14	22	16	24	24	18	25	-2	79	69	80	71	80	80	81	72	-2	132	117	133	120	126	135	122	118	-1
1001001000	-2	13558	10690.889	4009.159	21	3.571	81.875	4.54	151.625	16.889	12583.778	151.625	0	0	0	9	9	12817	13195	8779	13558	12147	11478	12761	11485	-2	26	15	25	17	21	22	23	19	-2	83	79	86	82	77	87	87	74	-2	161	146	145	146	136	184	167	128	-1
1001001000	-2	11354	8785.333	3441.348	12	4.33	66.75	3.072	113.125	5.689	9977.444	113.125	0	0	0	9	9	11244	9573	6137	10820	10099	11354	9354	10489	-2	21	11	7	11	16	12	7	11	-2	71	67	66	64	70	66	69	61	-2	119	116	107	115	115	114	118	101	-1
1001001000	-2	11354	8785.333	3441.348	12	4.33	66.75	3.072	113.125	5.689	9977.444	113.125	0	0	0	9	9	11244	9573	6137	10820	10099	11354	9354	10489	-2	21	11	7	11	16	12	7	11	-2	71	67	66	64	70	66	69	61	-2	119	116	107	115	115	114	118	101	-1
1001001000	-2	10396	7490	3253.461	11.25	3.767	62.625	3.352	104.125	6.133	8517.667	104.125	0	0	0	9	9	9910	9469	4299	10396	8859	9684	8817	5978	-2	19	10	7	11	14	13	7	9	-2	65	65	63	60	66	63	64	55	-2	107	109	101	106	108	107	106	89	-1
1001001000	-2	11066	8008.778	3298.915	11.25	3.767	62.625	3.352	104.125	6.133	8517.667	104.125	0	0	0	9	9	11066	10079	5497	10017	9544	9900	9379	6599	-2	19	10	7	11	14	13	7	9	-2	65	65	63	60	66	63	64	55	-2	107	109	101	106	108	107	106	89	-1
1001001000	-2	10320	6896.222	2879.783	11	3.571	60.625	3.314	100.75	5.629	7501.667	100.75	0	0	0	9	9	10320	8595	5606	8828	6666	7544	9032	5477	-2	18	9	7	11	14	13	7	9	-2	63	62	61	59	61	61	65	53	-2	103	105	99	101	101	104	106	87	-1
1001001000	-2	10320	6896.222	2879.783	11	3.571	60.625	3.314	100.75	5.629	7501.667	100.75	0	0	0	9	9	10320	8595	5606	8828	6666	7544	9032	5477	-2	18	9	7	11	14	13	7	9	-2	63	62	61	59	61	61	65	53	-2	103	105	99	101	101	104	106	87	-1
1001001000	-2	8912	5665.111	2933.348	9.875	2.571	59.625	3.462	98.625	6.019	7626.333	98.625	0	0	0	9	9	7645	7002	4220	8890	7837	3483	8912	2999	-2	14	8	7	11	13	11	7	8	-2	63	62	59	59	59	59	64	52	-2	102	105	97	100	99	99	103	84	-1
1001001000	-2	8912	5665.111	2933.348	9.875	2.571	59.625	3.462	98.625	6.019	7626.333	98.625	0	0	0	9	9	7645	7002	4220	8890	7837	3483	8912	2999	-2	14	8	7	11	13	11	7	8	-2	63	62	59	59	59	59	64	52	-2	102	105	97	100	99	99	103	84	-1
1001001000	-2	9084	5339.556	3007.926	9.875	2.713	59.75	2.947	98.75	4.994	7620.111	98.75	0	0	0	9	9	9084	7228	4670	8516	7020	1584	6925	3031	-2	14	8	7	10	14	11	7	8	-2	63	61	59	59	60	60	63	53	-2	102	105	97	100	100	98	101	87	-1
1001001000	-2	9061	5329.556	3006.314	9.875	2.713	59.75	2.947	98.75	4.994	7620.111	98.75	0	0	0	9	9	9061	7221	4648	8516	7025	1582	6907	3008	-2	14	8	7	10	14	11	7	8	-2	63	61	59	59	60	60	63	53	-2	102	105	97	100	100	98	101	87	-1
1001001000	-2	10087	5799.667	2974.111	10.125	2.571	61.125	3.48	101.875	6.009	8250.778	101.875	0	0	0	9	9	10087	8472	6205	8572	6510	2572	4876	4905	-2	13	9	7	11	14	12	7	8	-2	63	65	59	59	63	61	65	54	-2	104	112	98	101	106	100	104	90	-1
1001001000	-2	10087	5799.667	2974.111	10.125	2.571	61.125	3.48	101.875	6.009	8250.778	101.875	0	0	0	9	9	10087	8472	6205	8572	6510	2572	4876	4905	-2	13	9	7	11	14	12	7	8	-2	63	65	59	59	63	61	65	54	-2	104	112	98	101	106	100	104	90	-1
1001001000	-2	9452	5216.444	3014.767	10.75	2.487	63.75	3.929	106.875	6.451	8826	107.5	0	0	0	9	9	9452	5178	4841	9041	4988	1302	4491	7657	-2	12	10	8	12	15	13	8	8	-2	64	67	62	62	68	65	67	55	-2	108	117	105	107	112	102	110	94	-1
1001001000	-2	9526	6797.111	2745.467	11.75	2.278	66.625	3.871	115.5	6.764	9010.778	115.5	0	0	0	9	9	9526	8707	6026	8264	8381	4894	7534	7844	-2	13	11	8	13	15	14	11	9	-2	66	69	64	68	71	67	70	58	-2	115	126	112	115	120	116	119	101	-1
1001001000	-2	9526	6797.111	2745.467	11.75	2.278	66.625	3.871	115.5	6.764	9010.778	115.5	0	0	0	9	9	9526	8707	6026	8264	8381	4894	7534	7844	-2	13	11	8	13	15	14	11	9	-2	66	69	64	68	71	67	70	58	-2	115	126	112	115	120	116	119	101	-1
1001001000	-2	10312	6980.778	2965.026	13.75	2.222	70.625	5.407	126.25	11.02	9225.556	126.25	0	0	0	9	9	9831	8373	5547	7196	9178	5474	10312	6918	-2	13	13	12	15	15	14	18	10	-2	68	79	66	69	75	72	75	61	-2	128	147	115	118	132	127	133	110	-1
1001001000	-2	10098	7698	3037.24	13.75	2.222	70.625	5.407	126.25	11.02	9225.556	126.25	0	0	0	9	9	10006	9919	6198	7809	10098	7085	9869	8300	-2	13	13	12	15	15	14	18	10	-2	68	79	66	69	75	72	75	61	-2	128	147	115	118	132	127	133	110	-1
1001001000	-2	10561	7933.889	2955.404	13.75	2.537	70.875	5.325	126.875	12.791	9126.222	126.875	0	0	0	9	9	10131	9325	7638	7973	8532	9157	10561	8090	-2	12	13	12	14	15	15	19	10	-2	69	80	66	69	75	71	75	62	-2	126	154	115	118	131	127	134	110	-1
1001001000	-2	10881	7331.444	2886.09	13.75	2.537	70.875	5.325	126.875	12.791	9126.222	126.875	0	0	0	9	9	10049	8294	6944	7413	7656	7443	10881	7305	-2	12	13	12	14	15	15	19	10	-2	69	80	66	69	75	71	75	62	-2	126	154	115	118	131	127	134	110	-1
1001001000	-2	10817	8403.556	3082.724	15.125	2.976	73.875	6.03	135	17.371	9113.333	135	0	0	0	9	9	9536	10817	8063	9093	8681	9092	10590	9762	-2	13	14	15	15	15	16	22	11	-2	70	86	70	70	77	73	79	66	-2	131	175	121	121	136	135	144	117	-1
1001001000	-2	9716	7848.778	2893.787	15.25	3.382	74.625	6.143	136.75	17.598	9142.556	136.75	0	0	0	9	9	7810	9693	7302	9076	8215	9413	9716	9416	-2	12	14	13	16	15	17	23	12	-2	70	86	69	71	79	75	80	67	-2	133	175	119	123	137	141	148	118	-1
1002002000	-2	1019	352.222	407.435	19	1.512	117.714	6.386	187.75	35.64	6761.889	254.625	0	0	3	9	9	0	1019	771	0	0	795	588	-1	-2	20	17	18	21	21	18	18	-2	-2	122	115	114	124	120	105	124	-2	-2	156	246	169	158	154	198	177	244	-1
1001001000	-2	1726	797.333	473.969	22	4.796	75.75	4.71	123.5	9.124	12837.667	127	0	0	0	9	9	665	648	1726	557	677	1400	896	609	-2	24	15	29	16	24	27	18	23	-2	77	69	80	71	82	81	75	71	-2	133	121	132	109	122	137	120	114	-1
1001001000	-2	1499	411.444	456.422	20.125	5.555	71.5	5.074	113.25	5.673	11122.222	113.25	0	0	0	9	9	821	93	1499	208	209	582	137	156	-2	24	14	29	15	20	24	12	23	-2	74	64	79	65	77	72	73	68	-2	119	105	120	109	116	117	115	105	-1
1001001000	-2	703	269.444	244.945	18.5	5.05	68.375	5.023	102	9.836	10206.222	106.5	0	0	1	9	9	703	187	527	106	289	534	0	81	-2	24	12	24	14	19	22	11	22	-2	69	62	78	62	69	70	72	65	-2	108	85	116	103	103	111	89	101	-1
1001001000	-2	652	262	234.821	18.5	5.05	68.375	5.023	102	9.836	10206.222	106.5	0	0	1	9	9	652	187	526	107	272	534	0	82	-2	24	12	24	14	19	22	11	22	-2	69	62	78	62	69	70	72	65	-2	108	85	116	103	103	111	89	101	-1
1001001000	-2	8939	2285.222	2648.933	20.125	5.487	75.125	4.729	115.5	12.176	11303.333	121.75	0	0	0	9	9	2415	4353	1453	605	1125	8939	444	1235	-2	27	14	30	17	21	21	14	17	-2	76	76	84	76	68	74	78	69	-2	120	125	130	116	113	127	98	95	-1
1001001000	-2	9533	2840.556	2762.302	20.125	5.487	75.125	4.729	119.375	11.146	11303.333	121.75	0	0	0	9	9	2487	5128	1726	724	1261	9533	3291	1417	-2	27	14	30	17	21	21	14	17	-2	76	76	84	76	68	74	78	69	-2	121	125	130	116	113	127	129	94	-1
1001001000	-2	12804	10248.778	3946.053	15	4.69	73.125	3.621	124.75	7.562	11162.333	124.75	0	0	0	9	9	12728	11259	8319	12804	9312	12360	12745	12714	-2	25	13	14	14	19	14	8	13	-2	76	73	76	74	70	75	76	65	-2	134	126	122	127	117	130	132	110	-1
1001001000	-2	12009	9191.333	3384.361	15	4.69	73.125	3.621	124.75	7.562	11162.333	124.75	0	0	0	9	9	9694	10002	9076	11480	11193	9818	9452	12009	-2	25	13	14	14	19	14	8	13	-2	76	73	76	74	70	75	76	65	-2	134	126	122	127	117	130	132	110	-1
1001001000	-2	9459	7641.222	2758.361	12.25	4.176	66.25	4.294	111.875	6.679	8887.222	111.875	0	0	0	9	9	8690	8658	8037	8410	9459	8591	7565	9363	-2	21	11	8	12	16	12	7	11	-2	70	67	69	64	70	67	67	56	-2	116	116	111	112	115	117	113	95	-1
1001001000	-2	9459	7641.222	2758.361	12.25	4.176	66.25	4.294	111.875	6.679	8887.222	111.875	0	0	0	9	9	8690	8658	8037	8410	9459	8591	7565	9363	-2	21	11	8	12	16	12	7	11	-2	70	67	69	64	70	67	67	56	-2	116	116	111	112	115	117	113	95	-1
1001001000	-2	9261	6628.556	2827.689	8.875	2.421	58.75	2.817	97.875	4.936	7051.333	97.875	0	0	0	9	9	8618	8269	7499	9261	6752	7241	8510	3509	-2	14	8	7	7	11	9	6	9	-2	62	59	60	59	56	57	63	54	-2	100	101	97	100	96	100	103	86	-1
1001001000	-2	9740	6915.333	3016.273	8.875	2.421	58.75	2.817	97.875	4.936	7051.333	97.875	0	0	0	9	9	9345	8269	7895	9404	6752	7241	9740	3594	-2	14	8	7	7	11	9	6	9	-2	62	59	60	59	56	57	63	54	-2	100	101	97	100	96	100	103	86	-1
1001001000	-2	9381	6559.444	3187.24	8.75	1.714	57.625	2.826	95.875	4.702	7034.556	95.875	0	0	0	9	9	8715	8600	8143	8044	7262	7401	9381	1491	-2	12	8	7	8	11	8	7	9	-2	61	59	55	58	56	57	62	53	-2	98	100	93	97	95	99	100	85	-1
1001001000	-2	9381	6559.444	3187.24	8.75	1.714	57.625	2.826	95.875	4.702	7034.556	95.875	0	0	0	9	9	8715	8600	8143	8044	7262	7401	9381	1491	-2	12	8	7	8	11	8	7	9	-2	61	59	55	58	56	57	62	53	-2	98	100	93	97	95	99	100	85	-1
1001001000	-2	9416	6299.889	2926.398	8.5	1.5	57.375	2.736	96.375	3.998	7175.444	96.375	0	0	0	9	9	9072	6961	7899	7592	7182	6084	9416	2495	-2	11	8	7	8	11	8	7	8	-2	60	58	56	57	57	57	62	52	-2	99	100	95	95	97	98	100	87	-1
1001001000	-2	9416	6299.889	2926.398	8.5	1.5	57.375	2.736	96.375	3.998	7175.444	96.375	0	0	0	9	9	9072	6961	7899	7592	7182	6084	9416	2495	-2	11	8	7	8	11	8	7	8	-2	60	58	56	57	57	57	62	52	-2	99	100	95	95	97	98	100	87	-1
1001001000	-2	9694	6495.778	3018.365	8.875	1.452	58.25	2.586	97.375	3.998	7714.556	97.375	0	0	0	9	9	9569	7530	8317	8054	7300	4301	9694	3699	-2	11	8	8	11	10	8	7	8	-2	58	60	58	58	58	58	63	53	-2	97	103	96	96	98	98	102	89	-1
1001001000	-2	9705	6501.889	3013.493	8.875	1.452	58.25	2.586	97.375	3.998	7714.556	97.375	0	0	0	9	9	9553	7539	8320	8054	7300	4301	9705	3747	-2	11	8	8	11	10	8	7	8	-2	58	60	58	58	58	58	63	53	-2	97	103	96	96	98	98	102	89	-1
1001001000	-2	9557	6681.667	3109.071	8.875	1.452	58.625	2.87	98.875	4.622	8029.667	98.875	0	0	0	9	9	9466	8447	8346	7679	7969	2497	9557	6176	-2	10	8	8	11	11	8	7	8	-2	57	62	58	57	61	59	62	53	-2	97	108	97	96	101	97	103	92	-1
1001001000	-2	10392	6876.444	2978.228	10	1.225	61.5	3.122	105.5	5.454	8586.444	105.5	0	0	0	9	9	10392	8384	9295	8054	7193	3805	7931	6836	-2	11	10	8	12	11	10	9	9	-2	61	65	61	60	62	62	66	55	-2	104	116	103	103	107	105	110	96	-1
1001001000	-2	10392	6876.444	2978.228	10	1.225	61.5	3.122	105.5	5.454	8586.444	105.5	0	0	0	9	9	10392	8384	9295	8054	7193	3805	7931	6836	-2	11	10	8	12	11	10	9	9	-2	61	65	61	60	62	62	66	55	-2	104	116	103	103	107	105	110	96	-1
1001001000	-2	9946	6749.444	2790.076	10.125	1.166	62.125	3.37	107.25	6.078	8681.778	107.25	0	0	0	9	9	9946	7675	9046	7452	6422	5401	8961	5844	-2	11	10	8	12	11	10	10	9	-2	60	67	61	59	63	63	67	57	-2	104	120	104	103	109	107	112	99	-1
1001001000	-2	9886	6561.778	2822.795	11.125	1.763	65.125	3.37	113.25	6.036	8604.667	113.25	0	0	0	9	9	9886	6837	8550	7216	6943	4722	9453	5451	-2	11	11	9	12	11	11	15	9	-2	64	69	62	65	67	65	70	59	-2	112	124	108	111	115	114	119	103	-1
1001001000	-2	10271	6565.222	2853.78	12.125	2.803	67.5	4.444	118.125	7.817	8659.333	118.125	0	0	0	9	9	10271	6051	8592	5647	7347	6219	9580	5382	-2	12	12	10	12	11	12	19	9	-2	68	72	63	68	71	66	73	59	-2	119	131	111	115	122	118	125	104	-1
1001001000	-2	10271	6565.222	2853.78	12.125	2.803	67.5	4.444	118.125	7.817	8659.333	118.125	0	0	0	9	9	10271	6051	8592	5647	7347	6219	9580	5382	-2	12	12	10	12	11	12	19	9	-2	68	72	63	68	71	66	73	59	-2	119	131	111	115	122	118	125	104	-1
1001001000	-2	8855	6016.111	2555.045	12.25	3.419	67.125	4.343	117.375	7.921	8614.111	117.375	0	0	0	9	9	8446	4357	8222	5256	6275	6192	8855	6544	-2	11	11	11	10	11	13	21	10	-2	66	71	63	69	68	67	74	59	-2	116	129	111	116	117	119	128	103	-1
1001001000	-2	8855	6016.111	2555.045	12.25	3.419	67.125	4.343	117.375	7.921	8614.111	117.375	0	0	0	9	9	8446	4357	8222	5256	6275	6192	8855	6544	-2	11	11	11	10	11	13	21	10	-2	66	71	63	69	68	67	74	59	-2	116	129	111	116	117	119	128	103	-1
1001001000	-2	8011	6406.222	2325.583	11.75	2.905	66	4.528	115.5	8.185	8672.444	115.5	0	0	0	9	9	7480	7289	7449	8011	6921	6023	6923	7562	-2	11	10	10	10	11	13	19	10	-2	62	72	63	65	65	67	74	60	-2	112	129	108	112	114	118	127	104	-1
1001001000	-2	572	328.333	174.161	15	2.449	90.375	2.736	158.5	14.274	13438.889	165.375	0	0	0	9	9	358	505	250	156	572	252	364	500	-2	18	17	14	13	13	16	11	18	-2	87	88	92	89	89	94	95	89	-2	126	160	168	167	163	148	175	161	-1
1001001000	-2	1342	275.778	392.211	18	6.708	64.5	6.519	98.75	6.32	8965.556	98.875	0	0	0	9	9	149	343	1342	100	244	237	39	30	-2	22	11	17	12	16	20	33	13	-2	65	59	73	56	61	68	75	59	-2	100	94	110	93	96	107	99	91	-1
1001001000	-2	3542	1429.222	897.971	17.25	5.019	68.25	4.657	106	7.467	9530.667	107.625	0	0	0	9	9	1523	1453	1638	969	3542	1607	762	1371	-2	25	12	24	16	19	18	10	14	-2	70	66	79	66	66	68	69	62	-2	110	103	121	105	109	107	95	98	-1
1001001000	-2	13310	10431.222	3860.168	16.5	4.031	74.5	4.796	127	7.089	11666	127	0	0	0	9	9	12461	11503	8911	12368	11540	11647	13310	12143	-2	25	13	19	16	19	14	12	14	-2	75	75	84	75	71	73	77	66	-2	130	128	137	124	120	128	135	114	-1
1001001000	-2	13310	10431.222	3860.168	16.5	4.031	74.5	4.796	127	7.089	11666	127	0	0	0	9	9	12461	11503	8911	12368	11540	11647	13310	12143	-2	25	13	19	16	19	14	12	14	-2	75	75	84	75	71	73	77	66	-2	130	128	137	124	120	128	135	114	-1
1001001000	-2	12013	9107	3323.005	12.75	3.865	68.875	4.314	119.75	6.24	9854.778	119.75	0	0	0	9	9	10275	9198	11191	10012	12013	9594	9603	10079	-2	21	11	9	13	16	12	8	12	-2	72	69	75	70	70	68	68	59	-2	126	122	123	121	119	122	121	104	-1
1001001000	-2	12013	9107	3323.005	12.75	3.865	68.875	4.314	119.75	6.24	9854.778	119.75	0	0	0	9	9	10275	9198	11191	10012	12013	9594	9603	10079	-2	21	11	9	13	16	12	8	12	-2	72	69	75	70	70	68	68	59	-2	126	122	123	121	119	122	121	104	-1
1001001000	-2	9200	6280	2596.119	8.25	2.046	54.75	2.947	93	4.555	6362.556	93	0	0	0	9	9	9200	7323	7248	7957	7182	6345	7391	3876	-2	13	7	7	7	9	8	6	9	-2	61	55	51	57	54	55	53	52	-2	98	96	89	97	94	96	90	84	-1
1001001000	-2	9200	6280	2596.119	8.25	2.046	54.75	2.947	93	4.555	6362.556	93	0	0	0	9	9	9200	7323	7248	7957	7182	6345	7391	3876	-2	13	7	7	7	9	8	6	9	-2	61	55	51	57	54	55	53	52	-2	98	96	89	97	94	96	90	84	-1
1001001000	-2	8249	5373.556	2657.403	8	1.5	53.375	2.176	89.875	3.48	5540.667	89.875	0	0	0	9	9	7684	8249	5766	5734	7006	6053	6535	1337	-2	11	7	7	8	9	7	6	9	-2	57	53	51	56	54	54	51	51	-2	92	92	88	92	92	93	88	82	-1
1001001000	-2	8249	5373.556	2657.403	8	1.5	53.375	2.176	89.875	3.48	5540.667	89.875	0	0	0	9	9	7684	8249	5766	5734	7006	6053	6535	1337	-2	11	7	7	8	9	7	6	9	-2	57	53	51	56	54	54	51	51	-2	92	92	88	92	92	93	88	82	-1
1001001000	-2	7986	5331.222	2548.341	7.875	1.364	53.625	1.798	90.125	3.219	5688.444	90.125	0	0	0	9	9	7176	7986	7054	6010	6975	5195	5876	1711	-2	10	7	7	8	10	7	6	8	-2	55	54	53	56	54	55	50	52	-2	90	94	91	91	92	93	86	84	-1
1001001000	-2	7986	5331.222	2548.341	7.875	1.364	53.625	1.798	90.125	3.219	5688.444	90.125	0	0	0	9	9	7176	7986	7054	6010	6975	5195	5876	1711	-2	10	7	7	8	10	7	6	8	-2	55	54	53	56	54	55	50	52	-2	90	94	91	91	92	93	86	84	-1
1001001000	-2	8552	5417.889	2405.783	8	1.225	52.875	1.763	90	3.354	5936	90	0	0	0	9	9	6557	8552	6748	5273	7576	5034	5807	3216	-2	10	7	7	7	10	8	7	8	-2	52	54	51	55	55	54	50	52	-2	87	95	89	91	94	92	87	85	-1
1001001000	-2	8552	5417.889	2405.783	8	1.225	52.875	1.763	90	3.354	5936	90	0	0	0	9	9	6557	8552	6748	5273	7576	5034	5807	3216	-2	10	7	7	7	10	8	7	8	-2	52	54	51	55	55	54	50	52	-2	87	95	89	91	94	92	87	85	-1
1001001000	-2	8698	6157.556	2389.841	8.125	1.166	53.5	2.179	92	3.536	6545.111	92	0	0	0	9	9	7515	8698	6386	7377	7591	6105	6713	5035	-2	10	7	7	8	10	8	7	8	-2	52	54	51	55	57	55	54	50	-2	89	95	90	91	97	96	92	86	-1
1001001000	-2	8659	6146.444	2383.972	8.125	1.166	53.5	2.179	92	3.536	6545.111	92	0	0	0	9	9	7503	8659	6386	7374	7569	6102	6713	5014	-2	10	7	7	8	10	8	7	8	-2	52	54	51	55	57	55	54	50	-2	89	95	90	91	97	96	92	86	-1
1001001000	-2	9641	7209.556	2764.254	8.375	0.992	56.25	2.773	96.75	4.146	7418.667	96.75	0	0	0	9	9	9505	9129	6312	7583	7508	7080	9641	8130	-2	10	8	8	7	10	8	8	8	-2	55	58	53	56	60	56	60	52	-2	94	103	94	94	101	98	100	90	-1
1001001000	-2	9641	7209.556	2764.254	8.375	0.992	56.25	2.773	96.75	4.146	7418.667	96.75	0	0	0	9	9	9505	9129	6312	7583	7508	7080	9641	8130	-2	10	8	8	7	10	8	8	8	-2	55	58	53	56	60	56	60	52	-2	94	103	94	94	101	98	100	90	-1
1001001000	-2	10291	7063	2802.691	8.5	0.866	57.75	3.865	100.375	5.611	7429.222	100.375	0	0	0	9	9	8860	9332	6439	6823	7065	8197	10291	6562	-2	10	8	8	8	10	8	8	8	-2	55	60	55	56	61	58	65	52	-2	96	109	97	97	103	101	108	92	-1
1001001000	-2	10351	7079.556	2809.32	8.5	0.866	57.75	3.865	100.375	5.611	7429.222	100.375	0	0	0	9	9	8860	9332	6439	6832	7092	8197	10351	6615	-2	10	8	8	8	10	8	8	8	-2	55	60	55	56	61	58	65	52	-2	96	109	97	97	103	101	108	92	-1
1001001000	-2	10467	7232.778	2806.057	9.375	0.857	61.25	3.7	107	5.831	7605	107	0	0	0	9	9	8600	10467	7759	6668	7373	8158	9346	6726	-2	10	9	9	8	11	9	10	9	-2	58	65	61	58	62	62	68	56	-2	102	117	105	102	109	108	114	99	-1
1001001000	-2	10467	7232.778	2806.057	9.375	0.857	61.25	3.7	107	5.831	7605	107	0	0	0	9	9	8600	10467	7759	6668	7373	8158	9346	6726	-2	10	9	9	8	11	9	10	9	-2	58	65	61	58	62	62	68	56	-2	102	117	105	102	109	108	114	99	-1
1001001000	-2	8909	6389	2446.042	10.25	2.046	62.875	4.4	110.75	6.666	7439.333	110.75	0	0	0	9	9	7741	7130	8230	5606	6699	6378	8909	6810	-2	11	10	9	8	11	9	15	9	-2	59	69	62	59	64	63	70	57	-2	106	123	107	105	113	112	118	102	-1
1001001000	-2	8909	6389	2446.042	10.25	2.046	62.875	4.4	110.75	6.666	7439.333	110.75	0	0	0	9	9	7741	7130	8230	5606	6699	6378	8909	6810	-2	11	10	9	8	11	9	15	9	-2	59	69	62	59	64	63	70	57	-2	106	123	107	105	113	112	118	102	-1
1001001000	-2	7986	5431.778	2394.375	10.25	1.714	61.75	3.767	108.75	6.26	7579.333	108.75	0	0	0	9	9	7986	4317	7639	3572	5626	5440	7199	7109	-2	11	10	9	8	11	10	14	9	-2	59	67	59	59	63	62	68	57	-2	105	120	104	104	112	110	115	100	-1
1001001000	-2	7986	5431.778	2394.375	10.25	1.714	61.75	3.767	108.75	6.26	7579.333	108.75	0	0	0	9	9	7986	4317	7639	3572	5626	5440	7199	7109	-2	11	10	9	8	11	10	14	9	-2	59	67	59	59	63	62	68	57	-2	105	120	104	104	112	110	115	100	-1
1002002000	-2	905	481.667	331.288	11.857	3.603	58.286	4.527	84.625	24.799	7805.333	94	0	0	1	9	9	289	891	905	407	387	706	752	0	-2	16	12	13	10	9	17	6	-2	-2	61	52	63	55	60	64	53	-2	-2	93	87	102	89	89	105	91	21	-1
1001001000	-2	1956	953.111	693.644	14.375	3.426	62.875	6.412	102.125	8.085	9049.667	102.5	0	0	0	9	9	1907	1276	1587	530	567	441	316	1956	-2	21	12	17	14	16	14	9	12	-2	67	59	77	62	60	64	60	54	-2	107	96	120	101	102	103	96	92	-1
1001001000	-2	12278	9380	3491.588	14.375	3.199	68.25	5.826	118.75	6.437	10791.333	118.75	0	0	0	9	9	12278	11296	11303	9473	9063	11255	8925	10829	-2	21	12	16	15	16	13	10	12	-2	70	69	81	70	63	66	67	60	-2	121	117	133	120	114	118	118	109	-1
1001001000	-2	12405	9422.778	3517.006	14.375	3.199	68.25	5.826	118.75	6.437	10791.333	118.75	0	0	0	9	9	12405	11416	11327	9497	9073	11334	8926	10829	-2	21	12	16	15	16	13	10	12	-2	70	69	81	70	63	66	67	60	-2	121	117	133	120	114	118	118	109	-1
1001001000	-2	12138	9298.222	3473.296	10.625	2.446	63.5	5.148	110.625	5.678	9719.333	110.625	0	0	0	9	9	11551	9522	11674	9980	8421	9761	12138	10639	-2	16	10	9	12	11	10	7	10	-2	67	65	71	67	54	61	65	58	-2	114	115	117	115	102	110	111	101	-1
1001001000	-2	12138	9298.222	3473.296	10.625	2.446	63.5	5.148	110.625	5.678	9719.333	110.625	0	0	0	9	9	11551	9522	11674	9980	8421	9761	12138	10639	-2	16	10	9	12	11	10	7	10	-2	67	65	71	67	54	61	65	58	-2	114	115	117	115	102	110	111	101	-1
1001001000	-2	8482	5186.111	2724.074	7.625	1.654	51.5	2.449	86.875	4.428	5280.444	86.875	0	0	0	9	9	5505	8346	6767	5368	8482	6463	4297	1449	-2	11	7	7	7	8	7	5	9	-2	52	51	51	55	53	53	46	51	-2	85	91	89	92	89	89	79	81	-1
1001001000	-2	8482	5106.667	2740.71	7.625	1.654	51.5	2.449	86.875	4.428	5280.444	86.875	0	0	0	9	9	5366	8187	6767	5368	8482	6395	4194	1203	-2	11	7	7	7	8	7	5	9	-2	52	51	51	55	53	53	46	51	-2	85	91	89	92	89	89	79	81	-1
1001001000	-2	8096	4310.444	2574.753	7.75	1.199	51.5	2.062	85.375	2.955	4721.556	85.375	0	0	0	9	9	4892	8096	5620	3148	7234	5155	4085	566	-2	10	7	7	8	8	7	6	9	-2	53	52	50	54	53	52	47	51	-2	86	89	86	87	87	87	80	81	-1
1001001000	-2	8096	4310.444	2574.753	7.75	1.199	51.5	2.062	85.375	2.955	4721.556	85.375	0	0	0	9	9	4892	8096	5620	3148	7234	5155	4085	566	-2	10	7	7	8	8	7	6	9	-2	53	52	50	54	53	52	47	51	-2	86	89	86	87	87	87	80	81	-1
1001001000	-2	7831	3979.111	2501.24	7.375	1.111	50.875	2.204	85.25	3.666	4666.667	85.25	0	0	0	9	9	2029	7831	6206	3995	6488	4826	3571	868	-2	9	6	7	7	9	7	6	8	-2	51	51	50	55	53	50	47	50	-2	83	89	87	88	90	85	80	80	-1
1001001000	-2	7831	3979.111	2501.24	7.375	1.111	50.875	2.204	85.25	3.666	4666.667	85.25	0	0	0	9	9	2029	7831	6206	3995	6488	4826	3571	868	-2	9	6	7	7	9	7	6	8	-2	51	51	50	55	53	50	47	50	-2	83	89	87	88	90	85	80	80	-1
1001001000	-2	7317	4057.333	2323.39	7.375	1.111	51.125	2.368	86	3.674	5114.111	86	0	0	0	9	9	1980	7317	6781	4346	5084	5729	3589	1692	-2	9	6	7	7	9	7	6	8	-2	52	51	50	55	54	50	47	50	-2	85	90	87	88	91	86	80	81	-1
1001001000	-2	7317	4057.333	2323.39	7.375	1.111	51.125	2.368	86	3.674	5114.111	86	0	0	0	9	9	1980	7317	6781	4346	5084	5729	3589	1692	-2	9	6	7	7	9	7	6	8	-2	52	51	50	55	54	50	47	50	-2	85	90	87	88	91	86	80	81	-1
1001001000	-2	7287	5160.444	2069.502	7.5	1	51.875	2.315	88.375	2.913	5860.778	88.375	0	0	0	9	9	4060	7287	6034	6375	6703	5833	5811	4343	-2	9	6	7	7	9	7	7	8	-2	52	52	50	55	56	50	49	51	-2	87	91	88	90	94	87	85	85	-1
1001001000	-2	7287	5160.444	2069.502	7.5	1	51.875	2.315	88.375	2.913	5860.778	88.375	0	0	0	9	9	4060	7287	6034	6375	6703	5833	5811	4343	-2	9	6	7	7	9	7	7	8	-2	52	52	50	55	56	50	49	51	-2	87	91	88	90	94	87	85	85	-1
1001001000	-2	8603	6644.667	2468.62	7.875	1.053	54.125	2.26	92.75	3.231	6793.333	92.75	0	0	0	9	9	7784	8603	5882	7945	7880	6873	6925	7912	-2	10	7	8	7	9	7	7	8	-2	53	55	52	56	59	52	53	53	-2	91	97	92	93	99	90	90	90	-1
1001001000	-2	8603	6644.667	2468.62	7.875	1.053	54.125	2.26	92.75	3.231	6793.333	92.75	0	0	0	9	9	7784	8603	5882	7945	7880	6873	6925	7912	-2	10	7	8	7	9	7	7	8	-2	53	55	52	56	59	52	53	53	-2	91	97	92	93	99	90	90	90	-1
1001001000	-2	8601	6528.556	2445.615	8.125	0.927	55.75	2.107	96.875	2.759	6668.667	96.875	0	0	0	9	9	8601	8002	5921	7348	7364	6210	8063	7250	-2	10	7	8	7	9	8	8	8	-2	54	55	54	57	60	56	57	53	-2	94	100	96	97	101	98	97	92	-1
1001001000	-2	8601	6528.556	2445.615	8.125	0.927	55.75	2.107	96.875	2.759	6668.667	96.875	0	0	0	9	9	8601	8002	5921	7348	7364	6210	8063	7250	-2	10	7	8	7	9	8	8	8	-2	54	55	54	57	60	56	57	53	-2	94	100	96	97	101	98	97	92	-1
1001001000	-2	9091	6638.889	2531.544	8.875	0.781	58.625	2.997	102.75	4.521	6646.778	102.75	0	0	0	9	9	7795	8177	6164	6851	8032	7711	9091	5931	-2	10	8	8	8	10	9	9	9	-2	55	59	56	59	63	59	63	55	-2	98	108	99	101	108	105	107	96	-1
1001001000	-2	8640	6302.556	2381.373	9.125	1.053	59.375	3.276	104.625	5.097	6552.778	104.625	0	0	0	9	9	6696	8105	6664	5983	6917	7632	8640	6088	-2	11	8	8	8	10	9	10	9	-2	55	62	57	59	63	60	64	55	-2	100	112	100	103	110	106	109	97	-1
1001001000	-2	8640	6302.556	2381.373	9.125	1.053	59.375	3.276	104.625	5.097	6552.778	104.625	0	0	0	9	9	6696	8105	6664	5983	6917	7632	8640	6088	-2	11	8	8	8	10	9	10	9	-2	55	62	57	59	63	60	64	55	-2	100	112	100	103	110	106	109	97	-1
1001001000	-2	8378	5938.778	2309.823	9.125	0.781	57.75	2.586	100.75	4.176	6676	100.75	0	0	0	9	9	6653	7203	6651	4952	5355	7197	8378	7062	-2	10	9	8	8	10	9	10	9	-2	55	59	55	58	61	59	61	54	-2	98	105	97	98	105	104	105	94	-1
1005005000	-2	720	227.222	269.409	16	4.637	62.25	4.71	60.625	40.224	10167	96.5	0	0	4	9	9	427	0	528	372	0	720	0	0	-2	17	-2	22	9	-2	16	-2	-2	-2	64	-2	68	55	-2	62	-2	-2	-2	99	21	111	85	21	106	21	21	-1
1005005000	-2	429	130.444	161.519	16	4.637	62.25	4.71	57	36.035	10167	96.5	0	0	4	9	9	261	0	149	337	0	429	0	0	-2	17	-2	22	9	-2	16	-2	-2	-2	64	-2	68	55	-2	62	-2	-2	-2	96	21	90	92	21	94	21	21	-1
1001001000	-2	2063	522	564.517	12.875	2.848	58.5	5.679	94.875	6.716	7651.444	94.625	0	0	0	9	9	405	396	2063	264	445	298	267	562	-2	18	10	17	12	12	13	11	10	-2	59	56	72	55	55	60	59	52	-2	93	90	110	90	94	99	96	87	-1
1001001000	-2	3917	1065.444	1136.8	12.5	2.646	59.375	5.337	96.125	6.641	8154.556	96.875	0	0	0	9	9	1705	494	3917	323	507	679	436	1530	-2	18	10	15	13	12	12	10	10	-2	64	56	70	60	55	61	57	52	-2	96	91	112	95	93	99	94	89	-1
1001001000	-2	13150	9676	3595.855	12.75	2.222	65.625	6.163	116.25	6.514	10502.556	116.25	0	0	0	9	9	11958	10046	13150	11394	9205	10075	10899	10359	-2	17	11	15	14	12	12	10	11	-2	70	62	77	68	55	65	67	61	-2	120	111	128	116	107	119	120	109	-1
1001001000	-2	11595	9366.333	3526.491	9.75	2.107	60.625	3.569	104.875	4.256	9784.667	104.875	0	0	0	9	9	11425	9931	11355	10807	10913	10884	11595	7389	-2	14	8	9	12	9	9	7	10	-2	62	58	66	64	54	61	62	58	-2	105	104	110	110	100	107	106	97	-1
1001001000	-2	11216	8796	3320.326	9.75	2.107	60.625	3.569	104.875	4.256	9784.667	104.875	0	0	0	9	9	11216	8667	10825	9107	10917	10051	10826	7557	-2	14	8	9	12	9	9	7	10	-2	62	58	66	64	54	61	62	58	-2	105	104	110	110	100	107	106	97	-1
1001001000	-2	8335	3852.667	2789.021	7.125	1.536	49.875	2.571	81.25	5.739	4121.444	81.25	0	0	0	9	9	3057	8335	7243	2987	4258	6339	2244	213	-2	10	6	6	7	7	7	5	9	-2	50	50	50	54	50	50	44	51	-2	80	86	87	87	81	84	75	70	-1
1001001000	-2	8335	3852.667	2789.021	7.125	1.536	49.875	2.571	81.25	5.739	4121.444	81.25	0	0	0	9	9	3057	8335	7243	2987	4258	6339	2244	213	-2	10	6	6	7	7	7	5	9	-2	50	50	50	54	50	50	44	51	-2	80	86	87	87	81	84	75	70	-1
1001001000	-2	7468	3315.333	2463.66	7.375	1.317	49.875	1.763	82.375	3.12	3768.444	82.375	0	0	0	9	9	3159	7468	6574	1931	3864	4793	1676	375	-2	9	6	7	8	8	7	5	9	-2	50	51	49	52	51	49	46	51	-2	81	86	86	84	83	83	76	80	-1
1001001000	-2	7468	3296.889	2463.124	7.375	1.317	49.875	1.763	82.375	3.12	3768.444	82.375	0	0	0	9	9	3134	7468	6573	1928	3763	4781	1662	365	-2	9	6	7	8	8	7	5	9	-2	50	51	49	52	51	49	46	51	-2	81	86	86	84	83	83	76	80	-1
1001001000	-2	7454	3614	2427.766	7.25	0.968	50.375	1.932	84.25	3.152	4567.556	84.25	0	0	0	9	9	2702	7454	6165	3670	3355	6295	2220	667	-2	9	6	7	7	8	7	6	8	-2	49	50	50	54	52	50	47	51	-2	80	87	88	87	85	86	80	81	-1
1001001000	-2	7454	3614	2427.766	7.25	0.968	50.375	1.932	84.25	3.152	4567.556	84.25	0	0	0	9	9	2702	7454	6165	3670	3355	6295	2220	667	-2	9	6	7	7	8	7	6	8	-2	49	50	50	54	52	50	47	51	-2	80	87	88	87	85	86	80	81	-1
1001001000	-2	7480	3803.889	2371.296	7.125	1.053	50	1.871	84.25	2.537	4983.444	84.25	0	0	0	9	9	2584	7480	6342	4029	4022	6079	2792	909	-2	9	6	7	7	8	6	6	8	-2	50	50	49	53	52	48	47	51	-2	83	87	86	86	87	84	80	81	-1
1001001000	-2	7480	3820.556	2370.063	7.125	1.053	50	1.871	84.25	2.537	4983.444	84.25	0	0	0	9	9	2628	7480	6372	4050	4052	6079	2798	928	-2	9	6	7	7	8	6	6	8	-2	50	50	49	53	52	48	47	51	-2	83	87	86	86	87	84	80	81	-1
1001001000	-2	7313	4953.778	2110.277	8.25	2.332	50.75	1.854	86.5	2.236	5819.333	86.375	0	0	0	9	9	4368	6764	7313	5342	5033	6922	5354	3490	-2	9	6	7	14	8	7	7	8	-2	51	49	50	54	53	50	48	51	-2	85	87	89	89	89	86	83	84	-1
1001001000	-2	7313	4953.778	2110.277	8.25	2.332	50.75	1.854	86.5	2.236	5819.333	86.375	0	0	0	9	9	4368	6764	7313	5342	5033	6922	5354	3490	-2	9	6	7	14	8	7	7	8	-2	51	49	50	54	53	50	48	51	-2	85	87	89	89	89	86	83	84	-1
1001001000	-2	8390	6297.778	2342.334	8.375	2.288	52.625	2.233	91.375	2.643	6518	91.375	0	0	0	9	9	7831	6898	6081	7137	7501	5990	6854	8390	-2	9	6	8	14	8	7	7	8	-2	52	52	51	56	56	52	49	53	-2	90	93	91	94	96	90	87	90	-1
1001001000	-2	8390	6298.556	2342.327	8.375	2.288	52.625	2.233	91.375	2.643	6518	91.375	0	0	0	9	9	7823	6898	6081	7137	7512	5994	6854	8390	-2	9	6	8	14	8	7	7	8	-2	52	52	51	56	56	52	49	53	-2	90	93	91	94	96	90	87	90	-1
1001001000	-2	7873	6337.667	2357.879	8.25	0.829	55.25	2.046	96.75	2.437	6325.556	96.75	0	0	0	9	9	7873	6746	5737	7846	7645	6119	7694	7381	-2	10	7	8	8	9	8	8	8	-2	54	55	53	58	59	55	53	55	-2	95	98	95	98	102	97	94	95	-1
1001001000	-2	7873	6337.667	2357.879	8.25	0.829	55.25	2.046	96.75	2.437	6325.556	96.75	0	0	0	9	9	7873	6746	5737	7846	7645	6119	7694	7381	-2	10	7	8	8	9	8	8	8	-2	54	55	53	58	59	55	53	55	-2	95	98	95	98	102	97	94	95	-1
1001001000	-2	7680	6165.444	2253.848	8.25	0.829	56.25	1.854	98.75	2.385	6176.667	98.75	0	0	0	9	9	7175	7114	6116	7680	7515	6087	7428	6376	-2	10	7	8	8	9	8	8	8	-2	55	57	55	58	60	56	55	54	-2	97	101	98	99	103	100	97	95	-1
1001001000	-2	7680	6165.444	2253.848	8.25	0.829	56.25	1.854	98.75	2.385	6176.667	98.75	0	0	0	9	9	7175	7114	6116	7680	7515	6087	7428	6376	-2	10	7	8	8	9	8	8	8	-2	55	57	55	58	60	56	55	54	-2	97	101	98	99	103	100	97	95	-1
1001001000	-2	7423	5952.889	2138.824	8.375	0.696	56.625	1.798	99.75	2.537	5984.889	99.75	0	0	0	9	9	6736	6610	6187	7423	7023	6094	6805	6700	-2	10	8	8	8	9	8	8	8	-2	55	57	56	59	60	56	55	55	-2	98	102	98	100	104	102	98	96	-1
1001001000	-2	7423	5952.889	2138.824	8.375	0.696	56.625	1.798	99.75	2.537	5984.889	99.75	0	0	0	9	9	6736	6610	6187	7423	7023	6094	6805	6700	-2	10	8	8	8	9	8	8	8	-2	55	57	56	59	60	56	55	55	-2	98	102	98	100	104	102	98	96	-1
1007007000	-2	533	82.889	172.718	12.5	3.5	75	1	49.875	50.064	10328.222	138.875	0	0	6	9	9	0	0	0	215	0	533	0	0	-2	-2	-2	-2	9	-2	16	-2	-2	-2	-2	-2	-2	74	-2	76	-2	-2	-2	21	21	21	132	21	141	21	21	-1
1007007000	-2	559	89	182.797	11	4	47.5	3.5	36.25	26.456	7258	82.125	0	0	6	9	9	0	0	0	244	0	559	0	0	-2	-2	-2	-2	7	-2	15	-2	-2	-2	-2	-2	-2	44	-2	51	-2	-2	-2	21	21	21	79	21	85	21	21	-1
1001001000	-2	12446	8276	3327.335	10.25	1.92	62.125	4.106	108.25	4.521	10173.889	108.25	0	0	0	9	9	10632	9406	10114	8380	6439	8560	12446	8509	-2	13	9	12	13	9	9	8	9	-2	65	58	69	65	55	63	61	61	-2	113	102	115	108	103	110	111	104	-1
1001001000	-2	12446	8276	3327.335	10.25	1.92	62.125	4.106	108.25	4.521	10173.889	108.25	0	0	0	9	9	10632	9406	10114	8380	6439	8560	12446	8509	-2	13	9	12	13	9	9	8	9	-2	65	58	69	65	55	63	61	61	-2	113	102	115	108	103	110	111	104	-1
1001001000	-2	10122	7382.889	3160.393	9	1.658	57.5	3.082	97.25	4.116	8435.889	97.25	0	0	0	9	9	6623	9631	9020	9962	6854	10122	9615	4621	-2	12	8	8	11	8	8	7	10	-2	57	55	62	61	54	59	53	59	-2	95	97	103	104	94	99	92	94	-1
1001001000	-2	10122	7382.889	3160.393	9	1.658	57.5	3.082	97.25	4.116	8435.889	97.25	0	0	0	9	9	6623	9631	9020	9962	6854	10122	9615	4621	-2	12	8	8	11	8	8	7	10	-2	57	55	62	61	54	59	53	59	-2	95	97	103	104	94	99	92	94	-1
1001001000	-2	6726	3058.667	2239.568	6.875	1.452	49.125	2.147	80	4.583	3723.444	80	0	0	0	9	9	2922	6030	6726	3502	2128	4448	1612	162	-2	10	6	6	7	6	7	5	8	-2	51	50	50	50	47	48	45	52	-2	82	83	86	83	77	82	76	71	-1
1001001000	-2	6562	2927.667	2191.423	6.875	1.452	49.125	2.147	80	4.583	3723.444	80	0	0	0	9	9	2736	5872	6562	3464	1876	4170	1554	117	-2	10	6	6	7	6	7	5	8	-2	51	50	50	50	47	48	45	52	-2	82	83	86	83	77	82	76	71	-1
1001001000	-2	5951	2410.889	2025.696	6.75	1.199	48.75	1.299	81	2.739	3648.889	81	0	0	0	9	9	2771	5131	5951	1508	606	3823	1564	346	-2	9	5	7	7	6	6	6	8	-2	50	49	49	50	48	48	46	50	-2	81	83	86	82	78	82	77	79	-1
1001001000	-2	5951	2410.889	2025.696	6.75	1.199	48.75	1.299	81	2.739	3648.889	81	0	0	0	9	9	2771	5131	5951	1508	606	3823	1564	346	-2	9	5	7	7	6	6	6	8	-2	50	49	49	50	48	48	46	50	-2	81	83	86	82	78	82	77	79	-1
1001001000	-2	5623	2780.444	1977.006	6.75	1.199	48.625	1.111	81.5	2.398	4554.333	81.5	0	0	0	9	9	3058	5108	5623	1668	1138	5370	1748	1313	-2	9	5	7	7	6	6	6	8	-2	49	49	49	50	48	49	46	49	-2	81	83	86	82	79	83	78	80	-1
1001001000	-2	7167	3377.222	2251.463	6.75	0.829	48.375	1.409	81.875	2.619	5209	81.875	0	0	0	9	9	3065	6312	7167	2522	2116	5442	2110	1663	-2	8	6	7	8	6	6	6	7	-2	49	48	49	51	47	48	46	49	-2	81	84	86	84	79	83	78	80	-1
1001001000	-2	7167	3377.222	2251.463	6.75	0.829	48.375	1.409	81.875	2.619	5209	81.875	0	0	0	9	9	3065	6312	7167	2522	2116	5442	2110	1663	-2	8	6	7	8	6	6	6	7	-2	49	48	49	51	47	48	46	49	-2	81	84	86	84	79	83	78	80	-1
1001001000	-2	7924	4934.444	2312.472	7.25	0.968	49.5	2.062	84.875	1.9	5937.667	84.625	0	0	0	9	9	4776	7150	7924	3737	4628	7279	5557	3361	-2	9	6	7	8	7	7	6	8	-2	49	48	49	54	50	48	47	51	-2	84	86	88	87	83	85	82	84	-1
1001001000	-2	7924	4934.444	2312.472	7.25	0.968	49.5	2.062	84.875	1.9	5937.667	84.625	0	0	0	9	9	4776	7150	7924	3737	4628	7279	5557	3361	-2	9	6	7	8	7	7	6	8	-2	49	48	49	54	50	48	47	51	-2	84	86	88	87	83	85	82	84	-1
1001001000	-2	8144	6261.333	2306.211	8	2.062	51.125	1.9	89.375	1.728	6448.333	89.25	0	0	0	9	9	7446	7041	6933	7485	5725	6411	8144	7169	-2	9	6	7	13	7	7	7	8	-2	52	50	51	55	51	50	48	52	-2	90	90	91	92	89	89	86	88	-1
1001001000	-2	8143	6131.444	2277.233	8	2.062	51.125	1.9	89.375	1.728	6448.333	89.25	0	0	0	9	9	7091	7041	6933	7228	5562	6018	8143	7169	-2	9	6	7	13	7	7	7	8	-2	52	50	51	55	51	50	48	52	-2	90	90	91	92	89	89	86	88	-1
1001001000	-2	8139	6081.778	2276.853	7.75	1.09	53.25	1.09	93.875	1.364	6087.667	93.875	0	0	0	9	9	7259	6948	6399	8139	6120	5501	7632	6740	-2	10	6	8	8	8	7	7	8	-2	54	52	53	54	54	54	51	54	-2	94	94	95	94	96	94	91	93	-1
1001001000	-2	8139	6081.778	2276.853	7.75	1.09	53.25	1.09	93.875	1.364	6087.667	93.875	0	0	0	9	9	7259	6948	6399	8139	6120	5501	7632	6740	-2	10	6	8	8	8	7	7	8	-2	54	52	53	54	54	54	51	54	-2	94	94	95	94	96	94	91	93	-1
1001001000	-2	7830	5957.889	2176.629	7.625	0.857	53	1	93.375	1.111	6028.667	93.375	0	0	0	9	9	6922	6187	6312	7830	6749	5831	7125	6667	-2	9	6	8	8	8	7	7	8	-2	53	52	54	54	53	53	51	54	-2	94	94	94	93	95	93	91	93	-1
1001001000	-2	7830	5957.889	2176.629	7.625	0.857	53	1	93.375	1.111	6028.667	93.375	0	0	0	9	9	6922	6187	6312	7830	6749	5831	7125	6667	-2	9	6	8	8	8	7	7	8	-2	53	52	54	54	53	53	51	54	-2	94	94	94	93	95	93	91	93	-1
1001001000	-2	7395	5823.556	2157.001	7.625	0.857	51.875	1.053	92	1.323	5906.111	92	0	0	0	9	9	7395	5626	7073	7037	6236	5490	7159	6398	-2	9	6	7	8	8	8	7	8	-2	53	51	52	51	53	52	50	53	-2	93	93	92	90	94	92	90	92	-1
1009009000	-2	0	-0.222	0.629	-0.01	-0.01	-0.01	-0.01	21	0	9210.667	85	0	0	8	9	9	0	0	0	0	0	0	0	0	-2	-2	-2	-2	-2	-2	-2	-2	-2	-2	-2	-2	-2	-2	-2	-2	-2	-2	-2	21	21	21	21	21	21	21	21	-1
1009009000	-2	0	-0.222	0.629	-0.01	-0.01	-0.01	-0.01	21	0	9210.667	85	0	0	8	9	9	0	0	0	0	0	0	0	0	-2	-2	-2	-2	-2	-2	-2	-2	-2	-2	-2	-2	-2	-2	-2	-2	-2	-2	-2	21	21	21	21	21	21	21	21	-1
1001001000	-2	6493	3060.333	2070.185	6.875	1.166	49.75	2.634	84.875	4.136	7356.667	84.875	0	0	0	9	9	3739	6493	2707	3205	303	5977	2872	2249	-2	9	6	8	8	6	6	6	6	-2	51	52	51	50	44	52	47	51	-2	87	88	88	86	75	88	84	83	-1
1001001000	-2	7254	3915.667	2523.682	7.125	1.053	52.25	1.984	87.25	3.455	5899.889	87.25	0	0	0	9	9	3468	6478	6537	5609	787	7254	3200	1910	-2	9	6	7	8	6	7	6	8	-2	53	52	52	55	50	52	49	55	-2	87	87	92	92	82	89	83	86	-1
1001001000	-2	6509	3106.222	2151.063	6.75	1.199	49.25	1.639	81.5	3.24	4459.556	81.5	0	0	0	9	9	3222	4948	6509	3508	1401	5634	2233	503	-2	9	5	7	7	6	6	6	8	-2	50	50	50	50	47	48	47	52	-2	82	83	87	84	76	82	78	80	-1
1001001000	-2	5800	2532.111	2118.328	6.75	1.199	49.25	1.639	81.5	3.24	4459.556	81.5	0	0	0	9	9	1943	4677	5800	3141	560	5197	1250	223	-2	9	5	7	7	6	6	6	8	-2	50	50	50	50	47	48	47	52	-2	82	83	87	84	76	82	78	80	-1
1001001000	-2	6038	2170.556	1823.822	6.75	0.829	48.125	1.053	80	3.317	4241.667	80	0	0	0	9	9	2299	3618	6038	1332	722	3555	1546	427	-2	8	6	7	7	6	6	6	8	-2	50	49	49	48	47	47	47	48	-2	81	82	87	80	76	80	77	77	-1
1001001000	-2	6038	2170.556	1823.822	6.75	0.829	48.125	1.053	80	3.317	4241.667	80	0	0	0	9	9	2299	3618	6038	1332	722	3555	1546	427	-2	8	6	7	7	6	6	6	8	-2	50	49	49	48	47	47	47	48	-2	81	82	87	80	76	80	77	77	-1
1001001000	-2	6220	1849.111	1776.835	6.625	0.696	47.25	0.661	79.875	2.315	4893.556	79.875	0	0	0	9	9	1727	2976	6220	833	726	2435	959	768	-2	8	6	7	7	6	6	6	7	-2	47	48	47	48	47	47	46	48	-2	79	82	84	80	78	81	76	79	-1
1001001000	-2	5219	1438.444	1509.72	6.625	0.696	47.25	0.661	79.875	2.315	4893.556	79.875	0	0	0	9	9	1003	2056	5219	537	509	2272	819	533	-2	8	6	7	7	6	6	6	7	-2	47	48	47	48	47	47	46	48	-2	79	82	84	80	78	81	76	79	-1
1001001000	-2	6458	2098	1768.47	6.375	0.857	47.125	1.269	81.375	2.058	5968.444	81.375	0	0	0	9	9	1890	2150	6458	1097	925	3103	2285	976	-2	8	5	6	7	6	6	6	7	-2	48	46	48	49	47	46	45	48	-2	82	81	85	83	79	82	78	81	-1
1001001000	-2	8037	2644.667	2147.032	6.375	0.857	47.125	1.269	81.375	2.058	5968.444	81.375	0	0	0	9	9	2637	3128	8037	1549	1552	3505	2048	1348	-2	8	5	6	7	6	6	6	7	-2	48	46	48	49	47	46	45	48	-2	82	81	85	83	79	82	78	81	-1
1001001000	-2	7724	3381.444	2024.089	6.75	0.829	48	1.225	83.125	2.368	6123.778	83	0	0	0	9	9	3764	4488	7724	2225	2348	4084	3859	1943	-2	8	6	7	8	6	6	6	7	-2	48	47	49	50	47	48	46	49	-2	83	83	87	85	79	85	81	82	-1
1001001000	-2	7724	3381.444	2024.089	6.75	0.829	48	1.225	83.125	2.368	6123.778	83	0	0	0	9	9	3764	4488	7724	2225	2348	4084	3859	1943	-2	8	6	7	8	6	6	6	7	-2	48	47	49	50	47	48	46	49	-2	83	83	87	85	79	85	81	82	-1
1001001000	-2	8057	5628.444	2277.536	7.25	1.92	49.75	2.332	87.25	2.107	6642.111	86.75	0	0	0	9	9	6305	7373	7236	4571	4601	6388	8057	6127	-2	8	6	7	12	6	6	6	7	-2	51	48	50	55	50	48	47	49	-2	89	87	89	91	85	87	85	85	-1
1001001000	-2	8057	5628.444	2277.536	7.25	1.92	49.75	2.332	87.25	2.107	6642.111	86.75	0	0	0	9	9	6305	7373	7236	4571	4601	6388	8057	6127	-2	8	6	7	12	6	6	6	7	-2	51	48	50	55	50	48	47	49	-2	89	87	89	91	85	87	85	85	-1
1001001000	-2	7928	6256.889	2325.293	7.125	0.599	50	1.323	88.75	1.785	6344.889	88.75	0	0	0	9	9	7928	7001	7095	5488	6820	6475	7704	7803	-2	8	6	7	7	7	7	7	8	-2	52	48	50	51	50	50	48	51	-2	92	88	90	90	87	89	86	88	-1
1001001000	-2	7945	6368.222	2315.306	7.625	1.409	50.5	2.121	89.125	2.26	6344.889	88.75	0	0	0	9	9	7945	7001	7095	6700	6437	6535	7799	7804	-2	8	6	7	11	7	7	7	8	-2	52	48	50	55	50	50	48	51	-2	92	88	90	93	87	89	86	88	-1
1001001000	-2	7986	6082.778	2362.961	7	0.5	49.25	1.199	88	1.414	6433.778	88	0	0	0	9	9	7203	6845	7986	4444	6198	7027	7657	7387	-2	7	6	7	8	7	7	7	7	-2	51	48	50	49	50	49	47	50	-2	91	88	89	88	87	87	86	88	-1
1005005000	-2	245	49.444	76.958	5	0	41.25	1.299	45.625	24.708	3185.556	70.75	0	0	4	9	9	0	34	245	0	82	0	86	0	-2	-2	5	5	-2	5	-2	5	-2	-2	-2	42	42	-2	39	-2	42	-2	-2	21	67	74	21	68	21	72	21	-1
1001001000	-2	4734	2339.444	1675.813	7.125	1.053	51.625	2.997	85.25	3.865	5869.667	85.375	0	0	0	9	9	2565	4077	3455	4734	441	3798	1435	552	-2	9	6	7	8	6	6	7	8	-2	53	52	53	55	46	51	48	55	-2	87	85	90	90	78	86	81	85	-1
1001001000	-2	4692	1984.111	1590.804	6.5	1	47.75	2.046	80.125	3.257	4573.556	80.125	0	0	0	9	9	1764	2743	4692	3990	281	2817	1225	347	-2	8	5	6	7	6	6	6	8	-2	50	49	49	48	44	46	46	50	-2	83	82	85	81	74	79	77	80	-1
1001001000	-2	5914	2587.333	1784.624	6.5	1	47.75	2.046	80.125	3.257	4573.556	80.125	0	0	0	9	9	2817	3258	5914	4353	455	3163	2251	1077	-2	8	5	6	7	6	6	6	8	-2	50	49	49	48	44	46	46	50	-2	83	82	85	81	74	79	77	80	-1
1001001000	-2	4863	1637.444	1361.433	6.375	0.857	46.5	1.118	79.125	2.368	4901.778	79.125	0	0	0	9	9	1313	2408	4863	1116	599	2274	1593	573	-2	8	6	7	6	6	5	6	7	-2	47	46	48	46	45	45	47	48	-2	80	80	84	79	75	78	78	79	-1
1001001000	-2	4863	1637.444	1361.433	6.375	0.857	46.5	1.118	79.125	2.368	4901.778	79.125	0	0	0	9	9	1313	2408	4863	1116	599	2274	1593	573	-2	8	6	7	6	6	5	6	7	-2	47	46	48	46	45	45	47	48	-2	80	80	84	79	75	78	78	79	-1
1001001000	-2	5181	1485.889	1472.499	6.125	0.781	45	1.225	78.625	1.996	5478.333	78.625	0	0	0	9	9	839	1100	5181	766	561	2656	1350	922	-2	7	6	7	6	5	5	6	7	-2	45	44	46	47	45	43	44	46	-2	78	78	83	80	76	78	77	79	-1
1001001000	-2	4634	1122	1342.976	6.125	0.781	45	1.225	78.625	1.996	5478.333	78.625	0	0	0	9	9	487	665	4634	348	247	1741	1335	643	-2	7	6	7	6	5	5	6	7	-2	45	44	46	47	45	43	44	46	-2	78	78	83	80	76	78	77	79	-1
1001001000	-2	6239	1747.556	1786.128	5.875	0.781	45.875	1.364	79.875	2.147	5878.889	79.875	0	0	0	9	9	1697	1037	6239	820	817	3003	1658	459	-2	7	5	6	6	6	5	5	7	-2	46	44	46	48	45	45	45	48	-2	79	78	84	81	77	81	78	81	-1
1001001000	-2	6239	1747.556	1786.128	5.875	0.781	45.875	1.364	79.875	2.147	5878.889	79.875	0	0	0	9	9	1697	1037	6239	820	817	3003	1658	459	-2	7	5	6	6	6	5	5	7	-2	46	44	46	48	45	45	45	48	-2	79	78	84	81	77	81	78	81	-1
1001001000	-2	6736	2394.222	1873.926	6.25	0.661	46.625	1.867	81.875	2.204	6491.333	81.75	0	0	0	9	9	2075	2115	6736	1035	1699	3927	2933	1030	-2	7	6	6	7	6	5	6	7	-2	48	44	47	50	45	45	46	48	-2	84	80	85	84	78	82	81	81	-1
1001001000	-2	7024	3400.333	1933.795	6.25	0.661	47.375	1.495	84.5	2	6556.556	84.375	0	0	0	9	9	3196	3630	7024	2047	3074	4681	5099	1854	-2	7	5	6	7	6	6	6	7	-2	49	47	47	50	47	46	45	48	-2	88	84	85	87	82	84	82	84	-1
1001001000	-2	7024	3400.333	1933.795	6.25	0.661	47.375	1.495	84.5	2	6556.556	84.375	0	0	0	9	9	3196	3630	7024	2047	3074	4681	5099	1854	-2	7	5	6	7	6	6	6	7	-2	49	47	47	50	47	46	45	48	-2	88	84	85	87	82	84	82	84	-1
1001001000	-2	7192	5067.778	2066.163	6.375	0.484	47.25	1.299	85	2.121	6334.889	85	0	0	0	9	9	5901	7192	6944	4238	4427	4565	6488	5857	-2	7	6	6	7	6	6	6	7	-2	50	46	47	48	47	46	46	48	-2	89	84	85	87	82	84	83	86	-1
1001001000	-2	7192	5067.778	2066.163	6.375	0.484	47.25	1.299	85	2.121	6334.889	85	0	0	0	9	9	5901	7192	6944	4238	4427	4565	6488	5857	-2	7	6	6	7	6	6	6	7	-2	50	46	47	48	47	46	46	48	-2	89	84	85	87	82	84	83	86	-1
1006006000	-2	145	15.889	45.652	6	0	43	0	36.875	21.009	3512.667	71.625	0	0	7	9	9	0	0	145	0	0	0	0	0	-2	-2	6	6	-2	-2	-2	6	-2	-2	-2	43	43	-2	-2	-2	43	-2	-2	21	58	74	21	21	21	58	21	-1
1001001000	-2	5053	2815	1837.112	6.625	0.857	50	2.55	81.875	6.528	5072.667	82.875	0	0	0	9	9	4376	2694	5053	4871	239	4328	1655	2121	-2	8	6	7	7	6	5	7	7	-2	51	52	51	53	45	48	48	52	-2	85	82	87	89	66	83	81	82	-1
1001001000	-2	3373	1358.222	1067.95	6	0.866	46	1.732	77.625	3.08	4252.556	77.625	0	0	0	9	9	1168	2049	2579	3373	93	1400	576	988	-2	8	6	6	6	5	5	6	6	-2	48	46	47	46	42	45	47	47	-2	81	78	81	80	71	76	77	77	-1
1001001000	-2	3753	1552.667	1183.592	6	0.866	46	1.732	77.625	3.08	4252.556	77.625	0	0	0	9	9	1796	2243	2842	3753	146	1537	578	1081	-2	8	6	6	6	5	5	6	6	-2	48	46	47	46	42	45	47	47	-2	81	78	81	80	71	76	77	77	-1
1001001000	-2	2175	988	579.481	5.875	0.599	45	1.414	77.75	2.107	5332.333	77.75	0	0	0	9	9	1125	890	2175	1241	430	1304	1087	642	-2	7	6	6	6	5	5	6	6	-2	46	45	47	45	44	42	46	45	-2	79	78	82	78	75	75	78	77	-1
1009009000	-2	0	-0.222	0.629	-0.01	-0.01	-0.01	-0.01	21	0	10240.667	101.5	0	0	8	9	9	0	0	0	0	0	0	0	0	-2	-2	-2	-2	-2	-2	-2	-2	-2	-2	-2	-2	-2	-2	-2	-2	-2	-2	-2	21	21	21	21	21	21	21	21	-1
1008008000	-2	100	10.889	31.512	7	0	44	0	27.75	17.859	5133.222	72.875	0	0	7	9	9	0	0	0	0	0	0	100	0	-2	-2	-2	-2	-2	-2	-2	7	-2	-2	-2	-2	-2	-2	-2	-2	44	-2	-2	21	21	21	21	21	21	75	21	-1
1008008000	-2	137	15	43.138	7	0	45	0	27.875	18.19	6250.222	74.25	0	0	7	9	9	0	0	0	0	0	0	137	0	-2	-2	-2	-2	-2	-2	-2	7	-2	-2	-2	-2	-2	-2	-2	-2	45	-2	-2	21	21	21	21	21	21	76	21	-1
1002002000	-2	11431	5452.778	4176.432	10.429	6.068	53.143	5.303	87.875	25.896	10146.667	93.875	0	0	1	9	9	11431	4343	994	8292	7786	5570	10661	0	-2	8	7	7	14	6	24	7	-2	-2	51	46	50	58	50	63	54	-2	-2	98	88	92	104	94	106	100	21	-1
1001001000	-2	5453	2853.222	1664.305	6.875	1.166	52.125	2.803	86.5	4.062	6394.444	86.5	0	0	0	9	9	3901	2012	5453	4534	1396	4091	2753	1541	-2	7	7	7	8	6	5	9	6	-2	53	52	50	56	47	50	55	54	-2	88	84	88	93	78	86	89	86	-1
1001001000	-2	4849	2536.667	1503.776	6.875	1.166	52.125	2.803	86.5	4.062	6394.444	86.5	0	0	0	9	9	4267	2349	2852	4849	723	3779	1871	2142	-2	7	7	7	8	6	5	9	6	-2	53	52	50	56	47	50	55	54	-2	88	84	88	93	78	86	89	86	-1
1001001000	-2	2854	1270.222	851.84	5.75	0.661	45.125	1.536	76.25	2.487	4447	76.25	0	0	0	9	9	1296	731	2336	2854	339	1333	1502	1043	-2	7	5	6	6	5	5	6	6	-2	47	46	45	47	42	44	45	45	-2	78	76	78	80	71	75	76	76	-1
