1001001000	-2	13407	11014.556	3944.553	48.25	11.244	124.125	10.717	180.375	13.811	12034.111	180.375	0	0	0	9	9	12275	13351	12097	13407	11485	11648	12622	12248	-2	54	42	28	51	45	40	65	61	-2	115	118	108	135	134	114	136	133	-2	169	175	159	205	187	171	193	184	-1
1001001000	-2	14111	11413.556	4093.081	55.75	11.723	128.375	6.081	180.625	8.774	12874.333	180.625	0	0	0	9	9	14111	13565	12499	13176	11738	12946	12134	12555	-2	58	51	34	53	54	51	71	74	-2	128	120	119	130	136	126	136	132	-2	182	171	165	193	187	177	189	181	-1
1001001000	-2	12864	9771.111	3711.816	53.5	3.969	119.375	4.27	162.625	6.67	9779.444	162.625	0	0	0	9	9	12848	11824	9278	12864	10641	11629	9954	8904	-2	55	48	58	57	59	51	50	50	-2	125	115	115	120	126	122	117	115	-2	167	159	155	167	169	171	162	151	-1
1001001000	-2	12864	9771.111	3711.816	53.5	3.969	119.375	4.27	162.625	6.67	9779.444	162.625	0	0	0	9	9	12848	11824	9278	12864	10641	11629	9954	8904	-2	55	48	58	57	59	51	50	50	-2	125	115	115	120	126	122	117	115	-2	167	159	155	167	169	171	162	151	-1
1001001000	-2	12389	9279.222	3491.431	52.5	4.717	118.5	4.416	161.625	5.915	9290	161.625	0	0	0	9	9	12389	11350	9279	11476	8849	11223	8864	10085	-2	55	49	54	57	60	51	50	44	-2	126	115	115	120	122	122	116	112	-2	167	159	155	168	164	169	159	152	-1
1001001000	-2	12453	9286.333	3497.817	52.5	4.717	118.5	4.416	161.625	5.915	9290	161.625	0	0	0	9	9	12453	11350	9279	11476	8849	11223	8864	10085	-2	55	49	54	57	60	51	50	44	-2	126	115	115	120	122	122	116	112	-2	167	159	155	168	164	169	159	152	-1
1001001000	-2	11731	8967	3456.897	53.75	3.666	117.625	4.151	159.375	5.566	8967.778	159.375	0	0	0	9	9	11731	10988	7992	11221	8030	11593	8927	10223	-2	56	55	54	57	59	47	50	52	-2	125	115	111	119	119	120	119	113	-2	166	158	151	165	158	164	162	151	-1
1001001000	-2	11731	8967	3456.897	53.75	3.666	117.625	4.151	159.375	5.566	8967.778	159.375	0	0	0	9	9	11731	10988	7992	11221	8030	11593	8927	10223	-2	56	55	54	57	59	47	50	52	-2	125	115	111	119	119	120	119	113	-2	166	158	151	165	158	164	162	151	-1
1002001000	-2	11599	7485.111	4181.212	55.875	4.428	117.286	4.463	147.875	30.694	7485.556	147.875	0	0	1	9	9	0	10798	8189	10191	7460	11599	8900	10231	-2	57	57	55	61	61	46	56	54	-2	-2	114	112	120	120	121	123	111	-2	68	159	152	167	159	163	165	150	-1
1002001000	-2	11329	7369.667	4114.402	55.875	4.428	117.286	4.463	147.875	30.694	7485.556	147.875	0	0	1	9	9	0	10951	8325	9983	7390	11329	8492	9859	-2	57	57	55	61	61	46	56	54	-2	-2	114	112	120	120	121	123	111	-2	68	159	152	167	159	163	165	150	-1
1001001000	-2	11023	8565.444	3267.507	57.875	6.071	118.5	5.545	160.625	6.518	8565.667	160.625	0	0	0	9	9	10975	10509	8070	10011	7130	11023	9966	9407	-2	57	58	55	63	66	46	64	54	-2	125	115	112	120	120	119	127	110	-2	167	162	152	166	159	162	168	149	-1
1002001000	-2	14679	10432.556	5606.224	46.25	11.486	133.286	9.558	200.25	51.456	12293.222	200.25	0	0	1	9	9	14679	13652	13457	13318	12472	13518	12799	0	-2	54	38	28	50	43	35	63	59	-2	131	122	120	142	139	131	148	-2	-2	220	200	186	250	220	206	245	75	-1
1001001000	-2	14656	11751.667	4266.818	54.75	11.691	129.625	7.175	182.875	9.74	12693.778	182.875	0	0	0	9	9	14160	13635	10944	14656	13156	12989	12946	13281	-2	58	42	36	53	56	52	65	76	-2	128	117	121	131	140	130	137	133	-2	183	170	168	199	191	180	189	183	-1
1001001000	-2	13963	11861.444	4212.572	74.25	6.591	136	4.899	191.375	8.154	12672.778	191.375	0	0	0	9	9	13367	13150	13124	13765	12510	13344	13963	13532	-2	83	70	66	66	81	75	71	82	-2	138	129	137	130	142	137	143	132	-2	198	182	189	189	192	196	206	179	-1
1001001000	-2	14052	11722.222	4205.046	73.75	6.379	135.875	4.702	190.875	8.894	12255.111	190.875	0	0	0	9	9	13735	12634	11721	14052	12788	13659	13942	12971	-2	84	70	69	67	80	74	66	80	-2	139	129	139	129	141	138	140	132	-2	198	183	187	190	188	204	201	176	-1
1001001000	-2	14052	11722.222	4205.046	73.75	6.379	135.875	4.702	190.875	8.894	12255.111	190.875	0	0	0	9	9	13735	12634	11721	14052	12788	13659	13942	12971	-2	84	70	69	67	80	74	66	80	-2	139	129	139	129	141	138	140	132	-2	198	183	187	190	188	204	201	176	-1
1001001000	-2	14317	10918	4029.795	67.875	7.061	133	2.55	190.25	8.871	11196.222	190.25	0	0	0	9	9	14317	13706	11611	12431	11026	10391	12089	12693	-2	81	66	66	67	76	66	56	65	-2	136	130	133	133	135	135	134	128	-2	199	190	181	198	187	199	195	173	-1
1001001000	-2	12550	9192	3499.409	50	8.352	118.25	4.437	162.25	7.031	9192.778	162.25	0	0	0	9	9	12550	11744	8659	11425	9115	10796	9368	9073	-2	56	48	58	57	52	50	49	30	-2	126	118	115	121	120	120	116	110	-2	168	164	155	171	164	167	161	148	-1
1001001000	-2	12550	9192	3499.409	50	8.352	118.25	4.437	162.25	7.031	9192.778	162.25	0	0	0	9	9	12550	11744	8659	11425	9115	10796	9368	9073	-2	56	48	58	57	52	50	49	30	-2	126	118	115	121	120	120	116	110	-2	168	164	155	171	164	167	161	148	-1
1001001000	-2	11767	8677.889	3327.821	49	8.426	116.125	5.667	157.75	7.361	8678.889	157.75	0	0	0	9	9	11767	11205	8111	11435	8987	8981	9166	8451	-2	55	49	57	56	52	48	46	29	-2	125	114	113	121	120	116	115	105	-2	166	157	152	166	160	161	158	142	-1
1001001000	-2	11767	8677.889	3327.821	49	8.426	116.125	5.667	157.75	7.361	8678.889	157.75	0	0	0	9	9	11767	11205	8111	11435	8987	8981	9166	8451	-2	55	49	57	56	52	48	46	29	-2	125	114	113	121	120	116	115	105	-2	166	157	152	166	160	161	158	142	-1
1001001000	-2	11241	8193.667	3178.237	48.875	8.781	115.125	5.797	156.625	7.158	8194	156.625	0	0	0	9	9	10761	11241	7637	10830	8193	8683	7773	8627	-2	55	49	56	56	54	45	48	28	-2	124	114	112	121	119	113	114	104	-2	164	158	151	165	159	158	157	141	-1
1001001000	-2	11241	8193.667	3178.237	48.875	8.781	115.125	5.797	156.625	7.158	8194	156.625	0	0	0	9	9	10761	11241	7637	10830	8193	8683	7773	8627	-2	55	49	56	56	54	45	48	28	-2	124	114	112	121	119	113	114	104	-2	164	158	151	165	159	158	157	141	-1
1001001000	-2	11211	8136.889	3192.385	48	9.327	113.875	5.988	154.75	7.429	8137.889	154.75	0	0	0	9	9	10939	11211	7162	10542	8537	7398	8562	8883	-2	52	50	55	57	57	44	41	28	-2	123	114	111	120	118	106	114	105	-2	164	160	148	163	157	148	156	142	-1
1001001000	-2	11211	8136.889	3192.385	48	9.327	113.875	5.988	154.75	7.429	8137.889	154.75	0	0	0	9	9	10939	11211	7162	10542	8537	7398	8562	8883	-2	52	50	55	57	57	44	41	28	-2	123	114	111	120	118	106	114	105	-2	164	160	148	163	157	148	156	142	-1
1001001000	-2	11419	8353.889	3207.442	47.125	8.978	114.375	5.7	156.625	7.398	8354.333	156.625	0	0	0	9	9	11183	11419	8293	10516	8423	7807	8639	8907	-2	51	52	55	56	52	44	39	28	-2	124	115	111	119	119	108	113	106	-2	167	163	151	163	160	150	155	144	-1
1001001000	-2	11419	8353.889	3207.442	47.125	8.978	114.375	5.7	156.625	7.398	8354.333	156.625	0	0	0	9	9	11183	11419	8293	10516	8423	7807	8639	8907	-2	51	52	55	56	52	44	39	28	-2	124	115	111	119	119	108	113	106	-2	167	163	151	163	160	150	155	144	-1
1002001000	-2	10913	7765.778	4221.115	50.125	10.142	118.286	4.949	150.25	38.577	7893.222	150.25	0	0	1	9	9	10913	10760	8434	9844	9296	10895	0	9752	-2	52	57	59	58	60	45	40	30	-2	125	118	114	121	122	119	-2	109	-2	173	172	157	168	168	164	50	150	-1
1002001000	-2	11563	7879.667	4310.774	50.125	10.142	118.286	4.949	150.25	38.577	7893.222	150.25	0	0	1	9	9	11270	10760	8434	9844	9296	11563	0	9752	-2	52	57	59	58	60	45	40	30	-2	125	118	114	121	122	119	-2	109	-2	173	172	157	168	168	164	50	150	-1
1002001000	-2	12201	8019.111	4410.733	57.5	6.325	123.714	5.284	160	36.79	8098.889	160	0	0	1	9	9	0	10071	10459	8124	9599	12201	11131	10589	-2	57	61	65	62	65	48	51	51	-2	-2	128	125	121	127	125	128	112	-2	65	186	173	171	175	174	180	156	-1
1001001000	-2	12762	9824.333	3618.223	62.25	5.673	128.625	6.244	183.375	10.7	9824.889	183.375	0	0	0	9	9	11318	9876	10182	10694	12446	12762	11446	9697	-2	67	63	67	64	70	53	59	55	-2	129	136	128	129	134	127	132	114	-2	191	197	177	179	192	181	189	161	-1
1001001000	-2	12762	9824.222	3618.196	62.25	5.673	128.625	6.244	183.375	10.7	9824.889	183.375	0	0	0	9	9	11318	9876	10182	10693	12446	12762	11446	9697	-2	67	63	67	64	70	53	59	55	-2	129	136	128	129	134	127	132	114	-2	191	197	177	179	192	181	189	161	-1
1001001000	-2	11980	8861.667	3288.285	70.375	5.957	137.25	6.942	208	19.085	8862.111	208	0	0	0	9	9	11980	8456	9274	10740	10116	10670	9296	9225	-2	67	68	63	68	75	75	82	65	-2	136	150	130	132	143	137	142	128	-2	213	243	184	193	209	211	226	185	-1
1001001000	-2	12335	8877.111	3383.433	72	7.45	138.125	6.566	209.75	19.734	8877.667	209.75	0	0	0	9	9	12335	8099	8708	11518	9427	10037	9200	10572	-2	65	68	62	75	79	76	85	66	-2	135	151	130	133	143	139	142	132	-2	204	249	184	198	209	217	227	190	-1
1001001000	-2	10846	8658.111	3182.519	69.875	5.622	136.625	7.158	204.375	19.17	8658.222	204.375	0	0	0	9	9	10045	10115	7617	10846	9389	10568	9702	9643	-2	66	66	63	68	74	76	80	66	-2	129	149	127	133	142	138	143	132	-2	194	245	181	196	202	211	219	187	-1
1001001000	-2	10846	8658.111	3182.519	69.875	5.622	136.625	7.158	204.375	19.17	8658.222	204.375	0	0	0	9	9	10045	10115	7617	10846	9389	10568	9702	9643	-2	66	66	63	68	74	76	80	66	-2	129	149	127	133	142	138	143	132	-2	194	245	181	196	202	211	219	187	-1
1002001000	-2	14344	10347.222	5552.929	47.625	10.885	133.429	8.226	192.625	45.845	13281.667	192.625	0	0	1	9	9	14344	13880	13348	12948	12702	12966	12939	0	-2	55	37	28	50	42	47	61	61	-2	131	119	126	141	136	136	145	-2	-2	214	191	197	222	205	210	227	75	-1
1003001000	-2	14049	8696.778	6168.742	64	10.989	132.667	6.128	157.375	48.698	9390.111	157.375	0	0	2	9	9	0	14049	12723	13528	12261	0	12707	13005	-2	62	42	57	70	74	62	64	81	-2	-2	122	133	129	141	-2	138	133	-2	76	174	187	189	190	71	190	182	-1
1003001000	-2	13613	8642.111	6140.626	65.375	10.416	131.667	6.128	153.5	45.733	8860	153.5	0	0	2	9	9	0	13464	11583	13613	12404	0	13466	13251	-2	65	44	61	70	76	62	64	81	-2	-2	121	132	128	140	-2	137	132	-2	76	166	182	180	185	74	188	177	-1
1003001000	-2	13455	8516.556	6045.359	65.375	10.416	131.667	6.128	153.5	45.733	8860	153.5	0	0	2	9	9	0	13455	11583	13264	12310	0	13107	12932	-2	65	44	61	70	76	62	64	81	-2	-2	121	132	128	140	-2	137	132	-2	76	166	182	180	185	74	188	177	-1
1001001000	-2	14344	11572.111	4166.095	76	6.164	139.5	3.674	205.5	13.105	12332.222	205.5	0	0	0	9	9	14344	12600	12028	13825	13263	11703	12986	13402	-2	86	72	70	75	81	81	66	77	-2	142	137	141	142	135	143	143	133	-2	215	199	198	207	194	226	220	185	-1
1001001000	-2	12093	9000.111	3453.731	49.5	8.631	118.75	4.815	164.75	7.661	9458.444	164.75	0	0	0	9	9	11552	11025	8424	12093	9139	11357	8879	8534	-2	56	47	60	57	47	53	45	31	-2	127	120	118	122	118	120	116	109	-2	173	169	158	173	164	169	163	149	-1
1001001000	-2	12093	9000.111	3453.731	49.5	8.631	118.75	4.815	164.75	7.661	9458.444	164.75	0	0	0	9	9	11552	11025	8424	12093	9139	11357	8879	8534	-2	56	47	60	57	47	53	45	31	-2	127	120	118	122	118	120	116	109	-2	173	169	158	173	164	169	163	149	-1
1001001000	-2	11486	7934.778	3203.097	43.25	10.425	112.625	7.364	155.125	8.298	8314.444	155.125	0	0	0	9	9	11172	9480	8063	11486	9340	7617	6641	7616	-2	48	41	58	54	38	50	29	28	-2	122	106	115	119	119	115	104	101	-2	164	153	153	164	161	160	147	139	-1
1001001000	-2	11610	8313.667	3268.499	43.25	10.425	112.625	7.364	155.125	8.298	8314.444	155.125	0	0	0	9	9	11610	9588	8442	11354	10417	7737	7698	7979	-2	48	41	58	54	38	50	29	28	-2	122	106	115	119	119	115	104	101	-2	164	153	153	164	161	160	147	139	-1
1001001000	-2	10351	7872	2968.813	42.5	10.173	110.25	7.378	151.375	7.809	7872.333	151.375	0	0	0	9	9	9414	9916	7778	10351	8853	7559	9671	7308	-2	48	41	57	54	38	46	28	28	-2	116	103	112	119	119	106	110	97	-2	156	150	151	161	159	148	152	134	-1
1001001000	-2	10351	7872	2968.813	42.5	10.173	110.25	7.378	151.375	7.809	7872.333	151.375	0	0	0	9	9	9414	9916	7778	10351	8853	7559	9671	7308	-2	48	41	57	54	38	46	28	28	-2	116	103	112	119	119	106	110	97	-2	156	150	151	161	159	148	152	134	-1
1001001000	-2	11272	7203.889	3109.794	42.375	10.258	107.75	7.546	148	8.276	7204.222	148	0	0	0	9	9	9558	11272	7719	7536	9439	8397	5203	5713	-2	50	43	56	54	38	43	28	27	-2	115	104	111	116	116	105	101	94	-2	154	151	150	157	155	145	142	130	-1
1001001000	-2	11272	7203.889	3109.794	42.375	10.258	107.75	7.546	148	8.276	7204.222	148	0	0	0	9	9	9558	11272	7719	7536	9439	8397	5203	5713	-2	50	43	56	54	38	43	28	27	-2	115	104	111	116	116	105	101	94	-2	154	151	150	157	155	145	142	130	-1
1002001000	-2	10154	6063.444	3458.407	42.125	10.277	105.143	6.334	134.625	32.027	6063.667	134.625	0	0	1	9	9	9150	10154	7168	7087	0	8352	6029	6633	-2	50	47	54	54	39	39	27	27	-2	112	104	109	114	-2	102	100	95	-2	153	152	149	155	52	143	141	132	-1
1002001000	-2	10154	6063.444	3458.407	42.125	10.277	105.143	6.334	134.625	32.027	6063.667	134.625	0	0	1	9	9	9150	10154	7168	7087	0	8352	6029	6633	-2	50	47	54	54	39	39	27	27	-2	112	104	109	114	-2	102	100	95	-2	153	152	149	155	52	143	141	132	-1
1001001000	-2	10688	7254.222	2826.778	42.75	10.268	107.75	5.804	150	7.053	7254.778	150	0	0	0	9	9	9060	10688	7524	7245	8620	8450	6342	7361	-2	49	49	56	54	39	39	28	28	-2	111	105	109	114	117	106	101	99	-2	153	155	150	157	159	146	143	137	-1
1001001000	-2	10688	7254.222	2826.778	42.75	10.268	107.75	5.804	150	7.053	7254.778	150	0	0	0	9	9	9060	10688	7524	7245	8620	8450	6342	7361	-2	49	49	56	54	39	39	28	28	-2	111	105	109	114	117	106	101	99	-2	153	155	150	157	159	146	143	137	-1
1002001000	-2	11678	7049.111	3929.419	44.25	10.791	112.571	5.628	143.375	36.069	7199.556	143.375	0	0	1	9	9	9338	11678	7785	9062	9450	7583	0	8548	-2	50	51	58	56	39	43	29	28	-2	114	115	113	118	119	107	-2	102	-2	158	166	156	163	163	149	50	142	-1
1003001000	-2	12432	6669.778	4833.239	46.625	10.38	116.5	4.425	137	47.817	6670.667	137	0	0	2	9	9	10166	10449	8709	8539	0	12432	0	9735	-2	51	56	59	57	41	46	33	30	-2	118	117	117	120	-2	120	-2	107	-2	164	175	162	167	60	167	50	151	-1
1003001000	-2	12432	6669.778	4833.239	46.625	10.38	116.5	4.425	137	47.817	6670.667	137	0	0	2	9	9	10166	10449	8709	8539	0	12432	0	9735	-2	51	56	59	57	41	46	33	30	-2	118	117	117	120	-2	120	-2	107	-2	164	175	162	167	60	167	50	151	-1
1004001000	-2	11978	5568.444	5039.795	51	8.5	122.4	5.535	130.25	58.534	5623	130.25	0	0	3	9	9	0	10078	9635	9127	0	11978	0	9300	-2	52	59	61	59	43	53	35	46	-2	-2	127	124	122	-2	127	-2	112	-2	66	191	172	172	54	180	47	160	-1
1004001000	-2	12202	5593.333	5071.838	51	8.5	122.4	5.535	130.25	58.534	5623	130.25	0	0	3	9	9	0	10078	9635	9127	0	12202	0	9300	-2	52	59	61	59	43	53	35	46	-2	-2	127	124	122	-2	127	-2	112	-2	66	191	172	172	54	180	47	160	-1
1004001000	-2	12517	5389.444	4945.718	50.125	7.688	121	5.177	129.875	56.929	5401.778	129.875	0	0	3	9	9	0	9571	9449	8522	0	12517	0	8448	-2	51	59	56	58	42	49	35	51	-2	-2	125	121	120	-2	127	-2	112	-2	66	189	169	169	55	181	51	159	-1
1004001000	-2	12460	5383	4936.546	50.125	7.688	121	5.177	129.875	56.929	5401.778	129.875	0	0	3	9	9	0	9571	9449	8522	0	12460	0	8447	-2	51	59	56	58	42	49	35	51	-2	-2	125	121	120	-2	127	-2	112	-2	66	189	169	169	55	181	51	159	-1
1003001000	-2	12207	6816	4899.583	55.125	5.061	126.833	5.49	151.75	53.66	6816.556	151.75	0	0	2	9	9	0	10065	9705	9797	0	12207	10825	8747	-2	52	60	57	63	46	58	52	53	-2	-2	132	123	127	-2	129	133	117	-2	66	198	174	177	55	186	193	165	-1
1002001000	-2	11862	7597.778	4166.301	56.25	5.238	126.286	5.848	166.375	43.454	7849.889	166.375	0	0	1	9	9	9884	10480	9331	9574	0	11862	8617	8634	-2	52	60	57	63	47	63	54	54	-2	121	132	123	126	-2	131	134	117	-2	177	198	174	176	55	190	196	165	-1
1001001000	-2	11363	9325.667	3396.954	29.625	9.34	151.5	14.186	266.875	33.509	9326.556	266.875	0	0	0	9	9	11363	11147	11081	10370	10285	10887	10359	8441	-2	31	27	19	40	29	17	47	27	-2	145	140	132	164	161	135	164	171	-2	258	239	234	333	282	223	283	283	-1
1001001000	-2	14179	11534.667	4155.523	69.125	12.293	133.375	5.589	182.25	6.036	12596.889	182.25	0	0	0	9	9	13857	14179	12821	13360	11290	12707	13195	12405	-2	78	41	63	72	76	78	64	81	-2	134	122	139	128	140	136	136	132	-2	186	170	189	182	185	186	185	175	-1
1002001000	-2	13204	9559.333	5164.464	70.625	12.257	131.857	4.189	160.125	36.971	9851.778	160.125	0	0	1	9	9	13204	0	11535	13151	10683	12751	12538	12174	-2	81	43	65	73	78	80	64	81	-2	132	-2	137	124	136	133	133	128	-2	177	63	179	169	175	177	176	165	-1
1002001000	-2	13448	8750.333	4898.913	70.375	11.532	127.571	4.499	153.125	34.071	9050.667	153.125	0	0	1	9	9	12870	0	10568	13448	8457	12612	10537	10263	-2	82	45	66	71	77	79	63	80	-2	128	-2	136	121	126	131	127	124	-2	167	64	175	162	161	172	165	159	-1
1002001000	-2	13748	8896.111	5025.169	70.375	11.532	127.571	4.499	153.125	34.071	9050.667	153.125	0	0	1	9	9	13289	0	10568	13748	8457	13205	10537	10263	-2	82	45	66	71	77	79	63	80	-2	128	-2	136	121	126	131	127	124	-2	167	64	175	162	161	172	165	159	-1
1001001000	-2	13218	11027.667	3930.853	77.125	5.904	133.625	3.903	179.5	5.916	11102.556	179.5	0	0	0	9	9	12119	11829	11992	12632	13213	13218	12344	11904	-2	86	73	79	76	81	81	65	76	-2	134	132	142	135	130	133	135	128	-2	180	180	188	178	174	185	183	168	-1
1001001000	-2	13223	11086	3948.986	77.125	5.904	133.625	3.903	179.5	5.916	11102.556	179.5	0	0	0	9	9	12236	11829	12259	12762	13211	13223	12344	11912	-2	86	73	79	76	81	81	65	76	-2	134	132	142	135	130	133	135	128	-2	180	180	188	178	174	185	183	168	-1
1001001000	-2	13453	10512.778	3848.186	66.625	8.873	129	5.385	179.25	8.467	10541.667	179.25	0	0	0	9	9	13453	11735	10698	12052	13246	11987	10253	11193	-2	80	62	66	71	75	71	53	55	-2	135	129	135	131	128	132	124	118	-2	192	182	180	183	175	186	174	162	-1
1001001000	-2	13249	9312.333	3516.603	66.625	8.873	129	5.385	179.25	8.467	10541.667	179.25	0	0	0	9	9	9426	9925	10695	11104	13249	9231	9016	11167	-2	80	62	66	71	75	71	53	55	-2	135	129	135	131	128	132	124	118	-2	192	182	180	183	175	186	174	162	-1
1002001000	-2	9933	6891.778	3746.208	48.875	9.727	118.143	5.436	151.625	33.496	7638.778	151.625	0	0	1	9	9	0	9426	9933	9162	9409	7817	7867	8414	-2	55	45	63	57	42	55	43	31	-2	-2	118	124	123	118	122	115	107	-2	65	166	166	171	165	171	162	147	-1
1002001000	-2	9933	6891.778	3746.208	48.875	9.727	118.143	5.436	151.625	33.496	7638.778	151.625	0	0	1	9	9	0	9426	9933	9162	9409	7817	7867	8414	-2	55	45	63	57	42	55	43	31	-2	-2	118	124	123	118	122	115	107	-2	65	166	166	171	165	171	162	147	-1
1001001000	-2	8261	6625.556	2399.977	33.625	12.134	104.125	5.11	144.75	5.19	6626	144.75	0	0	0	9	9	6846	8261	8185	7158	6722	7766	7097	7597	-2	43	30	56	24	23	46	21	26	-2	108	99	112	105	107	106	101	95	-2	146	145	150	147	147	148	143	132	-1
1001001000	-2	8261	6625.556	2399.977	33.625	12.134	104.125	5.11	144.75	5.19	6626	144.75	0	0	0	9	9	6846	8261	8185	7158	6722	7766	7097	7597	-2	43	30	56	24	23	46	21	26	-2	108	99	112	105	107	106	101	95	-2	146	145	150	147	147	148	143	132	-1
1001001000	-2	9181	6408.556	2523.84	32.625	10.307	102	5.809	142.125	5.487	6408.889	142.125	0	0	0	9	9	6341	9181	8717	6717	6491	8080	5857	6295	-2	44	26	49	34	23	41	19	25	-2	107	96	111	105	105	101	99	92	-2	145	141	150	145	144	143	139	130	-1
1001001000	-2	9181	6408.556	2523.84	32.625	10.307	102	5.809	142.125	5.487	6408.889	142.125	0	0	0	9	9	6341	9181	8717	6717	6491	8080	5857	6295	-2	44	26	49	34	23	41	19	25	-2	107	96	111	105	105	101	99	92	-2	145	141	150	145	144	143	139	130	-1
1002001000	-2	7827	5445.778	2950.386	31.625	10.246	101.429	6.779	128.625	34.72	5446	128.625	0	0	1	9	9	6064	0	7623	6782	6776	7827	6908	7034	-2	44	29	46	34	24	38	14	24	-2	107	-2	109	105	107	98	92	92	-2	146	38	149	144	146	140	135	131	-1
1002001000	-2	7827	5445.778	2950.386	31.625	10.246	101.429	6.779	128.625	34.72	5446	128.625	0	0	1	9	9	6064	0	7623	6782	6776	7827	6908	7034	-2	44	29	46	34	24	38	14	24	-2	107	-2	109	105	107	98	92	92	-2	146	38	149	144	146	140	135	131	-1
1003001000	-2	8497	4725.556	3428.268	32.25	11.155	100.333	6.498	114.25	46.024	4726	114.25	0	0	2	9	9	6224	0	6511	6416	0	8306	6578	8497	-2	43	29	52	34	24	37	14	25	-2	106	-2	108	105	-2	98	90	95	-2	146	38	148	143	32	139	134	134	-1
1003001000	-2	8497	4725.556	3428.268	32.25	11.155	100.333	6.498	114.25	46.024	4726	114.25	0	0	2	9	9	6224	0	6511	6416	0	8306	6578	8497	-2	43	29	52	34	24	37	14	25	-2	106	-2	108	105	-2	98	90	95	-2	146	38	148	143	32	139	134	134	-1
1003001000	-2	8665	5009.111	3595.612	31.625	11.916	100.667	6.675	115	46.195	5009.444	115	0	0	2	9	9	7916	0	7058	6310	0	7932	7203	8665	-2	43	23	53	34	23	38	14	25	-2	107	-2	109	105	-2	97	91	95	-2	147	38	150	144	33	138	135	135	-1
1003001000	-2	9214	5465.556	3898.871	32.375	11.661	105.667	5.991	120.875	49.554	5466.333	120.875	0	0	2	9	9	9214	0	7249	7996	0	8491	7746	8496	-2	43	24	53	34	23	40	15	27	-2	111	-2	110	113	-2	103	100	97	-2	155	38	153	155	33	147	147	139	-1
1003001000	-2	9214	5465.556	3898.871	32.375	11.661	105.667	5.991	120.875	49.554	5466.333	120.875	0	0	2	9	9	9214	0	7249	7996	0	8491	7746	8496	-2	43	24	53	34	23	40	15	27	-2	111	-2	110	113	-2	103	100	97	-2	155	38	153	155	33	147	147	139	-1
1005001000	-2	9971	3758	4255.231	32.375	10.988	105.75	6.22	95.75	54.398	3758.222	95.75	0	0	4	9	9	9971	0	7143	0	0	8428	0	8282	-2	43	23	51	34	24	40	16	28	-2	113	-2	110	-2	-2	103	-2	97	-2	157	38	153	45	33	149	51	140	-1
1004001000	-2	9664	4828.556	4382.103	37.125	10.117	109.4	5.238	114.5	55.873	4829.333	114.5	0	0	3	9	9	9664	9188	7016	0	0	9467	0	8124	-2	43	45	52	34	25	46	23	29	-2	116	109	111	-2	-2	111	-2	100	-2	162	165	156	45	33	160	51	144	-1
1005001000	-2	11190	4094.778	4655.609	37.375	9.987	112	6.708	105.75	57.822	4095.222	105.75	0	0	4	9	9	0	9368	8469	0	0	11190	0	7828	-2	43	47	49	34	25	48	23	30	-2	-2	113	115	-2	-2	119	-2	101	-2	66	174	161	45	34	169	51	146	-1
1005001000	-2	11190	4094.778	4655.609	37.375	9.987	112	6.708	105.75	57.822	4095.222	105.75	0	0	4	9	9	0	9368	8469	0	0	11190	0	7828	-2	43	47	49	34	25	48	23	30	-2	-2	113	115	-2	-2	119	-2	101	-2	66	174	161	45	34	169	51	146	-1
1005001000	-2	11384	3995.889	4595.527	34.875	9.075	112	6.442	100.5	58.962	3996	100.5	0	0	4	9	9	9513	0	7252	0	0	11384	0	7816	-2	37	30	49	34	25	49	24	31	-2	116	-2	111	-2	-2	119	-2	102	-2	163	38	157	45	34	169	51	147	-1
1005001000	-2	11384	3995.889	4595.527	34.875	9.075	112	6.442	100.5	58.962	3996	100.5	0	0	4	9	9	9513	0	7252	0	0	11384	0	7816	-2	37	30	49	34	25	49	24	31	-2	116	-2	111	-2	-2	119	-2	102	-2	163	38	157	45	34	169	51	147	-1
1005001000	-2	9799	3789.333	4307.563	34.75	9.457	111.5	5.679	100.375	58.534	3889.778	100.375	0	0	4	9	9	9575	0	7294	0	0	9799	0	7438	-2	37	25	49	34	26	50	25	32	-2	115	-2	110	-2	-2	118	-2	103	-2	162	39	156	45	34	168	51	148	-1
1001001000	-2	13293	11349.111	4040.626	22.5	6.423	119.625	6.945	197.25	6.778	14273.667	197.25	0	0	0	9	9	12350	13293	12212	13270	13217	12204	13275	12323	-2	20	23	18	25	24	14	37	19	-2	117	107	114	125	125	115	127	127	-2	194	184	194	205	200	195	207	199	-1
1001001000	-2	12290	8819.111	3514.954	64.375	12.144	120	6.614	155.625	6.945	8819.333	155.625	0	0	0	9	9	10319	10174	9637	12290	9306	11857	9540	6251	-2	78	42	62	66	74	78	50	65	-2	124	114	132	113	122	126	113	116	-2	158	149	168	150	157	164	151	148	-1
1001001000	-2	11903	9241.333	3431.085	73	5	125.875	5.622	165.5	7.246	9248.444	165.5	0	0	0	9	9	11346	9369	10571	11312	11903	10628	9696	8349	-2	81	70	73	74	78	73	63	72	-2	130	124	137	125	125	128	121	117	-2	169	161	180	164	168	168	160	154	-1
1001001000	-2	13401	10214.667	3737.689	71.25	6.476	130.625	6.183	181.875	7.801	10966.444	181.875	0	0	0	9	9	12531	10573	11558	12024	13401	10341	10880	10626	-2	79	69	72	74	78	73	57	68	-2	134	132	141	132	130	132	126	118	-2	188	184	192	180	179	188	179	165	-1
1001001000	-2	13401	10214.667	3737.689	71.25	6.476	130.625	6.183	181.875	7.801	10966.444	181.875	0	0	0	9	9	12531	10573	11558	12024	13401	10341	10880	10626	-2	79	69	72	74	78	73	57	68	-2	134	132	141	132	130	132	126	118	-2	188	184	192	180	179	188	179	165	-1
1002001000	-2	11818	7903.889	4338.575	52.375	10.499	120.857	5.462	157.875	35.19	8100.667	157.875	0	0	1	9	9	0	9925	11640	9941	10150	8553	9110	11818	-2	54	50	65	60	46	66	45	33	-2	-2	121	132	123	118	122	114	116	-2	66	174	179	174	169	176	164	161	-1
1002001000	-2	11818	7903.889	4338.575	52.375	10.499	120.857	5.462	157.875	35.19	8100.667	157.875	0	0	1	9	9	0	9925	11640	9941	10150	8553	9110	11818	-2	54	50	65	60	46	66	45	33	-2	-2	121	132	123	118	122	114	116	-2	66	174	179	174	169	176	164	161	-1
1001001000	-2	8985	6613.333	2507.972	27.25	12.949	96.625	8.245	137.75	7.12	6614.111	137.75	0	0	0	9	9	6102	8346	8985	7333	6557	8009	7811	6379	-2	35	14	50	16	22	43	14	24	-2	101	92	112	96	95	104	88	85	-2	138	138	150	139	136	145	130	126	-1
1001001000	-2	8985	6613.333	2507.972	27.25	12.949	96.625	8.245	137.75	7.12	6614.111	137.75	0	0	0	9	9	6102	8346	8985	7333	6557	8009	7811	6379	-2	35	14	50	16	22	43	14	24	-2	101	92	112	96	95	104	88	85	-2	138	138	150	139	136	145	130	126	-1
1001001000	-2	8647	6278.444	2319.237	25.75	11.233	93.875	7.785	134.25	6.685	6278.889	134.25	0	0	0	9	9	5971	8647	6735	6977	6652	7216	7224	7086	-2	36	14	44	16	21	38	13	24	-2	98	91	109	97	94	95	85	82	-2	135	136	147	137	133	136	127	123	-1
1001001000	-2	8647	6278.444	2319.237	25.75	11.233	93.875	7.785	134.25	6.685	6278.889	134.25	0	0	0	9	9	5971	8647	6735	6977	6652	7216	7224	7086	-2	36	14	44	16	21	38	13	24	-2	98	91	109	97	94	95	85	82	-2	135	136	147	137	133	136	127	123	-1
1001001000	-2	9094	6011.444	2343.958	26.25	11.486	93.375	8.154	134	6.745	6013.778	134	0	0	0	9	9	5861	9094	6178	6711	6437	6988	5475	7361	-2	38	14	45	19	20	38	13	23	-2	98	93	107	97	95	95	81	81	-2	135	137	146	136	134	136	125	123	-1
1001001000	-2	9094	6011.444	2343.958	26.25	11.486	93.375	8.154	134	6.745	6013.778	134	0	0	0	9	9	5861	9094	6178	6711	6437	6988	5475	7361	-2	38	14	45	19	20	38	13	23	-2	98	93	107	97	95	95	81	81	-2	135	137	146	136	134	136	125	123	-1
1001001000	-2	9181	6333.778	2410.259	24.375	11.521	93	6.91	133.875	6.112	6334.778	133.875	0	0	0	9	9	6173	9181	7286	6378	6477	7947	6587	6977	-2	37	14	44	19	12	33	12	24	-2	93	93	105	98	95	94	85	81	-2	132	138	144	136	135	136	127	123	-1
1001001000	-2	9181	6333.778	2410.259	24.375	11.521	93	6.91	133.875	6.112	6334.778	133.875	0	0	0	9	9	6173	9181	7286	6378	6477	7947	6587	6977	-2	37	14	44	19	12	33	12	24	-2	93	93	105	98	95	94	85	81	-2	132	138	144	136	135	136	127	123	-1
1002001000	-2	9024	5713.889	3155.038	24.25	10.802	92.429	6.522	119.875	38.103	5714.556	119.875	0	0	1	9	9	6577	9024	6276	7071	0	8273	7121	7085	-2	36	15	42	20	12	33	12	24	-2	94	92	101	98	-2	95	87	80	-2	134	137	141	136	20	138	130	123	-1
1002001000	-2	9024	5713.889	3155.038	24.25	10.802	92.429	6.522	119.875	38.103	5714.556	119.875	0	0	1	9	9	6577	9024	6276	7071	0	8273	7121	7085	-2	36	15	42	20	12	33	12	24	-2	94	92	101	98	-2	95	87	80	-2	134	137	141	136	20	138	130	123	-1
1002001000	-2	8433	5644.778	3055.146	26.375	9.759	94.571	6.966	125	33.384	5645.222	125	0	0	1	9	9	6943	0	7355	6790	6907	8433	7505	6872	-2	35	16	44	26	20	33	13	24	-2	94	-2	106	98	97	96	89	82	-2	136	38	147	139	141	140	133	126	-1
1002001000	-2	8433	5644.778	3055.146	26.375	9.759	94.571	6.966	125	33.384	5645.222	125	0	0	1	9	9	6943	0	7355	6790	6907	8433	7505	6872	-2	35	16	44	26	20	33	13	24	-2	94	-2	106	98	97	96	89	82	-2	136	38	147	139	141	140	133	126	-1
1002001000	-2	8211	5790.444	3122.373	27.125	10.203	97.714	5.848	128.75	34.259	5790.889	128.75	0	0	1	9	9	7242	0	7406	6637	7385	8211	7344	7891	-2	29	16	46	29	20	38	14	25	-2	97	-2	109	100	99	98	91	90	-2	140	39	151	141	145	143	137	134	-1
1002001000	-2	8211	5790.444	3122.373	27.125	10.203	97.714	5.848	128.75	34.259	5790.889	128.75	0	0	1	9	9	7242	0	7406	6637	7385	8211	7344	7891	-2	29	16	46	29	20	38	14	25	-2	97	-2	109	100	99	98	91	90	-2	140	39	151	141	145	143	137	134	-1
1004001000	-2	8898	4325.778	3926.14	28.875	10.068	107.2	3.655	110.375	54.042	4326.111	110.375	0	0	3	9	9	8394	0	6392	8055	0	7195	0	8898	-2	29	22	47	29	21	42	15	26	-2	109	-2	110	109	-2	108	-2	100	-2	154	38	155	153	34	155	51	143	-1
1004001000	-2	8898	4325.778	3926.14	28.875	10.068	107.2	3.655	110.375	54.042	4326.111	110.375	0	0	3	9	9	8394	0	6392	8055	0	7195	0	8898	-2	29	22	47	29	21	42	15	26	-2	109	-2	110	109	-2	108	-2	100	-2	154	38	155	153	34	155	51	143	-1
1004001000	-2	8794	4406.889	3975.419	28.25	10.651	108.6	3.323	112.25	55.231	4407.222	112.25	0	0	3	9	9	8139	0	6680	8071	0	7980	0	8794	-2	25	22	47	30	18	43	15	26	-2	111	-2	110	110	-2	110	-2	102	-2	157	39	156	155	34	160	51	146	-1
1004001000	-2	8794	4406.889	3975.419	28.25	10.651	108.6	3.323	112.25	55.231	4407.222	112.25	0	0	3	9	9	8139	0	6680	8071	0	7980	0	8794	-2	25	22	47	30	18	43	15	26	-2	111	-2	110	110	-2	110	-2	102	-2	157	39	156	155	34	160	51	146	-1
1004001000	-2	9768	4661	4214.056	27.625	10.535	105.2	4.4	115.625	48.5	4661.667	115.625	0	0	3	9	9	7206	9768	8334	0	0	8151	0	8492	-2	24	21	46	29	17	43	16	25	-2	101	107	110	-2	-2	109	-2	99	-2	149	159	155	45	65	158	51	143	-1
1004001000	-2	9768	4661	4214.056	27.625	10.535	105.2	4.4	115.625	48.5	4661.667	115.625	0	0	3	9	9	7206	9768	8334	0	0	8151	0	8492	-2	24	21	46	29	17	43	16	25	-2	101	107	110	-2	-2	109	-2	99	-2	149	159	155	45	65	158	51	143	-1
1001001000	-2	11507	8123.444	3212.974	28.625	4.715	101	4.848	140.125	5.555	8357.889	140.125	0	0	0	9	9	6649	8607	10675	9891	7890	9943	11507	7951	-2	39	25	24	28	27	33	28	25	-2	103	90	107	104	100	103	103	98	-2	140	128	148	142	141	143	143	136	-1
1001001000	-2	11081	8838.778	3242.109	65.25	5.472	119.875	6.071	159.625	7.968	8839	159.625	0	0	0	9	9	10877	9699	11081	11076	10052	9043	8848	8875	-2	66	59	68	70	73	67	55	64	-2	122	118	134	121	118	119	114	113	-2	163	155	178	159	160	159	153	150	-1
1001001000	-2	12887	10484.556	3791.258	64.875	6.193	124.875	6.274	174.375	6.613	10521.333	174.375	0	0	0	9	9	12824	10628	12887	12439	10833	11827	10976	11949	-2	65	62	71	71	71	68	56	55	-2	127	122	139	128	117	123	123	120	-2	177	172	190	176	169	173	170	168	-1
1001001000	-2	13032	10520.556	3812.223	64.875	6.193	124.875	6.274	174.375	6.613	10521.333	174.375	0	0	0	9	9	12882	10628	13032	12531	10833	11827	10976	11978	-2	65	62	71	71	71	68	56	55	-2	127	122	139	128	117	123	123	120	-2	177	172	190	176	169	173	170	168	-1
1001001000	-2	11278	9284.667	3308.896	45	9.314	113.875	4.833	161.25	5.607	9400.222	161.25	0	0	0	9	9	10610	10726	9987	9913	10299	10065	11278	10686	-2	48	42	63	44	40	54	38	31	-2	116	113	123	117	108	116	110	108	-2	163	162	169	167	156	165	156	152	-1
1001001000	-2	11278	9284.667	3308.896	45	9.314	113.875	4.833	161.25	5.607	9400.222	161.25	0	0	0	9	9	10610	10726	9987	9913	10299	10065	11278	10686	-2	48	42	63	44	40	54	38	31	-2	116	113	123	117	108	116	110	108	-2	163	162	169	167	156	165	156	152	-1
1001001000	-2	8391	6506.778	2379.059	22.625	12.277	88.375	10.111	129.75	8.393	6507.556	129.75	0	0	0	9	9	6141	8391	7548	7851	7358	7496	6841	6937	-2	21	13	47	13	14	38	12	23	-2	96	86	107	87	86	93	70	82	-2	132	131	146	131	128	133	115	122	-1
1001001000	-2	8391	6506.778	2379.059	22.625	12.277	88.375	10.111	129.75	8.393	6507.556	129.75	0	0	0	9	9	6141	8391	7548	7851	7358	7496	6841	6937	-2	21	13	47	13	14	38	12	23	-2	96	86	107	87	86	93	70	82	-2	132	131	146	131	128	133	115	122	-1
1001001000	-2	8584	6749.556	2543.52	21.5	10.851	87.125	6.392	128.25	5.286	6750	128.25	0	0	0	9	9	5605	8584	7054	8156	7183	8181	8526	7459	-2	24	13	41	13	12	36	11	22	-2	93	85	96	88	87	92	75	81	-2	131	129	136	130	128	132	119	121	-1
1001001000	-2	8584	6749.556	2543.52	21.5	10.851	87.125	6.392	128.25	5.286	6750	128.25	0	0	0	9	9	5605	8584	7054	8156	7183	8181	8526	7459	-2	24	13	41	13	12	36	11	22	-2	93	85	96	88	87	92	75	81	-2	131	129	136	130	128	132	119	121	-1
1001001000	-2	8773	6174.667	2387.535	21.25	10.556	86.125	5.988	127.375	5.171	6175.111	127.375	0	0	0	9	9	5446	8078	5902	6773	6432	6872	8773	7298	-2	32	14	40	13	12	31	11	17	-2	90	84	96	89	89	86	76	79	-2	128	128	136	130	130	128	119	120	-1
1001001000	-2	8773	6174.667	2387.535	21.25	10.556	86.125	5.988	127.375	5.171	6175.111	127.375	0	0	0	9	9	5446	8078	5902	6773	6432	6872	8773	7298	-2	32	14	40	13	12	31	11	17	-2	90	84	96	89	89	86	76	79	-2	128	128	136	130	130	128	119	120	-1
1001001000	-2	8672	6458.667	2427.515	19.625	9.38	85.375	6.019	127	5.074	6459.111	127	0	0	0	9	9	6505	8672	5548	7735	7660	7010	7400	7600	-2	28	13	38	13	11	27	12	15	-2	91	84	95	87	89	83	76	78	-2	129	129	134	129	131	126	119	119	-1
1001001000	-2	8672	6458.667	2427.515	19.625	9.38	85.375	6.019	127	5.074	6459.111	127	0	0	0	9	9	6505	8672	5548	7735	7660	7010	7400	7600	-2	28	13	38	13	11	27	12	15	-2	91	84	95	87	89	83	76	78	-2	129	129	134	129	131	126	119	119	-1
1001001000	-2	8744	6440.111	2479.226	19.375	9.604	87.375	6.081	129.25	4.918	6440.556	129.25	0	0	0	9	9	7254	8744	5019	7027	7664	6905	7075	8275	-2	23	13	40	13	11	28	12	15	-2	92	85	96	89	94	85	80	78	-2	131	129	136	131	135	128	123	121	-1
1001001000	-2	8744	6440.111	2479.226	19.375	9.604	87.375	6.081	129.25	4.918	6440.556	129.25	0	0	0	9	9	7254	8744	5019	7027	7664	6905	7075	8275	-2	23	13	40	13	11	28	12	15	-2	92	85	96	89	94	85	80	78	-2	131	129	136	131	135	128	123	121	-1
1002001000	-2	8607	5579.667	3093.458	20.625	9.604	89.286	6.181	120.75	31.288	5580.111	120.75	0	0	1	9	9	7815	0	5532	6692	7773	7164	6636	8607	-2	23	14	42	16	12	28	12	18	-2	93	-2	98	87	96	88	83	80	-2	135	39	139	132	138	133	126	124	-1
1002001000	-2	8607	5579.667	3093.458	20.625	9.604	89.286	6.181	120.75	31.288	5580.111	120.75	0	0	1	9	9	7815	0	5532	6692	7773	7164	6636	8607	-2	23	14	42	16	12	28	12	18	-2	93	-2	98	87	96	88	83	80	-2	135	39	139	132	138	133	126	124	-1
1001001000	-2	8992	6783.222	2577.95	22	10.464	93.125	6.009	137.625	5.29	6784	137.625	0	0	0	9	9	7935	8827	5603	7035	8992	7277	7545	7837	-2	23	14	42	17	12	36	13	19	-2	96	96	101	89	98	96	87	82	-2	139	142	144	134	142	140	132	128	-1
1001001000	-2	8992	6783.222	2577.95	22	10.464	93.125	6.009	137.625	5.29	6784	137.625	0	0	0	9	9	7935	8827	5603	7035	8992	7277	7545	7837	-2	23	14	42	17	12	36	13	19	-2	96	96	101	89	98	96	87	82	-2	139	142	144	134	142	140	132	128	-1
1001001000	-2	9237	6638.556	2487.98	24	10.677	96.5	6.538	143.375	5.872	6639.222	143.375	0	0	0	9	9	8285	7708	7239	6215	9237	6891	7063	7111	-2	24	15	42	24	13	40	13	21	-2	99	99	106	92	100	101	91	84	-2	144	149	150	138	148	147	138	133	-1
1001001000	-2	9520	6726.111	2524.393	24	11.236	96.375	6.382	144.25	6.18	6726.667	144.25	0	0	0	9	9	7976	8056	7327	6468	9520	6802	7391	6997	-2	23	14	43	25	13	41	13	20	-2	98	99	104	91	100	103	92	84	-2	144	150	149	138	150	150	140	133	-1
1001001000	-2	9520	6726.111	2524.393	24	11.236	96.375	6.382	144.25	6.18	6726.667	144.25	0	0	0	9	9	7976	8056	7327	6468	9520	6802	7391	6997	-2	23	14	43	25	13	41	13	20	-2	98	99	104	91	100	103	92	84	-2	144	150	149	138	150	150	140	133	-1
1001001000	-2	9490	6894.222	2605.102	23.5	10.932	94.25	5.804	140.25	5.673	6895.222	140.25	0	0	0	9	9	8731	6640	6877	6614	9490	7853	8263	7582	-2	22	14	43	25	13	39	13	19	-2	97	94	103	90	97	99	91	83	-2	142	143	147	135	144	145	137	129	-1
1001001000	-2	13410	10583	3878.148	15.5	2.062	87	5.268	132.25	5.472	10661.444	132.25	0	0	0	9	9	11560	13027	12089	10222	10364	12029	13410	12548	-2	15	13	16	18	18	15	12	17	-2	89	75	90	89	85	94	89	85	-2	133	120	137	130	132	139	136	131	-1
1001001000	-2	12808	10299.111	3734.331	15.5	2.062	87	5.268	132.25	5.472	10661.444	132.25	0	0	0	9	9	11560	12808	11822	10222	10364	11367	12613	11938	-2	15	13	16	18	18	15	12	17	-2	89	75	90	89	85	94	89	85	-2	133	120	137	130	132	139	136	131	-1
1001001000	-2	10049	7822.444	2930.664	60.375	7.952	114.625	5.611	151.5	7.399	7822.778	151.5	0	0	0	9	9	6638	8139	8663	9986	9287	10049	9033	8609	-2	59	46	67	65	69	69	55	53	-2	114	113	127	113	114	118	112	106	-2	149	147	168	148	152	157	149	142	-1
1001001000	-2	9836	8062.111	2888.572	59.375	6.855	115.5	4.583	153.75	7.031	8062.667	153.75	0	0	0	9	9	8123	8952	9836	9182	8948	9067	8801	9652	-2	57	57	66	62	68	65	54	46	-2	116	116	125	114	115	118	112	108	-2	155	152	170	150	152	157	149	145	-1
1001001000	-2	13167	10449.111	3786.268	59.5	6.442	121.125	5.533	170.875	6.294	10449.667	170.875	0	0	0	9	9	11579	10534	13167	11543	12919	12077	10726	11499	-2	53	61	67	62	66	65	53	49	-2	120	119	135	121	118	122	116	118	-2	171	166	186	169	169	174	166	166	-1
1001001000	-2	11921	8668.889	3326.367	39.75	9.769	106.75	6.379	152.625	7.14	8706.667	152.625	0	0	0	9	9	8786	10356	8704	8406	11921	11647	10009	8193	-2	37	39	59	32	38	52	30	31	-2	101	107	117	110	105	115	100	99	-2	146	154	163	159	151	160	146	142	-1
1001001000	-2	11473	8239.556	3102.952	39.75	9.769	106.75	6.379	152.625	7.14	8706.667	152.625	0	0	0	9	9	8686	8610	8704	8105	11473	10378	10009	8193	-2	37	39	59	32	38	52	30	31	-2	101	107	117	110	105	115	100	99	-2	146	154	163	159	151	160	146	142	-1
1001001000	-2	9393	7173	2705.625	19.125	11.784	81.5	8.441	122.25	8.422	7173.667	122.25	0	0	0	9	9	7249	8075	8983	9393	6115	8974	7919	7851	-2	15	11	42	11	10	36	11	17	-2	75	78	98	82	81	91	70	77	-2	117	123	138	125	118	131	110	116	-1
1001001000	-2	9393	7173	2705.625	19.125	11.784	81.5	8.441	122.25	8.422	7173.667	122.25	0	0	0	9	9	7249	8075	8983	9393	6115	8974	7919	7851	-2	15	11	42	11	10	36	11	17	-2	75	78	98	82	81	91	70	77	-2	117	123	138	125	118	131	110	116	-1
1001001000	-2	10343	6604.333	2785.087	18	9.874	81.25	6.906	122.75	6.159	6604.889	122.75	0	0	0	9	9	5175	8190	8204	8203	5240	7411	10343	6675	-2	19	11	38	11	10	30	10	15	-2	82	78	96	82	81	84	70	77	-2	122	123	136	124	121	125	113	118	-1
1001001000	-2	10343	6604.333	2785.087	18	9.874	81.25	6.906	122.75	6.159	6604.889	122.75	0	0	0	9	9	5175	8190	8204	8203	5240	7411	10343	6675	-2	19	11	38	11	10	30	10	15	-2	82	78	96	82	81	84	70	77	-2	122	123	136	124	121	125	113	118	-1
1001001000	-2	9168	6169.778	2463.593	17.625	8.887	82.5	6.103	124.375	5.633	6170.222	124.375	0	0	0	9	9	6391	7522	5572	7899	5154	7216	9168	6608	-2	20	13	34	11	9	30	11	13	-2	82	79	96	84	81	86	75	77	-2	121	124	136	126	123	129	118	118	-1
1001001000	-2	9168	6169.778	2463.593	17.625	8.887	82.5	6.103	124.375	5.633	6170.222	124.375	0	0	0	9	9	6391	7522	5572	7899	5154	7216	9168	6608	-2	20	13	34	11	9	30	11	13	-2	82	79	96	84	81	86	75	77	-2	121	124	136	126	123	129	118	118	-1
1001001000	-2	8713	6677.889	2486.057	17	7.969	78.25	6.437	120.75	5.309	6678.222	120.75	0	0	0	9	9	7244	7572	5895	7871	6916	7481	8411	8713	-2	20	12	33	11	10	26	11	13	-2	79	72	92	81	74	82	71	75	-2	120	117	132	124	118	124	115	116	-1
1001001000	-2	8713	6677.889	2486.057	17	7.969	78.25	6.437	120.75	5.309	6678.222	120.75	0	0	0	9	9	7244	7572	5895	7871	6916	7481	8411	8713	-2	20	12	33	11	10	26	11	13	-2	79	72	92	81	74	82	71	75	-2	120	117	132	124	118	124	115	116	-1
1001001000	-2	8765	6742.111	2466.906	17.875	8.978	80.375	6.945	123.5	5.852	6742.778	123.5	0	0	0	9	9	7340	6769	6884	8552	7501	7487	7383	8765	-2	20	12	37	13	10	27	11	13	-2	81	73	95	85	78	83	73	75	-2	122	118	135	129	123	126	117	118	-1
1001001000	-2	8765	6742.111	2466.906	17.875	8.978	80.375	6.945	123.5	5.852	6742.778	123.5	0	0	0	9	9	7340	6769	6884	8552	7501	7487	7383	8765	-2	20	12	37	13	10	27	11	13	-2	81	73	95	85	78	83	73	75	-2	122	118	135	129	123	126	117	118	-1
1001001000	-2	8640	6431.556	2373.127	18.875	9.493	84.625	5.655	128.75	4.841	6432.444	128.75	0	0	0	9	9	7066	7207	6232	7862	8640	6634	6715	7530	-2	21	12	40	14	12	27	11	14	-2	84	79	96	88	86	87	79	78	-2	128	125	137	132	132	131	123	122	-1
1001001000	-2	8640	6431.556	2373.127	18.875	9.493	84.625	5.655	128.75	4.841	6432.444	128.75	0	0	0	9	9	7066	7207	6232	7862	8640	6634	6715	7530	-2	21	12	40	14	12	27	11	14	-2	84	79	96	88	86	87	79	78	-2	128	125	137	132	132	131	123	122	-1
1001001000	-2	8921	6625.111	2445.817	20.5	10.296	89.125	5.819	134.5	4.555	6625.556	134.5	0	0	0	9	9	7612	7358	6225	7869	8921	6877	7053	7713	-2	21	13	41	15	13	34	12	15	-2	91	85	97	90	94	94	83	79	-2	136	133	140	135	138	139	128	127	-1
1001001000	-2	8921	6625.111	2445.817	20.5	10.296	89.125	5.819	134.5	4.555	6625.556	134.5	0	0	0	9	9	7612	7358	6225	7869	8921	6877	7053	7713	-2	21	13	41	15	13	34	12	15	-2	91	85	97	90	94	94	83	79	-2	136	133	140	135	138	139	128	127	-1
1001001000	-2	8598	6540.778	2380.244	20.25	10.733	87.875	5.732	134.875	4.512	6541.444	134.875	0	0	0	9	9	7233	6747	6587	7603	8598	6960	7597	7544	-2	21	13	41	14	12	35	11	15	-2	85	86	97	90	86	96	84	79	-2	133	136	141	135	136	141	129	128	-1
1001001000	-2	8598	6540.778	2380.244	20.25	10.733	87.875	5.732	134.875	4.512	6541.444	134.875	0	0	0	9	9	7233	6747	6587	7603	8598	6960	7597	7544	-2	21	13	41	14	12	35	11	15	-2	85	86	97	90	86	96	84	79	-2	133	136	141	135	136	141	129	128	-1
1001001000	-2	9071	6434.556	2436.721	21.75	11.155	89	5.958	136.125	5.011	6435.111	136.125	0	0	0	9	9	7370	6159	6100	7473	9071	7290	6541	7909	-2	21	14	42	17	13	39	12	16	-2	87	89	98	87	90	98	82	81	-2	134	138	142	135	139	143	129	129	-1
1001001000	-2	9071	6434.556	2436.721	21.75	11.155	89	5.958	136.125	5.011	6435.111	136.125	0	0	0	9	9	7370	6159	6100	7473	9071	7290	6541	7909	-2	21	14	42	17	13	39	12	16	-2	87	89	98	87	90	98	82	81	-2	134	138	142	135	139	143	129	129	-1
1001001000	-2	13355	11103.889	3970.992	13	0.707	93.125	5.667	164.375	5.384	11436	164.375	0	0	0	9	9	12322	13101	12078	12286	13355	11367	13182	12246	-2	14	12	13	13	14	13	12	13	-2	97	80	94	97	91	100	94	92	-2	169	152	169	165	160	167	167	166	-1
1001001000	-2	12765	9523.333	3556.746	14.25	2.046	76.125	7.44	117	4.899	9523.667	117	0	0	0	9	9	10572	12765	9001	10647	11210	8993	11897	10627	-2	15	11	15	14	17	16	11	15	-2	82	65	80	80	75	88	66	73	-2	122	109	122	118	117	123	112	113	-1
1001001000	-2	13168	9972	3737.222	50.375	8.41	114.125	4.371	160	5.196	9993.556	160	0	0	0	9	9	11056	12102	9081	10329	12441	13168	11774	9799	-2	46	51	65	44	58	55	48	36	-2	112	119	121	111	110	119	111	110	-2	160	163	169	154	156	165	160	153	-1
1001001000	-2	13168	9972	3737.222	50.375	8.41	114.125	4.371	160	5.196	9993.556	160	0	0	0	9	9	11056	12102	9081	10329	12441	13168	11774	9799	-2	46	51	65	44	58	55	48	36	-2	112	119	121	111	110	119	111	110	-2	160	163	169	154	156	165	160	153	-1
1001001000	-2	10805	8130.667	3078.68	33.875	10.635	101.375	5.407	145.25	6.24	8131.444	145.25	0	0	0	9	9	9109	9904	8322	8976	10805	9446	9946	6670	-2	28	31	55	27	32	48	23	27	-2	99	103	111	102	100	107	93	96	-2	142	147	157	149	141	150	138	138	-1
1001001000	-2	10805	8130.667	3078.68	33.875	10.635	101.375	5.407	145.25	6.24	8131.444	145.25	0	0	0	9	9	9109	9904	8322	8976	10805	9446	9946	6670	-2	28	31	55	27	32	48	23	27	-2	99	103	111	102	100	107	93	96	-2	142	147	157	149	141	150	138	138	-1
1001001000	-2	10972	7836.778	2925.711	15.625	8.425	77.25	7.496	119.375	7.549	7837.333	119.375	0	0	0	9	9	8087	7685	9378	9246	8492	8776	10972	7897	-2	14	11	35	10	9	23	10	13	-2	74	76	94	78	72	83	69	72	-2	116	120	135	122	112	125	110	115	-1
1001001000	-2	10971	7836.667	2925.592	15.625	8.425	77.25	7.496	119.375	7.549	7837.333	119.375	0	0	0	9	9	8087	7685	9378	9246	8492	8776	10971	7897	-2	14	11	35	10	9	23	10	13	-2	74	76	94	78	72	83	69	72	-2	116	120	135	122	112	125	110	115	-1
1001001000	-2	8869	7189.667	2577.495	15	7.599	73.75	7.562	116.375	6.46	7190.222	116.375	0	0	0	9	9	7479	7623	7948	7859	7982	8358	8869	8591	-2	14	11	31	10	8	24	10	12	-2	73	73	91	68	71	79	65	70	-2	116	117	131	114	113	120	108	112	-1
1001001000	-2	8869	7189.667	2577.495	15	7.599	73.75	7.562	116.375	6.46	7190.222	116.375	0	0	0	9	9	7479	7623	7948	7859	7982	8358	8869	8591	-2	14	11	31	10	8	24	10	12	-2	73	73	91	68	71	79	65	70	-2	116	117	131	114	113	120	108	112	-1
1002001000	-2	8304	5478.889	2985.724	13	5.05	70.857	4.58	102.375	30.22	5800	102.375	0	0	1	9	9	6483	6403	0	6844	7308	6445	7525	8304	-2	14	11	15	9	8	25	10	12	-2	76	69	-2	68	71	79	65	68	-2	117	113	23	113	113	121	108	111	-1
1002001000	-2	8404	6131.333	3287.84	13	5.292	70.286	4.025	101.875	30.01	6132.222	101.875	0	0	1	9	9	7687	7492	0	8117	7897	7627	7960	8404	-2	13	11	15	10	8	26	10	11	-2	74	68	-2	69	70	78	65	68	-2	116	112	23	114	112	120	108	110	-1
1002001000	-2	8404	6131.333	3287.84	13	5.292	70.286	4.025	101.875	30.01	6132.222	101.875	0	0	1	9	9	7687	7492	0	8117	7897	7627	7960	8404	-2	13	11	15	10	8	26	10	11	-2	74	68	-2	69	70	78	65	68	-2	116	112	23	114	112	120	108	110	-1
1001001000	-2	8894	6914.889	2605.105	15.5	8.246	75.125	6.641	118	5.545	6915.222	118	0	0	0	9	9	7938	7534	5694	8894	8085	7251	7981	8859	-2	13	11	32	11	9	27	10	11	-2	75	69	88	78	71	82	68	70	-2	117	114	128	122	114	124	112	113	-1
1001001000	-2	8894	6914.889	2605.105	15.5	8.246	75.125	6.641	118	5.545	6915.222	118	0	0	0	9	9	7938	7534	5694	8894	8085	7251	7981	8859	-2	13	11	32	11	9	27	10	11	-2	75	69	88	78	71	82	68	70	-2	117	114	128	122	114	124	112	113	-1
1001001000	-2	9609	7051.778	2644.427	15.75	7.87	77.125	6.234	122.125	5.349	7052.444	122.125	0	0	0	9	9	8328	6994	6415	9609	8682	7456	7905	8079	-2	13	11	32	13	10	26	10	11	-2	76	72	88	82	73	84	70	72	-2	121	118	131	127	119	128	116	117	-1
1001001000	-2	9609	7051.778	2644.427	15.75	7.87	77.125	6.234	122.125	5.349	7052.444	122.125	0	0	0	9	9	8328	6994	6415	9609	8682	7456	7905	8079	-2	13	11	32	13	10	26	10	11	-2	76	72	88	82	73	84	70	72	-2	121	118	131	127	119	128	116	117	-1
1001001000	-2	9177	6902	2625.349	17.375	9.63	81.5	7.194	128.125	5.967	6902.667	128.125	0	0	0	9	9	9165	6273	7338	9177	8654	7534	6997	6982	-2	13	12	38	13	11	29	10	13	-2	80	74	96	84	77	89	75	77	-2	128	122	140	130	126	134	122	123	-1
1001001000	-2	9177	6902	2625.349	17.375	9.63	81.5	7.194	128.125	5.967	6902.667	128.125	0	0	0	9	9	9165	6273	7338	9177	8654	7534	6997	6982	-2	13	12	38	13	11	29	10	13	-2	80	74	96	84	77	89	75	77	-2	128	122	140	130	126	134	122	123	-1
1001001000	-2	9093	7168	2691.915	16.5	8.803	79.75	6.796	126.625	5.314	7168.333	126.625	0	0	0	9	9	8589	6045	7945	8908	9093	7075	8426	8433	-2	12	12	36	13	10	26	10	13	-2	78	75	93	83	75	87	72	75	-2	125	123	137	129	125	132	120	122	-1
1001001000	-2	9093	7168	2691.915	16.5	8.803	79.75	6.796	126.625	5.314	7168.333	126.625	0	0	0	9	9	8589	6045	7945	8908	9093	7075	8426	8433	-2	12	12	36	13	10	26	10	13	-2	78	75	93	83	75	87	72	75	-2	125	123	137	129	125	132	120	122	-1
1001001000	-2	8936	7256.556	2714.733	16	7.73	79.25	6.96	125	5.074	7257	125	0	0	0	9	9	8465	6347	8450	8852	8936	6814	8902	8545	-2	12	12	32	13	10	26	10	13	-2	77	74	92	84	73	87	72	75	-2	124	122	134	128	122	131	119	120	-1
1001001000	-2	13572	10526.667	3928.397	9.25	0.829	65.375	5.171	109.375	4.846	10659.444	109.375	0	0	0	9	9	10616	13383	13572	11189	11453	9528	13006	11995	-2	10	8	10	9	10	10	8	9	-2	63	57	70	67	66	75	61	64	-2	107	105	120	110	106	114	106	107	-1
1001001000	-2	13572	10526.667	3928.397	9.25	0.829	65.375	5.171	109.375	4.846	10659.444	109.375	0	0	0	9	9	10616	13383	13572	11189	11453	9528	13006	11995	-2	10	8	10	9	10	10	8	9	-2	63	57	70	67	66	75	61	64	-2	107	105	120	110	106	114	106	107	-1
1001001000	-2	10841	7469.222	3359.197	26.25	10.317	86	7.036	126.375	7.21	7469.667	126.375	0	0	0	9	9	10841	8661	10403	7492	3716	6866	9069	10177	-2	20	22	44	16	28	42	16	22	-2	90	85	101	84	82	89	81	76	-2	132	129	139	124	116	131	121	119	-1
1001001000	-2	10551	7698	3052.488	19.5	8.818	83.25	6.398	128.125	6.679	7698.556	128.125	0	0	0	9	9	8331	7523	10303	10551	6110	7498	9852	9116	-2	15	14	33	13	16	36	12	17	-2	77	81	96	84	82	90	75	81	-2	123	127	139	133	122	136	119	126	-1
1002001000	-2	9794	6587.333	3564.896	11.5	3.24	70.571	3.736	103.125	29.028	6587.889	103.125	0	0	1	9	9	8226	8952	0	8118	8070	8290	9794	7838	-2	12	11	13	9	8	19	9	11	-2	70	73	-2	69	71	78	66	67	-2	114	116	27	115	111	122	108	112	-1
1002001000	-2	9618	6179	3420.492	11.5	3.24	70.571	3.736	103.125	29.028	6587.889	103.125	0	0	1	9	9	8181	8869	0	7340	7701	6251	9618	7653	-2	12	11	13	9	8	19	9	11	-2	70	73	-2	69	71	78	66	67	-2	114	116	27	115	111	122	108	112	-1
1002001000	-2	8805	5807.556	3168.287	10.75	3.419	66.714	4.199	99.375	27.59	5807.889	99.375	0	0	1	9	9	6972	6776	0	7702	7475	8805	7955	6585	-2	11	11	11	9	7	19	8	10	-2	69	67	-2	65	67	75	61	63	-2	112	111	27	109	108	117	104	107	-1
1002001000	-2	8805	5807.556	3168.287	10.75	3.419	66.714	4.199	99.375	27.59	5807.889	99.375	0	0	1	9	9	6972	6776	0	7702	7475	8805	7955	6585	-2	11	11	11	9	7	19	8	10	-2	69	67	-2	65	67	75	61	63	-2	112	111	27	109	108	117	104	107	-1
1001001000	-2	9193	6758.222	2572.863	10.625	4.151	67.25	6.759	109.75	5.238	6759	109.75	0	0	0	9	9	5930	6763	6682	7771	8621	7943	9193	7923	-2	11	10	11	8	7	21	8	9	-2	66	65	82	62	66	74	62	61	-2	108	109	121	108	108	115	104	105	-1
1001001000	-2	8498	6365.222	2391.67	10.625	4.151	67.25	6.759	109.75	5.238	6759	109.75	0	0	0	9	9	5864	6372	6546	6958	8177	7141	8498	7733	-2	11	10	11	8	7	21	8	9	-2	66	65	82	62	66	74	62	61	-2	108	109	121	108	108	115	104	105	-1
1001001000	-2	8445	6906.222	2512.033	11.125	3.951	67.375	6.8	110	5.477	7230.333	110	0	0	0	9	9	7125	7808	6470	8445	7870	7889	8223	8328	-2	11	10	12	9	8	21	8	10	-2	67	64	81	64	65	76	61	61	-2	109	107	121	109	107	117	105	105	-1
1001001000	-2	9157	7230	2654.138	11.125	3.951	67.375	6.8	110	5.477	7230.333	110	0	0	0	9	9	7332	8345	6593	9157	8200	8272	8683	8490	-2	11	10	12	9	8	21	8	10	-2	67	64	81	64	65	76	61	61	-2	109	107	121	109	107	117	105	105	-1
1002001000	-2	8865	6408.778	3465.333	11.125	4.045	66.429	4.338	99.5	28.753	6409.111	99.5	0	0	1	9	9	7989	8305	0	8865	8395	6948	8719	8460	-2	11	10	13	9	8	21	8	9	-2	68	65	-2	65	65	76	65	61	-2	110	109	24	111	108	119	108	107	-1
1002001000	-2	8865	6408.778	3465.333	11.125	4.045	66.429	4.338	99.5	28.753	6409.111	99.5	0	0	1	9	9	7989	8305	0	8865	8395	6948	8719	8460	-2	11	10	13	9	8	21	8	9	-2	68	65	-2	65	65	76	65	61	-2	110	109	24	111	108	119	108	107	-1
1002001000	-2	9808	6496	3573.033	11.5	3.64	69	4.66	102.25	29.819	6496.333	102.25	0	0	1	9	9	7932	7652	0	9808	8794	6639	8794	8847	-2	11	10	14	11	8	20	9	9	-2	70	66	-2	71	67	79	66	64	-2	115	110	24	117	111	121	111	109	-1
1002001000	-2	9808	6496	3573.033	11.5	3.64	69	4.66	102.25	29.819	6496.333	102.25	0	0	1	9	9	7932	7652	0	9808	8794	6639	8794	8847	-2	11	10	14	11	8	20	9	9	-2	70	66	-2	71	67	79	66	64	-2	115	110	24	117	111	121	111	109	-1
1002001000	-2	9485	6490.556	3574.237	12.125	4.136	70.571	4.625	103.875	30.448	6493.333	103.875	0	0	1	9	9	8140	7797	0	9485	8995	6328	8857	8815	-2	11	10	15	11	9	22	9	10	-2	71	67	-2	74	69	80	67	66	-2	117	111	24	119	114	123	112	111	-1
1002001000	-2	9485	6493.222	3576.01	12.125	4.136	70.571	4.625	103.875	30.448	6493.333	103.875	0	0	1	9	9	8140	7797	0	9485	8995	6328	8881	8815	-2	11	10	15	11	9	22	9	10	-2	71	67	-2	74	69	80	67	66	-2	117	111	24	119	114	123	112	111	-1
1002001000	-2	9697	6697.333	3665.791	11.75	3.631	70	4.276	103	30.096	6698	103	0	0	1	9	9	8096	7605	0	9640	9697	7285	9091	8864	-2	11	10	15	11	9	20	9	9	-2	69	68	-2	73	69	79	66	66	-2	116	112	24	117	113	122	110	110	-1
1001001000	-2	9828	7071.111	2873.901	11.25	1.714	64	3.873	100.25	3.382	7071.444	100.25	0	0	0	9	9	5561	9583	9360	6507	7224	6923	9828	8656	-2	13	9	13	10	11	14	10	10	-2	62	58	65	62	67	72	63	63	-2	99	96	105	97	100	106	101	98	-1
1001001000	-2	11363	7884.667	3125.473	15.375	4.82	79.75	5.093	124	6.062	8189.889	124	0	0	0	9	9	8503	6970	11363	9353	6817	8943	10673	8342	-2	15	15	19	12	11	26	10	15	-2	75	81	90	79	78	85	76	74	-2	121	125	135	128	117	129	116	121	-1
1001001000	-2	9507	6841.333	2581.092	9.75	2.727	66.375	6.707	109.875	6.051	7235.556	109.875	0	0	0	9	9	8820	7125	7841	6836	7637	7343	9507	6465	-2	10	10	11	7	7	16	8	9	-2	66	65	81	62	63	73	61	60	-2	110	110	122	108	104	116	102	107	-1
1001001000	-2	9620	7235.333	2679.064	9.75	2.727	66.375	6.707	109.875	6.051	7235.556	109.875	0	0	0	9	9	8531	7552	8296	7698	7898	8862	9620	6663	-2	10	10	11	7	7	16	8	9	-2	66	65	81	62	63	73	61	60	-2	110	110	122	108	104	116	102	107	-1
1001001000	-2	7744	6186.444	2259.875	9.125	2.421	63.125	4.166	105.625	3.276	6186.778	105.625	0	0	0	9	9	7260	7224	5675	7199	7142	7069	7744	6367	-2	9	9	10	7	7	15	8	8	-2	61	63	72	61	63	67	60	58	-2	106	106	113	105	104	107	102	102	-1
1001001000	-2	7744	6186.444	2259.875	9.125	2.421	63.125	4.166	105.625	3.276	6186.778	105.625	0	0	0	9	9	7260	7224	5675	7199	7142	7069	7744	6367	-2	9	9	10	7	7	15	8	8	-2	61	63	72	61	63	67	60	58	-2	106	106	113	105	104	107	102	102	-1
1001001000	-2	8675	6649.778	2539.499	8.875	2.891	60.875	4.075	103	3.391	6650.111	103	0	0	0	9	9	8359	8354	6029	8032	7561	6984	8675	5856	-2	9	9	9	7	6	16	7	8	-2	60	62	69	60	57	65	58	56	-2	102	104	110	104	101	105	99	99	-1
1001001000	-2	8299	6400.444	2437.154	8.875	2.891	60.875	4.075	103	3.391	6650.111	103	0	0	0	9	9	8299	7997	5892	7645	6824	6973	8274	5702	-2	9	9	9	7	6	16	7	8	-2	60	62	69	60	57	65	58	56	-2	102	104	110	104	101	105	99	99	-1
1001001000	-2	8807	6823	2583.417	9.125	2.803	61.125	4.014	103.75	3.382	6823.333	103.75	0	0	0	9	9	8486	8807	6470	7648	8359	6985	8569	6085	-2	9	9	10	7	7	16	7	8	-2	60	63	69	60	58	65	58	56	-2	103	103	111	105	102	106	100	100	-1
1001001000	-2	8807	6823	2583.417	9.125	2.803	61.125	4.014	103.75	3.382	6823.333	103.75	0	0	0	9	9	8486	8807	6470	7648	8359	6985	8569	6085	-2	9	9	10	7	7	16	7	8	-2	60	63	69	60	58	65	58	56	-2	103	103	111	105	102	106	100	100	-1
1001001000	-2	8847	7025.444	2602.965	9.25	2.861	62.625	5.83	105.5	4.924	7025.889	105.5	0	0	0	9	9	8311	8847	7847	8539	8133	7538	8049	5967	-2	9	9	11	7	7	16	7	8	-2	62	62	75	62	56	68	59	57	-2	106	103	116	107	101	109	102	100	-1
1001001000	-2	9380	7123.667	2695.731	9.25	2.681	63.875	5.441	107.375	4.82	7124.111	107.375	0	0	0	9	9	8136	8812	7145	8082	9380	7921	8739	5900	-2	9	9	12	7	7	15	7	8	-2	64	62	75	61	61	70	61	57	-2	109	104	117	107	105	112	104	101	-1
1001001000	-2	9380	7123.667	2695.731	9.25	2.681	63.875	5.441	107.375	4.82	7124.111	107.375	0	0	0	9	9	8136	8812	7145	8082	9380	7921	8739	5900	-2	9	9	12	7	7	15	7	8	-2	64	62	75	61	61	70	61	57	-2	109	104	117	107	105	112	104	101	-1
1001001000	-2	9606	7033	2636.379	9.25	2.681	64.5	5.074	108.375	4.662	7033.333	108.375	0	0	0	9	9	8349	8334	6758	7507	9606	7371	8622	6752	-2	9	9	12	7	7	15	7	8	-2	65	62	75	62	63	70	60	59	-2	111	104	118	107	107	112	104	104	-1
1001001000	-2	9606	7033	2636.379	9.25	2.681	64.5	5.074	108.375	4.662	7033.333	108.375	0	0	0	9	9	8349	8334	6758	7507	9606	7371	8622	6752	-2	9	9	12	7	7	15	7	8	-2	65	62	75	62	63	70	60	59	-2	111	104	118	107	107	112	104	104	-1
1001001000	-2	8973	6953	2661.714	11	1.118	66.625	2.781	102.625	3.426	7034.667	102.625	0	0	0	9	9	6136	8484	8973	6519	6908	7818	8927	8814	-2	13	10	12	10	10	12	10	11	-2	63	66	68	64	68	72	68	64	-2	101	103	107	99	100	107	106	98	-1
1001001000	-2	10710	8319.889	3077.324	11.25	2.99	70	5.408	115.25	4.235	8768.667	115.25	0	0	0	9	9	9857	8373	10610	7786	9124	9470	8951	10710	-2	11	13	13	8	8	17	8	12	-2	69	73	81	67	71	72	65	62	-2	115	117	122	116	110	120	109	113	-1
1001001000	-2	8519	6706.444	2414.22	8.25	2.107	59.875	5.085	102.25	4.841	6954.333	102.25	0	0	0	9	9	7680	7648	7307	6929	7061	7315	8519	7901	-2	8	9	9	6	6	13	7	8	-2	60	63	70	59	54	63	54	56	-2	105	106	110	103	96	104	95	99	-1
1001001000	-2	8545	6604.111	2392.988	8.25	2.107	59.875	5.085	102.25	4.841	6954.333	102.25	0	0	0	9	9	7556	7499	7237	6780	6783	7143	8545	7896	-2	8	9	9	6	6	13	7	8	-2	60	63	70	59	54	63	54	56	-2	105	106	110	103	96	104	95	99	-1
1001001000	-2	8283	6421.111	2386.268	7.625	1.495	56.625	2.913	98.625	2.233	6421.667	98.625	0	0	0	9	9	7180	7356	5748	7598	7170	8057	8283	6400	-2	8	8	8	6	6	11	7	7	-2	55	60	58	56	53	62	55	54	-2	99	101	101	99	95	101	97	96	-1
1001001000	-2	12850	10328.889	3689.873	7.375	0.484	61.25	3.231	117.125	4.196	12401.778	117.125	0	0	0	9	9	11821	10918	11081	11670	12850	11724	11622	11276	-2	8	7	8	7	7	8	7	7	-2	63	59	67	59	61	65	57	59	-2	120	114	126	115	113	120	114	115	-1
1001001000	-2	11032	8845.889	3302.081	6.875	0.599	51.875	2.713	91.5	3.082	9019.222	91.5	0	0	0	9	9	8447	10325	11032	9972	7797	10768	10986	10288	-2	8	7	7	7	7	7	6	6	-2	52	52	53	49	50	58	52	49	-2	91	91	95	88	88	97	93	89	-1
1001001000	-2	10864	8328.111	3166.611	7.25	0.433	55.75	2.332	94.625	2.997	8527.778	94.625	0	0	0	9	9	9601	9162	10864	9022	6758	8640	10570	10338	-2	8	7	7	7	7	8	7	7	-2	55	58	57	54	53	60	56	53	-2	95	96	98	92	90	98	97	91	-1
1001001000	-2	11413	9071.333	3294.999	11.25	1.09	74.5	2.179	119.125	3.48	9326.778	119.125	0	0	0	9	9	10420	8696	10607	10751	11413	9520	9688	10549	-2	12	12	12	10	10	11	10	13	-2	73	77	76	71	74	77	76	72	-2	119	119	119	115	119	120	127	115	-1
1001001000	-2	10854	8683.667	3138.034	10.25	1.714	69	4.387	116.625	2.826	9230.333	116.625	0	0	0	9	9	10133	8646	10854	8817	10206	9885	9620	9994	-2	10	13	11	9	8	12	8	11	-2	68	76	75	68	70	65	68	62	-2	117	121	117	121	113	114	115	115	-1
1001001000	-2	10589	8631.333	3140.399	10.25	1.714	69	4.387	116.625	2.826	9230.333	116.625	0	0	0	9	9	10227	8149	10552	8965	10003	9768	9431	10589	-2	10	13	11	9	8	12	8	11	-2	68	76	75	68	70	65	68	62	-2	117	121	117	121	113	114	115	115	-1
1001001000	-2	9028	7013.111	2703.416	6.875	0.781	55.25	3.666	97.625	3.603	7029.889	97.625	0	0	0	9	9	5474	8410	7529	6983	7901	9028	8781	9014	-2	7	8	8	6	6	7	6	7	-2	53	61	58	55	51	60	52	52	-2	98	103	99	100	93	101	93	94	-1
