1002001000	-2	1366	587.444	506.164	97.625	9.499	180	11.844	211.875	44.42	10713.111	219.25	0	0	2	9	9	676	985	1366	332	0	1235	0	695	-2	97	90	84	109	89	94	108	110	-2	174	172	162	194	-2	173	192	193	-2	208	223	213	264	103	230	215	239	-1
1002001000	-2	1263	707.667	467.707	111.875	11.516	185.286	7.497	224.75	36.362	10877.667	224.75	0	0	1	9	9	755	1263	1082	556	1214	1090	411	0	-2	117	97	93	112	113	110	130	123	-2	187	173	176	189	192	185	195	-2	-2	241	224	223	252	242	236	248	132	-1
1001001000	-2	9553	6355.111	2608.348	110.625	5.337	177.75	3.666	221	6.124	9723.222	221	0	0	0	9	9	5270	5450	7473	7473	9553	8768	6333	6878	-2	110	100	117	115	117	110	108	108	-2	184	173	174	178	181	181	176	175	-2	226	217	214	226	223	230	221	211	-1
1001001000	-2	9553	6355.111	2608.348	110.625	5.337	177.75	3.666	221	6.124	9723.222	221	0	0	0	9	9	5270	5450	7473	7473	9553	8768	6333	6878	-2	110	100	117	115	117	110	108	108	-2	184	173	174	178	181	181	176	175	-2	226	217	214	226	223	230	221	211	-1
1002002000	-2	10548	6740.556	3814.772	111.286	5.873	177.857	4.611	196.25	66.516	9378	220.875	0	0	1	9	9	6314	0	8745	10548	8718	8944	7127	10271	-2	114	-2	113	115	119	110	109	99	-2	185	-2	174	179	181	181	174	171	-2	227	21	214	228	223	228	218	211	-1
1002002000	-2	10546	6742.111	3815.171	111.286	5.873	177.857	4.611	196.25	66.516	9378	220.875	0	0	1	9	9	6315	0	8746	10546	8719	8951	7133	10271	-2	114	-2	113	115	119	110	109	99	-2	185	-2	174	179	181	181	174	171	-2	227	21	214	228	223	228	218	211	-1
1004004000	-2	9157	4207.667	3887.024	111	3.406	175.6	3.826	144	95.414	9003.444	218.5	0	0	3	9	9	0	0	7070	9004	0	5806	6834	9157	-2	-2	-2	113	116	-2	106	109	111	-2	-2	-2	170	179	-2	179	178	172	-2	21	21	210	225	21	223	221	210	-1
1004004000	-2	9157	4207.667	3887.024	111	3.406	175.6	3.826	144	95.414	9003.444	218.5	0	0	3	9	9	0	0	7070	9004	0	5806	6834	9157	-2	-2	-2	113	116	-2	106	109	111	-2	-2	-2	170	179	-2	179	178	172	-2	21	21	210	225	21	223	221	210	-1
1002001000	-2	8787	4310.889	2855.159	114.75	4.409	176.429	4.371	206.875	30.694	7480.667	206.875	0	0	1	9	9	0	3036	5061	8787	4177	4244	5732	7763	-2	116	115	114	120	120	105	115	113	-2	-2	174	171	179	179	180	182	170	-2	127	218	211	226	218	222	224	209	-1
1002001000	-2	7505	3265.556	2327.919	114.75	4.409	176.429	4.371	206.5	30.525	7480.667	206.875	0	0	1	9	9	0	2465	4012	7505	2928	2478	4137	5867	-2	116	115	114	120	120	105	115	113	-2	-2	174	171	179	179	180	182	170	-2	127	218	211	226	218	219	224	209	-1
1001001000	-2	8596	4565.556	2389.709	116.875	6.071	177.5	5.545	219.625	6.518	8565.667	219.625	0	0	0	9	9	4726	3624	4519	7683	2849	5143	3952	8596	-2	116	117	114	122	125	105	123	113	-2	184	174	171	179	179	178	186	169	-2	226	221	211	225	218	221	227	208	-1
1006001000	-2	974	186.444	316.705	74.75	19.753	183	2.944	135.625	70.331	5018.778	149.5	0	0	5	9	9	0	0	447	974	0	259	0	0	-2	54	54	80	105	63	84	56	102	-2	-2	-2	180	187	-2	182	-2	-2	-2	63	78	206	248	70	210	76	134	-1
1002001000	-2	1356	640.222	444.716	111.25	9.846	187.571	8.086	221.625	35.149	11087.222	227.75	0	0	1	9	9	702	1125	1356	379	866	875	461	0	-2	116	97	95	112	114	110	123	123	-2	187	173	180	190	198	189	196	-2	-2	229	226	227	223	249	239	248	132	-1
1001001000	-2	7093	2318.222	1889.419	133.25	6.591	195	4.899	250.375	8.154	12674.111	250.375	0	0	0	9	9	1544	2709	1903	2834	1187	7093	2482	1114	-2	142	129	125	125	140	134	130	141	-2	197	188	196	189	201	196	202	191	-2	257	241	248	248	251	255	265	238	-1
1001001000	-2	13585	6116.111	3942.559	132.75	6.379	194.875	4.702	249.875	8.894	12276.778	249.875	0	0	0	9	9	6650	5907	4547	9342	3904	13585	9295	1817	-2	143	129	128	126	139	133	125	139	-2	198	188	198	188	200	197	199	191	-2	257	242	246	249	247	263	260	235	-1
1001001000	-2	13585	6116.111	3942.559	132.75	6.379	194.875	4.702	249.875	8.894	12276.778	249.875	0	0	0	9	9	6650	5907	4547	9342	3904	13585	9295	1817	-2	143	129	128	126	139	133	125	139	-2	198	188	198	188	200	197	199	191	-2	257	242	246	249	247	263	260	235	-1
1001001000	-2	14152	10451.333	4035.006	126.25	7.412	192.125	2.619	249.25	8.871	11262.556	249.25	0	0	0	9	9	14152	14145	10430	12507	11052	10391	12308	9079	-2	140	120	125	126	135	125	115	124	-2	195	189	192	192	194	194	194	187	-2	258	249	240	257	246	258	254	232	-1
1005005000	-2	11582	4450.889	5036.175	111.5	4.272	177.25	2.385	121.875	100.963	9188.889	220.625	0	0	4	9	9	0	0	8401	11582	0	10425	9652	0	-2	-2	-2	117	114	-2	109	106	-2	-2	-2	-2	174	180	-2	179	176	-2	-2	21	21	214	230	21	226	221	21	-1
1005005000	-2	11582	4450.889	5036.175	111.5	4.272	177.25	2.385	121.875	100.963	9188.889	220.625	0	0	4	9	9	0	0	8401	11582	0	10425	9652	0	-2	-2	-2	117	114	-2	109	106	-2	-2	-2	-2	174	180	-2	179	176	-2	-2	21	21	214	230	21	226	221	21	-1
1004004000	-2	10899	4777.333	4446.573	105.6	10.288	172.6	4.716	142	93.94	8793.556	216.5	0	0	3	9	9	0	0	6410	10899	0	7433	10019	8237	-2	-2	-2	116	114	-2	107	104	87	-2	-2	-2	172	178	-2	175	174	164	-2	21	21	211	224	21	220	217	201	-1
1004004000	-2	10901	4778.444	4447.282	105.6	10.288	172.6	4.716	142	93.94	8793.556	216.5	0	0	3	9	9	0	0	6415	10901	0	7436	10019	8237	-2	-2	-2	116	114	-2	107	104	87	-2	-2	-2	172	178	-2	175	174	164	-2	21	21	211	224	21	220	217	201	-1
1001001000	-2	10868	6185.444	2972.964	107.125	8.795	174	5.831	215.5	7.141	8200.444	215.5	0	0	0	9	9	6776	3841	4415	10868	7326	5898	7918	8629	-2	113	104	115	115	113	104	106	87	-2	183	172	171	180	178	172	173	163	-2	223	216	210	224	218	217	216	200	-1
1001001000	-2	10868	6739.889	2790.279	107.125	8.795	174	5.831	215.5	7.141	8200.444	215.5	0	0	0	9	9	7944	5769	5774	10868	7389	6845	7557	8515	-2	113	104	115	115	113	104	106	87	-2	183	172	171	180	178	172	173	163	-2	223	216	210	224	218	217	216	200	-1
1001001000	-2	10236	6337	2694.692	106.875	9.212	172.75	5.868	213.625	7.296	8114.889	213.625	0	0	0	9	9	7496	6742	4533	10236	6851	5758	7062	8357	-2	111	109	114	115	116	103	100	87	-2	182	173	170	178	177	165	173	164	-2	223	219	207	221	216	207	215	201	-1
1002002000	-2	10143	5075.778	3370.869	105.571	9.132	172.143	6.034	189.25	64.003	8114.889	213.625	0	0	1	9	9	7557	4864	3276	10143	0	4324	7201	8319	-2	111	109	114	115	-2	103	100	87	-2	182	173	170	178	-2	165	173	164	-2	223	219	207	221	21	207	215	201	-1
1001001000	-2	9843	5881.556	2872.008	106.125	8.978	173.375	5.7	215.625	7.398	8357.333	215.625	0	0	0	9	9	9843	5892	4775	9255	5328	4174	5062	8607	-2	110	111	114	115	111	103	98	87	-2	183	174	170	178	178	167	172	165	-2	226	222	210	222	219	209	214	203	-1
1001001000	-2	10094	6207	2801.722	106.125	8.978	173.375	5.7	215.625	7.398	8357.333	215.625	0	0	0	9	9	8820	7457	5414	10094	5767	4851	5090	8372	-2	110	111	114	115	111	103	98	87	-2	183	174	170	178	178	167	172	165	-2	226	222	210	222	219	209	214	203	-1
1002001000	-2	9827	5638	3461.43	109	10.05	177.286	4.949	209.25	38.577	7891.333	209.25	0	0	1	9	9	9179	6211	6732	9827	5562	4303	0	8930	-2	111	116	118	116	119	104	99	89	-2	184	177	173	180	181	178	-2	168	-2	232	231	216	227	227	223	109	209	-1
1002001000	-2	10234	5976.778	3615.739	109	10.05	177.286	4.949	209.25	38.577	7891.333	209.25	0	0	1	9	9	10234	6618	7087	9827	6220	4687	0	9120	-2	111	116	118	116	119	104	99	89	-2	184	177	173	180	181	178	-2	168	-2	232	231	216	227	227	223	109	209	-1
1002001000	-2	9865	5458	3157.476	116.5	6.325	182.714	5.284	219	36.79	8099.333	219	0	0	1	9	9	0	6638	6395	8112	6210	5542	6362	9865	-2	116	120	124	121	124	107	110	110	-2	-2	187	184	180	186	184	187	171	-2	124	245	232	230	234	233	239	215	-1
1001001000	-2	9697	7606.556	2821.95	121.25	5.673	187.625	6.244	242.375	10.7	9824.889	242.375	0	0	0	9	9	9140	9188	6925	8105	8975	7431	9000	9697	-2	126	122	126	123	129	112	118	114	-2	188	195	187	188	193	186	191	173	-2	250	256	236	238	251	240	248	220	-1
1001001000	-2	9697	7587.222	2830.012	121.25	5.673	187.625	6.244	242.375	10.7	9824.889	242.375	0	0	0	9	9	9068	8824	6769	9041	8765	7142	8981	9697	-2	126	122	126	123	129	112	118	114	-2	188	195	187	188	193	186	191	173	-2	250	256	236	238	251	240	248	220	-1
1001001000	-2	10670	8101.222	2941.071	129.375	5.957	196.25	6.942	267	19.085	8875.111	267	0	0	0	9	9	9621	8456	8579	8575	9110	10670	9296	8606	-2	126	127	122	127	134	134	141	124	-2	195	209	189	191	202	196	201	187	-2	272	302	243	252	268	270	285	244	-1
1001001000	-2	10037	7805.556	2810.332	130.875	7.524	196.875	6.827	268.5	19.994	8772.111	268.5	0	0	0	9	9	8964	8097	8417	8698	8440	10037	9090	8509	-2	124	126	121	134	138	135	144	125	-2	194	210	189	192	202	198	201	189	-2	263	308	243	257	268	276	286	247	-1
1001001000	-2	10246	8057.444	2950.444	128.25	6.418	195.125	7.322	262.375	18.788	8568.889	262.375	0	0	0	9	9	8910	9722	7280	9406	8765	10246	8978	9212	-2	125	124	118	127	133	135	139	125	-2	188	208	184	192	201	197	200	191	-2	253	304	239	255	261	270	271	246	-1
1001001000	-2	10205	8038.222	2945.474	128.25	6.418	195.125	7.322	262.375	18.788	8568.889	262.375	0	0	0	9	9	8870	9716	7229	9398	8759	10205	8978	9191	-2	125	124	118	127	133	135	139	125	-2	188	208	184	192	201	197	200	191	-2	253	304	239	255	261	270	271	246	-1
1005001000	-2	771	160.667	256.32	79.625	18.357	184	5.612	147.625	68.511	6927.111	169.125	0	0	5	9	9	336	0	771	0	0	341	0	0	-2	97	55	84	105	61	93	56	86	-2	177	-2	181	186	-2	192	-2	-2	-2	204	78	212	215	70	231	77	94	-1
1003001000	-2	1580	710.778	542.684	121.75	12.039	190.333	8.3	215.125	48.3	9095.444	215.125	0	0	2	9	9	0	1111	1580	1021	860	0	825	1002	-2	121	99	109	129	133	121	123	139	-2	-2	174	192	188	200	-2	197	191	-2	135	225	246	248	249	130	249	239	-1
1003001000	-2	2037	600.444	628.979	124.375	10.416	190.667	6.128	210.125	45.515	8898.222	212.5	0	0	2	9	9	0	185	2037	839	818	0	967	560	-2	124	103	120	129	135	121	123	140	-2	-2	180	191	187	199	-2	196	191	-2	135	206	241	239	244	133	247	236	-1
1003001000	-2	1777	458	526.914	124.375	10.416	190.667	6.128	210.5	45.492	8898.222	212.5	0	0	2	9	9	0	204	1777	516	541	0	682	404	-2	124	103	120	129	135	121	123	140	-2	-2	180	191	187	199	-2	196	191	-2	135	209	241	239	244	133	247	236	-1
1001001000	-2	14237	10934.556	4107.108	135	6.164	198.5	3.674	264.5	13.105	12332.222	264.5	0	0	0	9	9	14237	12796	9257	13748	11208	11984	13060	12123	-2	145	131	129	134	140	140	125	136	-2	201	196	200	201	194	202	202	192	-2	274	258	257	266	253	285	279	244	-1
1007007000	-2	9181	1630.778	3172.518	111	8	176.5	0.5	70.625	85.962	9410.778	222.75	0	0	6	9	9	0	0	5498	0	0	0	9181	0	-2	-2	-2	119	-2	-2	-2	103	-2	-2	-2	-2	177	-2	-2	-2	176	-2	-2	21	21	217	21	21	21	222	21	-1
1007007000	-2	9181	1630.778	3172.518	111	8	176.5	0.5	70.625	85.962	9410.778	222.75	0	0	6	9	9	0	0	5498	0	0	0	9181	0	-2	-2	-2	119	-2	-2	-2	103	-2	-2	-2	-2	177	-2	-2	-2	176	-2	-2	21	21	217	21	21	21	222	21	-1
1006005000	-2	7067	2142.333	3046.379	98.5	14.841	170.333	5.185	101.5	88.882	7044.667	196.5	0	0	5	9	9	0	0	5739	0	0	6477	7067	0	-2	-2	-2	117	82	-2	109	86	-2	-2	-2	-2	174	-2	-2	174	163	-2	-2	21	21	212	90	21	219	207	21	-1
1005004000	-2	9850	3545	4039.13	98	13.312	168.5	5.5	125.25	89.581	7044.667	196.5	0	0	4	9	9	0	9850	6798	0	0	7255	8004	0	-2	-2	96	117	82	-2	109	86	-2	-2	-2	163	174	-2	-2	174	163	-2	-2	21	211	212	90	21	219	207	21	-1
1003001000	-2	9811	5100.111	3731.851	96.625	10.897	167.833	8.194	181	47.421	5217.556	181	0	0	2	9	9	9811	0	6749	0	8424	7559	6300	7060	-2	107	85	116	93	96	105	86	85	-2	176	-2	171	-2	178	165	163	154	-2	216	96	210	104	218	207	206	191	-1
1003001000	-2	9811	5100.111	3731.851	96.625	10.897	167.833	8.194	181	47.421	5217.556	181	0	0	2	9	9	9811	0	6749	0	8424	7559	6300	7060	-2	107	85	116	93	96	105	86	85	-2	176	-2	171	-2	178	165	163	154	-2	216	96	210	104	218	207	206	191	-1
1002001000	-2	9648	5206.667	3231.245	98.75	9.47	165.429	7.594	193	34.889	6482.333	193	0	0	1	9	9	9412	6683	5264	0	9648	5084	5217	5554	-2	109	99	115	96	97	102	87	85	-2	174	163	170	-2	175	164	160	152	-2	214	209	209	103	215	204	201	189	-1
1002001000	-2	9648	5206.667	3231.245	98.75	9.47	165.429	7.594	193	34.889	6482.333	193	0	0	1	9	9	9412	6683	5264	0	9648	5084	5217	5554	-2	109	99	115	96	97	102	87	85	-2	174	163	170	-2	175	164	160	152	-2	214	209	209	103	215	204	201	189	-1
1002001000	-2	9150	4886	2944.81	100.625	9.823	164	6.141	193.5	31.945	6063.111	193.5	0	0	1	9	9	9150	6657	5538	6954	0	3610	6029	6038	-2	109	105	113	110	98	98	86	86	-2	171	163	168	172	-2	161	159	154	-2	212	212	208	212	111	202	200	191	-1
1002001000	-2	9150	4884.667	2944.747	100.625	9.823	164	6.141	193.5	31.945	6063.111	193.5	0	0	1	9	9	9150	6659	5526	6954	0	3608	6029	6038	-2	109	105	113	110	98	98	86	86	-2	171	163	168	172	-2	161	159	154	-2	212	212	208	212	111	202	200	191	-1
1001001000	-2	9068	6048.111	2458.837	101.375	9.899	166.875	5.946	209	7.053	7243.444	209	0	0	0	9	9	9068	7882	6417	7116	7369	4558	5810	6215	-2	108	108	115	110	98	98	87	87	-2	170	164	168	174	176	165	160	158	-2	212	214	209	216	218	205	202	196	-1
1001001000	-2	9068	6048.111	2458.837	101.375	9.899	166.875	5.946	209	7.053	7243.444	209	0	0	0	9	9	9068	7882	6417	7116	7369	4558	5810	6215	-2	108	108	115	110	98	98	87	87	-2	170	164	168	174	176	165	160	158	-2	212	214	209	216	218	205	202	196	-1
1002001000	-2	9704	5250.222	3360.35	103.125	10.659	171.571	5.628	202.375	36.069	7168.444	202.375	0	0	1	9	9	9704	4739	6326	8667	6453	3261	0	8104	-2	109	110	117	114	98	102	88	87	-2	173	174	172	177	178	166	-2	161	-2	217	225	215	222	222	208	109	201	-1
1003001000	-2	10166	5163.444	3848.296	105.625	10.38	175.333	4.784	195.875	47.782	6594	195.875	0	0	2	9	9	10166	8418	6711	8305	0	5398	0	7475	-2	110	115	118	116	100	105	92	89	-2	177	176	176	179	-2	179	-2	165	-2	223	234	221	226	119	226	109	209	-1
1003001000	-2	10166	5163.444	3848.296	105.625	10.38	175.333	4.784	195.875	47.782	6594	195.875	0	0	2	9	9	10166	8418	6711	8305	0	5398	0	7475	-2	110	115	118	116	100	105	92	89	-2	177	176	176	179	-2	179	-2	165	-2	223	234	221	226	119	226	109	209	-1
1005001000	-2	7995	3149	3562.453	109.125	9.034	184	2.121	175.25	62.97	4603.222	175.25	0	0	4	9	9	0	7995	5804	7054	0	7490	0	0	-2	111	118	120	117	102	112	94	99	-2	-2	186	183	181	-2	186	-2	-2	-2	125	250	231	231	113	239	106	107	-1
1005001000	-2	8987	3424.556	3891.91	109.125	9.034	184	2.121	175.25	62.97	4603.222	175.25	0	0	4	9	9	0	8987	6084	7760	0	7992	0	0	-2	111	118	120	117	102	112	94	99	-2	-2	186	183	181	-2	186	-2	-2	-2	125	250	231	231	113	239	106	107	-1
1004001000	-2	10272	4668	4240.352	108.625	7.745	180	5.177	188.875	56.909	5415.222	188.875	0	0	3	9	9	0	8487	7789	7481	0	10272	0	7985	-2	110	118	115	117	101	108	94	106	-2	-2	184	180	179	-2	186	-2	171	-2	125	248	228	227	114	240	110	219	-1
1004001000	-2	10077	4420.333	4033.271	108.625	7.745	180	5.177	188.875	56.909	5415.222	188.875	0	0	3	9	9	0	7576	7345	7250	0	10077	0	7537	-2	110	118	115	117	101	108	94	106	-2	-2	184	180	179	-2	186	-2	171	-2	125	248	228	227	114	240	110	219	-1
1003001000	-2	11183	6431	4630.4	114.125	5.061	185.833	5.49	210.75	53.66	6817.778	210.75	0	0	2	9	9	0	9789	8661	9116	0	11183	10825	8307	-2	111	119	116	122	105	117	111	112	-2	-2	191	182	186	-2	188	192	176	-2	125	257	233	236	114	245	252	224	-1
1002001000	-2	8797	6262	3380.488	114.875	5.11	184.857	5.514	225.25	43.306	7708.667	225.25	0	0	1	9	9	8797	7950	7118	8263	0	8648	7715	7869	-2	110	118	116	121	106	122	113	113	-2	180	188	182	185	-2	190	193	176	-2	236	255	233	236	114	249	255	224	-1
1001001000	-2	280	30.889	88.076	21.875	5.487	176	14.195	216	13.257	9873.667	283.125	0	0	7	9	9	0	0	280	0	0	0	0	0	-2	31	22	23	13	29	18	20	19	-2	163	158	160	192	183	171	183	198	-2	202	200	208	230	220	206	223	239	-1
1001001000	-2	1829	905.111	492.057	128.125	12.293	192.125	6.112	240	7.071	12532.556	241	0	0	0	9	9	842	911	1529	858	813	1829	687	679	-2	137	100	122	131	135	137	123	140	-2	193	179	198	187	199	195	195	191	-2	245	227	248	233	244	245	244	234	-1
1002001000	-2	1552	733.889	499.432	129.625	12.257	190.857	4.189	219.125	36.971	9852	219.125	0	0	1	9	9	748	0	1552	941	503	1358	819	686	-2	140	102	124	132	137	139	123	140	-2	191	-2	196	183	195	192	192	187	-2	236	122	238	228	234	236	235	224	-1
1002001000	-2	1113	506.333	354.286	129.375	11.532	186.571	4.499	212.125	34.071	9050.667	212.125	0	0	1	9	9	707	0	813	346	290	1113	617	673	-2	141	104	125	130	136	138	122	139	-2	187	-2	195	180	185	190	186	183	-2	226	123	234	221	220	231	224	218	-1
1002001000	-2	1111	520.889	354.219	129.375	11.532	186.571	4.499	212.125	34.071	9050.667	212.125	0	0	1	9	9	695	0	821	414	290	1111	659	700	-2	141	104	125	130	136	138	122	139	-2	187	-2	195	180	185	190	186	183	-2	226	123	234	221	220	231	224	218	-1
1002002000	-2	8979	2649.111	2666.26	135.857	6.266	191.429	2.441	208.625	71.412	11102.556	238.5	0	0	1	9	9	2585	4624	0	1517	922	8979	3529	1688	-2	145	132	-2	135	140	140	124	135	-2	193	191	-2	194	189	192	194	187	-2	239	239	21	236	233	244	242	215	-1
1002002000	-2	9861	3027.444	2985.187	135.857	6.266	191.429	2.441	208.625	71.412	11102.556	238.5	0	0	1	9	9	2885	5601	0	1641	1124	9861	4287	1850	-2	145	132	-2	135	140	140	124	135	-2	193	191	-2	194	189	192	194	187	-2	239	239	21	236	233	244	242	215	-1
1004004000	-2	11987	5707.222	5222.477	124.4	7.605	188.6	3.72	156.875	105.307	10570.333	238.25	0	0	3	9	9	0	11755	8080	0	9292	11987	10253	0	-2	-2	121	125	-2	134	130	112	-2	-2	-2	188	194	-2	187	191	183	-2	-2	21	241	239	21	234	245	233	21	-1
1001001000	-2	12501	9120.889	3454.62	125.625	8.873	188	5.385	238.25	8.467	10570.333	238.25	0	0	0	9	9	9747	9904	8446	11521	12501	9480	9046	11445	-2	139	121	125	130	134	130	112	114	-2	194	188	194	190	187	191	183	177	-2	251	241	239	242	234	245	233	221	-1
1002001000	-2	9247	6708.889	3631.259	104.75	11.486	176.714	6.088	210.375	33.552	7622.111	210.375	0	0	1	9	9	0	9188	9008	9247	9160	7583	7849	8347	-2	109	100	122	115	100	114	91	87	-2	-2	174	183	182	178	181	175	164	-2	124	223	225	231	224	230	222	204	-1
1002001000	-2	9247	6708.889	3631.259	104.75	11.486	176.714	6.088	210.375	33.552	7622.111	210.375	0	0	1	9	9	0	9188	9008	9247	9160	7583	7849	8347	-2	109	100	122	115	100	114	91	87	-2	-2	174	183	182	178	181	175	164	-2	124	223	225	231	224	230	222	204	-1
1001001000	-2	8353	6554.778	2402.65	86.125	15.839	160.5	7.665	202	6.708	6645.556	202	0	0	0	9	9	7101	8353	7404	8175	6389	7782	7295	6496	-2	95	70	115	71	79	105	73	81	-2	167	152	171	164	160	165	159	146	-2	205	200	209	206	202	207	201	186	-1
1002002000	-2	8095	5638.333	3058.745	88.571	15.472	161.571	7.404	179.5	60.27	6645.556	202	0	0	1	9	9	7101	0	8095	7580	6389	7782	7295	6505	-2	95	-2	115	72	79	105	73	81	-2	167	-2	171	163	160	165	159	146	-2	205	21	209	205	202	207	201	186	-1
1002001000	-2	8746	5617.333	3150.941	86.5	13.143	158.714	7.459	186.125	36.842	5716.444	186.125	0	0	1	9	9	6325	8746	8717	0	6491	7769	6009	6501	-2	100	71	108	79	79	100	73	82	-2	166	152	170	-2	159	160	158	146	-2	204	199	209	90	200	202	199	186	-1
1002001000	-2	8746	5617.333	3150.941	86.5	13.143	158.714	7.459	186.125	36.842	5716.444	186.125	0	0	1	9	9	6325	8746	8717	0	6491	7769	6009	6501	-2	100	71	108	79	79	100	73	82	-2	166	152	170	-2	159	160	158	146	-2	204	199	209	90	200	202	199	186	-1
1002001000	-2	7623	5141.333	2797.065	87.625	11.521	159.857	6.707	187.25	34.597	5526	187.25	0	0	1	9	9	6153	0	7623	6799	6761	6411	6912	5615	-2	102	74	105	86	82	97	73	82	-2	166	-2	168	163	164	157	151	150	-2	205	97	208	202	204	199	194	189	-1
1002001000	-2	7623	5141.333	2797.065	87.625	11.521	159.857	6.707	187.25	34.597	5526	187.25	0	0	1	9	9	6153	0	7623	6799	6761	6411	6912	5615	-2	102	74	105	86	82	97	73	82	-2	166	-2	168	163	164	157	151	150	-2	205	97	208	202	204	199	194	189	-1
1003001000	-2	6585	4048.333	2898.058	90.375	11.247	159	6.506	173	45.886	4695.111	173	0	0	2	9	9	6301	0	6511	6356	0	5060	6585	5624	-2	101	85	111	91	82	96	73	84	-2	164	-2	167	164	-2	157	149	153	-2	204	97	207	202	91	198	193	192	-1
1003001000	-2	6585	4062.444	2905.708	90.375	11.247	159	6.506	173	45.886	4695.111	173	0	0	2	9	9	6301	0	6511	6356	0	5071	6585	5740	-2	101	85	111	91	82	96	73	84	-2	164	-2	167	164	-2	157	149	153	-2	204	97	207	202	91	198	193	192	-1
1003001000	-2	7389	4374.222	3200.261	89.625	11.575	159.333	6.675	173.75	46.056	4916.667	173.75	0	0	2	9	9	7389	0	7058	6300	0	4448	7203	6972	-2	97	81	112	92	81	97	73	84	-2	165	-2	168	164	-2	156	150	153	-2	205	97	209	203	92	197	194	193	-1
1003001000	-2	9008	4793.778	3480.887	90.25	11.267	163.667	5.121	179	48.987	5304.556	179	0	0	2	9	9	9008	0	7249	6394	0	6374	7756	6365	-2	96	83	112	92	81	99	74	85	-2	170	-2	169	166	-2	162	159	156	-2	213	97	212	208	92	206	206	198	-1
1003001000	-2	9008	4793.778	3480.887	90.25	11.267	163.667	5.121	179	48.987	5304.556	179	0	0	2	9	9	9008	0	7249	6394	0	6374	7756	6365	-2	96	83	112	92	81	99	74	85	-2	170	-2	169	166	-2	162	159	156	-2	213	97	212	208	92	206	206	198	-1
1005001000	-2	8398	3334.111	3753.449	90.25	10.545	164.25	5.068	154.375	53.984	3619.222	154.375	0	0	4	9	9	8398	0	7143	0	0	7796	0	6672	-2	96	82	110	92	82	99	75	86	-2	169	-2	169	-2	-2	162	-2	157	-2	213	97	212	104	92	208	110	199	-1
1004001000	-2	9771	4191.778	3898.883	93.25	10.86	168.2	4.996	173.375	55.767	4854.556	173.375	0	0	3	9	9	9771	7885	7078	0	0	7677	0	5317	-2	94	104	107	92	82	105	75	87	-2	174	168	170	-2	-2	170	-2	159	-2	220	224	215	104	92	219	110	203	-1
1005001000	-2	7808	3124.556	3527.09	92.5	11.747	170.5	6.103	160.25	61.445	4014.778	160.25	0	0	4	9	9	0	7808	7261	0	0	7212	0	5842	-2	83	106	107	91	84	107	75	87	-2	-2	172	171	-2	-2	178	-2	161	-2	91	233	217	104	93	228	110	206	-1
1005001000	-2	7808	3124.556	3527.09	92.5	11.747	170.5	6.103	160.25	61.445	4014.778	160.25	0	0	4	9	9	0	7808	7261	0	0	7212	0	5842	-2	83	106	107	91	84	107	75	87	-2	-2	172	171	-2	-2	178	-2	161	-2	91	233	217	104	93	228	110	206	-1
1005001000	-2	9045	3271.333	3718.51	90.125	10.856	170.25	6.098	159.125	58.58	3943.222	159.125	0	0	4	9	9	9045	0	6744	0	0	7172	0	6483	-2	83	84	107	92	84	108	76	87	-2	172	-2	170	-2	-2	178	-2	161	-2	220	97	215	104	93	228	110	206	-1
1005001000	-2	9045	3271.333	3718.51	90.125	10.856	170.25	6.098	159.125	58.58	3943.222	159.125	0	0	4	9	9	9045	0	6744	0	0	7172	0	6483	-2	83	84	107	92	84	108	76	87	-2	172	-2	170	-2	-2	178	-2	161	-2	220	97	215	104	93	228	110	206	-1
1006001000	-2	7280	2043.778	2935.05	90.25	10.825	169.333	6.944	143.25	57.087	2868.667	143.25	0	0	5	9	9	0	0	5972	0	0	5144	0	7280	-2	83	83	106	91	85	109	76	89	-2	-2	-2	169	-2	-2	178	-2	161	-2	92	98	215	104	93	227	110	207	-1
1001001000	-2	752	360.111	275.636	19.25	4.684	147.125	9.854	218.5	23.457	14162.222	231	0	0	2	9	9	0	752	563	406	0	652	431	439	-2	27	20	20	12	25	15	19	16	-2	140	125	146	157	154	150	149	156	-2	174	214	223	239	188	232	237	241	-1
1001001000	-2	1437	519.778	462.266	123.125	12.374	178.875	6.698	210.875	10.856	8800.222	214.5	0	0	1	9	9	493	0	1437	252	164	780	1042	512	-2	137	100	121	125	133	137	109	123	-2	183	173	191	172	181	185	172	174	-2	217	190	227	209	206	223	210	205	-1
1001001000	-2	5026	1745.444	1271.548	132	5	184.875	5.622	224.5	7.246	9248.444	224.5	0	0	0	9	9	1292	1681	1789	1119	5026	1636	1400	1768	-2	140	129	132	133	137	132	122	131	-2	189	183	196	184	184	187	180	176	-2	228	220	239	223	227	227	219	213	-1
1001001000	-2	13021	9807.556	3700.917	130.25	6.476	189.625	6.183	240.875	7.801	10968.333	240.875	0	0	0	9	9	13021	11145	8279	11856	12416	10288	10622	10643	-2	138	128	131	133	137	132	116	127	-2	193	191	200	191	189	191	185	177	-2	247	243	251	239	238	247	238	224	-1
1001001000	-2	13021	9807.556	3700.917	130.25	6.476	189.625	6.183	240.875	7.801	10968.333	240.875	0	0	0	9	9	13021	11145	8279	11856	12416	10288	10622	10643	-2	138	128	131	133	137	132	116	127	-2	193	191	200	191	189	191	185	177	-2	247	243	251	239	238	247	238	224	-1
1007007000	-2	9755	2054.444	3851.53	116	9	180.5	0.5	74.375	92.449	8142.778	217.125	0	0	6	9	9	0	9755	0	0	0	8737	0	0	-2	-2	107	-2	-2	-2	125	-2	-2	-2	-2	180	-2	-2	-2	181	-2	-2	-2	21	234	21	21	21	235	21	21	-1
1007007000	-2	9755	2054.444	3851.53	116	9	180.5	0.5	74.375	92.449	8142.778	217.125	0	0	6	9	9	0	9755	0	0	0	8737	0	0	-2	-2	107	-2	-2	-2	125	-2	-2	-2	-2	180	-2	-2	-2	181	-2	-2	-2	21	234	21	21	21	235	21	21	-1
1005004000	-2	8993	3407.333	3858.661	82	19.339	159	10.198	116.75	83.615	5152	164.5	0	0	4	9	9	6706	0	8993	0	0	8038	0	6931	-2	74	-2	108	-2	65	102	-2	61	-2	159	-2	171	-2	-2	163	-2	143	-2	196	21	209	21	78	204	21	184	-1
1005004000	-2	8993	3407.333	3858.661	82	19.339	159	10.198	116.75	83.615	5152	164.5	0	0	4	9	9	6706	0	8993	0	0	8038	0	6931	-2	74	-2	108	-2	65	102	-2	61	-2	159	-2	171	-2	-2	163	-2	143	-2	196	21	209	21	78	204	21	184	-1
1003001000	-2	8312	4824	3436.378	75.125	16.027	149.5	9.57	164.5	47.326	4863.444	164.5	0	0	2	9	9	0	8312	6743	7087	0	7216	6926	7134	-2	80	62	103	54	65	97	69	71	-2	-2	143	168	150	-2	154	141	141	-2	89	189	206	192	78	195	185	182	-1
1003001000	-2	8312	4824	3436.378	75.125	16.027	149.5	9.57	164.5	47.326	4863.444	164.5	0	0	2	9	9	0	8312	6743	7087	0	7216	6926	7134	-2	80	62	103	54	65	97	69	71	-2	-2	143	168	150	-2	154	141	141	-2	89	189	206	192	78	195	185	182	-1
1003001000	-2	8569	4453.889	3235.105	77.625	14.309	149.333	8.957	164.75	47.426	4575.444	164.75	0	0	2	9	9	0	8569	6194	6242	0	6988	6105	5989	-2	81	66	104	63	66	97	70	74	-2	-2	147	166	149	-2	154	141	139	-2	89	193	205	191	78	195	185	182	-1
1003001000	-2	8569	4453.889	3235.105	77.625	14.309	149.333	8.957	164.75	47.426	4575.444	164.75	0	0	2	9	9	0	8569	6194	6242	0	6988	6105	5989	-2	81	66	104	63	66	97	70	74	-2	-2	147	166	149	-2	154	141	139	-2	89	193	205	191	78	195	185	182	-1
1002001000	-2	9872	5521.333	3191.006	78.125	12.201	150.571	7.307	179.75	34.448	5781.889	179.75	0	0	1	9	9	0	9872	6983	5663	7401	7602	6816	5357	-2	81	70	103	70	66	92	70	73	-2	-2	151	163	148	156	153	144	139	-2	90	197	202	190	196	195	186	182	-1
1002001000	-2	9872	5521.333	3191.006	78.125	12.201	150.571	7.307	179.75	34.448	5781.889	179.75	0	0	1	9	9	0	9872	6983	5663	7401	7602	6816	5357	-2	81	70	103	70	66	92	70	73	-2	-2	151	163	148	156	153	144	139	-2	90	197	202	190	196	195	186	182	-1
1002001000	-2	9223	5536.667	3124.62	78.125	11.174	150.286	6.135	178.25	37.874	5758.556	178.375	0	0	1	9	9	7190	9223	6145	6143	0	7756	7663	5712	-2	81	72	100	70	67	92	70	73	-2	153	151	160	149	-2	154	146	139	-2	193	196	200	190	79	197	189	182	-1
1002001000	-2	9223	5533	3121.96	78.125	11.174	150.286	6.135	178.25	37.874	5758.556	178.375	0	0	1	9	9	7190	9223	6145	6143	0	7722	7663	5713	-2	81	72	100	70	67	92	70	73	-2	153	151	160	149	-2	154	146	139	-2	193	196	200	190	79	197	189	182	-1
1002001000	-2	8246	5646	3112.841	79	11.705	153.286	7.065	183.75	33.338	5810	183.75	0	0	1	9	9	7379	0	7541	5883	8246	7892	7843	6032	-2	81	74	103	70	67	92	70	75	-2	155	-2	165	151	158	155	148	141	-2	196	97	206	193	202	199	192	185	-1
1002001000	-2	8246	5646	3112.841	79	11.705	153.286	7.065	183.75	33.338	5810	183.75	0	0	1	9	9	7379	0	7541	5883	8246	7892	7843	6032	-2	81	74	103	70	67	92	70	75	-2	155	-2	165	151	158	155	148	141	-2	196	97	206	193	202	199	192	185	-1
1002001000	-2	8211	5769	3171.935	80.5	12.339	156	7.521	187.125	34.247	5891	187.125	0	0	1	9	9	7958	0	7417	6796	8186	8211	7664	5691	-2	81	74	104	72	67	97	71	78	-2	157	-2	168	159	159	157	150	142	-2	200	98	210	200	204	202	196	187	-1
1002001000	-2	8211	5769.444	3172.088	80.5	12.339	156	7.521	187.125	34.247	5891	187.125	0	0	1	9	9	7958	0	7417	6798	8187	8211	7664	5692	-2	81	74	104	72	67	97	71	78	-2	157	-2	168	159	159	157	150	142	-2	200	98	210	200	204	202	196	187	-1
1005001000	-2	7495	3093.778	3469.588	83.625	11.989	163	5.477	152.875	55.555	3156.444	152.875	0	0	4	9	9	0	0	6544	6612	0	7195	0	7495	-2	81	81	105	76	71	101	71	83	-2	-2	-2	169	161	-2	167	-2	155	-2	91	97	214	205	93	214	110	199	-1
1005001000	-2	7495	3093.778	3469.588	83.625	11.989	163	5.477	152.875	55.555	3156.444	152.875	0	0	4	9	9	0	0	6544	6612	0	7195	0	7495	-2	81	81	105	76	71	101	71	83	-2	-2	-2	169	161	-2	167	-2	155	-2	91	97	214	205	93	214	110	199	-1
1004001000	-2	7984	4095.444	3681.566	84.625	11.51	163.6	4.587	169.375	53.84	4277.111	169.375	0	0	3	9	9	7607	0	6968	6650	0	7652	0	7984	-2	81	80	104	84	72	102	71	83	-2	160	-2	169	162	-2	169	-2	158	-2	209	98	215	208	93	219	110	203	-1
1004001000	-2	7984	4095.444	3681.566	84.625	11.51	163.6	4.587	169.375	53.84	4277.111	169.375	0	0	3	9	9	7607	0	6968	6650	0	7652	0	7984	-2	81	80	104	84	72	102	71	83	-2	160	-2	169	162	-2	169	-2	158	-2	209	98	215	208	93	219	110	203	-1
1004001000	-2	8664	4049.333	3742.399	81.375	11.757	163.2	5.036	171.125	52.959	4697.222	171.125	0	0	3	9	9	8085	6372	8664	0	0	5282	0	8043	-2	80	75	101	72	73	101	70	79	-2	162	165	168	-2	-2	167	-2	154	-2	209	218	213	80	124	216	110	199	-1
1004001000	-2	8664	4049.333	3742.399	81.375	11.757	163.2	5.036	171.125	52.959	4697.222	171.125	0	0	3	9	9	8085	6372	8664	0	0	5282	0	8043	-2	80	75	101	72	73	101	70	79	-2	162	165	168	-2	-2	167	-2	154	-2	209	218	213	80	124	216	110	199	-1
1002001000	-2	1440	821.222	501.482	33.25	9.107	145.143	12.171	169.25	47.026	7226.222	171.75	0	0	1	9	9	525	1166	1440	1046	841	1152	1223	0	-2	39	32	53	27	36	32	24	23	-2	152	119	153	153	143	157	139	-2	-2	176	171	197	190	189	198	186	47	-1
1002002000	-2	2650	843.222	827.099	123.571	6.068	176.857	3.09	188.25	63.549	8845.889	218.625	0	0	2	9	9	2650	543	0	0	846	1416	724	1412	-2	125	116	-2	129	132	126	114	123	-2	181	177	-2	180	177	178	173	172	-2	216	214	21	197	219	218	212	209	-1
1005005000	-2	12023	4142.556	4764.257	121.5	7.089	179.75	2.487	125	104.008	10529.222	233.375	0	0	4	9	9	0	0	0	0	7955	9405	7902	12023	-2	-2	-2	-2	-2	130	127	115	114	-2	-2	-2	-2	-2	176	182	182	179	-2	21	21	21	21	228	232	229	227	-1
1005005000	-2	12023	4147.889	4768.82	121.5	7.089	179.75	2.487	125	104.008	10529.222	233.375	0	0	4	9	9	0	0	0	0	7982	9414	7914	12023	-2	-2	-2	-2	-2	130	127	115	114	-2	-2	-2	-2	-2	176	182	182	179	-2	21	21	21	21	228	232	229	227	-1
1007007000	-2	10025	2201.111	4118.818	105	8	170	5	70.25	85.356	7854.667	204.125	0	0	6	9	9	0	0	0	0	9787	10025	0	0	-2	-2	-2	-2	-2	97	113	-2	-2	-2	-2	-2	-2	-2	165	175	-2	-2	-2	21	21	21	21	212	224	21	21	-1
1007007000	-2	10025	2201.111	4118.818	105	8	170	5	70.25	85.356	7854.667	204.125	0	0	6	9	9	0	0	0	0	9787	10025	0	0	-2	-2	-2	-2	-2	97	113	-2	-2	-2	-2	-2	-2	-2	165	175	-2	-2	-2	21	21	21	21	212	224	21	21	-1
1003002000	-2	7891	4634.222	3338.579	60.429	25.839	144.5	10.813	150	66.11	4012.111	139.5	0	0	2	9	9	5879	7567	7344	7105	5924	7891	0	0	-2	51	52	102	38	55	96	-2	29	-2	140	133	165	138	139	152	-2	-2	-2	182	182	204	185	181	192	21	53	-1
1004003000	-2	7891	3722.222	3382.119	61.833	27.661	146.8	10.419	129.875	76.926	4012.111	139.5	0	0	3	9	9	5879	0	7344	6465	5923	7891	0	0	-2	51	-2	102	38	55	96	-2	29	-2	140	-2	165	138	139	152	-2	-2	-2	182	21	204	185	181	192	21	53	-1
1003001000	-2	8181	5066.889	3620.77	60.5	21.714	141.667	10.061	152.125	56.446	5173	152	0	0	2	9	9	6265	7819	7612	8111	0	8181	7616	0	-2	57	53	99	38	47	95	49	46	-2	145	133	156	138	-2	151	127	-2	-2	185	180	196	182	55	191	173	55	-1
1003001000	-2	8181	5066.889	3620.77	60.5	21.714	141.667	10.061	152.125	56.446	5173	152	0	0	2	9	9	6265	7819	7612	8111	0	8181	7616	0	-2	57	53	99	38	47	95	49	46	-2	145	133	156	138	-2	151	127	-2	-2	185	180	196	182	55	191	173	55	-1
1002001000	-2	7863	5064.889	2809.591	65.5	17.755	138.857	8.643	167.875	38.676	5188.222	167.75	0	0	1	9	9	0	6919	6147	6781	4916	6872	7863	6088	-2	57	55	97	39	62	90	64	60	-2	-2	133	156	136	139	145	127	136	-2	67	179	196	181	183	187	173	177	-1
1002001000	-2	7863	5064.889	2809.591	65.5	17.755	138.857	8.643	167.875	38.676	5188.222	167.75	0	0	1	9	9	0	6919	6147	6781	4916	6872	7863	6088	-2	57	55	97	39	62	90	64	60	-2	-2	133	156	136	139	145	127	136	-2	67	179	196	181	183	187	173	177	-1
1002002000	-2	8121	5104	2844.298	68.571	13.595	137.857	8.061	161.25	53.336	5460.667	166.625	0	0	1	9	9	5451	7425	5681	0	6243	7010	8121	6007	-2	57	60	93	-2	63	86	64	57	-2	139	133	154	-2	138	142	127	132	-2	180	181	193	21	183	185	173	174	-1
1002002000	-2	8121	5104	2844.298	68.571	13.595	137.857	8.061	161.25	53.336	5460.667	166.625	0	0	1	9	9	5451	7425	5681	0	6243	7010	8121	6007	-2	57	60	93	-2	63	86	64	57	-2	139	133	154	-2	138	142	127	132	-2	180	181	193	21	183	185	173	174	-1
1002001000	-2	7196	5107.778	2794.213	66.75	15.498	140.429	8.086	168.75	43.295	5144.889	168.125	0	0	1	9	9	6189	6746	5111	7149	6676	6905	7196	0	-2	58	62	97	59	63	87	61	47	-2	141	132	155	143	140	144	128	-2	-2	183	180	194	188	187	187	176	55	-1
1002001000	-2	7196	5107.778	2794.213	66.75	15.498	140.429	8.086	168.75	43.295	5144.889	168.125	0	0	1	9	9	6189	6746	5111	7149	6676	6905	7196	0	-2	58	62	97	59	63	87	61	47	-2	141	132	155	143	140	144	128	-2	-2	183	180	194	188	187	187	176	55	-1
1002001000	-2	7226	5088.222	2790.168	68.25	15.106	143.714	6.649	177.375	30.409	5422.556	177.375	0	0	1	9	9	6632	0	5350	7226	7165	6892	5593	6938	-2	59	67	98	51	64	87	65	55	-2	144	-2	156	146	142	147	134	137	-2	187	98	197	191	191	192	181	182	-1
1002001000	-2	7226	5088.222	2790.168	68.25	15.106	143.714	6.649	177.375	30.409	5422.556	177.375	0	0	1	9	9	6632	0	5350	7226	7165	6892	5593	6938	-2	59	67	98	51	64	87	65	55	-2	144	-2	156	146	142	147	134	137	-2	187	98	197	191	191	192	181	182	-1
1001001000	-2	7510	6052	2244.338	70.5	15.851	146.625	6.726	192.625	5.314	6352	192.625	0	0	0	9	9	7418	7510	5761	7402	7263	6969	5586	6561	-2	60	70	98	51	64	95	65	61	-2	145	150	156	149	143	155	136	139	-2	190	197	199	193	193	199	184	186	-1
1001001000	-2	7510	6052	2244.338	70.5	15.851	146.625	6.726	192.625	5.314	6352	192.625	0	0	0	9	9	7418	7510	5761	7402	7263	6969	5586	6561	-2	60	70	98	51	64	95	65	61	-2	145	150	156	149	143	155	136	139	-2	190	197	199	193	193	199	184	186	-1
1001001000	-2	8154	5880.111	2297.015	72.5	14.56	152	6.538	199.5	5.979	6068.333	199.5	0	0	0	9	9	7026	7934	5429	5818	8154	7173	5350	6039	-2	62	71	95	60	65	99	61	67	-2	148	157	158	152	156	160	144	141	-2	195	207	203	198	204	206	193	190	-1
1002001000	-2	7799	5205.556	2894.083	66.625	14.142	150	6.547	184.5	39.154	5608	184.5	0	0	1	9	9	7207	6879	0	6391	7799	7403	4842	6331	-2	60	68	74	51	66	99	53	62	-2	148	153	-2	151	154	161	140	143	-2	195	205	82	198	204	208	192	192	-1
1002001000	-2	7799	5205.556	2894.083	66.625	14.142	150	6.547	184.5	39.154	5608	184.5	0	0	1	9	9	7207	6879	0	6391	7799	7403	4842	6331	-2	60	68	74	51	66	99	53	62	-2	148	153	-2	151	154	161	140	143	-2	195	205	82	198	204	208	192	192	-1
1003001000	-2	7469	4383.778	3151.767	59.875	16.937	146.333	5.055	161.125	58.92	5166.111	161.125	0	0	2	9	9	7469	6034	0	5648	6940	7311	0	6054	-2	59	64	71	48	66	92	32	47	-2	145	144	-2	149	144	156	-2	140	-2	192	197	82	194	195	203	40	186	-1
1001001000	-2	2475	1317.889	662.48	17.375	5.765	113.375	11.191	166.625	10.074	9571.222	171.25	0	0	0	9	9	1369	1466	2475	1168	1964	966	864	1591	-2	15	13	17	30	22	10	17	15	-2	119	92	117	132	107	121	106	113	-2	166	153	179	181	171	157	155	171	-1
1001001000	-2	2033	1037.556	540.884	17.375	5.765	113.375	11.191	170.625	7.841	9571.222	171.25	0	0	0	9	9	998	1116	2033	754	1513	1281	604	1041	-2	15	13	17	30	22	10	17	15	-2	119	92	117	132	107	121	106	113	-2	171	153	179	181	171	169	170	171	-1
1002002000	-2	1706	572.333	510.249	118.429	8.069	171.857	3.314	184.75	62.02	7841.333	210.5	0	0	1	9	9	767	352	0	222	1706	991	646	469	-2	118	105	-2	124	128	128	114	112	-2	173	172	-2	172	173	177	171	165	-2	208	206	21	207	211	216	208	201	-1
1003003000	-2	1780	656.667	652.229	116.5	7.274	173	3.215	163.125	82.126	8086.333	212.625	0	0	2	9	9	1780	279	0	0	1444	1331	652	426	-2	116	114	-2	-2	127	124	113	105	-2	175	174	-2	-2	174	177	171	167	-2	214	210	21	21	211	216	208	204	-1
1003003000	-2	12991	7438.111	5314.53	117.833	7.312	180.5	6.318	178.5	91.126	10450.444	229.75	0	0	2	9	9	10610	0	12991	0	10899	11400	9977	11068	-2	112	-2	126	-2	125	124	112	108	-2	179	-2	194	-2	177	181	175	177	-2	230	21	245	21	228	233	225	225	-1
1005004000	-2	11632	4562.778	5178.752	90.4	12.611	163.75	6.098	123	87.641	7737.667	195.5	0	0	4	9	9	9283	0	0	0	11528	11632	0	8624	-2	94	73	-2	-2	91	111	-2	83	-2	161	-2	-2	-2	162	174	-2	158	-2	205	89	21	21	207	219	21	201	-1
1002001000	-2	11474	7150.778	3956.771	93	13.82	165.286	6.562	195.5	40.866	7737.667	195.5	0	0	1	9	9	9045	0	8704	8035	11474	8702	10280	8119	-2	94	73	118	86	91	111	88	83	-2	161	-2	176	166	162	174	160	158	-2	205	89	222	216	207	219	205	201	-1
1004002000	-2	9652	4158.222	3971.903	49	22.709	130	10.257	129.25	60.995	4648.222	130.875	0	0	3	9	9	6168	9652	0	4520	8539	8547	0	0	-2	47	42	71	27	41	92	-2	23	-2	128	129	-2	116	129	148	-2	-2	-2	171	175	85	167	171	189	21	55	-1
1004002000	-2	9652	4158.222	3971.903	49	22.709	130	10.257	129.25	60.995	4648.222	130.875	0	0	3	9	9	6168	9652	0	4520	8539	8547	0	0	-2	47	42	71	27	41	92	-2	23	-2	128	129	-2	116	129	148	-2	-2	-2	171	175	85	167	171	189	21	55	-1
1005002000	-2	8145	3186.889	3591.436	51.429	19.949	130	8.337	114.875	62.746	3187.222	117	0	0	4	9	9	6375	8145	0	6765	0	7399	0	0	-2	50	49	71	33	43	88	-2	26	-2	130	127	-2	120	-2	143	-2	-2	-2	174	174	79	171	60	184	21	56	-1
1005002000	-2	8145	3186.889	3591.436	51.429	19.949	130	8.337	114.875	62.746	3187.222	117	0	0	4	9	9	6375	8145	0	6765	0	7399	0	0	-2	50	49	71	33	43	88	-2	26	-2	130	127	-2	120	-2	143	-2	-2	-2	174	174	79	171	60	184	21	56	-1
1003001000	-2	8042	4660.444	3333.755	55.5	19.551	134.333	11.614	148.25	54.117	3849.333	132.125	0	0	2	9	9	6479	6879	6110	7220	0	7216	8042	0	-2	51	51	88	38	45	89	40	42	-2	129	126	154	132	-2	145	120	-2	-2	173	174	194	178	55	188	168	56	-1
1003001000	-2	8042	4660.444	3333.755	55.5	19.551	134.333	11.614	148.25	54.117	3849.333	132.125	0	0	2	9	9	6479	6879	6110	7220	0	7216	8042	0	-2	51	51	88	38	45	89	40	42	-2	129	126	154	132	-2	145	120	-2	-2	173	174	194	178	55	188	168	56	-1
1005002000	-2	8407	3292	3710.37	52.143	17.956	127.75	9.121	111.625	63.763	4032.667	128.5	0	0	4	9	9	6446	8407	0	0	0	7508	0	7269	-2	51	49	71	-2	42	85	31	36	-2	130	124	-2	-2	-2	141	-2	116	-2	174	172	80	21	60	183	39	164	-1
1005002000	-2	8417	3293.556	3712.281	52.143	17.956	127.75	9.121	111.625	63.763	4032.667	128.5	0	0	4	9	9	6450	8417	0	0	0	7508	0	7269	-2	51	49	71	-2	42	85	31	36	-2	130	124	-2	-2	-2	141	-2	116	-2	174	172	80	21	60	183	39	164	-1
1004001000	-2	7479	3849.222	3468.081	48.5	21.708	129.2	8.376	130.25	60.547	4120.111	130.25	0	0	3	9	9	6477	7312	0	6067	0	7310	0	7479	-2	52	52	73	39	38	86	11	37	-2	132	124	-2	131	-2	142	-2	117	-2	176	172	81	178	60	185	23	167	-1
1004001000	-2	7479	3849.222	3468.081	48.5	21.708	129.2	8.376	130.25	60.547	4120.111	130.25	0	0	3	9	9	6477	7312	0	6067	0	7310	0	7479	-2	52	52	73	39	38	86	11	37	-2	132	124	-2	131	-2	142	-2	117	-2	176	172	81	178	60	185	23	167	-1
1005001000	-2	7044	2983	3341.041	50.5	21.325	136.25	4.603	118.625	65.992	3108.222	118.625	0	0	4	9	9	7044	6904	0	6298	0	6603	0	0	-2	57	54	73	44	39	85	10	42	-2	135	132	-2	134	-2	144	-2	-2	-2	181	180	81	182	56	189	24	56	-1
1005001000	-2	7042	2982.444	3340.471	50.5	21.325	136.25	4.603	118.625	65.992	3108.222	118.625	0	0	4	9	9	7042	6904	0	6292	0	6606	0	0	-2	57	54	73	44	39	85	10	42	-2	135	132	-2	134	-2	144	-2	-2	-2	181	180	81	182	56	189	24	56	-1
1005001000	-2	7137	2856.889	3224.168	52.25	21.111	139.5	6.423	121.875	68.517	2996.222	121.875	0	0	4	9	9	7137	6620	0	5359	0	6598	0	0	-2	58	56	73	46	46	86	10	43	-2	139	136	-2	133	-2	150	-2	-2	-2	188	187	82	184	56	196	24	58	-1
1005001000	-2	7137	2856.889	3224.168	52.25	21.111	139.5	6.423	121.875	68.517	2996.222	121.875	0	0	4	9	9	7137	6620	0	5359	0	6598	0	0	-2	58	56	73	46	46	86	10	43	-2	139	136	-2	133	-2	150	-2	-2	-2	188	187	82	184	56	196	24	58	-1
1004001000	-2	6827	3248.333	3062.769	49.875	21.098	137.6	6.248	137.625	65.968	3650.667	137.625	0	0	3	9	9	6827	6195	0	3291	0	6291	0	6633	-2	54	53	71	40	45	85	9	42	-2	137	138	-2	133	-2	149	-2	131	-2	187	190	82	184	57	196	25	180	-1
1004001000	-2	6827	3248.333	3062.769	49.875	21.098	137.6	6.248	137.625	65.968	3650.667	137.625	0	0	3	9	9	6827	6195	0	3291	0	6291	0	6633	-2	54	53	71	40	45	85	9	42	-2	137	138	-2	133	-2	149	-2	131	-2	187	190	82	184	57	196	25	180	-1
1004001000	-2	7440	3735.556	3360.689	51	21.296	141	7.071	139.625	67.194	4281.556	139.625	0	0	3	9	9	7440	6451	0	6928	0	6797	0	6006	-2	53	51	72	45	47	88	10	42	-2	137	140	-2	141	-2	154	-2	133	-2	188	192	82	190	57	200	26	182	-1
1004001000	-2	7440	3735.556	3360.689	51	21.296	141	7.071	139.625	67.194	4281.556	139.625	0	0	3	9	9	7440	6451	0	6928	0	6797	0	6006	-2	53	51	72	45	47	88	10	42	-2	137	140	-2	141	-2	154	-2	133	-2	188	192	82	190	57	200	26	182	-1
1001001000	-2	2108	892	868.469	15.625	5.872	107.125	9.333	167.5	25.179	12289.778	187.375	0	0	2	9	9	334	0	2108	0	1805	1877	322	1584	-2	12	11	20	28	19	9	13	13	-2	112	94	115	125	100	108	100	103	-2	157	120	199	153	181	191	150	189	-1
1001001000	-2	1935	884.444	683.627	22.375	5.589	110.25	10.256	157.5	8.322	8995.889	158.25	0	0	0	9	9	800	389	1935	92	1584	933	467	1762	-2	23	20	28	32	25	13	18	20	-2	113	97	119	127	102	120	101	103	-2	163	146	172	151	155	167	152	154	-1
1001001000	-2	11562	8672.444	3348.56	108.25	8.729	172.875	4.456	218.875	5.183	9923.667	218.875	0	0	0	9	9	11056	11562	8185	8255	7985	10765	11164	9082	-2	105	105	124	103	115	114	107	93	-2	171	177	180	171	169	178	170	167	-2	219	221	228	214	215	224	219	211	-1
1001001000	-2	11562	8672.444	3348.56	108.25	8.729	172.875	4.456	218.875	5.183	9923.667	218.875	0	0	0	9	9	11056	11562	8185	8255	7985	10765	11164	9082	-2	105	105	124	103	115	114	107	93	-2	171	177	180	171	169	178	170	167	-2	219	221	228	214	215	224	219	211	-1
1003001000	-2	9590	5976.333	4260.104	82.875	16.534	158.833	6.914	172.875	53.443	6236.222	172.875	0	0	2	9	9	9541	0	8376	8810	9566	9590	7906	0	-2	79	69	114	70	81	107	72	71	-2	158	-2	170	155	153	166	151	-2	-2	201	84	216	204	195	209	196	78	-1
1003001000	-2	9590	5976.333	4260.104	82.875	16.534	158.833	6.914	172.875	53.443	6236.222	172.875	0	0	2	9	9	9541	0	8376	8810	9566	9590	7906	0	-2	79	69	114	70	81	107	72	71	-2	158	-2	170	155	153	166	151	-2	-2	201	84	216	204	195	209	196	78	-1
1004002000	-2	8958	3972.889	3721.085	40.571	15.674	113.2	6.765	124.5	53.306	5332.556	141	0	0	3	9	9	5409	8281	0	5402	8958	0	0	7708	-2	45	39	59	19	38	63	-2	21	-2	118	118	-2	104	120	-2	-2	106	-2	168	166	85	162	164	72	21	158	-1
1004002000	-2	8524	3801.444	3603.187	40.571	15.674	113.2	6.765	124.5	53.306	5332.556	141	0	0	3	9	9	4777	8524	0	5070	8243	0	0	7601	-2	45	39	59	19	38	63	-2	21	-2	118	118	-2	104	120	-2	-2	106	-2	168	166	85	162	164	72	21	158	-1
1002001000	-2	8325	5671.444	3089.998	40.125	19.675	116	9.957	153.75	28.56	5897	153	0	0	1	9	9	6944	7353	0	6635	8325	8155	6385	7248	-2	46	41	59	21	38	78	17	21	-2	118	116	-2	104	120	136	113	105	-2	167	164	80	162	165	178	158	156	-1
1002001000	-2	8325	5671.444	3089.998	40.125	19.675	116	9.957	153.75	28.56	5897	153	0	0	1	9	9	6944	7353	0	6635	8325	8155	6385	7248	-2	46	41	59	21	38	78	17	21	-2	118	116	-2	104	120	136	113	105	-2	167	164	80	162	165	178	158	156	-1
1003001000	-2	7748	4332.444	3159.311	40.375	19.78	117.333	10.781	138	50.863	4911.222	138	0	0	2	9	9	6113	7748	0	5033	7633	6399	0	6068	-2	46	43	55	27	35	81	15	21	-2	119	121	-2	105	119	136	-2	104	-2	168	167	82	162	165	179	26	155	-1
1004001000	-2	8401	3923.222	3617.376	37.875	20.883	117.6	11.218	121.625	58.185	4315.444	121.625	0	0	3	9	9	4860	8401	0	0	7491	7277	0	7282	-2	45	43	55	19	25	80	14	22	-2	119	118	-2	-2	114	136	-2	101	-2	167	165	82	27	162	178	39	153	-1
1004001000	-2	8401	3923.222	3617.376	37.875	20.883	117.6	11.218	121.625	58.185	4315.444	121.625	0	0	3	9	9	4860	8401	0	0	7491	7277	0	7282	-2	45	43	55	19	25	80	14	22	-2	119	118	-2	-2	114	136	-2	101	-2	167	165	82	27	162	178	39	153	-1
1003001000	-2	8736	4404.333	3283.781	37.375	24.062	116.833	12.402	137.25	53.047	5048.111	137.25	0	0	2	9	9	4503	8736	0	6091	0	7084	6986	6241	-2	46	44	63	27	8	80	8	23	-2	121	123	-2	110	-2	139	104	104	-2	169	169	82	164	19	182	157	156	-1
1003001000	-2	8736	4404.333	3283.781	37.375	24.062	116.833	12.402	137.25	53.047	5048.111	137.25	0	0	2	9	9	4503	8736	0	6091	0	7084	6986	6241	-2	46	44	63	27	8	80	8	23	-2	121	123	-2	110	-2	139	104	104	-2	169	169	82	164	19	182	157	156	-1
1005001000	-2	8018	2736.222	3208.123	37.375	22.045	125.5	8.646	109.625	66.901	3489.222	109.625	0	0	4	9	9	4237	8018	0	5404	0	6969	0	0	-2	46	45	56	29	11	78	8	26	-2	123	125	-2	115	-2	139	-2	-2	-2	173	173	82	168	23	184	40	34	-1
1005001000	-2	8018	2672.667	3148.801	37.375	22.045	125.5	8.646	109.625	66.901	3489.222	109.625	0	0	4	9	9	4068	8018	0	5262	0	6708	0	0	-2	46	45	56	29	11	78	8	26	-2	123	125	-2	115	-2	139	-2	-2	-2	173	173	82	168	23	184	40	34	-1
1004001000	-2	7282	3468	3175.001	40.875	22.054	127	10.178	127.25	66.934	4073.778	127.25	0	0	3	9	9	5022	7045	0	5341	0	6524	0	7282	-2	45	49	63	35	16	80	9	30	-2	128	127	-2	120	-2	145	-2	115	-2	177	177	83	173	24	191	25	168	-1
1004001000	-2	7282	3468	3175.001	40.875	22.054	127	10.178	127.25	66.934	4073.778	127.25	0	0	3	9	9	5022	7045	0	5341	0	6524	0	7282	-2	45	49	63	35	16	80	9	30	-2	128	127	-2	120	-2	145	-2	115	-2	177	177	83	173	24	191	25	168	-1
1004001000	-2	7388	3388.889	3135.289	38.375	19.773	125.8	10.245	126.875	66.05	4172.889	126.875	0	0	3	9	9	5050	7388	0	4701	0	6256	0	7107	-2	43	45	52	29	18	77	9	34	-2	126	128	-2	120	-2	143	-2	112	-2	176	178	83	173	25	188	26	166	-1
1004001000	-2	7388	3388.889	3135.289	38.375	19.773	125.8	10.245	126.875	66.05	4172.889	126.875	0	0	3	9	9	5050	7388	0	4701	0	6256	0	7107	-2	43	45	52	29	18	77	9	34	-2	126	128	-2	120	-2	143	-2	112	-2	176	178	83	173	25	188	26	166	-1
1004001000	-2	7282	3505.667	3206.68	33.5	19.013	122.6	11.412	121.5	67.847	3751.889	121.5	0	0	3	9	9	6121	6844	0	4677	0	6629	0	7282	-2	34	42	31	27	17	77	9	31	-2	119	125	-2	117	-2	143	-2	109	-2	172	175	55	170	24	187	26	163	-1
1003003000	-2	2854	1088.556	1178.068	16.667	7.11	85.667	13.047	108	52.514	9630.333	136.625	0	0	2	9	9	2269	42	1937	0	2854	2460	237	0	-2	11	9	30	-2	18	20	12	-2	-2	88	74	104	-2	76	101	71	-2	-2	143	127	158	21	133	155	106	21	-1
1003003000	-2	2854	1088.556	1178.068	16.667	7.11	85.667	13.047	108	52.514	9630.333	136.625	0	0	2	9	9	2269	42	1937	0	2854	2460	237	0	-2	11	9	30	-2	18	20	12	-2	-2	88	74	104	-2	76	101	71	-2	-2	143	127	158	21	133	155	106	21	-1
1002001000	-2	7547	3105.556	2673.775	67.875	22.464	143.143	7.882	167.875	43.036	6000.111	167.875	0	0	1	9	9	7547	6633	2234	4083	512	4914	2029	0	-2	76	53	102	57	61	98	67	29	-2	143	140	159	140	138	149	133	-2	-2	186	186	198	180	172	191	174	56	-1
1003001000	-2	10067	5022	3956.729	50.625	15.953	133.667	6.574	152.875	47.58	6000.222	152.875	0	0	2	9	9	8780	8607	0	10067	4959	8518	4269	0	-2	52	46	73	39	46	76	49	24	-2	131	129	-2	132	136	147	127	-2	-2	178	177	87	182	177	192	173	57	-1
1003001000	-2	8491	4459.444	3337.134	32.75	11.808	107.167	6.094	136.625	38.833	4977.111	136.125	0	0	2	9	9	5342	7821	0	5161	8491	0	5653	7669	-2	43	38	47	18	34	45	17	20	-2	111	112	-2	104	115	-2	104	97	-2	163	161	86	161	162	56	152	152	-1
1003001000	-2	8242	4124	3200.715	32.875	11.826	107	5.888	136.625	38.833	4977.111	136.125	0	0	2	9	9	4054	7380	0	5137	8242	0	4679	7626	-2	43	38	47	18	35	45	17	20	-2	111	112	-2	104	114	-2	104	97	-2	163	161	86	161	162	56	152	152	-1
1004001000	-2	7242	3842.889	3442.096	29.25	11.009	102	6.573	114.625	50.51	3780.333	114	0	0	3	9	9	7005	6696	0	0	6603	0	7042	7242	-2	42	35	42	18	29	38	14	16	-2	107	108	-2	-2	107	-2	95	93	-2	157	156	86	27	156	45	145	145	-1
1004001000	-2	7242	3842.889	3442.096	29.25	11.009	102	6.573	114.625	50.51	3780.333	114	0	0	3	9	9	7005	6696	0	0	6603	0	7042	7242	-2	42	35	42	18	29	38	14	16	-2	107	108	-2	-2	107	-2	95	93	-2	157	156	86	27	156	45	145	145	-1
1003001000	-2	7259	4001.778	2908.881	27	12.176	103.333	11.455	123.25	51.1	4194.333	122.75	0	0	2	9	9	5246	5829	5676	0	5061	0	7259	6947	-2	41	37	41	17	17	37	12	14	-2	106	105	126	-2	98	-2	93	92	-2	154	153	169	27	150	45	145	143	-1
1003001000	-2	6752	3823.444	2774.504	27	12.176	103.333	11.455	123.25	51.1	4194.333	122.75	0	0	2	9	9	5206	5612	5543	0	4627	0	6752	6673	-2	41	37	41	17	17	37	12	14	-2	106	105	126	-2	98	-2	93	92	-2	154	153	169	27	150	45	145	143	-1
1004001000	-2	6485	3261	2945.81	24.875	13.642	103.6	12.435	107.125	59.223	3901.333	107.125	0	0	3	9	9	4966	6382	5879	0	0	0	5639	6485	-2	39	35	41	17	7	37	7	16	-2	108	102	125	-2	-2	-2	91	92	-2	156	150	169	27	23	45	144	143	-1
1004001000	-2	6839	3388.444	3102.73	24.875	13.642	103.6	12.435	107.125	59.223	3901.333	107.125	0	0	3	9	9	4389	6747	6205	0	0	0	6318	6839	-2	39	35	41	17	7	37	7	16	-2	108	102	125	-2	-2	-2	91	92	-2	156	150	169	27	23	45	144	143	-1
1004001000	-2	7024	3435.778	3175.96	24.75	12.527	97.4	6.499	113.25	49.643	4218.667	113.25	0	0	3	9	9	4079	7024	0	6378	0	0	6648	6795	-2	35	36	38	18	7	37	7	20	-2	108	102	-2	92	-2	-2	93	92	-2	156	151	83	152	27	46	147	144	-1
1004001000	-2	7024	3435.778	3175.96	24.75	12.527	97.4	6.499	113.25	49.643	4218.667	113.25	0	0	3	9	9	4079	7024	0	6378	0	0	6648	6795	-2	35	36	38	18	7	37	7	20	-2	108	102	-2	92	-2	-2	93	92	-2	156	151	83	152	27	46	147	144	-1
1005001000	-2	7314	2790.222	3228.276	23.875	11.185	100.5	6.265	98.625	58.135	3581.778	98.625	0	0	4	9	9	4154	6764	0	6882	0	0	0	7314	-2	33	37	37	18	8	29	8	21	-2	109	104	-2	94	-2	-2	-2	95	-2	161	153	83	155	28	36	25	148	-1
1005001000	-2	7314	2790.222	3228.276	23.875	11.185	100.5	6.265	98.625	58.135	3581.778	98.625	0	0	4	9	9	4154	6764	0	6882	0	0	0	7314	-2	33	37	37	18	8	29	8	21	-2	109	104	-2	94	-2	-2	-2	95	-2	161	153	83	155	28	36	25	148	-1
1005001000	-2	7025	2798	3151.445	23.75	10.744	101.5	5.895	100.875	57.779	3623.889	100.875	0	0	4	9	9	5961	6630	0	5568	0	0	0	7025	-2	24	39	31	19	10	37	8	22	-2	104	110	-2	96	-2	-2	-2	96	-2	160	157	83	157	28	46	25	151	-1
1005001000	-2	7162	2913.444	3282.167	23.75	10.744	101.5	5.895	100.875	57.779	3623.889	100.875	0	0	4	9	9	6024	7162	0	5893	0	0	0	7144	-2	24	39	31	19	10	37	8	22	-2	104	110	-2	96	-2	-2	-2	96	-2	160	157	83	157	28	46	25	151	-1
1004001000	-2	7006	2899.333	3068.607	20.625	8.703	99	4.561	115.375	51.456	3482	115.375	0	0	3	9	9	7006	6082	0	5734	899	0	0	6375	-2	18	36	24	20	9	28	8	22	-2	97	107	-2	95	101	-2	-2	95	-2	154	155	83	155	155	46	26	149	-1
1001001000	-2	2110	1140	767.029	17.375	5.43	94.625	10.559	140.5	8.016	8165.667	140.5	0	0	0	9	9	564	2005	761	1732	1932	910	2110	248	-2	22	17	24	10	25	12	17	12	-2	102	87	108	90	89	112	89	80	-2	145	133	152	136	138	153	137	130	-1
1003002000	-2	10677	5524.778	4305.028	45.857	12.688	130.5	6.85	143	60.756	7739.111	161.375	0	0	2	9	9	9671	8220	8255	10677	3709	9193	0	0	-2	50	42	66	40	43	57	-2	23	-2	126	129	143	125	124	136	-2	-2	-2	174	176	188	176	167	184	21	58	-1
1002001000	-2	8607	5428.111	3113.263	25.125	9.13	99.857	12.368	136.125	38.876	5872	135.375	0	0	1	9	9	8607	7755	6035	6210	8485	0	4875	6888	-2	38	32	36	16	27	24	14	14	-2	103	107	124	91	100	-2	90	84	-2	154	155	168	149	150	36	140	137	-1
1002001000	-2	8803	5594.111	3155.133	25.125	9.13	99.857	12.368	136.125	38.876	5872	135.375	0	0	1	9	9	8803	8142	6093	6159	8336	0	5782	7034	-2	38	32	36	16	27	24	14	14	-2	103	107	124	91	100	-2	90	84	-2	154	155	168	149	150	36	140	137	-1
1003001000	-2	7487	4633.556	3299.645	20.875	7.623	89.5	7.32	117.75	42.008	4506.556	117	0	0	2	9	9	7399	6972	0	7105	6654	0	7487	6087	-2	32	31	24	15	18	24	12	11	-2	95	100	-2	85	94	-2	84	79	-2	147	148	36	142	144	56	137	132	-1
1003001000	-2	7487	4633.556	3299.645	20.875	7.623	89.5	7.32	117.75	42.008	4506.556	117	0	0	2	9	9	7399	6972	0	7105	6654	0	7487	6087	-2	32	31	24	15	18	24	12	11	-2	95	100	-2	85	94	-2	84	79	-2	147	148	36	142	144	56	137	132	-1
1002001000	-2	7024	4798.333	2648.368	17.125	7.079	86.143	11.012	127.75	28.239	5037.444	127.75	0	0	1	9	9	6166	7024	6784	5897	4562	0	6524	6230	-2	23	27	22	15	9	23	7	11	-2	91	89	109	78	85	-2	76	75	-2	141	140	155	135	138	56	130	127	-1
1002001000	-2	6874	4459	2519.061	17.5	6.595	87.143	10.343	128.375	28.337	5037.444	127.75	0	0	1	9	9	6059	6874	6413	4186	4539	0	5814	6248	-2	23	27	22	15	9	23	10	11	-2	91	89	109	78	85	-2	83	75	-2	141	140	155	135	138	56	135	127	-1
1002001000	-2	7332	4475.778	2722.75	16.875	7.557	87.143	11.038	128.625	28.587	5026.222	128.625	0	0	1	9	9	5433	7332	6842	6473	2469	0	6060	5675	-2	22	28	22	15	6	23	7	12	-2	92	91	110	80	84	-2	78	75	-2	143	141	156	137	137	56	132	127	-1
1002001000	-2	7332	4475.778	2722.75	16.875	7.557	87.143	11.038	128.625	28.587	5026.222	128.625	0	0	1	9	9	5433	7332	6842	6473	2469	0	6060	5675	-2	22	28	22	15	6	23	7	12	-2	92	91	110	80	84	-2	78	75	-2	143	141	156	137	137	56	132	127	-1
1002001000	-2	7517	4554.556	2874.846	16.625	7.21	92	12.851	128.625	40.068	4958.444	128.625	0	0	1	9	9	6666	6710	6075	7517	1775	6239	0	6011	-2	20	27	22	16	6	23	7	12	-2	89	89	112	80	84	111	-2	79	-2	141	141	158	138	138	156	25	132	-1
1002001000	-2	7983	4653.444	3043.852	15.625	6.594	86.714	9.238	128.875	31.951	4920.333	128.875	0	0	1	9	9	7983	5989	5890	7480	1427	0	6478	6636	-2	16	27	17	16	7	23	7	12	-2	88	88	107	82	86	-2	76	80	-2	143	141	155	139	140	46	133	134	-1
1002001000	-2	7983	4653.444	3043.852	15.625	6.594	86.714	9.238	128.875	31.951	4920.333	128.875	0	0	1	9	9	7983	5989	5890	7480	1427	0	6478	6636	-2	16	27	17	16	7	23	7	12	-2	88	88	107	82	86	-2	76	80	-2	143	141	155	139	140	46	133	134	-1
1002001000	-2	8076	4664.556	3140.436	16.375	6.945	88.571	9.752	130.5	32.585	4979.889	130.5	0	0	1	9	9	7822	5844	6332	8076	1049	0	6164	6696	-2	15	28	20	17	8	24	7	12	-2	88	89	111	85	86	-2	78	83	-2	144	142	158	141	141	46	135	137	-1
1002001000	-2	8076	4664.556	3140.436	16.375	6.945	88.571	9.752	130.5	32.585	4979.889	130.5	0	0	1	9	9	7822	5844	6332	8076	1049	0	6164	6696	-2	15	28	20	17	8	24	7	12	-2	88	89	111	85	86	-2	78	83	-2	144	142	158	141	141	46	135	137	-1
1001001000	-2	2310	1082.667	830.746	19.25	4.465	100.625	9.353	141.625	14.378	8082.778	146.125	0	0	1	9	9	1772	2310	355	501	1619	1277	1912	0	-2	22	19	28	15	23	16	17	14	-2	103	97	115	97	91	115	99	88	-2	146	146	157	132	140	155	148	109	-1
1001001000	-2	7786	6198.111	2310.137	30.625	6.981	111.25	7.949	161.25	5.449	7523	160.875	0	0	0	9	9	5880	7517	7786	7641	5754	7629	6471	7107	-2	35	36	41	35	31	24	23	20	-2	109	117	124	104	113	119	105	99	-2	161	165	169	162	159	167	155	152	-1
1002002000	-2	8416	5462.333	3016.879	17.143	3.27	89	10.198	124.625	39.796	6622.778	137.75	0	0	1	9	9	7095	7207	7385	5351	7170	6539	0	8416	-2	20	19	20	15	15	20	-2	11	-2	89	93	102	76	86	102	-2	75	-2	140	144	149	133	137	147	21	126	-1
1002002000	-2	8406	5487	3015.965	17.143	3.27	89	10.198	124.625	39.796	6622.778	137.75	0	0	1	9	9	7087	7169	7474	5613	7143	6493	0	8406	-2	20	19	20	15	15	20	-2	11	-2	89	93	102	76	86	102	-2	75	-2	140	144	149	133	137	147	21	126	-1
1001001000	-2	8147	5891.778	2264.305	12.75	3.631	80.25	9.404	130.875	7.881	5902.556	130.875	0	0	0	9	9	7829	5854	8147	5581	5438	6399	6806	6974	-2	16	17	15	13	9	16	7	9	-2	81	82	97	74	72	93	72	71	-2	132	135	145	126	126	139	124	120	-1
1003003000	-2	2869	744.889	1050.471	10.333	4.534	62	7.257	82.25	39.695	10413.556	120.5	0	0	4	9	9	0	0	0	1762	190	1885	2869	0	-2	8	10	-2	6	10	20	8	-2	-2	64	59	-2	55	57	77	60	-2	-2	86	81	21	99	91	141	118	21	-1
1001001000	-2	4630	2206.111	1820.869	8	1.5	60.5	4.848	101.625	14.882	7941.889	109.875	0	0	1	9	9	2941	3728	0	4630	375	3710	3932	541	-2	8	10	9	6	10	6	8	7	-2	66	61	66	56	56	66	60	53	-2	114	111	87	106	85	121	111	78	-1
1001001000	-2	8407	3143.222	2207.062	8.5	1.225	65.875	4.781	119	5.701	8981.556	119	0	0	0	9	9	3012	8407	1139	3911	2348	3182	3847	2445	-2	8	8	10	7	11	8	8	8	-2	71	62	73	63	63	71	65	59	-2	120	119	125	115	114	129	120	110	-1
1001001000	-2	5561	2514	1808.821	20.875	3.257	107.5	7.106	160.5	5.852	9015.111	160.5	0	0	0	9	9	3079	4430	785	948	4252	2187	5561	1386	-2	22	24	25	19	24	20	18	15	-2	108	112	116	106	98	115	110	95	-2	159	163	166	158	156	165	168	149	-1
1001001000	-2	9732	6374.333	2699.74	23.125	8.054	105.625	7.615	158.75	5.847	8319.222	158.75	0	0	0	9	9	6232	9014	6146	8046	7561	5636	5004	9732	-2	23	34	24	37	14	21	13	19	-2	103	118	116	101	107	107	95	98	-2	156	169	165	163	156	157	153	151	-1
1001001000	-2	10478	5816.778	2650.174	24.75	7.327	106.375	7.999	159.375	5.787	8319.222	158.75	0	0	0	9	9	5748	7777	5665	10478	7033	4542	6062	5048	-2	23	34	24	37	27	21	13	19	-2	103	118	116	101	113	107	95	98	-2	156	169	165	163	161	157	153	151	-1
1001001000	-2	8665	5327.889	2177.839	12.125	3.018	76.625	5.894	127.625	7.482	6517.667	127.25	0	0	0	9	9	5801	5532	6416	5508	6340	5138	4553	8665	-2	11	15	14	14	13	15	6	9	-2	79	83	85	74	77	79	68	68	-2	128	137	138	127	129	129	117	116	-1
