1006001000	-2	978	233.444	375.791	185.25	281.038	52	2.16	230.5	265.452	2360.222	230.5	0	0	3	9	9	854	978	275	0	-2	-2	0	0	-2	7	9	8	9	825	460	97	67	-2	55	50	51	-2	-2	-2	-2	-2	-2	90	87	86	23	842	477	112	127	-1
1006001000	-2	970	217.222	358.699	185.75	280.7	52.667	2.867	226.125	264.387	2035.111	231.375	0	0	3	9	9	970	770	221	0	-2	-2	0	0	-2	7	9	9	12	825	460	95	69	-2	56	49	53	-2	-2	-2	-2	-2	-2	90	82	87	21	836	471	106	116	-1
1006005000	-2	1035	221	399.965	10.25	4.815	48.667	4.497	41	25.86	611.889	228.625	0	0	5	9	9	59	897	1035	0	0	0	0	0	-2	18	8	5	10	-2	-2	-2	-2	-2	55	46	45	-2	-2	-2	-2	-2	-2	71	76	76	21	21	21	21	21	-1
1006005000	-2	1035	221	399.965	10.25	4.815	48.667	4.497	41	25.86	611.889	228.625	0	0	5	9	9	59	897	1035	0	0	0	0	0	-2	18	8	5	10	-2	-2	-2	-2	-2	55	46	45	-2	-2	-2	-2	-2	-2	71	76	76	21	21	21	21	21	-1
1006004000	-2	1159	237.111	446.197	237.4	454.318	48	4.967	190.375	389.173	618.444	365.5	0	0	4	9	9	2	1159	977	0	-2	0	0	0	-2	18	7	7	9	1146	-2	-2	-2	-2	55	44	45	-2	-2	-2	-2	-2	-2	70	75	76	21	1218	21	21	21	-1
1006004000	-2	1166	237.889	447.807	237.4	454.318	48	4.967	190.375	389.173	618.444	365.5	0	0	4	9	9	2	1166	977	0	-2	0	0	0	-2	18	7	7	9	1146	-2	-2	-2	-2	55	44	45	-2	-2	-2	-2	-2	-2	70	75	76	21	1218	21	21	21	-1
1006004000	-2	873	200.444	345.609	238.6	456.719	48.667	4.922	189	385.562	615	364.875	0	0	4	9	9	123	812	873	0	-2	0	0	0	-2	18	7	10	6	1152	-2	-2	-2	-2	55	43	48	-2	-2	-2	-2	-2	-2	70	74	78	20	1207	21	21	21	-1
1006004000	-2	873	200.444	345.609	238.6	456.719	48.667	4.922	189	385.562	615	364.875	0	0	4	9	9	123	812	873	0	-2	0	0	0	-2	18	7	10	6	1152	-2	-2	-2	-2	55	43	48	-2	-2	-2	-2	-2	-2	70	74	78	20	1207	21	21	21	-1
1006004000	-2	909	184.111	308.022	239.4	457.32	49.333	4.643	188.25	383.561	689.556	356.625	0	0	4	9	9	218	909	534	0	-2	0	0	0	-2	18	7	12	6	1154	-2	-2	-2	-2	54	43	51	-2	-2	-2	-2	-2	-2	71	75	75	21	1201	21	21	21	-1
1006003000	-2	709	132.222	229.888	331	465.013	49.333	4.643	281.125	415.721	689.556	356.625	0	0	3	9	9	167	709	320	0	-2	-2	0	0	-2	18	7	12	6	1154	789	-2	-2	-2	54	43	51	-2	-2	-2	-2	-2	-2	71	75	75	21	1165	800	21	21	-1
1006003000	-2	1411	190.778	438.395	270.333	424.227	47.667	4.497	234.625	375.608	703.667	355.125	0	0	3	9	9	250	1411	62	0	-2	0	-2	0	-2	17	6	11	6	1156	-2	426	-2	-2	53	42	48	-2	-2	-2	-2	-2	-2	72	75	64	20	1167	21	437	21	-1
1006001000	-2	1050	314	447.915	185.875	280.081	60.333	2.494	230.875	261.315	3419.111	230.875	0	0	3	9	9	1050	854	928	0	-2	-2	0	0	-2	10	9	10	11	824	459	97	67	-2	61	57	63	-2	-2	-2	-2	-2	-2	105	104	106	22	835	470	105	100	-1
1006003000	-2	790	229.333	328.356	291.167	377.209	57	4.32	264.375	331.032	2252.222	335.5	0	0	3	9	9	654	626	790	-2	-2	0	0	0	-2	15	9	12	821	827	-2	-2	63	-2	59	51	61	-2	-2	-2	-2	-2	-2	91	86	95	831	838	21	21	132	-1
1006003000	-2	3009	418.333	935.927	274.167	428.012	57	2.449	243.375	376.69	1548.667	374.75	0	0	3	9	9	142	620	3009	0	-2	0	-2	0	-2	17	10	9	7	1166	-2	436	-2	-2	60	54	57	-2	-2	-2	-2	-2	-2	85	85	90	21	1177	21	447	21	-1
1006004000	-2	3543	894.889	1341.659	98.6	175.229	56.667	1.886	103.75	146.356	1415.111	373.375	0	0	4	9	9	2833	1682	3543	0	0	0	-2	0	-2	17	10	8	9	-2	-2	449	-2	-2	58	54	58	-2	-2	-2	-2	-2	-2	89	85	91	20	21	21	482	21	-1
1006004000	-2	3543	894.889	1341.659	98.6	175.229	56.667	1.886	103.75	146.356	1415.111	373.375	0	0	4	9	9	2833	1682	3543	0	0	0	-2	0	-2	17	10	8	9	-2	-2	449	-2	-2	58	54	58	-2	-2	-2	-2	-2	-2	89	85	91	20	21	21	482	21	-1
1006004000	-2	5254	1548.444	2210.005	27.6	35.775	55.667	1.7	57.25	37.114	1563.111	235.625	0	0	5	9	9	4006	5254	4678	0	0	0	0	0	-2	13	9	6	11	-2	-2	99	-2	-2	58	55	54	-2	-2	-2	-2	-2	-2	89	90	86	20	21	21	110	21	-1
1006005000	-2	3448	523.111	1087.86	8.75	2.586	48.667	4.922	40.625	25.676	525.333	227.75	0	0	5	9	9	168	3448	1094	0	0	0	0	0	-2	12	8	5	10	-2	-2	-2	-2	-2	55	48	43	-2	-2	-2	-2	-2	-2	70	78	73	20	21	21	21	21	-1
1006005000	-2	3448	523.111	1087.86	8.75	2.586	48.667	4.922	40.625	25.676	525.333	227.75	0	0	5	9	9	168	3448	1094	0	0	0	0	0	-2	12	8	5	10	-2	-2	-2	-2	-2	55	48	43	-2	-2	-2	-2	-2	-2	70	78	73	20	21	21	21	21	-1
1006004000	-2	1240	216.778	392.574	235.2	453.404	46.667	3.771	188.75	390.412	367	364.625	0	0	4	9	9	449	1240	266	0	-2	0	0	0	-2	12	7	7	8	1142	-2	-2	-2	-2	52	44	44	-2	-2	-2	-2	-2	-2	70	74	62	21	1220	21	21	21	-1
1006004000	-2	1242	217	393.154	235.2	453.404	46.667	3.771	188.75	390.412	367	364.625	0	0	4	9	9	449	1242	266	0	-2	0	0	0	-2	12	7	7	8	1142	-2	-2	-2	-2	52	44	44	-2	-2	-2	-2	-2	-2	70	74	62	21	1220	21	21	21	-1
1006004000	-2	961	172.889	311.72	235.4	454.305	47.333	4.028	188.875	390.02	384	364.375	0	0	4	9	9	442	961	157	0	-2	0	0	0	-2	12	7	8	6	1144	-2	-2	-2	-2	53	44	45	-2	-2	-2	-2	-2	-2	72	74	63	20	1219	21	21	21	-1
1006004000	-2	1350	230	425.428	235	454.505	46.667	4.497	188.875	390.02	384	364.375	0	0	4	9	9	463	1350	261	0	-2	0	0	0	-2	12	7	6	6	1144	-2	-2	-2	-2	53	44	43	-2	-2	-2	-2	-2	-2	72	74	63	20	1219	21	21	21	-1
1006002000	-2	1966	293.667	610.213	337.857	428.979	46	4.967	352.375	429.745	473.111	365.25	0	0	2	9	9	460	1966	225	0	-2	-2	-2	0	-2	11	6	6	5	1144	779	414	-2	-2	53	42	43	-2	-2	-2	-2	-2	-2	72	73	71	20	1219	854	489	21	-1
1006003000	-2	1569	241.889	491.018	325.833	461.674	46.667	4.643	294.125	438.794	473.111	365.25	0	0	3	9	9	459	1569	155	0	-2	-2	0	0	-2	11	6	10	5	1144	779	-2	-2	-2	53	42	45	-2	-2	-2	-2	-2	-2	72	73	73	20	1219	854	21	21	-1
1006002000	-2	2039	313.556	636.829	339.429	430.084	46	4.967	338.375	417.103	614.889	363.375	0	0	2	9	9	575	2039	216	0	-2	-2	-2	0	-2	13	6	6	5	1147	782	417	-2	-2	53	42	43	-2	-2	-2	-2	-2	-2	72	74	71	20	1204	805	440	21	-1
1006001000	-2	2874	424.111	888.889	304.875	412.563	46	4.967	363.375	419.541	614.889	363.375	0	0	2	9	9	570	2874	381	0	-2	-2	-2	0	-2	13	6	6	5	1147	782	417	63	-2	53	42	43	-2	-2	-2	-2	-2	-2	72	74	71	20	1215	850	485	120	-1
1006002000	-2	3314	664.222	1105.704	241.571	401.301	47	4.243	264.375	387.998	958.556	368.625	0	0	3	9	9	1797	3314	873	0	-2	0	-2	0	-2	12	6	6	6	1160	-2	430	71	-2	53	44	44	-2	-2	-2	-2	-2	-2	83	78	73	25	1220	21	490	125	-1
1006002000	-2	3371	680.778	1123.971	241.571	401.301	47	4.243	264.375	387.998	958.556	368.625	0	0	3	9	9	1807	3371	955	0	-2	0	-2	0	-2	12	6	6	6	1160	-2	430	71	-2	53	44	44	-2	-2	-2	-2	-2	-2	83	78	73	25	1220	21	490	125	-1
1006001000	-2	3526	862.889	1308.753	312	418.189	47.667	4.497	362.5	413.716	1120	362.5	0	0	2	9	9	2699	3526	1549	0	-2	-2	-2	0	-2	11	8	6	6	1162	797	432	74	-2	54	44	45	-2	-2	-2	-2	-2	-2	85	80	75	26	1206	841	476	111	-1
1006001000	-2	3761	1068.111	1537.617	311	417.443	50.333	4.643	356.75	407.188	1256.111	356.75	0	0	2	9	9	3270	3761	2590	0	-2	-2	-2	0	-2	11	8	6	7	1160	795	430	71	-2	55	44	52	-2	-2	-2	-2	-2	-2	88	82	83	27	1191	826	461	96	-1
1006001000	-2	3786	1067.111	1540.084	311	417.443	50.333	4.643	356.75	407.188	1256.111	356.75	0	0	2	9	9	3786	3294	2532	0	-2	-2	-2	0	-2	11	8	6	7	1160	795	430	71	-2	55	44	52	-2	-2	-2	-2	-2	-2	88	82	83	27	1191	826	461	96	-1
1006001000	-2	3536	884.111	1409.782	183	281.65	48.333	1.7	237.75	274.485	1018.333	237.75	0	0	3	9	9	3358	3536	1069	0	-2	-2	0	0	-2	7	5	6	8	824	459	96	59	-2	49	46	50	-2	-2	-2	-2	-2	-2	84	87	81	20	865	500	135	130	-1
1006002000	-2	3815	952.778	1485.919	199	295.367	47.333	0.471	224.125	282.626	1185.556	237.75	0	0	3	9	9	3415	3815	1351	0	-2	-2	0	0	-2	7	5	6	9	820	455	91	-2	-2	48	47	47	-2	-2	-2	-2	-2	-2	83	87	78	21	866	501	136	21	-1
1006001000	-2	3741	913.222	1387.492	177.375	274.645	48.667	0.471	238.125	275.896	1059.889	238.125	0	0	3	9	9	2868	3741	1616	0	-2	-2	0	0	-2	7	5	6	9	806	441	85	60	-2	49	49	48	-2	-2	-2	-2	-2	-2	81	87	80	21	868	503	138	127	-1
1006001000	-2	3863	913.444	1408.398	177.375	274.645	48.667	0.471	238.125	275.896	1059.889	238.125	0	0	3	9	9	2859	3863	1505	0	-2	-2	0	0	-2	7	5	6	9	806	441	85	60	-2	49	49	48	-2	-2	-2	-2	-2	-2	81	87	80	21	868	503	138	127	-1
1006001000	-2	1143	327.889	471.161	183.875	277.592	60	3.742	230.375	262.088	3367.222	230.375	0	0	3	9	9	990	824	1143	0	-2	-2	0	0	-2	16	9	12	11	818	453	91	61	-2	61	55	64	-2	-2	-2	-2	-2	-2	103	99	106	22	836	471	106	100	-1
1006003000	-2	1641	306.222	525.948	367	471.013	59	5.354	314.375	421.727	1946.444	391.5	0	0	3	9	9	482	639	1641	-2	-2	0	0	0	-2	18	9	14	1179	856	-2	126	-2	-2	60	52	65	-2	-2	-2	-2	-2	-2	93	86	100	1190	867	21	137	21	-1
1006004000	-2	2028	285.333	628.042	408.8	496.65	58.333	3.771	294.5	424.868	1457.111	382.25	0	0	3	9	9	375	171	2028	-2	-2	0	0	0	-2	17	10	14	1178	825	-2	-2	-2	-2	61	53	61	-2	-2	-2	-2	-2	-2	91	83	94	1189	836	21	21	21	-1
1006004000	-2	1675	236.778	518.256	408.8	496.65	58.333	3.771	294.5	424.868	1457.111	382.25	0	0	3	9	9	300	162	1675	-2	-2	0	0	0	-2	17	10	14	1178	825	-2	-2	-2	-2	61	53	61	-2	-2	-2	-2	-2	-2	91	83	94	1189	836	21	21	21	-1
1006003000	-2	6443	1690.222	2488.811	279.333	434.085	58.667	2.055	254.5	389.962	1691	372.25	0	0	3	9	9	5238	6443	3537	0	-2	0	-2	0	-2	19	10	6	9	1181	-2	451	-2	-2	61	56	59	-2	-2	-2	-2	-2	-2	93	92	91	20	1214	21	484	21	-1
1006004000	-2	4998	929.556	1609.344	164.6	313.704	49.667	3.3	141	251.755	988.444	237.625	0	0	4	9	9	2145	4998	1227	0	-2	0	0	0	-2	10	8	5	8	792	-2	-2	-2	-2	54	49	46	-2	-2	-2	-2	-2	-2	85	81	76	20	803	21	21	21	-1
1006004000	-2	4998	929.556	1609.344	164.6	313.704	49.667	3.3	141	251.755	988.444	237.625	0	0	4	9	9	2145	4998	1227	0	-2	0	0	0	-2	10	8	5	8	792	-2	-2	-2	-2	54	49	46	-2	-2	-2	-2	-2	-2	85	81	76	20	803	21	21	21	-1
1006004000	-2	3139	430.667	977.441	167.8	320.604	46.667	3.3	139.5	258.272	442	230.5	0	0	4	9	9	635	3139	106	0	-2	0	0	0	-2	10	7	5	8	809	-2	-2	-2	-2	51	46	43	-2	-2	-2	-2	-2	-2	71	77	65	20	820	21	21	21	-1
1006005000	-2	3214	441.667	1000.229	7.5	1.803	46.667	3.3	39.625	24.489	442	230.5	0	0	5	9	9	645	3214	118	0	0	0	0	0	-2	10	7	5	8	-2	-2	-2	-2	-2	51	46	43	-2	-2	-2	-2	-2	-2	71	77	65	20	21	21	21	21	-1
1006003000	-2	2411	338.667	751.968	319.5	453.643	45.667	3.091	292.75	439.494	345.111	364.125	0	0	3	9	9	547	2411	96	0	-2	-2	0	0	-2	10	6	6	8	1126	761	-2	-2	-2	50	44	43	-2	-2	-2	-2	-2	-2	72	74	60	21	1219	854	21	21	-1
1006003000	-2	2411	338.667	751.968	319.5	453.643	45.667	3.091	292.75	439.494	345.111	364.125	0	0	3	9	9	547	2411	96	0	-2	-2	0	0	-2	10	6	6	8	1126	761	-2	-2	-2	50	44	43	-2	-2	-2	-2	-2	-2	72	74	60	21	1219	854	21	21	-1
1006002000	-2	1821	292.556	567.295	335.143	427.213	43.667	2.357	351.125	429.871	345	363.875	0	0	2	9	9	495	1821	325	0	-2	-2	-2	0	-2	7	5	6	6	1139	774	409	-2	-2	47	42	42	-2	-2	-2	-2	-2	-2	72	72	64	21	1218	853	488	21	-1
1006002000	-2	1821	292.556	567.295	335.143	427.213	43.667	2.357	351.125	429.871	345	363.875	0	0	2	9	9	495	1821	325	0	-2	-2	-2	0	-2	7	5	6	6	1139	774	409	-2	-2	47	42	42	-2	-2	-2	-2	-2	-2	72	72	64	21	1218	853	488	21	-1
1006001000	-2	2266	344.889	701.102	299.625	409.221	45	2.828	365	419.048	433	365	0	0	2	9	9	453	2266	393	0	-2	-2	-2	0	-2	6	6	6	5	1137	772	407	58	-2	49	43	43	-2	-2	-2	-2	-2	-2	76	74	71	25	1216	851	486	121	-1
1006001000	-2	2256	343.667	698.04	299.625	409.221	45	2.828	365	419.048	433	365	0	0	2	9	9	452	2256	393	0	-2	-2	-2	0	-2	6	6	6	5	1137	772	407	58	-2	49	43	43	-2	-2	-2	-2	-2	-2	76	74	71	25	1216	851	486	121	-1
1006002000	-2	2443	381.778	757.098	147.429	283.47	44	2.16	169.75	259.139	470.222	227.625	0	0	4	9	9	550	2443	447	0	-2	0	0	0	-2	6	6	6	6	836	-2	106	66	-2	47	42	43	-2	-2	-2	-2	-2	-2	73	73	72	25	849	21	119	126	-1
1006002000	-2	2443	381.778	757.098	147.429	283.47	44	2.16	169.75	259.139	470.222	227.625	0	0	4	9	9	550	2443	447	0	-2	0	0	0	-2	6	6	6	6	836	-2	106	66	-2	47	42	43	-2	-2	-2	-2	-2	-2	73	73	72	25	849	21	119	126	-1
1006001000	-2	2058	408	671.199	303.125	411.093	43.333	0.471	362	424.941	627.333	368	0	0	2	9	9	780	2058	842	0	-2	-2	-2	0	-2	6	6	5	6	1143	778	413	68	-2	43	43	44	-2	-2	-2	-2	-2	-2	72	76	73	25	1222	857	492	79	-1
1006001000	-2	3216	659.222	1062.187	190.375	287.51	44.333	1.247	231.5	271.63	791	231.5	0	0	3	9	9	1449	3216	1274	0	-2	-2	0	0	-2	7	6	6	6	841	476	111	70	-2	46	43	44	-2	-2	-2	-2	-2	-2	76	77	73	27	854	489	124	132	-1
1006001000	-2	3216	659.222	1062.187	190.375	287.51	44.333	1.247	231.5	271.63	791	231.5	0	0	3	9	9	1449	3216	1274	0	-2	-2	0	0	-2	7	6	6	6	841	476	111	70	-2	46	43	44	-2	-2	-2	-2	-2	-2	76	77	73	27	854	489	124	132	-1
1006001000	-2	3680	865.333	1414.719	183.25	279.413	45.333	1.247	232.125	272.527	1008.778	232.125	0	0	3	9	9	3229	3680	885	0	-2	-2	0	0	-2	7	6	7	7	820	455	91	73	-2	47	44	45	-2	-2	-2	-2	-2	-2	79	79	64	27	856	491	126	135	-1
1006001000	-2	4141	916.556	1520.12	183.25	279.413	45.333	1.247	232.125	272.527	1008.778	232.125	0	0	3	9	9	3229	4141	885	0	-2	-2	0	0	-2	7	6	7	7	820	455	91	73	-2	47	44	45	-2	-2	-2	-2	-2	-2	79	79	64	27	856	491	126	135	-1
1006001000	-2	4157	863.556	1494.226	175.75	274.755	46	1.633	239.5	279.272	956.889	239.5	0	0	3	9	9	3029	4157	592	0	-2	-2	0	0	-2	7	6	7	7	805	440	78	56	-2	48	44	46	-2	-2	-2	-2	-2	-2	79	79	64	27	875	510	145	137	-1
1006001000	-2	3922	839.444	1440.477	175.75	274.755	46	1.633	239.5	279.272	956.889	239.5	0	0	3	9	9	3047	3922	592	0	-2	-2	0	0	-2	7	6	7	7	805	440	78	56	-2	48	44	46	-2	-2	-2	-2	-2	-2	79	79	64	27	875	510	145	137	-1
1006001000	-2	4295	1057.444	1600.609	180.25	277.671	46	1.633	237.875	274.867	1125.889	237.875	0	0	3	9	9	3324	4295	1904	0	-2	-2	0	0	-2	6	5	6	8	814	449	93	61	-2	48	44	46	-2	-2	-2	-2	-2	-2	81	81	76	28	866	501	136	134	-1
1006001000	-2	3684	795	1296.23	180.5	277.026	46.333	1.247	239.25	278.766	992.222	239.25	0	0	3	9	9	2511	3684	966	0	-2	-2	0	0	-2	6	6	6	8	813	448	93	64	-2	46	45	48	-2	-2	-2	-2	-2	-2	78	81	77	21	874	509	144	130	-1
1006003000	-2	1083	267.556	397.976	44	48.384	79.333	1.7	130	69.469	3232.556	217.5	0	0	5	9	9	1083	754	573	0	0	0	0	0	-2	15	9	11	11	83	-2	135	-2	-2	80	77	81	-2	-2	-2	-2	-2	-2	151	142	145	238	176	21	146	21	-1
1006002000	-2	1807	282.667	560.76	522.286	495.485	59.667	5.312	509.375	484.334	1787	525.375	0	0	1	9	9	423	324	1807	-2	-2	-2	-2	0	-2	19	10	16	1178	1176	811	446	-2	-2	60	53	66	-2	-2	-2	-2	-2	-2	91	87	100	1211	1220	855	490	21	-1
1006004000	-2	1317	170.556	408.017	479.4	569.598	57.333	4.922	341.25	498.65	815.889	526.375	0	0	3	9	9	128	96	1317	-2	-2	0	0	0	-2	19	10	14	1180	1174	-2	-2	-2	-2	58	51	63	-2	-2	-2	-2	-2	-2	87	80	93	1209	1198	21	21	21	-1
1006004000	-2	1094	131.667	341.339	97.8	172.624	54.333	4.11	96.75	137.725	350.778	374.875	0	0	4	9	9	7	88	1094	0	0	0	-2	0	-2	17	9	10	10	-2	-2	443	-2	-2	55	49	59	-2	-2	-2	-2	-2	-2	70	77	89	21	21	21	454	21	-1
1006004000	-2	1097	132.111	342.265	97.8	172.624	54.333	4.11	96.75	137.725	350.778	374.875	0	0	4	9	9	7	89	1097	0	0	0	-2	0	-2	17	9	10	10	-2	-2	443	-2	-2	55	49	59	-2	-2	-2	-2	-2	-2	70	77	89	21	21	21	454	21	-1
1006005000	-2	954	259.889	375.4	9.75	3.7	55.333	2.055	237.75	421.836	943.222	430.375	0	0	3	9	9	691	699	954	0	-2	0	0	-1	-2	16	9	7	7	-2	-2	-2	-2	-2	55	53	58	-2	-2	-2	-2	-2	-2	86	83	88	20	1339	21	21	244	-1
1006005000	-2	1215	323.667	472.712	9.75	3.7	55.333	2.055	237.75	421.836	943.222	430.375	0	0	3	9	9	734	1215	969	0	-2	0	0	-1	-2	16	9	7	7	-2	-2	-2	-2	-2	55	53	58	-2	-2	-2	-2	-2	-2	86	83	88	20	1339	21	21	244	-1
1006003000	-2	6267	1390.778	2204.499	274.833	431.909	53.333	2.625	252.375	391.35	1391.667	380.875	0	0	3	9	9	4201	6267	2055	0	-2	0	-2	0	-2	12	8	6	7	1173	-2	443	-2	-2	57	51	52	-2	-2	-2	-2	-2	-2	90	85	82	20	1215	21	485	21	-1
1006003000	-2	6267	1383.778	2198.961	274.833	431.909	53.333	2.625	258.625	400.926	1391.667	380.875	0	0	3	9	9	4169	6267	2024	0	-2	0	-2	0	-2	12	8	6	7	1173	-2	443	-2	-2	57	51	52	-2	-2	-2	-2	-2	-2	90	85	82	20	1240	21	510	21	-1
1006001000	-2	4384	689	1391.914	175.25	273.285	50	3.559	233.375	274.01	691	233.375	0	0	3	9	9	268	4384	1555	0	-2	-2	0	0	-2	12	7	5	8	802	437	74	57	-2	55	47	48	-2	-2	-2	-2	-2	-2	76	81	77	21	860	495	130	127	-1
1006001000	-2	4384	689	1391.914	175.25	273.285	50	3.559	233.375	274.01	691	233.375	0	0	3	9	9	268	4384	1555	0	-2	-2	0	0	-2	12	7	5	8	802	437	74	57	-2	55	47	48	-2	-2	-2	-2	-2	-2	76	81	77	21	860	495	130	127	-1
1006001000	-2	2583	392.667	815.195	173.125	276.489	44.667	2.494	231.25	276.291	393.333	231.25	0	0	3	9	9	824	2583	133	0	-2	-2	0	0	-2	10	5	5	8	806	441	77	33	-2	48	44	42	-2	-2	-2	-2	-2	-2	72	75	61	25	862	497	132	126	-1
1006004000	-2	2583	392.889	815.087	166.8	319.606	44.667	2.494	144.75	272.007	393.333	231.25	0	0	4	9	9	824	2583	133	0	-2	0	0	0	-2	10	5	5	8	806	-2	-2	-2	-2	48	44	42	-2	-2	-2	-2	-2	-2	72	75	61	25	862	21	21	21	-1
1006002000	-2	2220	384.556	700.309	202	298.589	41.333	0.471	218.5	283.182	388	231.5	0	0	3	9	9	763	2220	484	0	-2	-2	0	0	-2	7	5	6	7	828	463	98	-2	-2	42	41	41	-2	-2	-2	-2	-2	-2	70	71	71	24	862	497	132	21	-1
1006002000	-2	2220	384.556	700.309	202	298.589	41.333	0.471	218.5	283.182	388	231.5	0	0	3	9	9	763	2220	484	0	-2	-2	0	0	-2	7	5	6	7	828	463	98	-2	-2	42	41	41	-2	-2	-2	-2	-2	-2	70	71	71	24	862	497	132	21	-1
1006001000	-2	2536	424.222	803.336	183.625	284.087	41	0.816	230	275.87	436.111	230	0	0	3	9	9	933	2536	355	0	-2	-2	0	0	-2	6	5	6	6	829	464	99	54	-2	41	40	42	-2	-2	-2	-2	-2	-2	69	70	64	25	860	495	130	127	-1
1006001000	-2	2536	424.222	803.336	183.625	284.087	41	0.816	230	275.87	436.111	230	0	0	3	9	9	933	2536	355	0	-2	-2	0	0	-2	6	5	6	6	829	464	99	54	-2	41	40	42	-2	-2	-2	-2	-2	-2	69	70	64	25	860	495	130	127	-1
1006001000	-2	2173	342.889	674.02	181.625	282.318	40.667	0.943	228	274.755	394.222	228	0	0	3	9	9	496	2173	423	0	-2	-2	0	0	-2	6	5	5	6	824	459	94	54	-2	40	40	42	-2	-2	-2	-2	-2	-2	63	70	65	25	856	491	126	128	-1
1006001000	-2	2178	343.778	675.605	181.625	282.318	40.667	0.943	228	274.755	394.222	228	0	0	3	9	9	499	2178	423	0	-2	-2	0	0	-2	6	5	5	6	824	459	94	54	-2	40	40	42	-2	-2	-2	-2	-2	-2	63	70	65	25	856	491	126	128	-1
1006001000	-2	1390	257	451.73	180.75	281.119	41	0.816	223	276.785	397	229.75	0	0	3	9	9	648	1390	281	0	-2	-2	0	0	-2	6	5	5	6	821	456	92	55	-2	41	40	42	-2	-2	-2	-2	-2	-2	68	70	71	26	856	491	126	76	-1
1006002000	-2	1758	354.556	603.946	140.714	276.94	42	0.816	172.375	261.329	497.778	231.125	0	0	4	9	9	1100	1758	337	0	-2	0	0	0	-2	6	6	5	6	815	-2	86	61	-2	42	41	43	-2	-2	-2	-2	-2	-2	70	73	67	26	856	21	126	140	-1
1006002000	-2	1758	354.556	603.946	140.714	276.94	42	0.816	172.375	261.329	497.778	231.125	0	0	4	9	9	1100	1758	337	0	-2	0	0	0	-2	6	6	5	6	815	-2	86	61	-2	42	41	43	-2	-2	-2	-2	-2	-2	70	73	67	26	856	21	126	140	-1
1006001000	-2	1570	340.556	572.51	178.875	277.718	42.333	0.943	237.625	280.294	516.222	237.625	0	0	3	9	9	1199	1570	302	0	-2	-2	0	0	-2	6	5	5	6	813	448	85	63	-2	43	41	43	-2	-2	-2	-2	-2	-2	71	73	67	26	875	510	145	134	-1
1006001000	-2	2040	547.333	799.456	176.125	274.718	43.333	0.943	239.5	279.818	687.667	239.5	0	0	3	9	9	1675	2040	1217	0	-2	-2	0	0	-2	6	6	5	6	805	440	81	60	-2	44	42	44	-2	-2	-2	-2	-2	-2	73	75	73	26	876	511	146	136	-1
1006001000	-2	2276	663.222	964.959	175.25	273.026	44	1.633	240.75	279.67	857.778	240.75	0	0	3	9	9	2276	2248	1451	0	-2	-2	0	0	-2	7	5	6	6	801	436	82	59	-2	46	42	44	-2	-2	-2	-2	-2	-2	76	76	74	27	877	512	147	137	-1
1006001000	-2	2276	663.222	964.959	175.25	273.026	44	1.633	240.75	279.67	857.778	240.75	0	0	3	9	9	2276	2248	1451	0	-2	-2	0	0	-2	7	5	6	6	801	436	82	59	-2	46	42	44	-2	-2	-2	-2	-2	-2	76	76	74	27	877	512	147	137	-1
1006001000	-2	1518	493.778	700.028	169.5	264.077	42.667	0.943	240.75	279.795	744.556	240.75	0	0	3	9	9	1518	1498	1434	0	-2	-2	0	0	-2	6	5	6	7	778	415	84	55	-2	44	42	42	-2	-2	-2	-2	-2	-2	74	74	72	28	877	512	147	142	-1
1006001000	-2	1518	493.778	700.028	169.5	264.077	42.667	0.943	240.75	279.795	744.556	240.75	0	0	3	9	9	1518	1498	1434	0	-2	-2	0	0	-2	6	5	6	7	778	415	84	55	-2	44	42	42	-2	-2	-2	-2	-2	-2	74	74	72	28	877	512	147	142	-1
1006001000	-2	1808	428.111	657.408	94.5	147.203	42.667	0.943	146.125	137.292	666.889	146.125	0	0	4	9	9	732	1808	1317	0	-2	0	0	0	-2	6	5	5	7	469	114	90	60	-2	44	42	42	-2	-2	-2	-2	-2	-2	73	75	72	27	493	128	148	153	-1
1005003000	-2	549	163.778	234.137	21.167	16.647	95.5	59.252	125.125	104.484	3465.444	199.875	0	0	4	9	9	549	495	434	-2	0	0	0	0	-2	15	11	8	8	31	-2	54	-2	-2	66	58	60	198	-2	-2	-2	-2	-2	110	103	95	372	176	21	103	21	-1
1006004000	-2	1605	180.889	503.54	241	465.501	49.667	2.867	186.5	382.287	298.667	370.875	0	0	4	9	9	19	8	1605	0	-2	0	0	0	-2	10	8	7	8	1172	-2	-2	-2	-2	50	46	53	-2	-2	-2	-2	-2	-2	70	60	82	21	1196	21	21	21	-1
1006002000	-2	1543	228.556	477.071	256.714	413.043	51.667	2.055	265.75	388.972	522.556	370.375	0	0	3	9	9	225	295	1543	0	-2	0	-2	0	-2	11	8	7	6	1195	-2	465	105	-2	54	49	52	-2	-2	-2	-2	-2	-2	82	77	82	20	1223	21	493	128	-1
1006005000	-2	4891	1279.667	1867.919	8.75	2.487	53.333	2.494	311.25	428.835	1410.444	430.375	0	0	2	9	9	2985	4891	3648	0	-2	0	-2	-1	-2	13	8	7	7	-2	-2	-2	-2	-2	56	50	54	-2	-2	-2	-2	-2	-2	88	83	86	20	1339	21	609	244	-1
1006005000	-2	4891	1279.667	1867.919	8.75	2.487	53.333	2.494	311.25	428.835	1410.444	430.375	0	0	2	9	9	2985	4891	3648	0	-2	0	-2	-1	-2	13	8	7	7	-2	-2	-2	-2	-2	56	50	54	-2	-2	-2	-2	-2	-2	88	83	86	20	1339	21	609	244	-1
1006004000	-2	4743	1358.444	1949.892	167.2	318.906	51.333	4.784	150.125	271.808	1359	237.625	0	0	4	9	9	4133	4743	3354	0	-2	0	0	0	-2	11	7	5	8	805	-2	-2	-2	-2	58	47	49	-2	-2	-2	-2	-2	-2	90	83	80	20	865	21	21	21	-1
1006004000	-2	4743	1358.444	1949.892	167.2	318.906	51.333	4.784	150.125	271.808	1359	237.625	0	0	4	9	9	4133	4743	3354	0	-2	0	0	0	-2	11	7	5	8	805	-2	-2	-2	-2	58	47	49	-2	-2	-2	-2	-2	-2	90	83	80	20	865	21	21	21	-1
1006004000	-2	2227	365	712.215	100	185.513	43.667	1.7	98.375	148.985	365.333	173.375	0	0	4	9	9	184	2227	878	0	-2	0	0	0	-2	11	5	5	8	471	-2	-2	-2	-2	46	42	43	-2	-2	-2	-2	-2	-2	64	74	73	25	488	21	21	21	-1
1006004000	-2	2227	365	712.215	100	185.513	43.667	1.7	98.375	148.985	365.333	173.375	0	0	4	9	9	184	2227	878	0	-2	0	0	0	-2	11	5	5	8	471	-2	-2	-2	-2	46	42	43	-2	-2	-2	-2	-2	-2	64	74	73	25	488	21	21	21	-1
1006002000	-2	1761	327.111	602.012	192.286	289.977	41.667	1.7	220.5	286.665	327.889	233.75	0	0	3	9	9	138	1761	1051	0	-2	-2	0	0	-2	8	5	6	7	805	440	75	-2	-2	44	41	40	-2	-2	-2	-2	-2	-2	62	71	70	25	870	505	140	21	-1
1006002000	-2	1761	327.111	602.012	192.286	289.977	41.667	1.7	220.5	286.665	327.889	233.75	0	0	3	9	9	138	1761	1051	0	-2	-2	0	0	-2	8	5	6	7	805	440	75	-2	-2	44	41	40	-2	-2	-2	-2	-2	-2	62	71	70	25	870	505	140	21	-1
1006001000	-2	2229	325.667	688.383	175.875	277.919	41	1.414	233.125	279.894	326.222	233.125	0	0	3	9	9	366	2229	342	0	-2	-2	0	0	-2	6	5	6	7	811	446	81	45	-2	40	40	43	-2	-2	-2	-2	-2	-2	62	70	65	25	870	505	140	128	-1
1006001000	-2	2229	325.667	688.383	175.875	277.919	41	1.414	233.125	279.894	326.222	233.125	0	0	3	9	9	366	2229	342	0	-2	-2	0	0	-2	6	5	6	7	811	446	81	45	-2	40	40	43	-2	-2	-2	-2	-2	-2	62	70	65	25	870	505	140	128	-1
1006001000	-2	2029	283.444	628.623	176.5	278.76	40.667	0.471	224.625	285.137	287.667	235	0	0	3	9	9	156	2029	372	0	-2	-2	0	0	-2	6	5	5	6	813	448	84	45	-2	41	41	40	-2	-2	-2	-2	-2	-2	61	70	64	25	872	507	142	56	-1
1006001000	-2	2029	283.444	628.623	176.5	278.76	40.667	0.471	224.625	285.137	287.667	235	0	0	3	9	9	156	2029	372	0	-2	-2	0	0	-2	6	5	5	6	813	448	84	45	-2	41	41	40	-2	-2	-2	-2	-2	-2	61	70	64	25	872	507	142	56	-1
1006001000	-2	1807	256.222	559.778	176.75	278.698	40.333	0.471	225.75	285.052	257.556	235.625	0	0	3	9	9	348	1807	157	0	-2	-2	0	0	-2	6	4	5	5	813	448	85	48	-2	40	40	41	-2	-2	-2	-2	-2	-2	62	69	64	26	873	508	143	61	-1
1006001000	-2	1807	256.222	559.778	176.75	278.698	40.333	0.471	225.75	285.052	257.556	235.625	0	0	3	9	9	348	1807	157	0	-2	-2	0	0	-2	6	4	5	5	813	448	85	48	-2	40	40	41	-2	-2	-2	-2	-2	-2	62	69	64	26	873	508	143	61	-1
1006001000	-2	2593	322.889	808.034	173.25	274.936	41	0.816	236.125	281.471	325.556	236.125	0	0	3	9	9	301	2593	18	0	-2	-2	0	0	-2	6	5	5	5	803	438	76	48	-2	40	41	42	-2	-2	-2	-2	-2	-2	63	71	57	26	875	510	145	142	-1
1006001000	-2	2593	322.889	808.034	173.25	274.936	41	0.816	236.125	281.471	325.556	236.125	0	0	3	9	9	301	2593	18	0	-2	-2	0	0	-2	6	5	5	5	803	438	76	48	-2	40	41	42	-2	-2	-2	-2	-2	-2	63	71	57	26	875	510	145	142	-1
1006001000	-2	2426	371.333	756.361	174	274.629	42	1.414	236.875	280.683	422.778	236.875	0	0	3	9	9	660	2426	262	0	-2	-2	0	0	-2	6	5	5	6	803	438	80	49	-2	41	41	44	-2	-2	-2	-2	-2	-2	69	71	67	26	875	510	145	132	-1
1006001000	-2	2442	373.111	761.192	174	274.629	42	1.414	236.875	280.683	422.778	236.875	0	0	3	9	9	660	2442	262	0	-2	-2	0	0	-2	6	5	5	6	803	438	80	49	-2	41	41	44	-2	-2	-2	-2	-2	-2	69	71	67	26	875	510	145	132	-1
1006001000	-2	2956	615.556	985.467	175.125	274.67	43.667	1.7	241	280.277	670.111	241	0	0	3	9	9	1124	2956	1466	0	-2	-2	0	0	-2	6	5	5	6	804	439	82	54	-2	43	42	46	-2	-2	-2	-2	-2	-2	71	74	76	26	878	513	148	142	-1
1006001000	-2	2956	615.556	985.467	175.125	274.67	43.667	1.7	241	280.277	670.111	241	0	0	3	9	9	1124	2956	1466	0	-2	-2	0	0	-2	6	5	5	6	804	439	82	54	-2	43	42	46	-2	-2	-2	-2	-2	-2	71	74	76	26	878	513	148	142	-1
1006001000	-2	2533	613.889	914.052	175.375	271.51	43.667	0.471	241.5	279.986	790.111	241.5	0	0	3	9	9	1522	2533	1476	0	-2	-2	0	0	-2	6	6	5	6	798	433	86	63	-2	44	43	44	-2	-2	-2	-2	-2	-2	73	76	74	27	878	513	148	143	-1
1006001000	-2	2533	613.889	914.052	175.375	271.51	43.667	0.471	241.5	279.986	790.111	241.5	0	0	3	9	9	1522	2533	1476	0	-2	-2	0	0	-2	6	6	5	6	798	433	86	63	-2	44	43	44	-2	-2	-2	-2	-2	-2	73	76	74	27	878	513	148	143	-1
1006001000	-2	1316	411.556	584.692	133.125	185.423	42.333	0.943	194.125	184.113	680.556	194.125	0	0	3	9	9	1154	1240	1316	0	-2	-2	0	0	-2	6	6	6	6	482	417	85	57	-2	43	43	41	-2	-2	-2	-2	-2	-2	73	75	71	27	494	518	153	142	-1
1006001000	-2	1316	411.556	584.692	133.125	185.423	42.333	0.943	194.125	184.113	680.556	194.125	0	0	3	9	9	1154	1240	1316	0	-2	-2	0	0	-2	6	6	6	6	482	417	85	57	-2	43	43	41	-2	-2	-2	-2	-2	-2	73	75	71	27	494	518	153	142	-1
1006001000	-2	542	74.667	170.302	82.75	137.757	46.333	0.943	161.5	126.256	390.889	161.25	0	0	4	9	9	132	2	542	0	-2	0	0	0	-2	8	10	7	7	439	93	58	40	-2	47	45	47	-2	-2	-2	-2	-2	-2	75	59	77	190	474	109	177	131	-1
1006005000	-2	1205	181.333	384.32	7.25	1.09	47.667	1.247	40.125	25.433	556.778	375.875	0	0	5	9	9	416	13	1205	0	0	0	0	0	-2	9	7	7	6	-2	-2	-2	-2	-2	48	46	49	-2	-2	-2	-2	-2	-2	77	61	79	20	21	21	21	21	-1
1006004000	-2	4316	1278.333	1833.453	243.6	472.702	49	0.816	193.75	390.397	1407.667	371.125	0	0	4	9	9	3115	4078	4316	0	-2	0	0	0	-2	10	7	6	6	1189	-2	-2	-2	-2	49	48	50	-2	-2	-2	-2	-2	-2	80	80	83	20	1224	21	21	21	-1
1006004000	-2	4340	1283.778	1840.555	243.6	472.702	49	0.816	193.75	390.397	1407.667	371.125	0	0	4	9	9	3142	4076	4340	0	-2	0	0	0	-2	10	7	6	6	1189	-2	-2	-2	-2	49	48	50	-2	-2	-2	-2	-2	-2	80	80	83	20	1224	21	21	21	-1
1006004000	-2	5186	1345.222	1976.39	162.8	310.607	47.667	1.247	149.5	274.003	1345.556	240.625	0	0	4	9	9	2929	5186	3996	0	-2	0	0	0	-2	11	6	5	8	784	-2	-2	-2	-2	49	46	48	-2	-2	-2	-2	-2	-2	79	80	79	24	871	21	21	21	-1
1006004000	-2	5186	1345.222	1976.39	162.8	310.607	47.667	1.247	149.5	274.003	1345.556	240.625	0	0	4	9	9	2929	5186	3996	0	-2	0	0	0	-2	11	6	5	8	784	-2	-2	-2	-2	49	46	48	-2	-2	-2	-2	-2	-2	79	80	79	24	871	21	21	21	-1
1006003000	-2	2080	439.889	825.333	85.167	165.222	43	2.16	110.625	145.888	440.333	140	0	0	5	9	9	0	2080	1883	0	-2	0	0	0	-2	9	4	5	7	454	-2	-2	32	-2	46	42	41	-2	-2	-2	-2	-2	-2	60	72	71	25	486	21	21	129	-1
1006003000	-2	2080	439.889	825.333	85.167	165.222	43	2.16	110.625	145.888	440.333	140	0	0	5	9	9	0	2080	1883	0	-2	0	0	0	-2	9	4	5	7	454	-2	-2	32	-2	46	42	41	-2	-2	-2	-2	-2	-2	60	72	71	25	486	21	21	129	-1
1006001000	-2	1422	286.111	538.776	172.375	273.66	41.667	1.7	237.125	283.445	286.889	237.125	0	0	3	9	9	7	1152	1422	0	-2	-2	0	0	-2	9	4	5	6	800	435	71	49	-2	44	41	40	-2	-2	-2	-2	-2	-2	58	70	70	25	880	515	150	129	-1
1006001000	-2	1422	286.111	538.776	172.375	273.66	41.667	1.7	237.125	283.445	286.889	237.125	0	0	3	9	9	7	1152	1422	0	-2	-2	0	0	-2	9	4	5	6	800	435	71	49	-2	44	41	40	-2	-2	-2	-2	-2	-2	58	70	70	25	880	515	150	129	-1
1006001000	-2	1204	178.667	381.275	171.875	273.913	39.667	0.943	233	281.787	180.111	233	0	0	3	9	9	29	1204	381	0	-2	-2	0	0	-2	6	4	6	6	800	435	70	48	-2	39	39	41	-2	-2	-2	-2	-2	-2	54	68	64	25	873	508	143	129	-1
1006001000	-2	1204	178.667	381.275	171.875	273.913	39.667	0.943	233	281.787	180.111	233	0	0	3	9	9	29	1204	381	0	-2	-2	0	0	-2	6	4	6	6	800	435	70	48	-2	39	39	41	-2	-2	-2	-2	-2	-2	54	68	64	25	873	508	143	129	-1
1006001000	-2	1793	229.556	558.53	168.75	270.166	40.333	0.943	237.25	280.157	232.222	237.25	0	0	3	9	9	21	1793	258	0	-2	-2	0	0	-2	6	4	5	6	790	425	71	43	-2	39	41	41	-2	-2	-2	-2	-2	-2	64	69	69	27	874	509	144	142	-1
1006001000	-2	1793	229.556	558.53	168.75	270.166	40.333	0.943	237.25	280.157	232.222	237.25	0	0	3	9	9	21	1793	258	0	-2	-2	0	0	-2	6	4	5	6	790	425	71	43	-2	39	41	41	-2	-2	-2	-2	-2	-2	64	69	69	27	874	509	144	142	-1
1006001000	-2	1600	206	499.018	169.75	270.772	40.333	1.247	226.125	286.021	216.222	236.375	0	0	3	9	9	251	1600	9	0	-2	-2	0	0	-2	6	4	5	6	792	427	73	45	-2	39	40	42	-2	-2	-2	-2	-2	-2	67	69	57	26	875	510	145	60	-1
1006001000	-2	1600	206	499.018	169.75	270.772	40.333	1.247	226.125	286.021	216.222	236.375	0	0	3	9	9	251	1600	9	0	-2	-2	0	0	-2	6	4	5	6	792	427	73	45	-2	39	40	42	-2	-2	-2	-2	-2	-2	67	69	57	26	875	510	145	60	-1
1006001000	-2	2467	307.667	766.314	168.875	271.185	40.333	1.247	226.5	285.801	309.222	237.125	0	0	3	9	9	112	2467	196	0	-2	-2	0	0	-2	6	4	5	5	792	427	72	40	-2	39	40	42	-2	-2	-2	-2	-2	-2	59	70	65	26	875	510	145	62	-1
1006001000	-2	2467	307.667	766.314	168.875	271.185	40.333	1.247	226.5	285.801	309.222	237.125	0	0	3	9	9	112	2467	196	0	-2	-2	0	0	-2	6	4	5	5	792	427	72	40	-2	39	40	42	-2	-2	-2	-2	-2	-2	59	70	65	26	875	510	145	62	-1
1006001000	-2	2595	404.667	811.416	167.625	268.105	40.333	0.943	240.5	282.423	406.667	240.5	0	0	3	9	9	291	2595	762	0	-2	-2	0	0	-2	6	5	5	5	785	420	73	42	-2	39	41	41	-2	-2	-2	-2	-2	-2	63	72	71	26	881	516	151	144	-1
1006001000	-2	2595	404.667	811.416	167.625	268.105	40.333	0.943	240.5	282.423	406.667	240.5	0	0	3	9	9	291	2595	762	0	-2	-2	0	0	-2	6	5	5	5	785	420	73	42	-2	39	41	41	-2	-2	-2	-2	-2	-2	63	72	71	26	881	516	151	144	-1
1006001000	-2	3255	513	1037.769	166.375	265.747	42	0.816	241.125	282.03	514.222	241.125	0	0	3	9	9	169	3255	1199	0	-2	-2	0	0	-2	6	5	5	5	779	415	74	42	-2	41	42	43	-2	-2	-2	-2	-2	-2	63	74	73	27	881	516	151	144	-1
1006001000	-2	3071	625.556	1015.888	129.75	183.458	42.333	1.247	194.5	184.756	635.556	194.5	0	0	3	9	9	1494	3071	1071	0	-2	-2	0	0	-2	7	5	5	5	473	414	78	51	-2	42	44	41	-2	-2	-2	-2	-2	-2	71	76	71	27	498	517	152	144	-1
1006001000	-2	3071	625.556	1015.888	129.75	183.458	42.333	1.247	194.5	184.756	635.556	194.5	0	0	3	9	9	1494	3071	1071	0	-2	-2	0	0	-2	7	5	5	5	473	414	78	51	-2	42	44	41	-2	-2	-2	-2	-2	-2	71	76	71	27	498	517	152	144	-1
1006001000	-2	2739	510.889	875.17	45.125	45.09	41.667	2.055	104.125	47.25	538.222	104.125	0	0	5	9	9	865	2739	996	0	0	0	0	0	-2	7	5	5	5	125	101	67	46	-2	42	44	39	-2	-2	-2	-2	-2	-2	70	75	68	27	139	134	171	149	-1
1004002000	-2	746	115	241.143	22.429	9.1	113	53.235	183.375	120.139	1092.889	187.875	0	0	5	9	9	293	0	746	-2	0	0	0	0	-2	15	-2	19	6	27	35	30	25	-2	49	-2	56	118	-2	-2	177	165	-2	73	21	89	436	211	189	217	231	-1
1004002000	-2	399	67.222	134.429	22.429	9.1	113	53.235	183.375	120.139	1092.889	187.875	0	0	5	9	9	210	0	399	-2	0	0	0	0	-2	15	-2	19	6	27	35	30	25	-2	49	-2	56	118	-2	-2	177	165	-2	73	21	89	436	211	189	217	231	-1
1006005000	-2	123	13.444	38.739	6.75	1.299	45	1.414	37	20.982	180.889	372.25	0	0	7	9	9	123	0	0	0	0	0	0	0	-2	8	6	8	5	-2	-2	-2	-2	-2	44	44	47	-2	-2	-2	-2	-2	-2	72	58	61	21	21	21	21	21	-1
1006005000	-2	405	44.778	127.359	7	1.225	45.667	0.471	37.375	21.529	282.222	232.625	0	0	7	9	9	405	0	0	0	0	0	0	0	-2	9	6	7	6	-2	-2	-2	-2	-2	45	46	46	-2	-2	-2	-2	-2	-2	74	59	61	21	21	21	21	21	-1
1006005000	-2	4823	1071.222	1651.677	6.75	1.299	46.667	0.471	42.875	28.251	1495.222	379.625	0	0	5	9	9	4823	2445	2375	0	0	0	0	0	-2	9	6	6	6	-2	-2	-2	-2	-2	46	47	47	-2	-2	-2	-2	-2	-2	79	78	81	21	21	21	21	21	-1
1006004000	-2	5028	1305.889	1971.256	97	181.51	46.333	0.943	98.625	143.053	1306.556	144.125	0	0	4	9	9	2269	4460	5028	0	-2	0	0	0	-2	10	5	5	5	460	-2	-2	-2	-2	47	47	45	-2	-2	-2	-2	-2	-2	76	78	77	24	471	21	21	21	-1
1006002000	-2	5028	1305.889	1971.256	90.857	154.064	46.333	0.943	129	140.581	1306.556	144.125	0	0	4	9	9	2269	4460	5028	0	-2	0	0	0	-2	10	5	5	5	460	95	-2	56	-2	47	47	45	-2	-2	-2	-2	-2	-2	76	78	77	24	485	120	21	151	-1
1006003000	-2	1599	314.556	595.264	24.5	30.685	41	2.16	64.75	42.417	315	88.5	0	0	6	9	9	0	1234	1599	0	0	0	0	0	-2	9	4	4	5	88	-2	-2	37	-2	44	40	39	-2	-2	-2	-2	-2	-2	60	69	69	25	101	21	21	152	-1
1006003000	-2	1599	314.556	595.264	24.5	30.685	41	2.16	64.75	42.417	315	88.5	0	0	6	9	9	0	1234	1599	0	0	0	0	0	-2	9	4	4	5	88	-2	-2	37	-2	44	40	39	-2	-2	-2	-2	-2	-2	60	69	69	25	101	21	21	152	-1
1006001000	-2	1266	234	450.184	167.125	269.044	41.667	1.7	241.625	284.918	235.111	241.625	0	0	3	9	9	1	845	1266	0	-2	-2	0	0	-2	8	4	5	5	786	423	58	48	-2	44	40	41	-2	-2	-2	-2	-2	-2	58	68	70	25	886	521	156	149	-1
1006001000	-2	1266	234	450.184	167.125	269.044	41.667	1.7	241.625	284.918	235.111	241.625	0	0	3	9	9	1	845	1266	0	-2	-2	0	0	-2	8	4	5	5	786	423	58	48	-2	44	40	41	-2	-2	-2	-2	-2	-2	58	68	70	25	886	521	156	149	-1
1006001000	-2	1268	207.667	420.074	170	271.623	40.333	1.886	235.75	282.524	209.667	235.75	0	0	4	9	9	0	1268	607	0	-2	-2	0	0	-2	6	4	6	6	794	429	68	47	-2	39	39	43	-2	-2	-2	-2	-2	-2	54	68	72	26	877	512	147	130	-1
1006001000	-2	1268	207.667	420.074	170	271.623	40.333	1.886	235.75	282.524	209.667	235.75	0	0	4	9	9	0	1268	607	0	-2	-2	0	0	-2	6	4	6	6	794	429	68	47	-2	39	39	43	-2	-2	-2	-2	-2	-2	54	68	72	26	877	512	147	130	-1
1006001000	-2	918	144.889	297.963	89.5	152.039	40.667	1.7	142.375	142.702	145.889	143.875	0	0	4	9	9	9	918	381	0	-2	0	0	0	-2	5	4	5	6	480	115	60	41	-2	39	40	43	-2	-2	-2	-2	-2	-2	54	68	70	27	504	127	145	144	-1
1006001000	-2	918	144.889	297.963	89.5	152.039	40.667	1.7	142.375	142.702	145.889	143.875	0	0	4	9	9	9	918	381	0	-2	0	0	0	-2	5	4	5	6	480	115	60	41	-2	39	40	43	-2	-2	-2	-2	-2	-2	54	68	70	27	504	127	145	144	-1
1006001000	-2	1311	152	410.187	88.125	149.958	39	0.816	140.875	143.932	155.667	143.125	0	0	4	9	9	59	1311	2	0	-2	0	0	0	-2	5	4	5	8	474	110	60	39	-2	39	38	40	-2	-2	-2	-2	-2	-2	55	66	55	27	504	121	151	148	-1
1006001000	-2	1311	152	410.187	88.125	149.958	39	0.816	140.875	143.932	155.667	143.125	0	0	4	9	9	59	1311	2	0	-2	0	0	0	-2	5	4	5	8	474	110	60	39	-2	39	38	40	-2	-2	-2	-2	-2	-2	55	66	55	27	504	121	151	148	-1
1006001000	-2	1991	304.333	627.913	90.625	154.238	40	0.816	145.5	142.622	308.333	145.5	0	0	4	9	9	116	1991	636	0	-2	0	0	0	-2	6	4	5	6	486	121	62	35	-2	39	40	41	-2	-2	-2	-2	-2	-2	57	70	69	27	505	140	151	145	-1
1006001000	-2	1991	304.778	627.781	90.625	154.238	40	0.816	145.5	142.622	308.333	145.5	0	0	4	9	9	120	1991	636	0	-2	0	0	0	-2	6	4	5	6	486	121	62	35	-2	39	40	41	-2	-2	-2	-2	-2	-2	57	70	69	27	505	140	151	145	-1
1006001000	-2	3209	499.111	1021.298	162.5	260.229	41.667	0.471	240.875	282.179	502.556	240.875	0	0	3	9	9	144	3209	1145	0	-2	-2	0	0	-2	6	5	5	6	761	409	72	36	-2	41	42	42	-2	-2	-2	-2	-2	-2	63	73	72	27	881	516	151	144	-1
1006001000	-2	3209	499.111	1021.298	162.5	260.229	41.667	0.471	240.875	282.179	502.556	240.875	0	0	3	9	9	144	3209	1145	0	-2	-2	0	0	-2	6	5	5	6	761	409	72	36	-2	41	42	42	-2	-2	-2	-2	-2	-2	63	73	72	27	881	516	151	144	-1
1006001000	-2	3156	507.222	1001.636	83.75	143.696	42	0.816	149.25	141.552	510.667	149.25	0	0	4	9	9	267	3156	1146	0	-2	0	0	0	-2	6	5	5	6	454	103	58	33	-2	41	43	42	-2	-2	-2	-2	-2	-2	63	75	72	37	508	143	152	144	-1
1006001000	-2	3156	507.222	1001.636	83.75	143.696	42	0.816	149.25	141.552	510.667	149.25	0	0	4	9	9	267	3156	1146	0	-2	0	0	0	-2	6	5	5	6	454	103	58	33	-2	41	43	42	-2	-2	-2	-2	-2	-2	63	75	72	37	508	143	152	144	-1
1006001000	-2	3092	609.778	1007.841	54.625	65.276	41.667	1.247	114.25	55.684	628.889	114.25	0	0	5	9	9	1361	3092	1037	0	0	0	0	0	-2	6	5	5	5	204	96	70	46	-2	42	43	40	-2	-2	-2	-2	-2	-2	71	75	70	37	213	146	153	149	-1
1006001000	-2	3092	609.778	1007.841	54.625	65.276	41.667	1.247	114.25	55.684	628.889	114.25	0	0	5	9	9	1361	3092	1037	0	0	0	0	0	-2	6	5	5	5	204	96	70	46	-2	42	43	40	-2	-2	-2	-2	-2	-2	71	75	70	37	213	146	153	149	-1
1006006000	-2	0	-0.778	0.916	22	2.449	165	12.247	187.375	185.765	3225.333	246.75	0	0	5	9	9	0	0	0	0	-2	0	-2	-1	-2	-2	-2	-2	-2	19	25	22	-2	-2	-2	-2	-2	-2	150	180	165	-2	-2	21	21	21	21	472	230	469	244	-1
1007005000	-2	0	-0.222	0.629	38.5	10.735	138	11	102.25	81.441	402.333	140.75	0	0	8	9	9	0	0	0	0	0	0	0	0	-2	-2	-2	-2	-2	50	48	31	25	-2	-2	-2	-2	-2	-2	-2	149	127	-2	21	21	21	21	170	190	187	187	-1
1006003000	-2	5239	1327.556	2000.845	221.5	321.796	46.333	1.247	208.125	289.227	1696.111	238.5	0	0	3	9	9	5239	4332	2383	0	-2	-2	0	0	-2	8	5	7	6	834	469	-2	-2	-2	46	48	45	-2	-2	-2	-2	-2	-2	79	80	79	22	864	499	21	21	-1
1006003000	-2	5239	1327.556	2000.845	221.5	321.796	46.333	1.247	208.125	289.227	1696.111	238.5	0	0	3	9	9	5239	4332	2383	0	-2	-2	0	0	-2	8	5	7	6	834	469	-2	-2	-2	46	48	45	-2	-2	-2	-2	-2	-2	79	80	79	22	864	499	21	21	-1
1006004000	-2	5120	973.222	1660.746	93	174.007	45	2.944	101.125	150.952	974.667	147.5	0	0	4	9	9	1323	2320	5120	0	-2	0	0	0	-2	9	5	5	5	441	-2	-2	-2	-2	48	46	41	-2	-2	-2	-2	-2	-2	76	76	75	24	495	21	21	21	-1
1006004000	-2	5120	973.222	1660.746	93	174.007	45	2.944	101.125	150.952	974.667	147.5	0	0	4	9	9	1323	2320	5120	0	-2	0	0	0	-2	9	5	5	5	441	-2	-2	-2	-2	48	46	41	-2	-2	-2	-2	-2	-2	76	76	75	24	495	21	21	21	-1
1005003000	-2	1900	226.444	593.306	19.333	22.118	63	38.164	62.5	43.442	226.556	98.875	0	0	6	9	9	0	140	1900	0	0	0	0	0	-2	8	4	4	5	64	-2	-2	31	-2	44	41	38	-2	-2	-2	-2	129	-2	58	56	67	36	75	21	21	166	-1
1005003000	-2	1900	226.444	593.306	19.333	22.118	63	38.164	62.5	43.442	226.556	98.875	0	0	6	9	9	0	140	1900	0	0	0	0	0	-2	8	4	4	5	64	-2	-2	31	-2	44	41	38	-2	-2	-2	-2	129	-2	58	56	67	36	75	21	21	166	-1
1006001000	-2	1376	169.778	428.515	68	117.357	40.333	0.471	125.875	106.261	170.222	125.875	0	0	4	9	9	21	135	1376	0	0	-2	0	0	-2	7	4	5	5	77	372	35	39	-2	41	40	40	-2	-2	-2	-2	-2	-2	57	56	70	26	107	382	157	152	-1
1006001000	-2	1376	169.778	428.515	68	117.357	40.333	0.471	125.875	106.261	170.222	125.875	0	0	4	9	9	21	135	1376	0	0	-2	0	0	-2	7	4	5	5	77	372	35	39	-2	41	40	40	-2	-2	-2	-2	-2	-2	57	56	70	26	107	382	157	152	-1
1006001000	-2	702	153.444	288.175	160.375	260.349	40	1.414	240.375	281.697	167.444	241	0	0	3	9	9	2	683	702	0	-2	-2	0	0	-2	6	4	6	5	763	401	57	41	-2	39	39	42	-2	-2	-2	-2	-2	-2	54	68	70	42	880	515	150	144	-1
1005001000	-2	494	69.889	156.136	84.875	147	57.75	33.071	145.25	144.152	70.667	145.25	0	0	5	9	9	0	494	139	0	-2	0	0	0	-2	5	4	5	5	463	109	56	32	-2	39	37	40	-2	-2	-2	-2	115	-2	54	57	63	37	508	143	151	149	-1
1005001000	-2	494	69.889	156.136	84.875	147	57.75	33.071	145.25	144.152	70.667	145.25	0	0	5	9	9	0	494	139	0	-2	0	0	0	-2	5	4	5	5	463	109	56	32	-2	39	37	40	-2	-2	-2	-2	115	-2	54	57	63	37	508	143	151	149	-1
1005001000	-2	1328	152.333	415.827	82.75	145.423	56.75	31.34	146.25	144.047	156.111	146.25	0	0	4	9	9	37	1328	10	0	-2	0	0	0	-2	6	4	5	5	459	96	53	34	-2	39	37	40	-2	-2	-2	-2	111	-2	56	66	54	37	508	143	153	153	-1
1005001000	-2	1328	152.333	415.827	82.75	145.423	56.75	31.34	146.25	144.047	156.111	146.25	0	0	4	9	9	37	1328	10	0	-2	0	0	0	-2	6	4	5	5	459	96	53	34	-2	39	37	40	-2	-2	-2	-2	111	-2	56	66	54	37	508	143	153	153	-1
1005001000	-2	2022	349.111	659.427	84	145.222	61	38.698	152.625	139.256	358	152.625	0	0	4	9	9	181	2022	943	0	-2	0	0	0	-2	6	4	5	5	459	98	59	36	-2	40	37	39	-2	-2	-2	-2	128	-2	59	68	67	74	507	142	153	151	-1
1005001000	-2	2018	346.667	658.309	84	145.222	61	38.698	152.625	139.256	358	152.625	0	0	4	9	9	167	2018	939	0	-2	0	0	0	-2	6	4	5	5	459	98	59	36	-2	40	37	39	-2	-2	-2	-2	128	-2	59	68	67	74	507	142	153	151	-1
1005001000	-2	2433	525.444	917.492	84.75	144.453	65	40.423	157.125	139.806	532.667	157.125	0	0	4	9	9	285	2433	2015	0	-2	0	0	0	-2	7	5	5	5	457	102	61	36	-2	41	41	43	-2	-2	-2	-2	135	-2	62	72	73	74	512	147	154	163	-1
1005001000	-2	2433	525.444	917.492	84.75	144.453	65	40.423	157.125	139.806	532.667	157.125	0	0	4	9	9	285	2433	2015	0	-2	0	0	0	-2	7	5	5	5	457	102	61	36	-2	41	41	43	-2	-2	-2	-2	135	-2	62	72	73	74	512	147	154	163	-1
1005001000	-2	2005	382.778	677.704	40.375	43.526	58.5	32.043	109.5	40.119	400.444	109.5	0	0	5	9	9	278	2005	1164	0	0	0	0	0	-2	7	5	5	5	129	86	56	30	-2	40	40	40	-2	-2	-2	-2	114	-2	63	72	69	75	140	147	155	155	-1
1005001000	-2	2005	382.778	677.704	40.375	43.526	58.5	32.043	109.5	40.119	400.444	109.5	0	0	5	9	9	278	2005	1164	0	0	0	0	0	-2	7	5	5	5	129	86	56	30	-2	40	40	40	-2	-2	-2	-2	114	-2	63	72	69	75	140	147	155	155	-1
1005001000	-2	1524	309.111	477.607	31.875	31.062	57.25	31.618	115.125	50.778	314.222	115.125	0	0	4	9	9	350	1524	619	0	0	0	0	291	-2	6	5	5	4	83	74	52	26	-2	40	39	38	-2	-2	-2	-2	112	-2	60	70	60	76	140	164	194	157	-1
1005005000	-2	1887	491.889	655.356	16.75	2.487	106.5	12.298	117.375	98.169	2647.556	176.375	0	0	4	9	9	0	0	0	0	380	1100	1062	1887	-2	-2	-2	-2	-2	17	20	17	13	-2	-2	-2	-2	-2	126	107	100	93	-2	21	21	21	21	229	230	228	168	-1
1005005000	-2	1887	491.889	655.356	16.75	2.487	106.5	12.298	117.375	98.169	2647.556	176.375	0	0	4	9	9	0	0	0	0	380	1100	1062	1887	-2	-2	-2	-2	-2	17	20	17	13	-2	-2	-2	-2	-2	126	107	100	93	-2	21	21	21	21	229	230	228	168	-1
1006002000	-2	1139	202.444	394.468	87.714	151.725	41	2.16	120.375	152.406	640.556	150.25	0	0	5	9	9	687	1139	0	0	-2	0	0	0	-2	6	4	5	5	452	87	-2	55	-2	44	40	39	-2	-2	-2	-2	-2	-2	72	68	53	24	512	147	21	66	-1
1006004000	-2	2942	376.889	917.061	22.6	34.226	41	3.266	52.25	35.223	666.667	105.75	0	0	5	9	9	14	438	2942	0	0	0	0	0	-2	8	4	5	5	91	-2	-2	-2	-2	45	41	37	-2	-2	-2	-2	-2	-2	59	59	69	36	132	21	21	21	-1
1005002000	-2	2547	328.111	794.366	19.429	17.451	57	29.47	73.5	43.732	330.444	110.25	0	0	5	9	9	7	401	2547	0	0	0	0	0	-2	8	4	5	5	52	34	-2	28	-2	42	39	39	-2	-2	-2	-2	108	-2	56	57	70	98	64	46	21	176	-1
1005002000	-2	2222	290	693.392	19.571	17.524	57	29.47	74.125	43.507	330.444	110.25	0	0	5	9	9	7	383	2222	0	0	0	0	0	-2	8	4	5	5	52	34	-2	29	-2	42	39	39	-2	-2	-2	-2	108	-2	56	57	70	98	67	48	21	176	-1
1005001000	-2	1924	232.333	599.33	25.875	22.552	62	38.685	100.75	41.996	232.556	100.75	0	0	5	9	9	49	120	1924	0	0	0	0	0	-2	7	4	5	5	67	46	32	41	-2	40	40	39	-2	-2	-2	-2	129	-2	57	56	69	90	108	92	158	176	-1
1005001000	-2	1924	232.333	599.33	25.875	22.552	62	38.685	100.75	41.996	232.556	100.75	0	0	5	9	9	49	120	1924	0	0	0	0	0	-2	7	4	5	5	67	46	32	41	-2	40	40	39	-2	-2	-2	-2	129	-2	57	56	69	90	108	92	158	176	-1
1004001000	-2	834	149.111	279.822	28.375	26.514	73.8	44.21	91.875	43.094	151.333	91.875	0	0	5	9	9	56	454	834	0	0	0	0	0	-2	5	4	5	4	70	67	35	37	-2	38	38	39	-2	-2	-2	140	114	-2	53	57	68	43	107	90	153	164	-1
1004001000	-2	761	138.444	258.053	28.375	26.514	73.8	44.21	91.875	43.094	151.333	91.875	0	0	5	9	9	51	436	761	0	0	0	0	0	-2	5	4	5	4	70	67	35	37	-2	38	38	39	-2	-2	-2	140	114	-2	53	57	68	43	107	90	153	164	-1
1004001000	-2	256	59.556	102.883	29.25	29.128	69.8	39.872	103.25	43.826	66.333	103.25	0	0	4	9	9	21	256	14	0	0	0	0	247	-2	5	4	4	5	73	78	36	29	-2	38	36	39	-2	-2	-2	128	108	-2	57	55	53	89	108	143	158	163	-1
1004001000	-2	292	64.333	111.442	29.25	29.128	69.8	39.872	103.25	43.826	66.333	103.25	0	0	4	9	9	23	292	15	0	0	0	0	251	-2	5	4	4	5	73	78	36	29	-2	38	36	39	-2	-2	-2	128	108	-2	57	55	53	89	108	143	158	163	-1
1004001000	-2	485	88.667	151.149	29.875	28.498	70.6	40.475	105.875	46.08	94.778	105.875	0	0	4	9	9	104	169	42	0	0	0	0	485	-2	6	4	5	5	75	73	41	30	-2	38	38	38	-2	-2	-2	130	109	-2	57	57	53	89	108	161	159	163	-1
1004001000	-2	485	88.667	151.149	29.875	28.498	70.6	40.475	105.875	46.08	94.778	105.875	0	0	4	9	9	104	169	42	0	0	0	0	485	-2	6	4	5	5	75	73	41	30	-2	38	38	38	-2	-2	-2	130	109	-2	57	57	53	89	108	161	159	163	-1
1004001000	-2	989	283.667	346.437	33.125	33.461	76	48.773	109.375	43.321	300	109.375	0	0	4	9	9	552	446	989	0	0	0	0	568	-2	6	4	5	5	96	73	48	28	-2	40	37	37	-2	-2	-2	156	110	-2	70	61	65	76	121	161	158	163	-1
1004001000	-2	989	283.667	346.437	33.125	33.461	76	48.773	109.375	43.321	300	109.375	0	0	4	9	9	552	446	989	0	0	0	0	568	-2	6	4	5	5	96	73	48	28	-2	40	37	37	-2	-2	-2	156	110	-2	70	61	65	76	121	161	158	163	-1
1005001000	-2	1136	383.333	443.113	28.25	28.265	55.25	29.337	111.375	43.52	400	111.375	0	0	4	9	9	722	736	858	0	0	0	0	1136	-2	6	4	5	5	75	67	48	16	-2	40	36	39	-2	-2	-2	-2	106	-2	70	65	68	76	123	166	159	164	-1
1005001000	-2	1124	385	443.455	28.25	28.265	55.25	29.337	111.375	43.52	400	111.375	0	0	4	9	9	744	734	865	0	0	0	0	1124	-2	6	4	5	5	75	67	48	16	-2	40	36	39	-2	-2	-2	-2	106	-2	70	65	68	76	123	166	159	164	-1
1004001000	-2	1547	400.556	534.536	24.75	23.621	70.6	43.839	117.75	51.339	421.778	117.75	0	0	4	9	9	704	356	1000	0	0	0	0	1547	-2	6	5	5	5	64	55	44	14	-2	41	36	37	-2	-2	-2	148	91	-2	71	60	65	77	141	165	192	171	-1
1005002000	-2	1252	274.333	513.824	37.286	24.915	70.5	35.641	127.25	68.918	1349.778	130.75	0	0	6	9	9	0	0	0	0	0	0	1252	1219	-2	-2	4	4	71	66	48	38	30	-2	-2	36	35	-2	-2	-2	115	96	-2	21	50	49	175	188	189	191	155	-1
1006002000	-2	2031	248.889	631.826	25.857	26.67	40.667	2.867	66.375	36.187	795.333	110.25	0	0	5	9	9	66	145	2031	0	0	0	0	0	-2	7	4	5	5	78	48	-2	34	-2	44	41	37	-2	-2	-2	-2	-2	-2	59	58	67	43	154	59	21	70	-1
1005002000	-2	1710	290.111	547.269	17.571	16.256	53.5	23.393	95.375	49.812	325.111	114.25	0	0	4	9	9	96	92	1710	0	0	0	0	715	-2	7	4	4	5	50	26	-2	27	-2	41	40	39	-2	-2	-2	-2	94	-2	57	56	68	125	113	144	21	179	-1
1004001000	-2	1954	320.444	619.69	18.375	15.337	70.6	40.093	114.25	46.556	325.111	114.25	0	0	4	9	9	98	97	1954	0	0	0	0	737	-2	7	4	4	5	50	26	26	25	-2	41	40	39	-2	-2	-2	139	94	-2	57	56	68	125	113	144	172	179	-1
1004001000	-2	1237	180.778	379.011	22.375	18.439	71.6	39.525	112.375	46.992	181.889	112.375	0	0	4	9	9	75	180	1237	0	0	0	0	137	-2	6	5	5	5	54	40	27	37	-2	39	39	40	-2	-2	-2	121	119	-2	56	55	68	98	129	144	171	178	-1
1004001000	-2	1237	180.778	379.011	22.375	18.439	71.6	39.525	112.375	46.992	181.889	112.375	0	0	4	9	9	75	180	1237	0	0	0	0	137	-2	6	5	5	5	54	40	27	37	-2	39	39	40	-2	-2	-2	121	119	-2	56	55	68	98	129	144	171	178	-1
1004001000	-2	813	202.222	284.02	22.75	19.492	67	37.315	113.125	48.884	215.444	113.125	0	0	4	9	9	178	248	583	0	0	0	0	813	-2	5	4	5	4	56	43	33	32	-2	36	37	37	-2	-2	-2	118	107	-2	53	56	65	96	130	158	169	178	-1
1004001000	-2	619	168.222	232.65	22.75	19.492	67	37.315	113.125	48.884	215.444	113.125	0	0	4	9	9	153	201	543	0	0	0	0	619	-2	5	4	5	4	56	43	33	32	-2	36	37	37	-2	-2	-2	118	107	-2	53	56	65	96	130	158	169	178	-1
1004001000	-2	605	136.667	215.752	22.25	19.816	64	33.49	104.875	45.27	224.111	104.875	0	0	3	9	9	122	41	12	0	0	0	605	452	-2	5	4	4	5	59	43	31	27	-2	36	36	38	-2	-2	-2	106	104	-2	53	55	52	91	121	144	158	165	-1
1004001000	-2	605	136.667	215.752	22.25	19.816	64	33.49	104.875	45.27	224.111	104.875	0	0	3	9	9	122	41	12	0	0	0	605	452	-2	5	4	4	5	59	43	31	27	-2	36	36	38	-2	-2	-2	106	104	-2	53	55	52	91	121	144	158	165	-1
1004001000	-2	548	146.444	185.839	21.25	18.666	64.4	34.121	109.375	48.777	323.333	109.375	0	0	3	9	9	273	60	99	0	0	0	548	340	-2	6	4	4	5	56	41	31	23	-2	38	36	36	-2	-2	-2	111	101	-2	58	51	51	91	136	163	160	165	-1
1004001000	-2	1095	383.889	401.947	20.875	18.299	63.8	33.048	115.375	45.078	616.333	115.375	0	0	3	9	9	529	484	1095	0	0	0	955	394	-2	6	4	4	5	50	48	28	22	-2	38	36	37	-2	-2	-2	110	98	-2	67	64	65	91	140	166	160	170	-1
1004001000	-2	1095	383.889	401.947	20.875	18.299	63.8	33.048	115.375	45.078	616.333	115.375	0	0	3	9	9	529	484	1095	0	0	0	955	394	-2	6	4	4	5	50	48	28	22	-2	38	36	37	-2	-2	-2	110	98	-2	67	64	65	91	140	166	160	170	-1
1002001000	-2	2263	530.444	700.168	18.625	16.703	76.714	39.543	114.75	46.27	538.667	114.75	0	0	3	9	9	817	203	752	0	0	0	741	2263	-2	6	4	4	6	47	43	26	13	-2	39	35	37	78	-2	145	114	89	-2	69	58	66	86	141	167	161	170	-1
1002001000	-2	2263	530.444	700.168	18.625	16.703	76.714	39.543	114.75	46.27	538.667	114.75	0	0	3	9	9	817	203	752	0	0	0	741	2263	-2	6	4	4	6	47	43	26	13	-2	39	35	37	78	-2	145	114	89	-2	69	58	66	86	141	167	161	170	-1
1005002000	-2	2737	453	909.533	39.857	25.447	75.5	40.556	134.125	73.727	1060.778	137.625	0	0	6	9	9	0	0	0	0	0	0	1342	2737	-2	-2	4	4	38	76	61	54	42	-2	-2	36	36	-2	-2	-2	128	102	-2	21	52	50	210	170	192	204	174	-1
1004001000	-2	974	258.444	366.07	20.375	16.844	65.6	33.631	130.625	55.186	886	130.625	0	0	4	9	9	171	337	974	0	0	0	0	846	-2	6	4	5	5	52	34	30	27	-2	43	40	37	-2	-2	-2	123	85	-2	61	57	65	150	165	191	171	185	-1
1003001000	-2	1718	231.556	531.405	14.875	12.673	73.667	37.619	108.75	59.55	333	124.5	0	0	4	9	9	242	118	8	0	0	0	0	1718	-2	7	5	4	5	44	22	14	18	-2	39	39	37	102	-2	134	-2	91	-2	56	56	51	125	155	195	47	185	-1
1003001000	-2	1640	221.889	507.273	14.875	12.673	73.667	37.619	108.75	59.55	333	124.5	0	0	4	9	9	237	115	7	0	0	0	0	1640	-2	7	5	4	5	44	22	14	18	-2	39	39	37	102	-2	134	-2	91	-2	56	56	51	125	155	195	47	185	-1
1002001000	-2	904	250.444	356.051	19	15.882	84.286	47.107	128.125	57.161	275.556	128.125	0	0	3	9	9	21	61	832	0	0	0	438	904	-2	5	5	4	5	49	34	23	27	-2	38	38	38	79	-2	170	117	110	-2	52	55	66	138	155	196	179	184	-1
1005005000	-2	2094	701.333	841.372	11	0.707	84.75	1.92	91.25	70.297	4370.556	125.875	0	0	4	9	9	0	0	0	0	2094	1674	1703	843	-2	-2	-2	-2	-2	10	11	12	11	-2	-2	-2	-2	-2	84	83	88	84	-2	21	21	21	21	166	159	164	157	-1
1005005000	-2	2609	862.889	999.859	13.5	1.658	87.75	7.293	90.375	72.317	2342.222	115.5	0	0	4	9	9	0	0	0	0	1798	2609	1754	1607	-2	-2	-2	-2	-2	11	15	15	13	-2	-2	-2	-2	-2	96	90	89	76	-2	21	21	21	21	205	158	151	125	-1
1004004000	-2	3596	1257.222	1438.78	14.4	5.817	81.4	23.997	101.5	78.409	2601.111	122.875	0	0	4	9	9	0	0	0	0	2478	3596	2763	2480	-2	-2	4	-2	-2	12	18	19	19	-2	-2	36	-2	-2	104	96	91	80	-2	21	49	21	21	228	187	155	130	-1
1005001000	-2	3516	696.778	1247.872	36.125	31.553	58.75	34.788	134.25	58.538	1073.667	145.75	0	0	4	9	9	3516	320	4	0	0	0	0	2433	-2	5	5	5	13	90	69	58	44	-2	38	39	39	-2	-2	-2	-2	119	-2	72	69	56	118	171	194	204	190	-1
1003001000	-2	3405	670.889	1057.706	20.125	16.167	80.667	43.354	138.5	59.275	685.222	138.5	0	0	4	9	9	1124	510	1001	0	0	0	0	3405	-2	5	5	5	5	45	39	34	23	-2	42	40	39	127	-2	-2	145	91	-2	66	58	67	170	172	195	172	208	-1
1003001000	-2	3598	666.667	1108.121	20.125	16.167	80.667	43.354	138.5	59.275	685.222	138.5	0	0	4	9	9	1020	460	924	0	0	0	0	3598	-2	5	5	5	5	45	39	34	23	-2	42	40	39	127	-2	-2	145	91	-2	66	58	67	170	172	195	172	208	-1
1001001000	-2	1964	517.778	645.926	11.375	9.823	68.625	30.671	127.875	59.99	521.889	127.875	0	0	2	9	9	68	0	94	742	0	635	1159	1964	-2	6	4	4	5	35	17	10	10	-2	38	36	36	72	132	86	69	80	-2	55	50	51	159	156	198	176	178	-1
