1006001000	-2	2067	503.667	759.507	229	292.276	92.667	4.643	284.5	269.359	2042.556	284.5	0	0	3	9	9	965	1507	2067	0	-2	-2	0	0	-2	39	32	22	46	886	521	158	128	-2	99	91	88	-2	-2	-2	-2	-2	-2	137	127	126	84	903	538	173	188	-1
1006002000	-2	2027	450.556	700.637	246.143	307.885	95.333	4.643	261.25	280.111	1782.556	286	0	0	3	9	9	1201	833	2027	0	-2	-2	0	0	-2	44	36	25	55	886	521	156	-2	-2	100	97	89	-2	-2	-2	-2	-2	-2	136	130	125	82	897	532	167	21	-1
1007002000	-2	1900	354	679.169	254.571	304.578	89.5	3.5	263.75	287.097	1194.333	284.5	0	0	4	9	9	1292	1900	0	0	-2	-2	0	0	-2	39	37	-2	26	888	523	159	110	-2	93	86	-2	-2	-2	-2	-2	-2	-2	125	120	21	82	912	547	182	121	-1
1007002000	-2	1900	354	679.169	254.571	304.578	89.5	3.5	263.75	287.097	1194.333	284.5	0	0	4	9	9	1292	1900	0	0	-2	-2	0	0	-2	39	37	-2	26	888	523	159	110	-2	93	86	-2	-2	-2	-2	-2	-2	-2	125	120	21	82	912	547	182	121	-1
1007002000	-2	1583	327	615.988	392	436.681	88	3	401.875	437.814	1158.556	421.25	0	0	3	9	9	1583	1368	0	0	-2	-2	-2	0	-2	36	37	-2	28	1207	842	477	117	-2	91	85	-2	-2	-2	-2	-2	-2	-2	123	119	21	82	1279	914	549	128	-1
1007002000	-2	1583	327.222	616.363	392	436.681	88	3	401.875	437.814	1158.556	421.25	0	0	3	9	9	1583	1370	0	0	-2	-2	-2	0	-2	36	37	-2	28	1207	842	477	117	-2	91	85	-2	-2	-2	-2	-2	-2	-2	123	119	21	82	1279	914	549	128	-1
1009002000	-2	0	-0.889	0.994	394.571	439.357	-0.01	-0.01	373.5	449.874	755.444	410.5	0	0	5	9	9	0	0	0	0	-2	-2	-2	0	-2	36	29	35	-2	1213	848	483	118	-2	-2	-2	-2	-2	-2	-2	-2	-2	-2	47	37	46	21	1269	902	537	129	-1
1009002000	-2	0	-0.889	0.994	394.571	439.357	-0.01	-0.01	373.5	449.874	755.444	410.5	0	0	5	9	9	0	0	0	0	-2	-2	-2	0	-2	36	29	35	-2	1213	848	483	118	-2	-2	-2	-2	-2	-2	-2	-2	-2	-2	47	37	46	21	1269	902	537	129	-1
1007002000	-2	854	171.889	325.716	396	439.839	89.5	5.5	387	423.631	1062.667	412.625	0	0	3	9	9	701	854	0	0	-2	-2	-2	0	-2	40	26	-2	36	1215	850	485	120	-2	95	84	-2	-2	-2	-2	-2	-2	-2	125	118	21	82	1262	861	496	131	-1
1008004000	-2	559	61.222	175.994	539.2	446.171	84	0	362.25	430.172	1062.667	412.625	0	0	4	9	9	0	559	0	0	-2	-2	-2	0	-2	-2	26	-2	-2	1215	850	485	120	-2	-2	84	-2	-2	-2	-2	-2	-2	-2	21	118	21	21	1229	861	496	131	-1
1007001000	-2	1155	223.667	426.062	349.125	431.242	91	5	387.125	412.134	1142.444	412.375	0	0	3	9	9	866	1155	0	0	-2	-2	-2	0	-2	38	24	36	16	1217	852	487	123	-2	96	86	-2	-2	-2	-2	-2	-2	-2	126	120	47	81	1228	863	498	134	-1
1006001000	-2	2380	572.111	855.832	226.25	293.505	95.333	6.128	282	266.359	2939.778	282	0	0	3	9	9	1280	1495	2380	0	-2	-2	0	0	-2	39	30	21	29	885	520	158	128	-2	104	91	91	-2	-2	-2	-2	-2	-2	148	136	135	83	896	531	166	161	-1
1006001000	-2	2144	487.222	744.351	231.625	291.551	96.667	3.399	282.5	268.032	1897.778	288.125	0	0	3	9	9	1153	1094	2144	0	-2	-2	0	0	-2	48	35	26	51	888	523	158	124	-2	100	92	98	-2	-2	-2	-2	-2	-2	137	127	134	82	899	534	169	178	-1
1006001000	-2	3865	677	1231.059	365.875	426.477	110.333	4.714	410.625	402.52	1591.778	433.25	0	0	2	9	9	714	1522	3865	0	-2	-2	-2	0	-2	57	41	47	53	1227	862	497	143	-2	117	107	107	-2	-2	-2	-2	-2	-2	149	139	143	81	1238	873	508	154	-1
1006002000	-2	4926	1345.889	1986.707	403.571	452.518	111.333	3.3	407.125	430.54	1614.222	432.25	0	0	2	9	9	2682	4926	4513	0	-2	-2	-2	0	-2	56	44	57	43	1240	875	510	-2	-2	116	109	109	-2	-2	-2	-2	-2	-2	148	140	144	80	1273	908	543	21	-1
1006002000	-2	4926	1345.889	1986.707	403.571	452.518	111.333	3.3	407.125	430.54	1614.222	432.25	0	0	2	9	9	2682	4926	4513	0	-2	-2	-2	0	-2	56	44	57	43	1240	875	510	-2	-2	116	109	109	-2	-2	-2	-2	-2	-2	148	140	144	80	1273	908	543	21	-1
1006001000	-2	5507	1310.222	1964.848	233.875	291.425	101.333	1.247	279.625	270.32	1363.889	291.75	0	0	3	9	9	3346	5507	2945	0	-2	-2	0	0	-2	46	41	51	30	890	525	160	128	-2	100	101	103	-2	-2	-2	-2	-2	-2	134	138	138	80	901	536	171	139	-1
1007002000	-2	3569	595.778	1191.62	241.857	296.565	88.5	4.5	249.125	273.508	1335	284.125	0	0	4	9	9	1799	3569	0	0	-2	-2	0	0	-2	37	28	-2	25	863	498	133	109	-2	93	84	-2	-2	-2	-2	-2	-2	-2	125	120	21	80	874	509	144	120	-1
1007002000	-2	3569	595.778	1191.62	241.857	296.565	88.5	4.5	249.125	273.508	1335	284.125	0	0	4	9	9	1799	3569	0	0	-2	-2	0	0	-2	37	28	-2	25	863	498	133	109	-2	93	84	-2	-2	-2	-2	-2	-2	-2	125	120	21	80	874	509	144	120	-1
1007002000	-2	2879	482.333	963.544	387	437.484	87.5	5.5	402.25	438.948	1203.444	421.625	0	0	3	9	9	1470	2879	0	0	-2	-2	-2	0	-2	36	22	-2	25	1203	838	473	112	-2	93	82	-2	-2	-2	-2	-2	-2	-2	123	116	21	81	1281	916	551	129	-1
1007002000	-2	2878	482.111	963.153	387	437.484	87.5	5.5	402.25	438.948	1203.444	421.625	0	0	3	9	9	1469	2878	0	0	-2	-2	-2	0	-2	36	22	-2	25	1203	838	473	112	-2	93	82	-2	-2	-2	-2	-2	-2	-2	123	116	21	81	1281	916	551	129	-1
1007002000	-2	1703	320.667	614.027	388.429	437.9	87.5	5.5	401.25	438.901	1289.556	420.875	0	0	3	9	9	1703	1191	0	0	-2	-2	-2	0	-2	37	22	-2	28	1205	840	475	112	-2	93	82	-2	-2	-2	-2	-2	-2	-2	124	116	21	81	1280	915	550	123	-1
1006001000	-2	2276	642.667	923.828	342	427.677	86.667	4.643	420.875	424.87	1289.556	420.875	0	0	2	9	9	2276	1894	1622	0	-2	-2	-2	0	-2	37	22	35	10	1205	840	475	112	-2	93	82	85	-2	-2	-2	-2	-2	-2	124	116	116	81	1280	915	550	185	-1
1006001000	-2	2345	524.889	817.569	342.875	427.241	86	3.742	420.5	425.134	1198	420.5	0	0	2	9	9	2345	1465	922	0	-2	-2	-2	0	-2	37	21	35	10	1205	840	475	120	-2	91	82	85	-2	-2	-2	-2	-2	-2	122	115	116	81	1280	915	550	185	-1
1006001000	-2	1939	358.444	618.481	345.875	424.972	86.333	4.19	416	426.743	1198	420.5	0	0	2	9	9	1939	628	667	0	-2	-2	-2	0	-2	38	21	35	33	1205	840	475	120	-2	92	82	85	-2	-2	-2	-2	-2	-2	123	115	116	81	1280	915	541	157	-1
1006001000	-2	2194	384.667	691.179	344.25	428.471	85.667	3.682	401.625	419.125	1119.667	418.5	0	0	2	9	9	2194	596	680	0	-2	-2	-2	0	-2	35	21	35	10	1208	843	478	124	-2	90	81	86	-2	-2	-2	-2	-2	-2	121	115	117	81	1276	866	501	136	-1
1006001000	-2	2183	575.444	839.079	344.25	428.471	85.667	3.682	418.5	423.667	1119.667	418.5	0	0	2	9	9	2183	1362	1642	0	-2	-2	-2	0	-2	35	21	35	10	1208	843	478	124	-2	90	81	86	-2	-2	-2	-2	-2	-2	121	115	117	81	1276	911	546	181	-1
1006001000	-2	2298	686.333	977.469	351.375	432.705	90.667	2.625	423.5	423.665	1164.444	423.5	0	0	2	9	9	2298	1984	1903	0	-2	-2	-2	0	-2	35	28	37	11	1221	856	491	132	-2	93	87	92	-2	-2	-2	-2	-2	-2	124	122	122	86	1281	916	551	186	-1
1006001000	-2	2313	701.333	997.285	351.375	432.705	90.667	2.625	423.5	423.665	1164.444	423.5	0	0	2	9	9	2313	2005	2002	0	-2	-2	-2	0	-2	35	28	37	11	1221	856	491	132	-2	93	87	92	-2	-2	-2	-2	-2	-2	124	122	122	86	1281	916	551	186	-1
1006001000	-2	2629	722.111	1040.987	356.375	430.566	95.667	2.494	411.5	423.149	1139.222	411.5	0	0	2	9	9	2629	2025	1853	0	-2	-2	-2	0	-2	36	44	51	11	1223	858	493	135	-2	95	93	99	-2	-2	-2	-2	-2	-2	128	128	129	29	1267	902	537	172	-1
1006001000	-2	2811	830.889	1184.777	357.5	428.2	96.333	2.867	412	411.096	1147.333	412	0	0	2	9	9	2430	2811	2245	0	-2	-2	-2	0	-2	37	51	54	18	1221	856	491	132	-2	93	96	100	-2	-2	-2	-2	-2	-2	127	133	131	87	1252	887	522	157	-1
1006001000	-2	2470	769.222	1091.68	357.5	428.2	96.333	2.867	412	411.096	1147.333	412	0	0	2	9	9	2470	2226	2235	0	-2	-2	-2	0	-2	37	51	54	18	1221	856	491	132	-2	93	96	100	-2	-2	-2	-2	-2	-2	127	133	131	87	1252	887	522	157	-1
1006001000	-2	3766	949.444	1471.058	230.375	290.45	95.667	4.714	293.25	277.674	1034.444	293.25	0	0	3	9	9	3382	3766	1403	0	-2	-2	0	0	-2	28	51	46	36	885	520	157	120	-2	89	99	99	-2	-2	-2	-2	-2	-2	125	137	130	80	926	561	196	191	-1
1006001000	-2	3827	1025.444	1508.769	228.5	289.288	93.667	5.249	293.125	278.319	1060	293.125	0	0	3	9	9	3827	3288	2120	0	-2	-2	0	0	-2	25	47	45	38	881	516	152	124	-2	89	101	91	-2	-2	-2	-2	-2	-2	125	138	124	81	927	562	197	191	-1
1006001000	-2	3445	910.556	1412.593	221.125	285.715	92.667	5.249	292	280.089	909	292	0	0	3	9	9	3437	3445	1319	0	-2	-2	0	0	-2	25	30	42	36	867	502	146	121	-2	88	100	90	-2	-2	-2	-2	-2	-2	122	136	117	81	929	564	199	188	-1
1006001000	-2	3598	926.444	1441.806	221.125	285.715	92.667	5.249	292	280.089	909	292	0	0	3	9	9	3598	3428	1318	0	-2	-2	0	0	-2	25	30	42	36	867	502	146	121	-2	88	100	90	-2	-2	-2	-2	-2	-2	122	136	117	81	929	564	199	188	-1
1006001000	-2	2520	559.111	863.365	223.25	291.511	97	4.32	282.625	266.562	2963	282.625	0	0	3	9	9	1286	1232	2520	0	-2	-2	0	0	-2	41	29	23	26	879	514	152	122	-2	101	91	99	-2	-2	-2	-2	-2	-2	144	135	142	83	897	532	167	161	-1
1006002000	-2	2001	388.222	654.798	261.286	318.63	105.667	7.717	276.5	289.824	1951	298.375	0	0	3	9	9	540	959	2001	0	-2	-2	0	0	-2	55	35	29	54	917	552	187	-2	-2	113	95	109	-2	-2	-2	-2	-2	-2	146	130	145	81	928	563	198	21	-1
1006001000	-2	3720	546.556	1149.013	235.125	288.647	104.333	7.846	280.125	267.909	1385	289.375	0	0	3	9	9	547	658	3720	0	-2	-2	0	0	-2	55	37	34	51	886	521	156	141	-2	113	94	106	-2	-2	-2	-2	-2	-2	144	126	142	81	897	532	167	152	-1
1006001000	-2	3538	509.667	1093.09	235.125	288.647	104.333	7.846	280.125	267.909	1385	289.375	0	0	3	9	9	434	621	3538	0	-2	-2	0	0	-2	55	37	34	51	886	521	156	141	-2	113	94	106	-2	-2	-2	-2	-2	-2	144	126	142	81	897	532	167	152	-1
1007002000	-2	7562	1442.111	2746.661	416.571	445.245	114.5	5.5	410	430.935	1957.222	431.125	0	0	3	9	9	5425	7562	0	0	-2	-2	-2	0	-2	56	45	-2	35	1242	877	512	149	-2	120	109	-2	-2	-2	-2	-2	-2	-2	153	144	21	52	1275	910	545	180	-1
1008002000	-2	3709	411.444	1165.862	239.857	291.556	93	0	234.125	276.768	1402.111	292	0	0	5	9	9	3709	0	0	0	-2	-2	0	0	-2	37	38	-2	25	853	488	130	108	-2	93	-2	-2	-2	-2	-2	-2	-2	-2	127	49	21	53	864	499	141	119	-1
1008002000	-2	3709	411.444	1165.862	239.857	291.556	93	0	234.125	276.768	1402.111	292	0	0	5	9	9	3709	0	0	0	-2	-2	0	0	-2	37	38	-2	25	853	488	130	108	-2	93	-2	-2	-2	-2	-2	-2	-2	-2	127	49	21	53	864	499	141	119	-1
1006002000	-2	4559	866.222	1651.547	244.857	299.197	82	8.165	253.25	275.325	966	275.25	0	0	4	9	9	3243	4559	0	0	-2	-2	0	0	-2	35	32	-2	23	870	505	142	107	-2	92	82	-2	72	-2	-2	-2	-2	-2	125	119	21	81	881	516	153	130	-1
1005001000	-2	5320	1309.222	1944.912	218.75	288.271	84	7.874	279.25	271.289	966	275.25	0	0	3	9	9	3584	5320	2885	0	-2	-2	0	0	-2	35	32	36	23	870	505	142	107	-2	92	82	90	72	-2	-2	-2	-2	-2	125	119	122	81	891	556	153	187	-1
1006001000	-2	4753	1153.444	1718.908	337.5	418.078	87	3.559	421.375	424.498	1224.111	420.25	0	0	2	9	9	2603	4753	3033	0	-2	-2	-2	0	-2	36	29	36	23	1187	822	457	110	-2	89	82	90	-2	-2	-2	-2	-2	-2	121	117	121	82	1280	915	550	185	-1
1006001000	-2	4753	1153.444	1718.908	337.5	418.078	87	3.559	421.375	424.498	1224.111	420.25	0	0	2	9	9	2603	4753	3033	0	-2	-2	-2	0	-2	36	29	36	23	1187	822	457	110	-2	89	82	90	-2	-2	-2	-2	-2	-2	121	117	121	82	1280	915	550	185	-1
1005001000	-2	3111	995.222	1412.273	339.75	425.848	78.5	7.159	419	425.472	1227.889	419	0	0	2	9	9	3111	3088	2766	0	-2	-2	-2	0	-2	35	20	34	9	1200	835	470	115	-2	88	75	82	69	-2	-2	-2	-2	-2	118	110	116	82	1279	914	549	184	-1
1005001000	-2	3111	995.222	1412.273	339.75	425.848	78.5	7.159	419	425.472	1227.889	419	0	0	2	9	9	3111	3088	2766	0	-2	-2	-2	0	-2	35	20	34	9	1200	835	470	115	-2	88	75	82	69	-2	-2	-2	-2	-2	118	110	116	82	1279	914	549	184	-1
1005001000	-2	3438	938.444	1264.971	339.625	424.625	77.25	9.833	418.75	424.147	1317.556	418.75	0	0	1	9	9	3438	1626	2724	666	-2	-2	-2	0	-2	35	20	35	9	1198	833	468	119	-2	86	78	84	61	-2	-2	-2	-2	-2	117	111	116	88	1277	912	547	182	-1
1005001000	-2	3438	938.889	1265.502	339.625	424.625	77.25	9.833	418.75	424.147	1317.556	418.75	0	0	1	9	9	3438	1627	2727	666	-2	-2	-2	0	-2	35	20	35	9	1198	833	468	119	-2	86	78	84	61	-2	-2	-2	-2	-2	117	111	116	88	1277	912	547	182	-1
1005001000	-2	2922	843.667	1235.626	227.5	300.079	80	6.745	281.75	274.943	1169.333	281.75	0	0	3	9	9	2918	1759	2922	0	-2	-2	0	0	-2	31	21	36	9	897	532	167	127	-2	85	80	86	69	-2	-2	-2	-2	-2	117	112	117	86	910	545	180	187	-1
1005001000	-2	2922	843.667	1235.626	227.5	300.079	80	6.745	281.75	274.943	1169.333	281.75	0	0	3	9	9	2918	1759	2922	0	-2	-2	0	0	-2	31	21	36	9	897	532	167	127	-2	85	80	86	69	-2	-2	-2	-2	-2	117	112	117	86	910	545	180	187	-1
1006001000	-2	2545	475.444	911.481	343.625	426.229	81.667	8.731	407.25	436.62	490.333	413.125	0	0	3	9	9	2545	0	1742	0	-2	-2	-2	0	-2	34	21	38	10	1204	839	474	129	-2	84	-2	91	70	-2	-2	-2	-2	-2	117	38	122	86	1283	918	553	141	-1
1006001000	-2	3121	533.889	1055.747	232.5	300.081	84.667	9.031	276.875	282.264	541.667	276.875	0	0	4	9	9	3121	0	1690	0	-2	-2	0	0	-2	34	27	46	11	902	537	172	131	-2	86	-2	95	73	-2	-2	-2	-2	-2	120	38	126	88	915	550	185	193	-1
1006001000	-2	3121	533.889	1055.747	232.5	300.081	84.667	9.031	276.875	282.264	541.667	276.875	0	0	4	9	9	3121	0	1690	0	-2	-2	0	0	-2	34	27	46	11	902	537	172	131	-2	86	-2	95	73	-2	-2	-2	-2	-2	120	38	126	88	915	550	185	193	-1
1006001000	-2	3439	810.889	1229.292	226.375	291.233	92.333	4.11	281.625	280.991	1050.667	281.625	0	0	3	9	9	3439	2266	1599	0	-2	-2	0	0	-2	24	46	47	11	881	516	152	134	-2	87	93	97	-2	-2	-2	-2	-2	-2	122	126	125	28	917	552	187	196	-1
1006001000	-2	3439	868.444	1307.245	226.375	291.233	92.333	4.11	281.625	280.991	1050.667	281.625	0	0	3	9	9	3439	2798	1585	0	-2	-2	0	0	-2	24	46	47	11	881	516	152	134	-2	87	93	97	-2	-2	-2	-2	-2	-2	122	126	125	28	917	552	187	196	-1
1007001000	-2	4167	675.556	1371.904	215.875	288.162	86.5	2.5	277.875	295.325	676.222	277.875	0	0	4	9	9	4167	0	1919	0	-2	-2	0	0	-2	23	30	40	11	866	501	139	117	-2	84	-2	89	-2	-2	-2	-2	-2	-2	120	43	121	28	936	571	206	198	-1
1007001000	-2	4167	675.556	1371.904	215.875	288.162	86.5	2.5	277.875	295.325	676.222	277.875	0	0	4	9	9	4167	0	1919	0	-2	-2	0	0	-2	23	30	40	11	866	501	139	117	-2	84	-2	89	-2	-2	-2	-2	-2	-2	120	43	121	28	936	571	206	198	-1
1007001000	-2	4502	647.778	1424.821	221.5	290.577	90	5	282.375	286.007	648.444	282.375	0	0	4	9	9	4502	0	1334	0	-2	-2	0	0	-2	23	29	46	13	875	510	154	122	-2	85	-2	95	-2	-2	-2	-2	-2	-2	121	42	127	88	927	562	197	195	-1
1006001000	-2	4477	997.333	1544.654	221.75	289.927	88.333	3.3	293.125	283.009	1134.556	293.125	0	0	3	9	9	4477	2595	1910	0	-2	-2	0	0	-2	24	25	45	18	874	509	154	125	-2	84	92	89	-2	-2	-2	-2	-2	-2	118	124	121	81	935	570	205	191	-1
1005001000	-2	2350	471.889	890.206	119.75	155.101	114.5	45.329	235.125	126.859	3362.889	262.25	0	0	5	9	9	1901	0	2350	0	0	-2	0	0	-2	16	17	10	21	83	497	195	119	-2	89	87	89	193	-2	-2	-2	-2	-2	162	114	160	299	237	540	206	163	-1
1006001000	-2	2851	503.667	916.266	368.875	431.528	106	9.274	429.25	419.74	1560.667	432.25	0	0	2	9	9	469	1221	2851	0	-2	-2	-2	0	-2	55	35	46	52	1237	872	507	147	-2	114	93	111	-2	-2	-2	-2	-2	-2	146	128	145	81	1281	916	551	186	-1
1006001000	-2	2820	457.111	900.811	367.125	431.493	103	8.287	416.625	412.933	835.667	434.125	0	0	2	9	9	213	1089	2820	0	-2	-2	-2	0	-2	56	37	47	37	1235	870	505	150	-2	112	92	105	-2	-2	-2	-2	-2	-2	141	125	140	81	1259	894	529	164	-1
1006001000	-2	2215	360.889	722.794	365.75	431.801	101.333	7.587	409.375	408.192	550.111	432.625	0	0	2	9	9	59	982	2215	0	-2	-2	-2	0	-2	56	38	48	28	1234	869	504	149	-2	109	91	104	-2	-2	-2	-2	-2	-2	131	124	139	81	1245	880	515	160	-1
1006001000	-2	2217	361.444	723.225	365.75	431.801	101.333	7.587	409.375	408.192	550.111	432.625	0	0	2	9	9	62	982	2217	0	-2	-2	-2	0	-2	56	38	48	28	1234	869	504	149	-2	109	91	104	-2	-2	-2	-2	-2	-2	131	124	139	81	1245	880	515	160	-1
1007006000	-2	2469	374.889	793.48	43	9.798	110	3	474	477.243	1183	489.25	0	0	2	9	9	914	2469	0	0	-2	-2	-2	-1	-2	55	43	-2	31	-2	-2	-2	-2	-2	113	107	-2	-2	-2	-2	-2	-2	-2	144	137	21	80	1400	1035	670	305	-1
1007006000	-2	2887	436.889	926.634	43	9.798	110	3	474	477.243	1183	489.25	0	0	2	9	9	1054	2887	0	0	-2	-2	-2	-1	-2	55	43	-2	31	-2	-2	-2	-2	-2	113	107	-2	-2	-2	-2	-2	-2	-2	144	137	21	80	1400	1035	670	305	-1
1007002000	-2	5150	1028	1940.892	408.714	445.265	98	4	410.25	430.847	1364.333	437.625	0	0	3	9	9	4110	5150	0	0	-2	-2	-2	0	-2	45	40	-2	24	1234	869	504	145	-2	102	94	-2	-2	-2	-2	-2	-2	-2	136	131	21	80	1276	911	546	181	-1
1006001000	-2	5035	1359.778	1978.175	364.5	432.633	101.333	6.549	437.625	428.18	1364.333	437.625	0	0	2	9	9	4110	5035	3101	0	-2	-2	-2	0	-2	45	38	57	24	1234	869	504	145	-2	102	93	109	-2	-2	-2	-2	-2	-2	136	131	140	80	1301	936	571	206	-1
1006001000	-2	5733	791.333	1800.538	213.125	288.134	81.667	14.337	277.375	285.722	792	277.375	0	0	4	9	9	0	5733	1395	0	-2	-2	0	0	-2	19	20	42	10	863	498	135	118	-2	-2	80	100	65	-2	-2	-2	-2	-2	29	120	132	82	921	556	191	188	-1
1006001000	-2	5733	791.333	1800.538	213.125	288.134	81.667	14.337	277.375	285.722	792	277.375	0	0	4	9	9	0	5733	1395	0	-2	-2	0	0	-2	19	20	42	10	863	498	135	118	-2	-2	80	100	65	-2	-2	-2	-2	-2	29	120	132	82	921	556	191	188	-1
1005001000	-2	4839	1086.444	1667.696	209	292.344	77.5	7.826	286.375	279.814	1091.222	286.25	0	0	3	9	9	2396	4839	2549	0	-2	-2	0	0	-2	19	12	32	8	867	502	138	94	-2	84	73	86	67	-2	-2	-2	-2	-2	116	110	119	85	923	558	193	187	-1
1005001000	-2	4753	1076.889	1646.276	212.875	289.775	79.5	5.937	276.625	284.437	1091.222	286.25	0	0	3	9	9	2396	4753	2549	0	-2	-2	0	0	-2	19	29	32	22	867	502	138	94	-2	84	77	86	71	-2	-2	-2	-2	-2	116	114	119	85	923	558	193	105	-1
1005001000	-2	3413	986.556	1410.635	221.125	298.751	73.5	6.874	284.75	280.778	1063.222	284	0	0	3	9	9	2580	3413	2892	0	-2	-2	0	0	-2	22	21	32	8	889	524	159	114	-2	81	72	78	63	-2	-2	-2	-2	-2	112	107	114	85	923	558	193	186	-1
1005001000	-2	3413	986.556	1410.635	221.125	298.751	73.5	6.874	284.75	280.778	1063.222	284	0	0	3	9	9	2580	3413	2892	0	-2	-2	0	0	-2	22	21	32	8	889	524	159	114	-2	81	72	78	63	-2	-2	-2	-2	-2	112	107	114	85	923	558	193	186	-1
1005001000	-2	3276	1103.556	1403.941	222	298.879	72.5	8.322	284.125	280.018	1212.222	284	0	0	2	9	9	3239	3276	2611	812	-2	-2	0	0	-2	31	13	34	8	890	525	160	115	-2	81	70	79	60	-2	-2	-2	-2	-2	112	103	114	88	921	556	191	188	-1
1005001000	-2	3276	1103.556	1403.941	222	298.879	72.5	8.322	284.125	280.018	1212.222	284	0	0	2	9	9	3239	3276	2611	812	-2	-2	0	0	-2	31	13	34	8	890	525	160	115	-2	81	70	79	60	-2	-2	-2	-2	-2	112	103	114	88	921	556	191	188	-1
1005001000	-2	3443	1010.444	1264.619	219	297.707	71.25	7.259	282.25	278.841	1089.222	282.25	0	0	2	9	9	2240	3443	2369	1048	-2	-2	0	0	-2	23	13	33	8	885	520	155	115	-2	76	70	79	60	-2	-2	-2	-2	-2	109	103	114	87	917	552	187	189	-1
1005001000	-2	3443	1011.556	1264.864	219	297.707	71.25	7.259	282.25	278.841	1089.222	282.25	0	0	2	9	9	2242	3443	2369	1056	-2	-2	0	0	-2	23	13	33	8	885	520	155	115	-2	76	70	79	60	-2	-2	-2	-2	-2	109	103	114	87	917	552	187	189	-1
1005001000	-2	3464	1034	1326.845	218.5	296.252	71.5	8.292	282.75	278.592	1053.444	282.625	0	0	2	9	9	2186	3464	2827	835	-2	-2	0	0	-2	24	13	34	9	882	517	153	116	-2	75	67	83	61	-2	-2	-2	-2	-2	108	102	116	89	917	552	187	191	-1
1005001000	-2	3701	1042.333	1494.411	216.875	293.813	77	7.649	285.25	277.426	1109.111	285.25	0	0	3	9	9	3701	2757	2929	0	-2	-2	0	0	-2	23	14	33	9	876	511	147	122	-2	78	72	89	69	-2	-2	-2	-2	-2	111	106	120	88	917	552	187	201	-1
1005001000	-2	3701	1042.333	1494.411	216.875	293.813	77	7.649	285.25	277.426	1109.111	285.25	0	0	3	9	9	3701	2757	2929	0	-2	-2	0	0	-2	23	14	33	9	876	511	147	122	-2	78	72	89	69	-2	-2	-2	-2	-2	111	106	120	88	917	552	187	201	-1
1005001000	-2	3440	929.333	1345.296	216.375	293.03	75.5	5.362	290.875	285.064	1058.778	290.875	0	0	3	9	9	3440	2271	2659	0	-2	-2	0	0	-2	23	14	32	9	874	509	146	124	-2	76	72	84	70	-2	-2	-2	-2	-2	110	106	116	87	936	571	206	195	-1
1005001000	-2	3466	926.556	1346.454	214.125	289.639	78	6.205	292.875	284.479	1008	292.875	0	0	3	9	9	3466	2187	2692	0	-2	-2	0	0	-2	22	15	37	9	866	501	142	121	-2	77	76	88	71	-2	-2	-2	-2	-2	113	111	119	87	937	572	207	197	-1
1005001000	-2	3411	910.222	1344.49	212.5	288.406	78.5	5.895	293.875	284.478	1020.889	293.875	0	0	3	9	9	3411	1831	2956	0	-2	-2	0	0	-2	22	15	31	10	862	497	143	120	-2	76	78	88	72	-2	-2	-2	-2	-2	113	113	120	88	938	573	208	198	-1
1005001000	-2	3411	910.222	1344.49	212.5	288.406	78.5	5.895	293.875	284.478	1020.889	293.875	0	0	3	9	9	3411	1831	2956	0	-2	-2	0	0	-2	22	15	31	10	862	497	143	120	-2	76	78	88	72	-2	-2	-2	-2	-2	113	113	120	88	938	573	208	198	-1
1006001000	-2	3907	701.556	1360.458	206	279.94	72.333	1.247	282.625	292.847	790.444	282.625	0	0	4	9	9	3907	2413	0	0	-2	-2	0	0	-2	21	15	26	10	839	476	145	116	-2	74	72	-2	71	-2	-2	-2	-2	-2	109	108	34	88	938	573	208	203	-1
1006001000	-2	3907	701.556	1360.458	206	279.94	72.333	1.247	282.625	292.847	790.444	282.625	0	0	4	9	9	3907	2413	0	0	-2	-2	0	0	-2	21	15	26	10	839	476	145	116	-2	74	72	-2	71	-2	-2	-2	-2	-2	109	108	34	88	938	573	208	203	-1
1007001000	-2	3128	690.111	1292.185	131.125	163.115	69.5	2.5	179.875	157.052	779.333	179.875	0	0	5	9	9	3128	3087	0	0	-2	0	0	0	-2	21	14	26	11	530	175	151	121	-2	72	67	-2	-2	-2	-2	-2	-2	-2	106	104	34	29	554	189	209	214	-1
1005001000	-2	1707	339.556	610.689	56.75	47.153	89	16.325	211.75	122.955	3863	235.125	0	0	4	9	9	1707	145	1208	-2	0	0	0	0	-2	14	14	11	18	57	136	111	93	-2	82	76	81	117	-2	-2	-2	-2	-2	133	98	134	506	237	156	163	267	-1
1006001000	-2	2114	424.444	739.815	364.5	431.99	94	7.789	412.125	414.613	736.111	429.625	0	0	2	9	9	305	1409	2114	0	-2	-2	-2	0	-2	53	36	49	26	1233	868	503	148	-2	95	84	103	-2	-2	-2	-2	-2	-2	124	119	135	81	1257	892	527	162	-1
1006001000	-2	2247	470.778	766.053	376.625	440.024	100.667	5.907	427.5	423.09	617.222	427.5	0	0	2	9	9	659	1339	2247	0	-2	-2	-2	0	-2	49	40	58	27	1256	891	526	166	-2	97	96	109	-2	-2	-2	-2	-2	-2	127	128	139	80	1284	919	554	189	-1
1006005000	-2	4783	1271.222	1861.275	42.5	12.359	103.333	5.793	487.75	465.43	1297.222	487.75	0	0	1	9	9	2776	4783	3891	0	-2	-2	-2	-1	-2	47	39	59	25	-2	-2	-2	-2	-2	102	97	111	-2	-2	-2	-2	-2	-2	134	134	144	80	1400	1035	670	305	-1
1006005000	-2	4783	1271.222	1861.275	42.5	12.359	103.333	5.793	487.75	465.43	1297.222	487.75	0	0	1	9	9	2776	4783	3891	0	-2	-2	-2	-1	-2	47	39	59	25	-2	-2	-2	-2	-2	102	97	111	-2	-2	-2	-2	-2	-2	134	134	144	80	1400	1035	670	305	-1
1006001000	-2	5557	1054.333	2010.626	215.5	288.812	85.333	13.816	285	283.201	1083.222	285	0	0	4	9	9	0	5557	3938	0	-2	-2	0	0	-2	21	14	47	11	866	501	137	127	-2	-2	81	104	71	-2	-2	-2	-2	-2	66	123	138	81	926	561	196	189	-1
1006001000	-2	5557	1054.333	2010.626	215.5	288.812	85.333	13.816	285	283.201	1083.222	285	0	0	4	9	9	0	5557	3938	0	-2	-2	0	0	-2	21	14	47	11	866	501	137	127	-2	-2	81	104	71	-2	-2	-2	-2	-2	66	123	138	81	926	561	196	189	-1
1005001000	-2	2936	959.111	1281.132	156	196.973	68.25	6.796	214.375	170.99	1095.333	225.625	0	0	2	9	9	2667	2936	2682	353	-2	-2	0	0	-2	15	10	30	8	532	446	118	89	-2	74	61	76	62	-2	-2	-2	-2	-2	110	98	115	86	549	455	202	100	-1
1005001000	-2	2936	959.111	1281.132	156	196.973	68.25	6.796	214.375	170.99	1095.333	225.625	0	0	2	9	9	2667	2936	2682	353	-2	-2	0	0	-2	15	10	30	8	532	446	118	89	-2	74	61	76	62	-2	-2	-2	-2	-2	110	98	115	86	549	455	202	100	-1
1005001000	-2	2978	943.778	1226.744	208.875	291.886	68.75	8.288	286.75	284.41	1020.222	286.75	0	0	2	9	9	2215	2978	2730	577	-2	-2	0	0	-2	20	12	31	7	866	501	136	98	-2	76	61	78	60	-2	-2	-2	-2	-2	110	96	114	88	931	566	201	188	-1
1005001000	-2	2978	943.778	1226.744	208.875	291.886	68.75	8.288	286.75	284.41	1020.222	286.75	0	0	2	9	9	2215	2978	2730	577	-2	-2	0	0	-2	20	12	31	7	866	501	136	98	-2	76	61	78	60	-2	-2	-2	-2	-2	110	96	114	88	931	566	201	188	-1
1005001000	-2	3203	985.889	1248.638	212.375	293.608	69.5	8.139	286.75	284.449	1007.111	286.75	0	0	2	9	9	2207	3203	2638	831	-2	-2	0	0	-2	22	12	31	7	872	507	142	106	-2	76	63	79	60	-2	-2	-2	-2	-2	109	97	114	87	931	566	201	189	-1
1005001000	-2	3203	985.889	1248.638	212.375	293.608	69.5	8.139	286.75	284.449	1007.111	286.75	0	0	2	9	9	2207	3203	2638	831	-2	-2	0	0	-2	22	12	31	7	872	507	142	106	-2	76	63	79	60	-2	-2	-2	-2	-2	109	97	114	87	931	566	201	189	-1
1005001000	-2	3298	1002	1218.763	213	294.482	68.25	7.395	288.125	285.198	984.556	288.125	0	0	2	9	9	2321	3298	2117	1288	-2	-2	0	0	-2	21	12	29	8	874	509	145	106	-2	75	63	76	59	-2	-2	-2	-2	-2	106	98	110	87	933	568	203	200	-1
1005001000	-2	3298	1002	1218.763	213	294.482	68.25	7.395	288.125	285.198	984.556	288.125	0	0	2	9	9	2321	3298	2117	1288	-2	-2	0	0	-2	21	12	29	8	874	509	145	106	-2	75	63	76	59	-2	-2	-2	-2	-2	106	98	110	87	933	568	203	200	-1
1005001000	-2	3329	1044.222	1292.238	211.375	295.703	67.25	5.309	288	285.913	1035.778	288	0	0	2	9	9	2136	3329	2818	1121	-2	-2	0	0	-2	21	10	14	8	874	509	146	109	-2	72	63	73	61	-2	-2	-2	-2	-2	103	97	107	89	934	569	204	201	-1
1005001000	-2	3328	1044	1292.035	211.375	295.703	67.25	5.309	288	285.913	1035.778	288	0	0	2	9	9	2136	3328	2818	1120	-2	-2	0	0	-2	21	10	14	8	874	509	146	109	-2	72	63	73	61	-2	-2	-2	-2	-2	103	97	107	89	934	569	204	201	-1
1005001000	-2	3689	1117.667	1382.24	207.875	291.82	68.75	7.12	289.75	286.144	1123.111	289.75	0	0	2	9	9	2555	3689	2618	1203	-2	-2	0	0	-2	21	11	14	8	864	499	137	109	-2	73	64	78	60	-2	-2	-2	-2	-2	105	101	113	83	936	571	206	203	-1
1005001000	-2	3689	1117.667	1382.24	207.875	291.82	68.75	7.12	289.75	286.144	1123.111	289.75	0	0	2	9	9	2555	3689	2618	1203	-2	-2	0	0	-2	21	11	14	8	864	499	137	109	-2	73	64	78	60	-2	-2	-2	-2	-2	105	101	113	83	936	571	206	203	-1
1005001000	-2	4105	1134.333	1441.84	209.75	290.843	69	6.964	288.625	286.464	1151.556	288.625	0	0	2	9	9	2631	4105	2222	1257	-2	-2	0	0	-2	21	11	24	8	864	499	141	110	-2	71	66	79	60	-2	-2	-2	-2	-2	104	102	114	83	936	571	206	193	-1
1005001000	-2	4120	1136.667	1445.334	209.75	290.843	69	6.964	288.625	286.464	1151.556	288.625	0	0	2	9	9	2631	4120	2222	1263	-2	-2	0	0	-2	21	11	24	8	864	499	141	110	-2	71	66	79	60	-2	-2	-2	-2	-2	104	102	114	83	936	571	206	193	-1
1005001000	-2	4075	1023.667	1513.36	211.75	290.419	72.5	5.362	292.5	286.173	1025.111	292.5	0	0	3	9	9	2894	4075	2250	0	-2	-2	0	0	-2	21	12	30	8	865	500	143	115	-2	73	67	81	69	-2	-2	-2	-2	-2	107	104	117	87	939	574	209	203	-1
1005001000	-2	4075	1023.667	1513.36	211.75	290.419	72.5	5.362	292.5	286.173	1025.111	292.5	0	0	3	9	9	2894	4075	2250	0	-2	-2	0	0	-2	21	12	30	8	865	500	143	115	-2	73	67	81	69	-2	-2	-2	-2	-2	107	104	117	87	939	574	209	203	-1
1006001000	-2	3866	869.556	1487.72	210	288.742	67.333	4.922	281	294.853	929.889	281	0	0	3	9	9	3382	3866	0	584	-2	-2	0	0	-2	21	12	15	8	859	494	147	124	-2	73	68	-2	61	-2	-2	-2	-2	-2	109	106	23	84	939	574	209	204	-1
1006001000	-2	3866	869.556	1487.72	210	288.742	67.333	4.922	281	294.853	929.889	281	0	0	3	9	9	3382	3866	0	584	-2	-2	0	0	-2	21	12	15	8	859	494	147	124	-2	73	68	-2	61	-2	-2	-2	-2	-2	109	106	23	84	939	574	209	204	-1
1005001000	-2	3339	1095.111	1341.716	167.25	204.8	69.25	7.049	244.5	191.531	1184.111	244.5	0	0	2	9	9	2888	3339	2488	1147	-2	-2	0	0	-2	18	11	15	9	543	478	146	118	-2	72	66	79	60	-2	-2	-2	-2	-2	106	103	112	84	555	579	214	203	-1
1005001000	-2	3339	1095.111	1341.716	167.25	204.8	69.25	7.049	244.5	191.531	1184.111	244.5	0	0	2	9	9	2888	3339	2488	1147	-2	-2	0	0	-2	18	11	15	9	543	478	146	118	-2	72	66	79	60	-2	-2	-2	-2	-2	106	103	112	84	555	579	214	203	-1
1005001000	-2	1125	398.111	467.979	115.75	145.705	74.75	5.309	209.875	119.306	1541.556	209.875	0	0	3	9	9	1093	692	1125	677	-2	0	0	0	-2	19	16	20	20	477	154	119	101	-2	81	69	79	70	-2	-2	-2	-2	-2	115	103	116	252	493	170	238	192	-1
1006001000	-2	2298	429.222	769.515	357	424.652	94.667	7.846	431.75	428.75	738.889	434.125	0	0	2	9	9	302	1271	2298	0	-2	-2	-2	0	-2	45	35	56	24	1215	850	485	146	-2	93	86	105	-2	-2	-2	-2	-2	-2	122	120	136	81	1296	931	566	202	-1
1006001000	-2	5589	1298.667	1978.071	371.375	439.39	96.667	7.846	427.5	423.816	1343.444	427.5	0	0	2	9	9	2549	3558	5589	0	-2	-2	-2	0	-2	42	33	57	26	1250	885	520	158	-2	95	88	107	-2	-2	-2	-2	-2	-2	127	123	140	80	1285	920	555	190	-1
1006001000	-2	5590	1298.889	1978.439	371.375	439.39	96.667	7.846	427.5	423.816	1343.444	427.5	0	0	2	9	9	2549	3559	5590	0	-2	-2	-2	0	-2	42	33	57	26	1250	885	520	158	-2	95	88	107	-2	-2	-2	-2	-2	-2	127	123	140	80	1285	920	555	190	-1
1005001000	-2	4965	1432.889	2077.627	207	281.614	84	11.747	295.75	280.094	1433.444	295.75	0	0	3	9	9	3201	4965	4736	0	-2	-2	0	0	-2	18	13	44	10	845	480	127	119	-2	90	76	100	70	-2	-2	-2	-2	-2	124	116	134	85	932	567	202	206	-1
1005001000	-2	4965	1432.889	2077.627	207	281.614	84	11.747	295.75	280.094	1433.444	295.75	0	0	3	9	9	3201	4965	4736	0	-2	-2	0	0	-2	18	13	44	10	845	480	127	119	-2	90	76	100	70	-2	-2	-2	-2	-2	124	116	134	85	932	567	202	206	-1
1005001000	-2	4064	999.333	1441.132	116.5	159.198	62.5	8.292	191.375	142.248	1088.333	191.25	0	0	3	9	9	1669	4064	2867	398	-2	0	0	0	-2	13	11	30	7	515	159	108	89	-2	58	62	76	54	-2	-2	-2	-2	-2	100	97	112	86	547	182	217	190	-1
1005001000	-2	4064	985.222	1438.026	116.5	159.198	62.5	8.292	191.375	142.248	1088.333	191.25	0	0	3	9	9	1574	4064	2867	366	-2	0	0	0	-2	13	11	30	7	515	159	108	89	-2	58	62	76	54	-2	-2	-2	-2	-2	100	97	112	86	547	182	217	190	-1
1006001000	-2	3838	954	1449.116	206.125	291.042	61	7.348	278.375	297.016	1032	278.125	0	0	3	9	9	3105	3838	0	1649	-2	-2	0	0	-2	15	11	17	7	861	496	132	110	-2	70	61	-2	52	-2	-2	-2	-2	-2	104	95	24	86	941	576	211	190	-1
1006001000	-2	3838	954	1449.116	206.125	291.042	61	7.348	278.375	297.016	1032	278.125	0	0	3	9	9	3105	3838	0	1649	-2	-2	0	0	-2	15	11	17	7	861	496	132	110	-2	70	61	-2	52	-2	-2	-2	-2	-2	104	95	24	86	941	576	211	190	-1
1005001000	-2	3512	1066.556	1320.317	206.375	290.79	64.5	7.399	285.875	286.867	1096.222	285.75	0	0	2	9	9	2238	3512	2687	1168	-2	-2	0	0	-2	20	12	15	7	861	496	131	109	-2	67	61	75	55	-2	-2	-2	-2	-2	99	94	110	87	934	569	204	190	-1
1005001000	-2	3512	1066.556	1320.317	206.375	290.79	64.5	7.399	285.875	286.867	1096.222	285.75	0	0	2	9	9	2238	3512	2687	1168	-2	-2	0	0	-2	20	12	15	7	861	496	131	109	-2	67	61	75	55	-2	-2	-2	-2	-2	99	94	110	87	934	569	204	190	-1
1005001000	-2	3438	1191.111	1421.898	202.875	287.243	63.75	5.717	287.75	286.78	1176.222	287.25	0	0	2	9	9	2340	3438	3319	1629	-2	-2	0	0	-2	19	12	12	7	851	486	132	104	-2	67	61	71	56	-2	-2	-2	-2	-2	99	95	106	89	935	570	205	203	-1
1005001000	-2	3438	1191.111	1421.898	202.875	287.243	63.75	5.717	287.75	286.78	1176.222	287.25	0	0	2	9	9	2340	3438	3319	1629	-2	-2	0	0	-2	19	12	12	7	851	486	132	104	-2	67	61	71	56	-2	-2	-2	-2	-2	99	95	106	89	935	570	205	203	-1
1005001000	-2	3362	1124.333	1364.407	203.375	288.23	64.25	4.969	287.625	287.492	1096.444	287.25	0	0	2	9	9	1891	3362	3268	1604	-2	-2	0	0	-2	14	12	13	7	853	488	134	106	-2	67	60	71	59	-2	-2	-2	-2	-2	99	93	106	87	936	571	206	203	-1
1005001000	-2	3362	1124.333	1364.407	203.375	288.23	64.25	4.969	287.625	287.492	1096.444	287.25	0	0	2	9	9	1891	3362	3268	1604	-2	-2	0	0	-2	14	12	13	7	853	488	134	106	-2	67	60	71	59	-2	-2	-2	-2	-2	99	93	106	87	936	571	206	203	-1
1005001000	-2	3898	1130.556	1451.153	202.5	288.558	65.25	4.969	289.25	286.642	1125.222	289.125	0	0	2	9	9	1820	3898	3229	1234	-2	-2	0	0	-2	12	12	14	7	853	488	133	101	-2	66	62	73	60	-2	-2	-2	-2	-2	99	97	108	89	936	571	206	208	-1
1005001000	-2	3898	1130.556	1451.153	202.5	288.558	65.25	4.969	289.25	286.642	1125.222	289.125	0	0	2	9	9	1820	3898	3229	1234	-2	-2	0	0	-2	12	12	14	7	853	488	133	101	-2	66	62	73	60	-2	-2	-2	-2	-2	99	97	108	89	936	571	206	208	-1
1005001000	-2	3930	1100.222	1449.825	201.25	285.523	67	5.612	291.125	289.001	1132	291	0	0	2	9	9	1907	3930	3141	930	-2	-2	0	0	-2	13	13	13	7	846	481	134	103	-2	69	64	75	60	-2	-2	-2	-2	-2	101	99	109	84	942	577	212	205	-1
1005001000	-2	3930	1100.222	1449.825	201.25	285.523	67	5.612	291.125	289.001	1132	291	0	0	2	9	9	1907	3930	3141	930	-2	-2	0	0	-2	13	13	13	7	846	481	134	103	-2	69	64	75	60	-2	-2	-2	-2	-2	101	99	109	84	942	577	212	205	-1
1005001000	-2	3932	1159.333	1478.036	199.5	283.52	68.25	6.534	292.25	288.268	1160	292.25	0	0	2	9	9	2530	3932	2985	993	-2	-2	0	0	-2	13	10	12	7	840	476	135	103	-2	72	63	77	61	-2	-2	-2	-2	-2	105	102	111	84	942	577	212	205	-1
1005001000	-2	4536	1341.667	1706.28	162.625	203.566	66.25	4.657	243.75	192.99	1378	243.75	0	0	2	9	9	2971	4536	3414	1160	-2	-2	0	0	-2	13	9	12	7	534	475	139	112	-2	68	63	73	61	-2	-2	-2	-2	-2	101	103	107	84	559	578	213	205	-1
1005001000	-2	4536	1341.667	1706.28	162.625	203.566	66.25	4.657	243.75	192.99	1378	243.75	0	0	2	9	9	2971	4536	3414	1160	-2	-2	0	0	-2	13	9	12	7	534	475	139	112	-2	68	63	73	61	-2	-2	-2	-2	-2	101	103	107	84	559	578	213	205	-1
1005001000	-2	3936	1232.444	1458.306	77.875	71.217	62.25	5.804	152.375	58.011	1272.889	152.375	0	0	4	9	9	2628	3936	2540	1990	0	0	0	0	-2	12	9	12	7	186	162	128	107	-2	59	61	72	57	-2	-2	-2	-2	-2	94	99	105	84	200	195	232	210	-1
1002001000	-2	2139	710.111	826.471	42.25	34.065	130.143	79.02	198.25	80.07	2457.667	198.25	0	0	4	9	9	1565	1193	1496	2139	0	0	0	0	-2	11	9	10	12	45	89	86	76	-2	66	53	67	62	223	-2	231	209	-2	105	93	108	188	272	250	278	292	-1
1002001000	-2	1605	520.333	610.458	42.25	34.065	130.143	79.02	198.25	80.07	2457.667	198.25	0	0	4	9	9	1164	848	1068	1605	0	0	0	0	-2	11	9	10	12	45	89	86	76	-2	66	53	67	62	223	-2	231	209	-2	105	93	108	188	272	250	278	292	-1
1005001000	-2	1544	201	478.835	365.375	435.03	84	11.64	427.375	430.379	568.222	430.375	0	0	2	9	9	82	1544	191	0	-2	-2	-2	0	-2	42	34	54	23	1238	873	508	151	-2	89	78	100	69	-2	-2	-2	-2	-2	116	113	122	82	1294	929	564	199	-1
1005001000	-2	1040	206.333	345.864	233.75	294.018	84.75	10.662	282.25	272.861	512.889	290.5	0	0	3	9	9	552	1040	271	0	-2	-2	0	0	-2	36	32	54	22	893	528	163	142	-2	88	80	100	71	-2	-2	-2	-2	-2	117	114	121	82	906	541	176	201	-1
1006001000	-2	4305	1278.889	1834.909	360.5	433.979	91.667	6.799	431	434.941	1429.556	435.375	0	0	2	9	9	4094	3119	4305	0	-2	-2	-2	0	-2	32	22	54	19	1231	866	501	159	-2	89	85	101	-2	-2	-2	-2	-2	-2	123	120	136	47	1303	938	573	208	-1
1005001000	-2	4803	1493.778	2117.624	123.375	159.486	76.25	9.808	193.5	134.86	1572.667	197	0	0	4	9	9	4370	4275	4803	0	-2	0	0	0	-2	14	12	41	9	521	156	117	117	-2	74	74	92	65	-2	-2	-2	-2	-2	110	113	126	85	532	167	203	212	-1
1005001000	-2	5175	1592.778	2261.644	123.375	159.486	76.25	9.808	197	138.982	1572.667	197	0	0	4	9	9	5175	4361	4803	0	-2	0	0	0	-2	14	12	41	9	521	156	117	117	-2	74	74	92	65	-2	-2	-2	-2	-2	110	113	126	85	546	181	203	212	-1
1006002000	-2	3467	745.444	1187.485	57	56.821	52.333	4.11	103.125	61.322	958.667	127.125	0	0	5	9	9	1169	3467	0	2075	0	0	0	0	-2	10	11	12	6	149	121	-2	90	-2	53	57	-2	47	-2	-2	-2	-2	-2	91	91	26	86	166	131	21	213	-1
1006002000	-2	3467	745.444	1187.485	57	56.821	52.333	4.11	103.125	61.322	958.667	127.125	0	0	5	9	9	1169	3467	0	2075	0	0	0	0	-2	10	11	12	6	149	121	-2	90	-2	53	57	-2	47	-2	-2	-2	-2	-2	91	91	26	86	166	131	21	213	-1
1006001000	-2	3560	852.222	1274.089	200	286.826	55.333	3.091	281.75	299.382	858.222	281.5	0	0	3	9	9	2089	3560	0	2027	-2	-2	0	0	-2	13	11	11	6	847	484	119	109	-2	57	58	-2	51	-2	-2	-2	-2	-2	95	91	26	86	947	582	217	210	-1
1006001000	-2	3560	851.778	1273.658	200	286.826	55.333	3.091	281.75	299.382	858.222	281.5	0	0	3	9	9	2085	3560	0	2027	-2	-2	0	0	-2	13	11	11	6	847	484	119	109	-2	57	58	-2	51	-2	-2	-2	-2	-2	95	91	26	86	947	582	217	210	-1
1005001000	-2	3878	1356.667	1623.152	202.75	289.61	60.5	7.632	286.375	289.043	1359.111	286.125	0	0	2	9	9	2904	3878	3727	1707	-2	-2	0	0	-2	12	11	11	6	855	490	129	108	-2	56	60	73	53	-2	-2	-2	-2	-2	92	94	108	87	938	573	208	191	-1
1005001000	-2	3878	1356.667	1623.152	202.75	289.61	60.5	7.632	286.375	289.043	1359.111	286.125	0	0	2	9	9	2904	3878	3727	1707	-2	-2	0	0	-2	12	11	11	6	855	490	129	108	-2	56	60	73	53	-2	-2	-2	-2	-2	92	94	108	87	938	573	208	191	-1
1005001000	-2	3176	1342.444	1505.378	122.375	169.299	57.25	4.815	193	149.85	1334.778	192.875	0	0	3	9	9	3176	2921	3170	2819	-2	0	0	0	-2	12	10	11	6	541	176	121	102	-2	57	55	65	52	-2	-2	-2	-2	-2	91	88	100	89	565	200	206	205	-1
1005001000	-2	3176	1343.222	1506.157	122.375	169.299	57.25	4.815	193	149.85	1334.778	192.875	0	0	3	9	9	3176	2923	3170	2824	-2	0	0	0	-2	12	10	11	6	541	176	121	102	-2	57	55	65	52	-2	-2	-2	-2	-2	91	88	100	89	565	200	206	205	-1
1005001000	-2	3061	1219.222	1376.195	121	167.114	59	4.183	192.5	149.673	1163.444	194.5	0	0	3	9	9	2711	2884	3061	2321	-2	0	0	0	-2	11	10	13	7	535	171	121	100	-2	58	57	66	55	-2	-2	-2	-2	-2	93	89	101	89	565	182	212	209	-1
1005001000	-2	3061	1219.222	1376.195	121	167.114	59	4.183	192.5	149.673	1163.444	194.5	0	0	3	9	9	2711	2884	3061	2321	-2	0	0	0	-2	11	10	13	7	535	171	121	100	-2	58	57	66	55	-2	-2	-2	-2	-2	93	89	101	89	565	182	212	209	-1
1005001000	-2	3430	1182.333	1406.632	123.75	171.257	61.25	4.603	195.125	149.598	1172.111	195	0	0	3	9	9	2815	3430	2914	1486	-2	0	0	0	-2	11	10	14	7	547	182	123	96	-2	60	59	69	57	-2	-2	-2	-2	-2	93	91	104	88	566	201	212	206	-1
1005001000	-2	3430	1183	1406.777	123.75	171.257	61.25	4.603	195.125	149.598	1172.111	195	0	0	3	9	9	2815	3430	2914	1492	-2	0	0	0	-2	11	10	14	7	547	182	123	96	-2	60	59	69	57	-2	-2	-2	-2	-2	93	91	104	88	566	201	212	206	-1
1005001000	-2	3960	1237.778	1555.954	195.5	278.026	63.25	5.673	289.875	289.828	1194.889	289.75	0	0	2	9	9	2684	3960	3382	1120	-2	-2	0	0	-2	11	10	14	7	822	470	133	97	-2	59	61	73	60	-2	-2	-2	-2	-2	95	96	108	84	942	577	212	205	-1
1005001000	-2	3960	1237.778	1555.954	195.5	278.026	63.25	5.673	289.875	289.828	1194.889	289.75	0	0	2	9	9	2684	3960	3382	1120	-2	-2	0	0	-2	11	10	14	7	822	470	133	97	-2	59	61	73	60	-2	-2	-2	-2	-2	95	96	108	84	942	577	212	205	-1
1005001000	-2	3972	1250.778	1507.725	116.25	161.008	61	4.301	195.875	150.563	1180.222	195.125	0	0	3	9	9	2989	3972	2690	1610	-2	0	0	0	-2	9	11	12	6	515	164	119	94	-2	58	61	68	57	-2	-2	-2	-2	-2	93	97	102	84	569	204	213	205	-1
1005001000	-2	3972	1250.778	1507.725	116.25	161.008	61	4.301	195.875	150.563	1180.222	195.125	0	0	3	9	9	2989	3972	2690	1610	-2	0	0	0	-2	9	11	12	6	515	164	119	94	-2	58	61	68	57	-2	-2	-2	-2	-2	93	97	102	84	569	204	213	205	-1
1005001000	-2	3482	1209	1396.332	86.875	89.044	59.25	5.673	159.625	69.586	1218.889	159.625	0	0	4	9	9	2838	3482	2520	2043	0	0	0	0	-2	9	8	12	6	265	157	131	107	-2	57	55	69	56	-2	-2	-2	-2	-2	93	93	102	84	274	207	214	210	-1
1005001000	-2	3482	1209	1396.332	86.875	89.044	59.25	5.673	159.625	69.586	1218.889	159.625	0	0	4	9	9	2838	3482	2520	2043	0	0	0	0	-2	9	8	12	6	265	157	131	107	-2	57	55	69	56	-2	-2	-2	-2	-2	93	93	102	84	274	207	214	210	-1
1002002000	-2	1723	341	574.057	23.714	18.972	117.571	62.926	266.375	157.809	3912.889	266.375	0	0	1	9	9	982	258	1723	113	-2	0	-2	-1	-2	9	8	9	9	28	46	57	-2	-2	65	59	67	65	165	197	205	-2	-2	116	110	118	172	488	291	531	305	-1
1003001000	-2	1225	308.889	470.943	51.25	40.233	105	67.181	166.875	78.193	2431.444	180.5	0	0	5	9	9	1045	512	1225	0	0	0	0	0	-2	11	19	10	8	77	109	91	85	-2	57	56	62	56	-2	-2	211	188	-2	94	90	101	72	231	251	248	248	-1
1005001000	-2	4013	1079	1559.72	225.5	300.26	78	8.972	291.125	279.038	1232.333	291.125	0	0	3	9	9	4013	2833	2871	0	-2	-2	0	0	-2	19	16	39	11	895	530	165	129	-2	77	76	92	67	-2	-2	-2	-2	-2	114	115	125	83	925	560	195	212	-1
1005001000	-2	4013	1079	1559.72	225.5	300.26	78	8.972	291.125	279.038	1232.333	291.125	0	0	3	9	9	4013	2833	2871	0	-2	-2	0	0	-2	19	16	39	11	895	530	165	129	-2	77	76	92	67	-2	-2	-2	-2	-2	114	115	125	83	925	560	195	212	-1
1005001000	-2	5057	1584	2049.446	114	154.484	68.75	10.871	198.875	143.316	1688.444	198.875	0	0	3	9	9	3780	5057	4417	1006	-2	0	0	0	-2	13	11	28	8	502	140	112	98	-2	61	67	87	60	-2	-2	-2	-2	-2	105	106	122	85	556	191	212	214	-1
1005001000	-2	5057	1584	2049.446	114	154.484	68.75	10.871	198.875	143.316	1688.444	198.875	0	0	3	9	9	3780	5057	4417	1006	-2	0	0	0	-2	13	11	28	8	502	140	112	98	-2	61	67	87	60	-2	-2	-2	-2	-2	105	106	122	85	556	191	212	214	-1
1004002000	-2	3298	1165	1472.753	48	46.721	81.4	48.648	113.125	57.17	1174.111	147.875	0	0	4	9	9	846	3287	3298	3056	0	0	0	0	-2	9	14	10	6	125	103	-2	69	-2	52	61	72	45	-2	-2	-2	177	-2	80	94	105	97	167	114	21	227	-1
1004002000	-2	3465	1143.778	1473.956	48	46.721	81.4	48.648	113.125	57.17	1174.111	147.875	0	0	4	9	9	717	3465	3298	2816	0	0	0	0	-2	9	14	10	6	125	103	-2	69	-2	52	61	72	45	-2	-2	-2	177	-2	80	94	105	97	167	114	21	227	-1
1005001000	-2	4816	1398.667	1691.866	99.75	135.026	54	4.637	175.125	114.177	1381.333	175	0	0	3	9	9	4816	2643	2653	2480	0	-2	0	0	-2	9	10	9	6	138	433	96	97	-2	53	54	61	48	-2	-2	-2	-2	-2	89	87	96	87	168	443	218	213	-1
1005001000	-2	4816	1398.667	1691.866	99.75	135.026	54	4.637	175.125	114.177	1381.333	175	0	0	3	9	9	4816	2643	2653	2480	0	-2	0	0	-2	9	10	9	6	138	433	96	97	-2	53	54	61	48	-2	-2	-2	-2	-2	89	87	96	87	168	443	218	213	-1
1005001000	-2	3725	1199	1404.01	192.25	278.687	53.5	4.387	288.125	290.269	1287.222	289	0	0	2	9	9	3725	2074	2420	2578	-2	-2	0	0	-2	9	8	9	6	824	462	118	102	-2	55	50	60	49	-2	-2	-2	-2	-2	91	83	97	103	941	576	211	203	-1
1004001000	-2	4152	1422.111	1661.387	117.25	164.367	78.2	49.077	195.375	151.251	1454.222	195	0	0	3	9	9	4152	2202	3508	2941	-2	0	0	0	-2	9	9	10	6	524	170	117	93	-2	55	53	60	47	-2	-2	-2	176	-2	89	85	96	98	569	204	212	210	-1
1004001000	-2	4152	1422.111	1661.387	117.25	164.367	78.2	49.077	195.375	151.251	1454.222	195	0	0	3	9	9	4152	2202	3508	2941	-2	0	0	0	-2	9	9	10	6	524	170	117	93	-2	55	53	60	47	-2	-2	-2	176	-2	89	85	96	98	569	204	212	210	-1
1004001000	-2	3744	1391.111	1602.181	115	162.624	77.8	47.284	196.125	151.334	1405.667	195.875	0	0	3	9	9	3425	2212	3744	3143	-2	0	0	0	-2	8	9	11	6	520	157	114	95	-2	55	53	61	48	-2	-2	-2	172	-2	89	85	96	98	569	204	214	214	-1
1004001000	-2	3744	1391.111	1602.181	115	162.624	77.8	47.284	196.125	151.334	1405.667	195.875	0	0	3	9	9	3425	2212	3744	3143	-2	0	0	0	-2	8	9	11	6	520	157	114	95	-2	55	53	61	48	-2	-2	-2	172	-2	89	85	96	98	569	204	214	214	-1
1004001000	-2	3390	1316.556	1496.23	116.125	162.68	81.4	50.508	200.75	148.116	1381.444	200.5	0	0	3	9	9	3260	2817	3390	2386	-2	0	0	0	-2	8	9	11	6	520	159	120	96	-2	54	54	65	52	-2	-2	-2	182	-2	88	87	99	135	568	203	214	212	-1
1004001000	-2	3390	1305.889	1483.448	116.125	162.68	81.4	50.508	200.75	148.116	1381.444	200.5	0	0	3	9	9	3178	2817	3390	2372	-2	0	0	0	-2	8	9	11	6	520	159	120	96	-2	54	54	65	52	-2	-2	-2	182	-2	88	87	99	135	568	203	214	212	-1
1004001000	-2	3457	1225.111	1416.012	116.875	162.11	86	55.151	204.875	148.939	1171	204.25	0	0	3	9	9	2958	3457	2627	1988	-2	0	0	0	-2	7	10	12	6	518	163	122	97	-2	56	58	66	54	-2	-2	-2	196	-2	91	91	101	136	573	208	215	224	-1
1004001000	-2	3457	1225.111	1416.012	116.875	162.11	86	55.151	204.875	148.939	1171	204.25	0	0	3	9	9	2958	3457	2627	1988	-2	0	0	0	-2	7	10	12	6	518	163	122	97	-2	56	58	66	54	-2	-2	-2	196	-2	91	91	101	136	573	208	215	224	-1
1004001000	-2	3568	1323.333	1530.265	72	68.724	80.4	47.504	150	60.543	1297.222	149.625	0	0	4	9	9	3568	3009	3308	2027	0	0	0	0	-2	6	10	12	6	189	147	117	89	-2	53	56	65	53	-2	-2	-2	175	-2	87	89	99	84	201	208	216	216	-1
1004001000	-2	3568	1323.333	1530.265	72	68.724	80.4	47.504	150	60.543	1297.222	149.625	0	0	4	9	9	3568	3009	3308	2027	0	0	0	0	-2	6	10	12	6	189	147	117	89	-2	53	56	65	53	-2	-2	-2	175	-2	87	89	99	84	201	208	216	216	-1
1004001000	-2	3367	1271.556	1382.072	63.75	57.521	78.4	47.407	163	64.96	1172	162.5	0	0	3	9	9	3367	2942	2609	2199	0	0	0	329	-2	6	11	11	6	143	135	113	85	-2	52	56	60	51	-2	-2	-2	173	-2	86	89	93	137	201	225	255	218	-1
1002002000	-2	2487	1190.444	967.936	31	22.207	108.429	50.841	166.875	107.347	4764.333	177.625	0	0	2	9	9	1026	0	1941	0	964	2487	2237	2061	-2	7	-2	7	6	42	54	62	39	-2	50	-2	55	46	163	156	151	138	-2	83	21	90	63	290	291	289	208	-1
1002002000	-2	2487	1190.444	967.936	31	22.207	108.429	50.841	166.875	107.347	4764.333	177.625	0	0	2	9	9	1026	0	1941	0	964	2487	2237	2061	-2	7	-2	7	6	42	54	62	39	-2	50	-2	55	46	163	156	151	138	-2	83	21	90	63	290	291	289	208	-1
1005001000	-2	3483	1100	1359.391	117.5	159.365	58.75	9.731	177.25	154.007	2065.111	200.75	0	0	3	9	9	3483	3049	2138	1234	-2	0	0	0	-2	12	11	12	7	513	148	121	116	-2	54	63	72	46	-2	-2	-2	-2	-2	92	96	103	86	573	208	132	128	-1
1004001000	-2	3221	1157.556	1324.409	59.75	54.295	74	38.538	129.5	51.754	1988.333	155.5	0	0	3	9	9	1709	3183	3221	2091	0	0	0	216	-2	9	9	10	6	152	111	95	86	-2	51	58	65	46	-2	-2	-2	150	-2	90	92	98	97	193	122	106	238	-1
1004001000	-2	3416	1312	1483.385	48.375	42.775	75.2	47.671	129.25	51.669	1400	158.5	0	0	4	9	9	2516	3042	2836	3416	0	0	0	0	-2	8	8	8	5	113	95	82	68	-2	48	53	60	45	-2	-2	-2	170	-2	83	86	95	159	173	108	93	237	-1
1004001000	-2	3416	1224.667	1405.387	48.375	42.775	75.6	47.491	129.625	51.412	1400	158.5	0	0	4	9	9	2082	2730	2796	3416	0	0	0	0	-2	8	8	8	5	113	95	82	68	-2	48	55	60	45	-2	-2	-2	170	-2	83	88	95	159	173	109	93	237	-1
1004001000	-2	4438	1528.556	1768.798	56.125	50.024	78.4	52.508	149	55.243	1536.222	148.875	0	0	4	9	9	4438	2551	3567	3203	0	0	0	0	-2	7	8	8	6	128	107	87	98	-2	48	54	60	47	-2	-2	-2	183	-2	83	86	94	151	169	153	219	237	-1
1004001000	-2	4438	1528.556	1768.798	56.125	50.024	78.4	52.508	149	55.243	1536.222	148.875	0	0	4	9	9	4438	2551	3567	3203	0	0	0	0	-2	7	8	8	6	128	107	87	98	-2	48	54	60	47	-2	-2	-2	183	-2	83	86	94	151	169	153	219	237	-1
1003001000	-2	3881	1408.111	1628.928	60.125	54.156	94	62.958	139.625	54.829	1423.556	139.75	0	0	4	9	9	3881	2166	3256	3372	0	0	0	0	-2	7	8	8	6	131	128	96	97	-2	48	49	58	44	-2	-2	192	173	-2	82	81	92	104	168	151	214	225	-1
1003001000	-2	3872	1370.667	1595.829	60.125	54.156	94	62.958	139.75	54.696	1423.556	139.75	0	0	4	9	9	3872	2051	3044	3371	0	0	0	0	-2	7	8	8	6	131	128	96	97	-2	48	49	58	44	-2	-2	192	173	-2	82	82	92	104	168	151	214	225	-1
1003001000	-2	3099	1157.444	1295.386	60.375	56.02	91.833	60.601	144.75	61.278	1248.222	144.75	0	0	3	9	9	3099	1547	2565	2915	0	0	0	293	-2	6	7	8	6	134	139	97	86	-2	48	49	56	44	-2	-2	187	167	-2	81	80	89	92	169	204	219	224	-1
1003001000	-2	3144	1198	1363.018	60.625	55.785	91.833	60.601	144.75	61.278	1248.222	144.75	0	0	3	9	9	3039	1390	2915	3144	0	0	0	296	-2	6	9	8	6	134	139	97	86	-2	48	49	56	44	-2	-2	187	167	-2	81	80	89	92	169	204	219	224	-1
1003001000	-2	3506	1412.333	1525.649	61.125	56.005	93.5	62.318	146.75	64.198	1442.111	146.75	0	0	3	9	9	3506	2086	3442	3189	0	0	0	490	-2	5	9	8	6	136	134	102	89	-2	46	50	59	44	-2	-2	191	171	-2	79	81	92	87	169	222	220	224	-1
1003001000	-2	3506	1412.333	1525.649	61.125	56.005	93.5	62.318	146.75	64.198	1442.111	146.75	0	0	3	9	9	3506	2086	3442	3189	0	0	0	490	-2	5	9	8	6	136	134	102	89	-2	46	50	59	44	-2	-2	191	171	-2	79	81	92	87	169	222	220	224	-1
1003001000	-2	3444	1310.111	1383.916	64.125	60.23	97.667	68.861	149.875	63.308	1360	149.75	0	0	3	9	9	3212	2126	2358	3444	0	0	0	653	-2	5	9	8	6	157	134	109	85	-2	49	51	54	46	-2	-2	217	169	-2	82	82	87	101	182	222	219	224	-1
1003001000	-2	3444	1310.111	1383.916	64.125	60.23	97.667	68.861	149.875	63.308	1360	149.75	0	0	3	9	9	3212	2126	2358	3444	0	0	0	653	-2	5	9	8	6	157	134	109	85	-2	49	51	54	46	-2	-2	217	169	-2	82	82	87	101	182	222	219	224	-1
1004001000	-2	3262	1343.778	1320.841	58.75	54.899	71.6	43.26	151.375	64.205	1396.333	151.375	0	0	3	9	9	3248	1687	2347	3262	0	0	0	1552	-2	5	7	8	6	134	128	109	73	-2	49	50	54	47	-2	-2	-2	158	-2	83	80	87	105	184	227	220	225	-1
1004001000	-2	3458	1377.111	1375.083	59.125	54.554	71.8	43.162	151.625	63.93	1396.333	151.375	0	0	3	9	9	3458	1663	2347	3389	0	0	0	1539	-2	5	10	8	6	134	128	109	73	-2	49	51	54	47	-2	-2	-2	158	-2	83	82	87	105	184	227	220	225	-1
1003001000	-2	3305	1264.333	1243.131	53	47.471	93.5	64.722	156.75	72.729	1263.778	156.625	0	0	3	9	9	2794	1370	2092	3305	0	0	0	1820	-2	5	10	9	5	106	116	104	69	-2	47	51	54	46	-2	-2	212	151	-2	81	81	86	93	202	226	253	232	-1
1003001000	-2	1168	456.222	441.292	55.625	48.77	86	56.985	159.125	82.934	2748.111	159.125	0	0	2	9	9	516	739	363	190	0	0	1168	1132	-2	9	7	8	6	119	109	97	90	-2	47	43	53	41	-2	-2	176	156	-2	79	74	83	72	249	250	252	214	-1
1005001000	-2	3366	1231.444	1449.046	57.75	51.676	54.75	7.496	129.375	48.954	1972.667	159.5	0	0	4	9	9	3366	3140	1629	2950	0	0	0	0	-2	8	9	9	6	139	109	94	88	-2	51	58	65	45	-2	-2	-2	-2	-2	90	92	91	104	215	208	105	130	-1
1005001000	-2	4384	1552	1778.416	45.5	40.921	49	4.243	111.5	46.263	1660.444	150.25	0	0	4	9	9	4384	2993	2956	3637	0	0	0	0	-2	7	8	7	5	111	87	80	59	-2	47	53	53	43	-2	-2	-2	-2	-2	82	86	87	97	174	205	91	70	-1
1004001000	-2	4349	1680.444	1703.75	45.375	41.036	66.6	35.881	132.5	59.676	1660.444	150.25	0	0	3	9	9	4349	2928	3061	3663	0	0	0	1125	-2	7	7	7	5	111	87	80	59	-2	47	52	53	43	-2	-2	-2	138	-2	82	84	87	97	174	205	91	240	-1
1003001000	-2	4517	1433.444	1646.102	52.5	46.856	91	61.949	150.5	67.563	1453.111	150.5	0	0	3	9	9	4517	2428	2849	2902	0	0	0	207	-2	5	8	7	5	115	101	88	91	-2	45	49	51	44	-2	-2	182	175	-2	80	81	85	92	190	205	232	239	-1
1003001000	-2	4517	1433.444	1646.102	52.5	46.856	91	61.949	150.5	67.563	1453.111	150.5	0	0	3	9	9	4517	2428	2849	2902	0	0	0	207	-2	5	8	7	5	115	101	88	91	-2	45	49	51	44	-2	-2	182	175	-2	80	81	85	92	190	205	232	239	-1
1003001000	-2	3736	1369.444	1455.963	54	48.265	88.333	60.01	149.625	71.3	1422.111	149.5	0	0	3	9	9	3736	1777	2750	3261	0	0	0	803	-2	5	7	7	6	117	104	94	92	-2	44	47	50	43	-2	-2	179	167	-2	76	78	82	82	191	219	230	239	-1
1003001000	-2	3627	1241.222	1363.689	54	48.265	88.333	60.01	149.625	71.3	1422.111	149.5	0	0	3	9	9	3627	1539	2537	2880	0	0	0	590	-2	5	7	7	6	117	104	94	92	-2	44	47	50	43	-2	-2	179	167	-2	76	78	82	82	191	219	230	239	-1
1003001000	-2	3342	1353.222	1266.498	53.125	47.651	85.5	56.299	143	66.1	1499.222	143	0	0	2	9	9	3342	1641	2368	3169	0	0	717	944	-2	5	8	7	6	120	104	92	83	-2	44	48	50	41	-2	-2	167	163	-2	76	78	82	76	182	205	219	226	-1
1003001000	-2	3342	1353.222	1266.498	53.125	47.651	85.5	56.299	143	66.1	1499.222	143	0	0	2	9	9	3342	1641	2368	3169	0	0	717	944	-2	5	8	7	6	120	104	92	83	-2	44	48	50	41	-2	-2	167	163	-2	76	78	82	76	182	205	219	226	-1
1003001000	-2	3529	1284.444	1229.22	51.5	46.433	86.167	56.59	147.5	70.012	1461.333	147.5	0	0	2	9	9	3529	1235	2048	2938	0	0	898	914	-2	5	8	7	5	117	102	91	77	-2	44	49	50	42	-2	-2	171	161	-2	77	78	82	75	197	224	221	226	-1
1003001000	-2	3758	1379.556	1258.166	50.75	45.77	85.5	55.392	149.5	70.981	1546.667	149.25	0	0	2	9	9	3758	1327	1669	3046	0	0	1284	1334	-2	5	8	7	5	110	109	88	74	-2	45	48	51	42	-2	-2	171	156	-2	78	78	82	78	201	227	221	231	-1
1003001000	-2	3758	1379.556	1258.166	50.75	45.77	85.5	55.392	149.5	70.981	1546.667	149.25	0	0	2	9	9	3758	1327	1669	3046	0	0	1284	1334	-2	5	8	7	5	110	109	88	74	-2	45	48	51	42	-2	-2	171	156	-2	78	78	82	78	201	227	221	231	-1
1002001000	-2	3233	1382.556	1242.882	48.125	43.731	100.571	65.255	150	71.223	1474	150	0	0	2	9	9	3159	1045	1838	3233	0	0	817	2353	-2	5	7	7	5	107	103	86	65	-2	45	46	50	44	-2	206	174	139	-2	78	76	80	83	202	228	222	231	-1
1002001000	-2	3233	1382.556	1242.882	48.125	43.731	100.571	65.255	150	71.223	1474	150	0	0	2	9	9	3159	1045	1838	3233	0	0	817	2353	-2	5	7	7	5	107	103	86	65	-2	45	46	50	44	-2	206	174	139	-2	78	76	80	83	202	228	222	231	-1
1003001000	-2	2893	729.667	893.416	62.625	56.158	90.333	61.097	161.75	84.839	2543.111	161.75	0	0	2	9	9	968	1048	368	98	0	0	1194	2893	-2	8	7	7	6	133	122	115	103	-2	48	50	50	42	-2	-2	189	163	-2	80	76	81	73	231	253	265	235	-1
1003001000	-2	5427	1487.667	1758.781	49.375	43.872	88.167	53.639	161.875	71.749	2211.556	161.875	0	0	3	9	9	1697	3329	1587	5427	0	0	0	1351	-2	7	8	8	5	113	95	91	68	-2	48	59	54	45	-2	-2	184	139	-2	78	92	87	107	226	252	232	221	-1
1002001000	-2	3531	1566.778	1435.11	42	38.978	94.429	58.595	157.625	76.826	1707.778	157.625	0	0	2	9	9	3033	1862	3260	3531	0	0	222	2195	-2	5	7	6	4	105	83	75	51	-2	43	50	48	43	-2	195	150	132	-2	78	81	82	85	216	256	234	229	-1
1002001000	-2	3501	1525.222	1403.766	42	38.978	94.429	58.595	157.625	76.826	1707.778	157.625	0	0	2	9	9	3031	1652	3160	3501	0	0	279	2106	-2	5	7	6	4	105	83	75	51	-2	43	50	48	43	-2	195	150	132	-2	78	81	82	85	216	256	234	229	-1
1002001000	-2	4443	1565	1544.99	47.5	43.321	107.571	74.705	159	81.191	1570.222	159	0	0	2	9	9	4443	2570	2587	3049	0	0	438	1000	-2	5	6	6	5	110	95	84	69	-2	42	48	47	43	-2	231	178	164	-2	77	78	80	79	216	257	240	245	-1
1003002000	-2	3107	1126.333	1312.999	10	4.342	83.333	28.241	112.375	69.945	5718.444	133	0	0	4	9	9	0	0	0	0	1762	3107	3015	2255	-2	6	-2	5	5	10	14	15	15	-2	47	-2	-2	41	95	101	110	106	-2	65	21	30	59	177	177	187	183	-1
1001001000	-2	2844	1151.667	1121.988	11.875	6.679	79.5	38.678	127.25	60.788	3027.333	129.125	0	0	1	9	9	360	518	0	154	1479	2574	2844	2438	-2	6	6	6	5	12	20	22	18	-2	43	41	43	37	115	122	123	112	-2	73	71	59	67	207	188	188	165	-1
1001001000	-2	3206	1487.333	1166.692	16.125	12.262	86.75	43.45	137	64.32	3627.222	137	0	0	0	9	9	794	1654	114	215	2197	2788	3206	2420	-2	6	6	5	5	16	22	39	30	-2	45	45	46	38	127	132	137	124	-2	76	75	76	68	217	209	201	174	-1
1004001000	-2	3506	1055.778	1220.846	65	58.66	77.4	51.387	171.875	79.549	2903.222	171.875	0	0	3	9	9	1660	3506	1285	505	0	0	0	2548	-2	7	8	7	6	138	130	119	105	-2	50	57	52	48	-2	-2	-2	180	-2	86	92	87	107	232	255	265	251	-1
1003001000	-2	4935	2125.222	2015.515	49.875	43.97	93.333	61.991	170	79.059	2419.889	170	0	0	3	9	9	2316	4935	3582	4501	0	0	0	3795	-2	6	9	8	5	106	100	95	70	-2	46	59	50	49	-2	-2	205	151	-2	78	93	85	113	233	256	233	269	-1
1003001000	-2	5377	2030.222	2028.215	49.875	43.97	93.333	61.991	170	79.059	2419.889	170	0	0	3	9	9	2227	4169	2319	5377	0	0	0	4182	-2	6	9	8	5	106	100	95	70	-2	46	59	50	49	-2	-2	205	151	-2	78	93	85	113	233	256	233	269	-1
1001001000	-2	3798	1702.333	1227.282	37.75	35.947	95.25	55.574	152.625	77.627	1781.333	152.625	0	0	1	9	9	2216	2752	1969	3798	0	775	1206	2607	-2	4	6	5	4	96	77	70	40	-2	39	48	44	42	193	143	132	121	-2	75	79	77	75	217	259	237	202	-1
