1006001000	-2	1855	513.778	755.578	278.875	298.496	149	2.944	342.625	269.856	2043.111	342.625	0	0	3	9	9	1054	1721	1855	0	-2	-2	0	0	-2	64	75	66	97	945	580	217	187	-2	153	148	146	-2	-2	-2	-2	-2	-2	192	183	185	143	962	597	232	247	-1
1006002000	-2	2041	489.889	732.12	303.286	309.166	152	4.32	312.25	287.305	1689.222	344.375	0	0	3	9	9	1175	1199	2041	0	-2	-2	0	0	-2	101	84	84	114	945	580	215	-2	-2	158	150	148	-2	-2	-2	-2	-2	-2	195	183	185	141	956	591	226	21	-1
1007002000	-2	2239	395.222	771.744	297.143	314.67	145	3	304.625	299.935	1178.667	342.75	0	0	4	9	9	0	2239	1324	0	-2	-2	0	0	-2	90	68	94	81	947	582	218	-2	-2	-2	142	148	-2	-2	-2	-2	-2	-2	101	176	180	141	971	606	241	21	-1
1007002000	-2	2239	395.222	771.744	297.143	314.67	145	3	304.625	299.935	1178.667	342.75	0	0	4	9	9	0	2239	1324	0	-2	-2	0	0	-2	90	68	94	81	947	582	218	-2	-2	-2	142	148	-2	-2	-2	-2	-2	-2	101	176	180	141	971	606	241	21	-1
1008003000	-2	1687	186.556	530.488	495	457.45	148	0	423.125	466.118	1151.778	480	0	0	4	9	9	0	0	1687	0	-2	-2	-2	0	-2	92	-2	94	81	1266	901	536	-2	-2	-2	-2	148	-2	-2	-2	-2	-2	-2	103	21	180	141	1338	973	608	21	-1
1008003000	-2	1688	186.667	530.802	495	457.45	148	0	423.125	466.118	1151.778	480	0	0	4	9	9	0	0	1688	0	-2	-2	-2	0	-2	92	-2	94	81	1266	901	536	-2	-2	-2	-2	148	-2	-2	-2	-2	-2	-2	103	21	180	141	1338	973	608	21	-1
1008003000	-2	727	79.889	228.79	512	448.72	145	0	429	455.446	742.111	469.375	0	0	4	9	9	0	0	727	0	-2	-2	-2	0	-2	-2	-2	94	80	1272	907	542	177	-2	-2	-2	145	-2	-2	-2	-2	-2	-2	21	21	176	140	1329	961	596	188	-1
1008003000	-2	727	79.889	228.79	512	448.72	145	0	429	455.446	742.111	469.375	0	0	4	9	9	0	0	727	0	-2	-2	-2	0	-2	-2	-2	94	80	1272	907	542	177	-2	-2	-2	145	-2	-2	-2	-2	-2	-2	21	21	176	140	1329	961	596	188	-1
1006001000	-2	813	246.333	353.74	406.625	430.837	147.333	4.497	457.875	414.436	1142.889	471.375	0	0	2	9	9	813	621	791	0	-2	-2	-2	0	-2	96	80	94	77	1274	909	544	179	-2	153	142	147	-2	-2	-2	-2	-2	-2	184	175	177	141	1321	920	555	190	-1
1007001000	-2	550	111	210.944	406.625	430.837	150	3	444.25	419.162	1142.889	471.375	0	0	3	9	9	550	0	457	0	-2	-2	-2	0	-2	96	80	94	77	1274	909	544	179	-2	153	-2	147	-2	-2	-2	-2	-2	-2	184	91	177	132	1305	920	555	190	-1
1006001000	-2	1366	364.889	536.849	407.5	431.728	149	4.32	455.875	404.864	1142.444	471.375	0	0	2	9	9	1152	1366	774	0	-2	-2	-2	0	-2	97	83	95	70	1276	911	546	182	-2	155	145	147	-2	-2	-2	-2	-2	-2	185	179	177	140	1287	922	557	200	-1
1007001000	-2	2245	368.222	743.518	271.375	303.088	148.5	0.5	322.875	279.354	2096	322.875	0	0	4	9	9	0	1075	2245	0	-2	-2	0	0	-2	46	53	63	82	944	579	217	187	-2	-2	149	148	-2	-2	-2	-2	-2	-2	64	194	193	142	955	590	225	220	-1
1006001000	-2	1981	487.222	726.728	288.875	292.712	155	4.967	343	267.569	1929.333	346.75	0	0	3	9	9	1030	1380	1981	0	-2	-2	0	0	-2	101	86	85	110	947	582	217	183	-2	159	148	158	-2	-2	-2	-2	-2	-2	196	183	193	141	958	593	228	252	-1
1006002000	-2	3914	805.556	1323.371	456.571	447.055	169	4.967	445.5	422.415	1612	492.125	0	0	2	9	9	1084	2260	3914	0	-2	-2	-2	0	-2	116	99	106	112	1286	921	556	-2	-2	176	165	166	-2	-2	-2	-2	-2	-2	208	197	202	140	1297	932	567	21	-1
1006002000	-2	4634	1355.778	1962.988	462.286	452.745	169.667	3.859	458.75	437.539	1586.444	491.25	0	0	2	9	9	3063	4634	4513	0	-2	-2	-2	0	-2	115	101	116	102	1299	934	569	-2	-2	175	166	168	-2	-2	-2	-2	-2	-2	207	199	203	139	1332	967	602	21	-1
1006002000	-2	4634	1355.778	1962.988	462.286	452.745	169.667	3.859	458.75	437.539	1586.444	491.25	0	0	2	9	9	3063	4634	4513	0	-2	-2	-2	0	-2	115	101	116	102	1299	934	569	-2	-2	175	166	168	-2	-2	-2	-2	-2	-2	207	199	203	139	1332	967	602	21	-1
1006002000	-2	5096	1255.111	1858.872	307.143	309.19	157.667	4.19	315.625	287.987	1321.222	349.875	0	0	3	9	9	3261	5096	2945	0	-2	-2	0	0	-2	105	97	110	86	949	584	219	-2	-2	159	152	162	-2	-2	-2	-2	-2	-2	193	190	197	139	960	595	230	21	-1
1008004000	-2	3030	336	952.473	367	327.868	149	0	258	306.08	1080	330.75	0	0	5	9	9	0	0	3030	0	-2	-2	0	0	-2	-2	-2	94	70	922	557	192	-2	-2	-2	-2	149	-2	-2	-2	-2	-2	-2	21	21	182	115	933	568	203	21	-1
1008004000	-2	3030	336	952.473	367	327.868	149	0	258	306.08	1080	330.75	0	0	5	9	9	0	0	3030	0	-2	-2	0	0	-2	-2	-2	94	70	922	557	192	-2	-2	-2	-2	149	-2	-2	-2	-2	-2	-2	21	21	182	115	933	568	203	21	-1
1008005000	-2	2353	260.556	739.791	696	433.377	147	0	398.375	485.045	958.778	468.5	0	0	4	9	9	0	0	2353	0	-2	-2	-2	0	-2	-2	-2	93	-2	1262	897	532	-2	-2	-2	-2	147	-2	-2	-2	-2	-2	-2	21	21	178	21	1340	975	610	21	-1
1008005000	-2	2359	261.222	741.677	696	433.377	147	0	398.375	485.045	958.778	468.5	0	0	4	9	9	0	0	2359	0	-2	-2	-2	0	-2	-2	-2	93	-2	1262	897	532	-2	-2	-2	-2	147	-2	-2	-2	-2	-2	-2	21	21	178	21	1340	975	610	21	-1
1005002000	-2	2111	614.444	885.509	431.857	449.245	140.25	7.758	451.625	446.439	1278.778	479.5	0	0	2	9	9	1965	1462	2111	0	-2	-2	-2	0	-2	94	70	94	68	1264	899	534	-2	-2	150	138	144	129	-2	-2	-2	-2	-2	181	173	176	140	1339	974	609	21	-1
1005002000	-2	2821	896.889	1271.391	431.857	449.245	140.25	7.758	451.625	446.439	1278.778	479.5	0	0	2	9	9	2652	2607	2821	0	-2	-2	-2	0	-2	94	70	94	68	1264	899	534	-2	-2	150	138	144	129	-2	-2	-2	-2	-2	181	173	176	140	1339	974	609	21	-1
1005001000	-2	2372	644.333	937.553	401.5	427.527	140.75	8.043	479.5	425.134	1215.778	479.5	0	0	2	9	9	2372	1471	1964	0	-2	-2	-2	0	-2	96	78	94	68	1264	899	534	179	-2	150	141	144	128	-2	-2	-2	-2	-2	181	174	175	140	1339	974	609	244	-1
1005001000	-2	2436	496.667	824.763	401.5	427.527	140.75	8.043	474.875	426.829	1215.778	479.5	0	0	2	9	9	2436	619	1423	0	-2	-2	-2	0	-2	96	78	94	68	1264	899	534	179	-2	150	141	144	128	-2	-2	-2	-2	-2	181	174	175	140	1339	974	600	216	-1
1005001000	-2	2194	561.111	844.968	403.125	428.569	140.5	7.89	460.625	419.125	1128.556	477.5	0	0	2	9	9	2194	1017	1847	0	-2	-2	-2	0	-2	94	80	94	68	1267	902	537	183	-2	149	140	145	128	-2	-2	-2	-2	-2	180	174	176	140	1335	925	560	195	-1
1005001000	-2	2185	661.778	941.294	403.125	428.569	140.5	7.89	477.5	423.667	1128.556	477.5	0	0	2	9	9	2185	1865	1914	0	-2	-2	-2	0	-2	94	80	94	68	1267	902	537	183	-2	149	140	145	128	-2	-2	-2	-2	-2	180	174	176	140	1335	970	605	240	-1
1006001000	-2	2315	717.889	1022.34	410.125	432.902	149	2.16	482.375	423.753	1156.889	482.375	0	0	2	9	9	2247	2315	1907	0	-2	-2	-2	0	-2	94	87	96	68	1280	915	550	191	-2	150	146	151	-2	-2	-2	-2	-2	-2	182	181	181	145	1340	975	610	245	-1
1006001000	-2	2542	756.778	1079.163	410.125	432.902	149	2.16	482.375	423.753	1156.889	482.375	0	0	2	9	9	2256	2542	2021	0	-2	-2	-2	0	-2	94	87	96	68	1280	915	550	191	-2	150	146	151	-2	-2	-2	-2	-2	-2	182	181	181	145	1340	975	610	245	-1
1006001000	-2	2632	762.556	1095.909	415.25	430.666	154.667	2.494	470.5	423.149	1139.222	470.5	0	0	2	9	9	2632	2375	1864	0	-2	-2	-2	0	-2	95	103	110	69	1282	917	552	194	-2	154	152	158	-2	-2	-2	-2	-2	-2	187	187	188	88	1326	961	596	231	-1
1006001000	-2	2931	844.333	1207.524	415.75	428.799	155.333	2.867	471	411.096	1147.333	471	0	0	2	9	9	2427	2931	2249	0	-2	-2	-2	0	-2	96	110	113	71	1280	915	550	191	-2	152	155	159	-2	-2	-2	-2	-2	-2	186	192	190	146	1311	946	581	216	-1
1006001000	-2	3286	893.778	1290.167	415.75	428.799	155.333	2.867	471	411.096	1147.333	471	0	0	2	9	9	2470	3286	2296	0	-2	-2	-2	0	-2	96	110	113	71	1280	915	550	191	-2	152	155	159	-2	-2	-2	-2	-2	-2	186	192	190	146	1311	946	581	216	-1
1006001000	-2	3950	994.778	1549.431	289.375	290.45	154.667	4.714	352.25	277.674	1057.778	352.25	0	0	3	9	9	3592	3950	1417	0	-2	-2	0	0	-2	87	110	105	95	944	579	216	179	-2	148	158	158	-2	-2	-2	-2	-2	-2	184	196	189	139	985	620	255	250	-1
1006001000	-2	3910	1066.111	1574.178	287.5	289.288	152.667	5.249	352.125	278.319	1060	352.125	0	0	3	9	9	3910	3570	2121	0	-2	-2	0	0	-2	84	106	104	97	940	575	211	183	-2	148	160	150	-2	-2	-2	-2	-2	-2	184	197	183	140	986	621	256	250	-1
1006001000	-2	3560	927.778	1438.197	280.125	285.715	152	5.099	351	280.089	934.111	351	0	0	3	9	9	3444	3560	1352	0	-2	-2	0	0	-2	84	89	101	95	926	561	205	180	-2	147	159	150	-2	-2	-2	-2	-2	-2	181	195	176	140	988	623	258	247	-1
1006001000	-2	3544	926.111	1435.144	280.125	285.715	152	5.099	351	280.089	934.111	351	0	0	3	9	9	3445	3544	1352	0	-2	-2	0	0	-2	84	89	101	95	926	561	205	180	-2	147	159	150	-2	-2	-2	-2	-2	-2	181	195	176	140	988	623	258	247	-1
1007001000	-2	2711	418.111	875.312	269	300.574	149	3	323	279.891	2125.444	323	0	0	4	9	9	0	1058	2711	0	-2	-2	0	0	-2	48	53	66	82	938	573	211	181	-2	-2	146	152	-2	-2	-2	-2	-2	-2	63	190	196	142	956	591	226	220	-1
1006001000	-2	2120	402	695.3	304.25	301.305	164.333	8.179	351.5	278.601	1964.667	357.25	0	0	3	9	9	452	1052	2120	0	-2	-2	0	0	-2	113	90	87	113	976	611	246	198	-2	172	153	168	-2	-2	-2	-2	-2	-2	205	188	204	140	987	622	257	209	-1
1006002000	-2	3762	549.556	1162.556	307.429	306.322	163.667	7.93	315.5	285.967	1389.556	348.5	0	0	3	9	9	492	698	3762	0	-2	-2	0	0	-2	114	95	93	110	945	580	215	-2	-2	172	153	166	-2	-2	-2	-2	-2	-2	203	186	201	140	956	591	226	21	-1
1006002000	-2	3543	509.111	1095.589	307.429	306.322	163.667	7.93	315.5	285.967	1389.556	348.5	0	0	3	9	9	387	658	3543	0	-2	-2	0	0	-2	114	95	93	110	945	580	215	-2	-2	172	153	166	-2	-2	-2	-2	-2	-2	203	186	201	140	956	591	226	21	-1
1007003000	-2	7108	1421.667	2682.587	519.833	466.527	173	6	437.75	455.011	1906.889	490	0	0	3	9	9	5695	7108	0	0	-2	-2	-2	0	-2	115	104	-2	92	1301	936	571	-2	-2	179	167	-2	-2	-2	-2	-2	-2	-2	212	202	21	139	1334	969	604	21	-1
1008005000	-2	2694	298.667	846.879	435.5	322.827	152	0	243.875	309.001	1537.333	350.625	0	0	5	9	9	0	0	2694	0	-2	-2	0	0	-2	-2	-2	94	-2	912	547	189	-2	-2	-2	-2	152	-2	-2	-2	-2	-2	-2	21	21	186	21	923	558	200	21	-1
1008005000	-2	2694	298.667	846.879	435.5	322.827	152	0	243.875	309.001	1537.333	350.625	0	0	5	9	9	0	0	2694	0	-2	-2	0	0	-2	-2	-2	94	-2	912	547	189	-2	-2	-2	-2	152	-2	-2	-2	-2	-2	-2	21	21	186	21	923	558	200	21	-1
1008005000	-2	2959	328.111	930.16	446.5	328.844	147	0	248.875	315.797	907	333.125	0	0	5	9	9	0	0	2959	0	-2	-2	0	0	-2	-2	-2	92	-2	929	564	201	-2	-2	-2	-2	147	-2	-2	-2	-2	-2	-2	21	21	180	21	940	575	212	21	-1
1008005000	-2	3396	376.667	1067.496	446.5	328.844	147	0	258.875	331.964	907	333.125	0	0	5	9	9	0	0	3396	0	-2	-2	0	0	-2	-2	-2	92	-2	929	564	201	-2	-2	-2	-2	147	-2	-2	-2	-2	-2	-2	21	21	180	21	980	615	212	21	-1
1006002000	-2	3518	754	1413.894	418.143	445.934	132	11.343	439.375	454.85	870.333	467.25	0	0	3	9	9	0	3518	3276	0	-2	-2	-2	0	-2	72	54	93	65	1246	881	516	-2	-2	-2	125	148	123	-2	-2	-2	-2	-2	88	163	180	141	1339	974	609	21	-1
1006002000	-2	3518	754	1413.894	418.143	445.934	132	11.343	439.375	454.85	870.333	467.25	0	0	3	9	9	0	3518	3276	0	-2	-2	-2	0	-2	72	54	93	65	1246	881	516	-2	-2	-2	125	148	123	-2	-2	-2	-2	-2	88	163	180	141	1339	974	609	21	-1
1005001000	-2	3521	1162.222	1513.736	396.875	427.274	133.75	10.133	477.25	426.017	1241.222	477.25	0	0	1	9	9	3053	3521	3266	628	-2	-2	-2	0	-2	93	68	93	65	1259	894	529	174	-2	145	130	141	119	-2	-2	-2	-2	-2	176	164	175	141	1338	973	608	243	-1
1005001000	-2	3521	1162.222	1513.736	396.875	427.274	133.75	10.133	477.25	426.017	1241.222	477.25	0	0	1	9	9	3053	3521	3266	628	-2	-2	-2	0	-2	93	68	93	65	1259	894	529	174	-2	145	130	141	119	-2	-2	-2	-2	-2	176	164	175	141	1338	973	608	243	-1
1005001000	-2	3390	1139.333	1408.658	397.5	425.483	134.75	10.059	477.25	424.509	1241.556	477.25	0	0	1	9	9	3390	2787	3027	1058	-2	-2	-2	0	-2	94	72	94	66	1257	892	527	178	-2	144	133	143	119	-2	-2	-2	-2	-2	175	167	175	147	1336	971	606	241	-1
1005001000	-2	3390	1156.222	1429.048	397.5	425.483	134.75	10.059	477.25	424.509	1241.556	477.25	0	0	1	9	9	3390	2943	3023	1058	-2	-2	-2	0	-2	94	72	94	66	1257	892	527	178	-2	144	133	143	119	-2	-2	-2	-2	-2	175	167	175	147	1336	971	606	241	-1
1005002000	-2	2944	961.333	1219.887	300.286	318.626	136.25	10.425	312.625	294.031	1211.444	340.75	0	0	2	9	9	2930	1932	2944	852	-2	-2	0	0	-2	90	78	95	66	956	591	226	-2	-2	144	137	145	119	-2	-2	-2	-2	-2	176	170	176	146	969	604	239	21	-1
1005002000	-2	2944	961.333	1219.887	300.286	318.626	136.25	10.425	312.625	294.031	1211.444	340.75	0	0	2	9	9	2930	1932	2944	852	-2	-2	0	0	-2	90	78	95	66	956	591	226	-2	-2	144	137	145	119	-2	-2	-2	-2	-2	176	170	176	146	969	604	239	21	-1
1006001000	-2	2556	479.444	918.128	402.375	426.425	141	8.287	466.375	436.544	490.444	472.125	0	0	3	9	9	2556	0	1767	0	-2	-2	-2	0	-2	93	80	97	67	1263	898	533	188	-2	143	-2	150	130	-2	-2	-2	-2	-2	176	97	181	145	1342	977	612	201	-1
1006001000	-2	3132	535.667	1059.351	291.125	300.36	143.667	9.031	335.875	282.264	542.889	335.875	0	0	4	9	9	3132	0	1695	0	-2	-2	0	0	-2	93	86	105	67	961	596	231	190	-2	145	-2	154	132	-2	-2	-2	-2	-2	179	97	185	147	974	609	244	252	-1
1006001000	-2	3132	535.667	1059.351	291.125	300.36	143.667	9.031	335.875	282.264	542.889	335.875	0	0	4	9	9	3132	0	1695	0	-2	-2	0	0	-2	93	86	105	67	961	596	231	190	-2	145	-2	154	132	-2	-2	-2	-2	-2	179	97	185	147	974	609	244	252	-1
1006001000	-2	3530	869.333	1312.819	285.125	291.419	150.667	4.989	340.5	281.062	1060.778	340.5	0	0	3	9	9	3530	2701	1599	0	-2	-2	0	0	-2	83	105	106	68	940	575	211	193	-2	144	152	156	-2	-2	-2	-2	-2	-2	180	185	184	87	976	611	246	255	-1
1006001000	-2	3530	893	1348.191	285.125	291.419	150.667	4.989	340.5	281.062	1060.778	340.5	0	0	3	9	9	3530	2924	1589	0	-2	-2	0	0	-2	83	105	106	68	940	575	211	193	-2	144	152	156	-2	-2	-2	-2	-2	-2	180	185	184	87	976	611	246	255	-1
1007001000	-2	4388	676	1415.728	274.75	288.252	145.5	2.5	336.75	295.392	676.556	336.75	0	0	4	9	9	4388	0	1702	0	-2	-2	0	0	-2	82	89	99	69	925	560	198	176	-2	143	-2	148	-2	-2	-2	-2	-2	-2	178	102	180	87	995	630	265	257	-1
1007001000	-2	4388	676	1415.728	274.75	288.252	145.5	2.5	336.75	295.392	676.556	336.75	0	0	4	9	9	4388	0	1702	0	-2	-2	0	0	-2	82	89	99	69	925	560	198	176	-2	143	-2	148	-2	-2	-2	-2	-2	-2	178	102	180	87	995	630	265	257	-1
1007001000	-2	4796	683	1514.547	280.375	290.667	148	5	341.125	286.146	683.556	341.125	0	0	4	9	9	4796	0	1357	0	-2	-2	0	0	-2	82	88	105	71	934	569	213	181	-2	143	-2	153	-2	-2	-2	-2	-2	-2	179	101	185	147	986	621	256	254	-1
1006001000	-2	4511	976.111	1543.128	280.625	290.013	147	3.742	352.25	282.937	1095.889	352.25	0	0	3	9	9	4511	2639	1641	0	-2	-2	0	0	-2	82	84	104	77	933	568	213	184	-2	142	151	148	-2	-2	-2	-2	-2	-2	176	184	181	140	994	629	264	250	-1
1005001000	-2	4269	1125	1605.369	151.25	173.645	138.25	38.622	289.25	129.708	3219.444	310.5	0	0	3	9	9	4269	1935	3530	395	0	-2	0	0	-2	27	18	19	29	129	556	254	178	-2	119	112	117	205	-2	-2	-2	-2	-2	192	190	192	358	296	599	265	222	-1
1006001000	-2	3463	575.556	1097.095	427.5	431.815	164	8.832	488	419.91	1575.333	491	0	0	2	9	9	454	1271	3463	0	-2	-2	-2	0	-2	114	92	104	111	1296	931	566	206	-2	173	152	167	-2	-2	-2	-2	-2	-2	205	187	202	140	1340	975	610	245	-1
1006002000	-2	2860	434.222	896.672	457	452.979	162.333	7.846	450.375	433.283	845.889	493.125	0	0	2	9	9	215	841	2860	0	-2	-2	-2	0	-2	115	95	106	96	1294	929	564	-2	-2	171	152	164	-2	-2	-2	-2	-2	-2	200	184	199	140	1318	953	588	21	-1
1006002000	-2	2207	351.111	706.806	455.714	453.231	160.333	7.587	443.625	428.08	551	491.625	0	0	2	9	9	111	850	2207	0	-2	-2	-2	0	-2	115	97	107	87	1293	928	563	-2	-2	168	150	163	-2	-2	-2	-2	-2	-2	190	183	198	140	1304	939	574	21	-1
1006002000	-2	2209	351.222	707.428	455.714	453.231	160.333	7.587	443.625	428.08	551	491.625	0	0	2	9	9	110	850	2209	0	-2	-2	-2	0	-2	115	97	107	87	1293	928	563	-2	-2	168	150	163	-2	-2	-2	-2	-2	-2	190	183	198	140	1304	939	574	21	-1
1007006000	-2	2401	368.556	774.316	102	9.798	169	3	482.75	511.42	1183	548.25	0	0	3	9	9	924	2401	0	0	-2	-2	-2	0	-2	114	102	-2	90	-2	-2	-2	-2	-2	172	166	-2	-2	-2	-2	-2	-2	-2	203	196	21	139	1459	1094	729	21	-1
1007006000	-2	2784	427.111	897.495	102	9.798	169	3	482.75	511.42	1183	548.25	0	0	3	9	9	1068	2784	0	0	-2	-2	-2	0	-2	114	102	-2	90	-2	-2	-2	-2	-2	172	166	-2	-2	-2	-2	-2	-2	-2	203	196	21	139	1459	1094	729	21	-1
1007004000	-2	4870	888.556	1713.974	599.2	464.213	158.5	9.5	420	468.27	1351.889	496.375	0	0	3	9	9	0	4870	3135	0	-2	-2	-2	0	-2	-2	96	116	-2	1293	928	563	-2	-2	-2	149	168	-2	-2	-2	-2	-2	-2	21	188	199	21	1335	970	605	21	-1
1006002000	-2	4899	1347.333	1954.158	454.571	454.15	159.333	7.846	465.875	451.794	1351.889	496.375	0	0	2	9	9	4134	4899	3101	0	-2	-2	-2	0	-2	104	96	116	82	1293	928	563	-2	-2	161	149	168	-2	-2	-2	-2	-2	-2	195	188	199	139	1360	995	630	21	-1
1006003000	-2	5766	830.889	1825.282	295.167	331.599	139.667	12.499	279	318.489	831.444	335.875	0	0	4	9	9	0	5766	1718	0	-2	-2	0	0	-2	71	59	97	65	922	557	-2	-2	-2	-2	134	157	128	-2	-2	-2	-2	-2	88	176	190	141	980	615	21	21	-1
1006003000	-2	5766	830.889	1825.282	295.167	331.599	139.667	12.499	279	318.489	831.444	335.875	0	0	4	9	9	0	5766	1718	0	-2	-2	0	0	-2	71	59	97	65	922	557	-2	-2	-2	-2	134	157	128	-2	-2	-2	-2	-2	88	176	190	141	980	615	21	21	-1
1005002000	-2	4143	1117.556	1484.901	278.857	312.935	126.5	11.057	315	300.141	1129.222	343.125	0	0	2	9	9	2453	4143	2706	762	-2	-2	0	0	-2	66	52	91	59	926	561	197	-2	-2	138	117	137	114	-2	-2	-2	-2	-2	171	156	175	146	982	617	252	21	-1
1007004000	-2	2706	358.667	846.132	366.8	331.68	125.5	11.5	279.375	323.531	1129.222	343.125	0	0	4	9	9	0	0	2706	528	-2	-2	0	0	-2	-2	-2	91	59	926	561	197	-2	-2	-2	-2	137	114	-2	-2	-2	-2	-2	21	21	175	146	982	617	252	21	-1
1005001000	-2	3459	1133.333	1428.447	274.5	302.659	126.75	10.779	342.25	281.743	1286.333	342.25	0	0	2	9	9	2968	3459	2892	887	-2	-2	0	0	-2	70	54	91	59	948	583	218	173	-2	138	117	137	115	-2	-2	-2	-2	-2	170	154	173	145	982	617	252	245	-1
1005001000	-2	3459	1133.333	1428.447	274.5	302.659	126.75	10.779	342.25	281.743	1286.333	342.25	0	0	2	9	9	2968	3459	2892	887	-2	-2	0	0	-2	70	54	91	59	948	583	218	173	-2	138	117	137	115	-2	-2	-2	-2	-2	170	154	173	145	982	617	252	245	-1
1005002000	-2	4226	1264.889	1533.74	292.286	319.369	127.75	10.059	314.25	299.358	1277.222	342.5	0	0	2	9	9	2791	4226	2611	1762	-2	-2	0	0	-2	80	62	93	59	949	584	219	-2	-2	136	124	138	113	-2	-2	-2	-2	-2	169	159	173	147	980	615	250	21	-1
1005002000	-2	4226	1264.889	1533.74	292.286	319.369	127.75	10.059	314.25	299.358	1277.222	342.5	0	0	2	9	9	2791	4226	2611	1762	-2	-2	0	0	-2	80	62	93	59	949	584	219	-2	-2	136	124	138	113	-2	-2	-2	-2	-2	169	159	173	147	980	615	250	21	-1
1005002000	-2	3650	1098.667	1325.564	290.857	316.899	128	9.539	312.25	298.109	1099.333	340.625	0	0	2	9	9	2354	3650	2297	1593	-2	-2	0	0	-2	80	69	92	58	944	579	214	-2	-2	135	123	139	115	-2	-2	-2	-2	-2	167	158	173	146	976	611	246	21	-1
1005002000	-2	3650	1098.667	1325.564	290.857	316.899	128	9.539	312.25	298.109	1099.333	340.625	0	0	2	9	9	2354	3650	2297	1593	-2	-2	0	0	-2	80	69	92	58	944	579	214	-2	-2	135	123	139	115	-2	-2	-2	-2	-2	167	158	173	146	976	611	246	21	-1
1005002000	-2	3387	1057.778	1332.39	290.429	315.208	129.5	9.069	312.625	297.915	1058.444	341.25	0	0	2	9	9	2396	3387	2828	915	-2	-2	0	0	-2	81	71	93	59	941	576	212	-2	-2	134	123	142	119	-2	-2	-2	-2	-2	166	158	175	148	976	611	246	21	-1
1005002000	-2	3484	1120.444	1416.571	287.286	313.25	133.25	9.653	314.125	297.182	1160.333	344	0	0	2	9	9	3484	2887	2852	867	-2	-2	0	0	-2	80	72	90	58	935	570	206	-2	-2	135	131	147	120	-2	-2	-2	-2	-2	169	165	178	147	976	611	246	21	-1
1005002000	-2	3484	1120.444	1416.571	287.286	313.25	133.25	9.653	314.125	297.182	1160.333	344	0	0	2	9	9	3484	2887	2852	867	-2	-2	0	0	-2	80	72	90	58	935	570	206	-2	-2	135	131	147	120	-2	-2	-2	-2	-2	169	165	178	147	976	611	246	21	-1
1005001000	-2	3597	1155.556	1451.17	273.75	294.155	130.75	8.166	348.875	285.742	1220	348.875	0	0	2	9	9	3597	3224	2571	1014	-2	-2	0	0	-2	80	72	89	60	933	568	205	183	-2	134	127	142	120	-2	-2	-2	-2	-2	168	163	174	142	995	630	265	254	-1
1005001000	-2	3506	1016.444	1450.89	270.875	291.151	134	8.86	351.625	284.641	1059.444	351.625	0	0	3	9	9	3506	2791	2857	0	-2	-2	0	0	-2	78	73	90	60	925	560	201	180	-2	134	133	147	122	-2	-2	-2	-2	-2	170	169	179	146	996	631	266	256	-1
1005001000	-2	3489	1029.889	1351.31	268.75	290.252	134.75	9.284	352.125	285.014	1090.556	352.125	0	0	2	9	9	3489	2140	2959	687	-2	-2	0	0	-2	72	74	84	62	921	556	202	179	-2	134	137	147	121	-2	-2	-2	-2	-2	171	172	179	142	997	632	267	257	-1
1005001000	-2	3489	1029.889	1351.31	268.75	290.252	134.75	9.284	352.125	285.014	1090.556	352.125	0	0	2	9	9	3489	2140	2959	687	-2	-2	0	0	-2	72	74	84	62	921	556	202	179	-2	134	137	147	121	-2	-2	-2	-2	-2	171	172	179	142	997	632	267	257	-1
1006001000	-2	4181	857.667	1531.965	262.625	281.531	126.667	5.312	340.75	293.407	904.444	340.75	0	0	3	9	9	4181	3183	0	361	-2	-2	0	0	-2	78	73	74	64	898	535	204	175	-2	133	127	-2	120	-2	-2	-2	-2	-2	168	164	93	143	997	632	267	262	-1
1006001000	-2	4181	857.667	1531.965	262.625	281.531	126.667	5.312	340.75	293.407	904.444	340.75	0	0	3	9	9	4181	3183	0	361	-2	-2	0	0	-2	78	73	74	64	898	535	204	175	-2	133	127	-2	120	-2	-2	-2	-2	-2	168	164	93	143	997	632	267	262	-1
1007001000	-2	3176	687.111	1287.117	185.375	165.8	127.5	0.5	238.75	157.111	808.778	238.75	0	0	5	9	9	3176	3012	0	0	-2	0	0	0	-2	71	71	71	62	589	229	210	180	-2	128	127	-2	-2	-2	-2	-2	-2	-2	163	164	93	88	613	248	268	273	-1
1005001000	-2	4582	1393.556	1684.124	84.25	72.544	108.75	7.155	237.25	68.086	3425.556	257	0	0	4	9	9	4582	2221	3417	2324	0	0	0	0	-2	15	14	17	23	89	195	170	151	-2	113	98	107	117	-2	-2	-2	-2	-2	170	160	171	338	296	215	222	326	-1
1006002000	-2	1995	392.222	682.026	453.857	453.913	152.667	8.219	446	434.572	774.556	488.5	0	0	2	9	9	324	1219	1995	0	-2	-2	-2	0	-2	112	92	108	84	1292	927	562	-2	-2	154	142	162	-2	-2	-2	-2	-2	-2	183	177	194	140	1316	951	586	21	-1
1006002000	-2	2248	474.333	769.756	465.714	462.643	159.667	5.907	458.125	445.169	620.111	486.5	0	0	2	9	9	664	1365	2248	0	-2	-2	-2	0	-2	108	99	117	86	1315	950	585	-2	-2	156	155	168	-2	-2	-2	-2	-2	-2	186	187	198	139	1343	978	613	21	-1
1006005000	-2	4693	1262.111	1843.16	101.5	12.359	162	6.164	503.875	495.14	1288	546.75	0	0	2	9	9	2782	4693	3892	0	-2	-2	-2	0	-2	106	98	118	84	-2	-2	-2	-2	-2	161	155	170	-2	-2	-2	-2	-2	-2	193	193	203	139	1459	1094	729	21	-1
1006005000	-2	4693	1262.111	1843.16	101.5	12.359	162	6.164	503.875	495.14	1288	546.75	0	0	2	9	9	2782	4693	3892	0	-2	-2	-2	0	-2	106	98	118	84	-2	-2	-2	-2	-2	161	155	170	-2	-2	-2	-2	-2	-2	193	193	203	139	1459	1094	729	21	-1
1007005000	-2	5789	642.556	1819.543	402.75	363.439	134	3	251.125	336.132	1109.222	343.75	0	0	5	9	9	0	5789	0	0	-2	-2	0	0	-2	-2	60	-2	66	925	560	-2	-2	-2	-2	137	-2	131	-2	-2	-2	-2	-2	21	180	21	140	985	620	21	21	-1
1007005000	-2	5789	642.556	1819.543	402.75	363.439	134	3	251.125	336.132	1109.222	343.75	0	0	5	9	9	0	5789	0	0	-2	-2	0	0	-2	-2	60	-2	66	925	560	-2	-2	-2	-2	137	-2	131	-2	-2	-2	-2	-2	21	180	21	140	985	620	21	21	-1
1007003000	-2	3500	462.111	1093.939	236.667	223.931	117	11	214.375	208.42	1167.889	272	0	0	4	9	9	3500	0	0	665	-2	-2	0	0	-2	46	-2	74	56	591	505	-2	148	-2	128	-2	-2	106	-2	-2	-2	-2	-2	166	21	81	145	608	514	21	159	-1
1007003000	-2	3500	462.111	1093.939	236.667	223.931	117	11	214.375	208.42	1167.889	272	0	0	4	9	9	3500	0	0	665	-2	-2	0	0	-2	46	-2	74	56	591	505	-2	148	-2	128	-2	-2	106	-2	-2	-2	-2	-2	166	21	81	145	608	514	21	159	-1
1005001000	-2	4983	1375	1741.207	260	297.254	119.5	10.112	344.125	285.45	1482.889	344.125	0	0	2	9	9	3196	4983	2564	1638	-2	-2	0	0	-2	49	50	88	56	925	560	195	157	-2	120	116	135	107	-2	-2	-2	-2	-2	160	152	172	147	990	625	260	247	-1
1005001000	-2	4983	1375	1741.207	260	297.254	119.5	10.112	344.125	285.45	1482.889	344.125	0	0	2	9	9	3196	4983	2564	1638	-2	-2	0	0	-2	49	50	88	56	925	560	195	157	-2	120	116	135	107	-2	-2	-2	-2	-2	160	152	172	147	990	625	260	247	-1
1005001000	-2	4171	1321	1553.74	263.875	298.763	124.25	10.449	344.75	285.095	1310.111	344.75	0	0	2	9	9	2777	4171	2682	2265	-2	-2	0	0	-2	51	51	89	57	931	566	201	165	-2	130	118	138	111	-2	-2	-2	-2	-2	163	153	173	146	990	625	260	248	-1
1005001000	-2	4171	1321	1553.74	263.875	298.763	124.25	10.449	344.75	285.095	1310.111	344.75	0	0	2	9	9	2777	4171	2682	2265	-2	-2	0	0	-2	51	51	89	57	931	566	201	165	-2	130	118	138	111	-2	-2	-2	-2	-2	163	153	173	146	990	625	260	248	-1
1005002000	-2	3428	1151.111	1328.969	278.714	317.728	122.25	9.01	315.875	305.37	1198.667	345.625	0	0	2	9	9	2189	3428	2347	2402	-2	-2	0	0	-2	54	53	82	57	933	568	204	-2	-2	124	117	136	112	-2	-2	-2	-2	-2	158	152	169	146	992	627	262	21	-1
1005002000	-2	3428	1151.111	1328.969	278.714	317.728	122.25	9.01	315.875	305.37	1198.667	345.625	0	0	2	9	9	2189	3428	2347	2402	-2	-2	0	0	-2	54	53	82	57	933	568	204	-2	-2	124	117	136	112	-2	-2	-2	-2	-2	158	152	169	146	992	627	262	21	-1
1005001000	-2	3636	1259.333	1457.43	264	300.034	120.5	6.576	345.375	286.991	1278.333	345.375	0	0	2	9	9	2267	3636	3072	2365	-2	-2	0	0	-2	56	55	72	55	933	568	205	168	-2	123	116	130	113	-2	-2	-2	-2	-2	157	149	165	148	993	628	263	260	-1
1005001000	-2	3636	1259.333	1457.43	264	300.034	120.5	6.576	345.375	286.991	1278.333	345.375	0	0	2	9	9	2267	3636	3072	2365	-2	-2	0	0	-2	56	55	72	55	933	568	205	168	-2	123	116	130	113	-2	-2	-2	-2	-2	157	149	165	148	993	628	263	260	-1
1005001000	-2	3708	1239.556	1439.43	261.375	295.525	124.75	8.074	347.75	286.799	1246	347.75	0	0	2	9	9	2665	3708	2675	2114	-2	-2	0	0	-2	59	62	71	54	923	558	196	168	-2	126	121	137	115	-2	-2	-2	-2	-2	159	157	172	142	995	630	265	262	-1
1005001000	-2	3708	1239.556	1439.43	261.375	295.525	124.75	8.074	347.75	286.799	1246	347.75	0	0	2	9	9	2665	3708	2675	2114	-2	-2	0	0	-2	59	62	71	54	923	558	196	168	-2	126	121	137	115	-2	-2	-2	-2	-2	159	157	172	142	995	630	265	262	-1
1006001000	-2	3849	967.111	1477.29	262.875	294.787	120	2.828	335.125	295.527	970	335.125	0	0	3	9	9	3276	3849	0	1585	-2	-2	0	0	-2	60	66	72	55	923	558	200	169	-2	122	122	-2	116	-2	-2	-2	-2	-2	156	159	82	142	995	630	265	252	-1
1006001000	-2	3852	967.444	1477.941	262.875	294.787	120	2.828	335.125	295.527	970	335.125	0	0	3	9	9	3276	3852	0	1585	-2	-2	0	0	-2	60	66	72	55	923	558	200	169	-2	122	122	-2	116	-2	-2	-2	-2	-2	156	159	82	142	995	630	265	252	-1
1006001000	-2	4224	845.222	1470.289	264.75	294.425	124.333	3.3	338.875	295.478	845.889	338.875	0	0	3	9	9	2767	4224	0	622	-2	-2	0	0	-2	61	68	72	58	924	559	202	174	-2	128	125	-2	120	-2	-2	-2	-2	-2	163	162	82	143	998	633	268	262	-1
1006001000	-2	4224	845.222	1470.289	264.75	294.425	124.333	3.3	338.875	295.478	845.889	338.875	0	0	3	9	9	2767	4224	0	622	-2	-2	0	0	-2	61	68	72	58	924	559	202	174	-2	128	125	-2	120	-2	-2	-2	-2	-2	163	162	82	143	998	633	268	262	-1
1006001000	-2	4056	877.556	1499.119	264.5	291.82	125	3.742	339.5	295.148	923	339.5	0	0	3	9	9	3209	4056	0	639	-2	-2	0	0	-2	61	65	72	58	918	553	206	183	-2	129	126	-2	120	-2	-2	-2	-2	-2	165	164	82	143	998	633	268	263	-1
1006001000	-2	4056	877.556	1499.119	264.5	291.82	125	3.742	339.5	295.148	923	339.5	0	0	3	9	9	3209	4056	0	639	-2	-2	0	0	-2	61	65	72	58	918	553	206	183	-2	129	126	-2	120	-2	-2	-2	-2	-2	165	164	82	143	998	633	268	263	-1
1005001000	-2	3299	1237.556	1500.21	220.875	208.887	124	5.958	302.25	192.434	1355	302.25	0	0	2	9	9	3285	3299	3272	1288	-2	-2	0	0	-2	61	63	68	54	602	537	205	177	-2	119	123	134	120	-2	-2	-2	-2	-2	159	161	168	143	614	638	273	262	-1
1005001000	-2	3299	1237.556	1500.21	220.875	208.887	124	5.958	302.25	192.434	1355	302.25	0	0	2	9	9	3285	3299	3272	1288	-2	-2	0	0	-2	61	63	68	54	602	537	205	177	-2	119	123	134	120	-2	-2	-2	-2	-2	159	161	168	143	614	638	273	262	-1
1005001000	-2	2353	722.111	908.936	150.375	155.253	121	13.096	263.5	117.237	1757.444	263.5	0	0	3	9	9	2353	2047	1360	743	-2	0	0	0	-2	35	27	29	45	516	213	178	160	-2	121	100	135	128	-2	-2	-2	-2	-2	165	146	174	311	535	229	297	251	-1
1007004000	-2	1561	221.111	493.029	584.2	459.942	148	4	424	478.841	802.111	493	0	0	3	9	9	437	1561	0	0	-2	-2	-2	0	-2	103	91	-2	-2	1274	909	544	-2	-2	152	144	-2	-2	-2	-2	-2	-2	-2	181	178	21	21	1355	990	625	21	-1
1009005000	-2	0	-0.889	0.994	727.25	455.581	-0.01	-0.01	395	489.216	1297.222	486.25	0	0	5	9	9	0	0	0	0	-2	-2	-2	0	-2	-2	-2	-2	77	1309	944	579	-2	-2	-2	-2	-2	-2	-2	-2	-2	-2	-2	21	21	21	139	1344	979	614	21	-1
1009005000	-2	0	-0.889	0.994	727.25	455.581	-0.01	-0.01	395	489.216	1297.222	486.25	0	0	5	9	9	0	0	0	0	-2	-2	-2	0	-2	-2	-2	-2	77	1309	944	579	-2	-2	-2	-2	-2	-2	-2	-2	-2	-2	-2	21	21	21	139	1344	979	614	21	-1
1008006000	-2	0	-0.444	0.831	384.667	370.586	124	0	187.625	314.547	1358.889	352.5	0	0	7	9	9	0	0	0	0	-2	0	0	0	-2	-2	-2	-2	64	904	-2	186	-2	-2	-2	-2	-2	124	-2	-2	-2	-2	-2	21	21	21	144	991	21	261	21	-1
1008006000	-2	0	-0.444	0.831	384.667	370.586	124	0	187.625	314.547	1358.889	352.5	0	0	7	9	9	0	0	0	0	-2	0	0	0	-2	-2	-2	-2	64	904	-2	186	-2	-2	-2	-2	-2	124	-2	-2	-2	-2	-2	21	21	21	144	991	21	261	21	-1
1008002000	-2	3139	348.333	986.65	177.714	174.129	104	0	209.25	174.911	596.778	224.125	0	0	6	9	9	3139	0	0	0	-2	0	0	0	-2	41	-2	59	37	574	218	167	148	-2	104	-2	-2	-2	-2	-2	-2	-2	-2	147	21	83	51	606	241	276	249	-1
1008002000	-2	2761	306.333	867.856	177.714	174.129	104	0	209.25	174.911	596.778	224.125	0	0	6	9	9	2761	0	0	0	-2	0	0	0	-2	41	-2	59	37	574	218	167	148	-2	104	-2	-2	-2	-2	-2	-2	-2	-2	147	21	83	51	606	241	276	249	-1
1007001000	-2	3536	778	1457.187	253.25	299.159	108	3	322.5	307.865	778.556	322.5	0	0	4	9	9	3536	3472	0	0	-2	-2	0	0	-2	44	38	66	43	920	555	191	169	-2	111	105	-2	-2	-2	-2	-2	-2	-2	151	141	83	51	1000	635	270	249	-1
1007001000	-2	3536	778	1457.187	253.25	299.159	108	3	322.5	307.865	778.556	322.5	0	0	4	9	9	3536	3472	0	0	-2	-2	0	0	-2	44	38	66	43	920	555	191	169	-2	111	105	-2	-2	-2	-2	-2	-2	-2	151	141	83	51	1000	635	270	249	-1
1005001000	-2	3375	1435.444	1609.473	252.125	299.867	110.75	11.366	341.625	289.022	1436.111	341.625	0	0	2	9	9	3357	3200	2993	3375	-2	-2	0	0	-2	45	46	65	28	920	555	190	168	-2	111	104	129	99	-2	-2	-2	-2	-2	148	141	165	146	993	628	263	249	-1
1005001000	-2	3375	1435.444	1609.473	252.125	299.867	110.75	11.366	341.625	289.022	1436.111	341.625	0	0	2	9	9	3357	3200	2993	3375	-2	-2	0	0	-2	45	46	65	28	920	555	190	168	-2	111	104	129	99	-2	-2	-2	-2	-2	148	141	165	146	993	628	263	249	-1
1005002000	-2	3446	1414.556	1589.524	260.571	313.34	112	9.028	312.75	308.093	1460.222	343.125	0	0	2	9	9	3446	3150	2853	3288	-2	-2	0	0	-2	45	47	65	49	910	545	-2	163	-2	110	103	127	108	-2	-2	-2	-2	-2	146	139	163	148	994	629	21	262	-1
1005002000	-2	3446	1414.556	1589.524	260.571	313.34	112	9.028	312.75	308.093	1460.222	343.125	0	0	2	9	9	3446	3150	2853	3288	-2	-2	0	0	-2	45	47	65	49	910	545	-2	163	-2	110	103	127	108	-2	-2	-2	-2	-2	146	139	163	148	994	629	21	262	-1
1005002000	-2	3767	1491	1677.998	260.857	314.488	113.75	7.726	313.25	308.358	1476.556	343.75	0	0	2	9	9	3767	3384	3024	3250	-2	-2	0	0	-2	48	48	64	42	912	547	-2	165	-2	111	108	127	109	-2	-2	-2	-2	-2	148	141	163	146	995	630	21	262	-1
1005002000	-2	3767	1491	1677.998	260.857	314.488	113.75	7.726	313.25	308.358	1476.556	343.75	0	0	2	9	9	3767	3384	3024	3250	-2	-2	0	0	-2	48	48	64	42	912	547	-2	165	-2	111	108	127	109	-2	-2	-2	-2	-2	148	141	163	146	995	630	21	262	-1
1005001000	-2	4261	1585.444	1800.825	251.75	295.154	116	7.246	345.875	288.228	1543	345.875	0	0	2	9	9	3720	4261	3085	3209	-2	-2	0	0	-2	49	49	63	42	912	547	192	160	-2	112	115	128	109	-2	-2	-2	-2	-2	149	149	164	148	995	630	265	267	-1
1005001000	-2	4261	1585.444	1800.825	251.75	295.154	116	7.246	345.875	288.228	1543	345.875	0	0	2	9	9	3720	4261	3085	3209	-2	-2	0	0	-2	49	49	63	42	912	547	192	160	-2	112	115	128	109	-2	-2	-2	-2	-2	149	149	164	148	995	630	265	267	-1
1005001000	-2	3963	1389.222	1596.203	248.875	293.32	115.25	7.822	347.5	290.734	1396.444	347.5	0	0	2	9	9	3257	3963	2641	2648	-2	-2	0	0	-2	51	49	62	29	905	540	193	162	-2	111	117	127	106	-2	-2	-2	-2	-2	149	153	163	143	1001	636	271	264	-1
1005001000	-2	3963	1389.222	1596.203	248.875	293.32	115.25	7.822	347.5	290.734	1396.444	347.5	0	0	2	9	9	3257	3963	2641	2648	-2	-2	0	0	-2	51	49	62	29	905	540	193	162	-2	111	117	127	106	-2	-2	-2	-2	-2	149	153	163	143	1001	636	271	264	-1
1005001000	-2	4554	1450.111	1702.189	246.25	291.944	120.25	6.61	349.125	289.646	1450.778	349.125	0	0	2	9	9	3078	4554	2520	2905	-2	-2	0	0	-2	52	48	55	25	899	535	194	162	-2	125	119	127	110	-2	-2	-2	-2	-2	158	157	163	143	1001	636	271	264	-1
1005001000	-2	4632	1532.556	1787.725	207.75	213.95	113	3.674	299.625	195.29	1585	299.625	0	0	2	9	9	2743	4632	2832	3592	-2	-2	0	0	-2	51	45	47	24	592	534	198	171	-2	111	116	117	108	-2	-2	-2	-2	-2	150	157	156	143	618	637	272	264	-1
1005001000	-2	4632	1532.556	1787.725	207.75	213.95	113	3.674	299.625	195.29	1585	299.625	0	0	2	9	9	2743	4632	2832	3592	-2	-2	0	0	-2	51	45	47	24	592	534	198	171	-2	111	116	117	108	-2	-2	-2	-2	-2	150	157	156	143	618	637	272	264	-1
1005001000	-2	4934	1752.222	2007.4	119.875	85.202	111.5	7.124	208.75	60.421	1781.556	208.75	0	0	4	9	9	3378	4934	3331	4129	0	0	0	0	-2	50	44	31	24	236	221	187	166	-2	111	113	121	101	-2	-2	-2	-2	-2	148	151	155	143	259	254	291	269	-1
1002001000	-2	6152	1679	2162.098	66.875	60.238	165.714	90.244	235.75	97.063	3180.111	235.75	0	0	4	9	9	4317	2025	6152	2619	0	0	0	0	-2	12	10	13	18	54	148	145	135	-2	97	82	87	87	248	-2	290	269	-2	146	124	147	141	331	309	337	351	-1
1002001000	-2	5627	1473.667	1910	66.875	60.238	165.714	90.244	235.75	97.063	3180.111	235.75	0	0	4	9	9	3300	1713	5627	2625	0	0	0	0	-2	12	10	13	18	54	148	145	135	-2	97	82	87	87	248	-2	290	269	-2	146	124	147	141	331	309	337	351	-1
1006003000	-2	1430	168.556	446.995	510.667	471.13	137.667	8.179	436.875	467.617	585.111	489.5	0	0	3	9	9	95	1430	0	0	-2	-2	-2	0	-2	100	88	-2	80	1297	932	567	-2	-2	148	137	-2	128	-2	-2	-2	-2	-2	176	172	21	141	1353	988	623	21	-1
1006003000	-2	1181	197.222	395.067	335.167	328.416	136.333	8.179	291.5	305.847	591.222	349.5	0	0	4	9	9	600	1181	0	0	-2	-2	0	0	-2	94	78	-2	78	952	587	222	-2	-2	146	137	-2	126	-2	-2	-2	-2	-2	176	173	21	141	965	600	235	21	-1
1006003000	-2	4347	942.778	1766.549	507	468.313	145.333	13.199	443.75	469.669	1437.222	493.875	0	0	3	9	9	4146	0	4347	0	-2	-2	-2	0	-2	88	-2	113	66	1290	925	560	-2	-2	148	-2	160	128	-2	-2	-2	-2	-2	181	21	195	141	1362	997	632	21	-1
1008003000	-2	2193	243.222	689.351	209.167	176.991	118	0	209.5	175.741	1147	254.25	0	0	6	9	9	2193	0	0	0	-2	0	0	0	-2	49	-2	-2	59	580	215	176	176	-2	118	-2	-2	-2	-2	-2	-2	-2	-2	164	21	21	106	605	226	262	271	-1
1005001000	-2	4998	1110.778	1676.255	174.75	164.947	126	14.95	254.25	140.067	1147	254.25	0	0	3	9	9	3091	1080	4998	832	-2	0	0	0	-2	49	47	97	58	580	215	176	176	-2	118	123	151	112	-2	-2	-2	-2	-2	164	164	184	144	605	240	262	271	-1
1007002000	-2	2226	380.889	752.7	91	72.115	92	3	145.625	97.069	709.444	166.75	0	0	6	9	9	1204	2226	0	0	0	0	0	0	-2	36	27	49	12	208	-2	156	149	-2	89	95	-2	-2	-2	-2	-2	-2	-2	133	132	85	19	225	21	278	272	-1
1007002000	-2	2226	380.889	752.7	91	72.115	92	3	145.625	97.069	709.444	166.75	0	0	6	9	9	1204	2226	0	0	0	0	0	0	-2	36	27	49	12	208	-2	156	149	-2	89	95	-2	-2	-2	-2	-2	-2	-2	133	132	85	19	225	21	278	272	-1
1007001000	-2	3628	789.111	1478.307	240.75	299.415	101	2	321.25	314.439	800.889	321.25	0	0	4	9	9	3480	3628	0	0	-2	-2	0	0	-2	40	30	52	9	906	543	178	168	-2	103	99	-2	-2	-2	-2	-2	-2	-2	139	135	85	19	1006	641	276	269	-1
1007001000	-2	3627	789	1478.094	240.75	299.415	101	2	321.25	314.439	800.889	321.25	0	0	4	9	9	3480	3627	0	0	-2	-2	0	0	-2	40	30	52	9	906	543	178	168	-2	103	99	-2	-2	-2	-2	-2	-2	-2	139	135	85	19	1006	641	276	269	-1
1006002000	-2	3972	1184.889	1695.697	252.857	321.436	108.667	11.614	294.375	321.563	1185.444	325.125	0	0	3	9	9	3972	3740	2958	0	-2	-2	0	0	-2	42	32	57	9	914	549	-2	167	-2	102	99	125	-2	-2	-2	-2	-2	-2	139	136	161	19	997	632	21	250	-1
1006002000	-2	3972	1184.889	1695.697	252.857	321.436	108.667	11.614	294.375	321.563	1185.444	325.125	0	0	3	9	9	3972	3740	2958	0	-2	-2	0	0	-2	42	32	57	9	914	549	-2	167	-2	102	99	125	-2	-2	-2	-2	-2	-2	139	136	161	19	997	632	21	250	-1
1005002000	-2	4741	1842.333	2075.52	164.571	191.963	101	7.969	215.5	170.493	1387.444	231.5	0	0	3	9	9	4026	4741	3720	4098	-2	0	0	0	-2	42	31	52	31	600	235	-2	161	-2	101	95	114	94	-2	-2	-2	-2	-2	139	132	150	135	624	259	21	264	-1
1005002000	-2	4741	1842.333	2075.52	164.571	191.963	101	7.969	215.5	170.493	1387.444	231.5	0	0	3	9	9	4026	4741	3720	4098	-2	0	0	0	-2	42	31	52	31	600	235	-2	161	-2	101	95	114	94	-2	-2	-2	-2	-2	139	132	150	135	624	259	21	264	-1
1005002000	-2	4037	1605.444	1810.75	163	189.553	101.75	6.722	218	169.751	1157.222	233.125	0	0	3	9	9	3786	3535	3095	4037	-2	0	0	0	-2	42	32	51	33	594	230	-2	159	-2	103	94	112	98	-2	-2	-2	-2	-2	142	132	150	148	624	259	21	268	-1
1005002000	-2	4037	1605.444	1810.75	163	189.553	101.75	6.722	218	169.751	1157.222	233.125	0	0	3	9	9	3786	3535	3095	4037	-2	0	0	0	-2	42	32	51	33	594	230	-2	159	-2	103	94	112	98	-2	-2	-2	-2	-2	142	132	150	148	624	259	21	268	-1
1006001000	-2	4022	1176.667	1682.194	166.125	182.976	104	8.602	233.625	168.499	1177.111	233.625	0	0	4	9	9	4022	3566	3006	0	-2	0	0	0	-2	44	40	50	11	606	241	182	155	-2	103	94	115	-2	-2	-2	-2	-2	-2	142	134	153	19	625	260	271	265	-1
1006001000	-2	4022	1176.667	1682.194	166.125	182.976	104	8.602	233.625	168.499	1177.111	233.625	0	0	4	9	9	4022	3566	3006	0	-2	0	0	0	-2	44	40	50	11	606	241	182	155	-2	103	94	115	-2	-2	-2	-2	-2	-2	142	134	153	19	625	260	271	265	-1
1006001000	-2	3790	1136.222	1623.831	237.875	289.535	107	7.118	328.875	306.062	1136.778	328.875	0	0	3	9	9	3790	3565	2877	0	-2	-2	0	0	-2	45	42	47	11	881	529	192	156	-2	103	101	117	-2	-2	-2	-2	-2	-2	143	141	156	19	1001	636	271	264	-1
1006001000	-2	3790	1136.222	1623.831	237.875	289.535	107	7.118	328.875	306.062	1136.778	328.875	0	0	3	9	9	3790	3565	2877	0	-2	-2	0	0	-2	45	42	47	11	881	529	192	156	-2	103	101	117	-2	-2	-2	-2	-2	-2	143	141	156	19	1001	636	271	264	-1
1006001000	-2	4340	1259.111	1798.721	157.125	173.425	103.333	9.393	235	169.094	1259.556	235	0	0	4	9	9	4340	3697	3299	0	-2	0	0	0	-2	42	40	39	9	573	223	178	153	-2	103	92	115	-2	-2	-2	-2	-2	-2	144	136	154	19	628	263	272	264	-1
1006001000	-2	4340	1259.111	1798.721	157.125	173.425	103.333	9.393	235	169.094	1259.556	235	0	0	4	9	9	4340	3697	3299	0	-2	0	0	0	-2	42	40	39	9	573	223	178	153	-2	103	92	115	-2	-2	-2	-2	-2	-2	144	136	154	19	628	263	272	264	-1
1006001000	-2	4074	1280.778	1819.776	121.625	96.898	103.333	10.209	193.875	90.295	1241.333	193.875	0	0	5	9	9	4074	4029	3426	0	0	0	0	0	-2	39	40	31	10	281	216	190	166	-2	103	91	116	-2	-2	-2	-2	-2	-2	142	136	153	19	293	266	273	269	-1
1006001000	-2	4074	1280.778	1819.776	121.625	96.898	103.333	10.209	193.875	90.295	1241.333	193.875	0	0	5	9	9	4074	4029	3426	0	0	0	0	0	-2	39	40	31	10	281	216	190	166	-2	103	91	116	-2	-2	-2	-2	-2	-2	142	136	153	19	293	266	273	269	-1
1003002000	-2	5957	1097.111	2018.788	38.571	39.417	155	76.437	281.625	180.081	4091	291.5	0	0	2	9	9	3433	491	5957	0	-2	0	-2	-1	-2	10	8	17	14	21	90	110	-2	-2	82	78	86	-2	183	248	253	-2	-2	141	128	147	51	492	350	580	364	-1
1003001000	-2	4126	836.556	1345.533	81.375	64.961	145	80.881	215.125	89.148	2482	215.875	0	0	4	9	9	2063	1125	4126	217	0	0	0	0	-2	13	13	23	22	118	168	150	144	-2	95	76	99	83	-2	-2	270	247	-2	137	114	145	111	290	310	307	307	-1
1006001000	-2	5237	1318.889	1941.418	280.375	303.172	139.333	8.34	344.75	283.252	1634.444	349.75	0	0	3	9	9	5237	3557	3082	0	-2	-2	0	0	-2	73	61	96	58	954	589	224	188	-2	132	135	151	-2	-2	-2	-2	-2	-2	169	174	184	103	984	619	254	271	-1
1006001000	-2	5237	1318.889	1941.418	280.375	303.172	139.333	8.34	344.75	283.252	1634.444	349.75	0	0	3	9	9	5237	3557	3082	0	-2	-2	0	0	-2	73	61	96	58	954	589	224	188	-2	132	135	151	-2	-2	-2	-2	-2	-2	169	174	184	103	984	619	254	271	-1
1005001000	-2	4010	1306.778	1581.854	159.25	163.749	117.25	12.437	254.75	145.267	1787.222	254.75	0	0	3	9	9	2044	3669	4010	2042	-2	0	0	0	-2	44	39	66	37	561	199	171	157	-2	110	118	137	104	-2	-2	-2	-2	-2	156	157	172	144	615	250	271	273	-1
1005001000	-2	4010	1306.778	1581.854	159.25	163.749	117.25	12.437	254.75	145.267	1787.222	254.75	0	0	3	9	9	2044	3669	4010	2042	-2	0	0	0	-2	44	39	66	37	561	199	171	157	-2	110	118	137	104	-2	-2	-2	-2	-2	156	157	172	144	615	250	271	273	-1
1005001000	-2	2722	786.444	1122.722	90.25	67.067	129.75	62.539	173.875	82.537	986	185.125	0	0	5	9	9	2126	2722	2232	0	0	0	0	0	-2	29	25	39	8	184	162	147	128	-2	87	82	114	-2	-2	-2	-2	236	-2	130	126	150	21	226	173	279	286	-1
1005001000	-2	2525	751.333	1070.046	90.25	67.067	129.75	62.539	173.875	82.537	986	185.125	0	0	5	9	9	2007	2525	2232	0	0	0	0	0	-2	29	25	39	8	184	162	147	128	-2	87	82	114	-2	-2	-2	-2	236	-2	130	126	150	21	226	173	279	286	-1
1006002000	-2	3749	1200.222	1700.776	136.714	159.534	94.667	12.284	180.625	146.441	1200.667	212.625	0	0	4	9	9	3749	3382	3675	0	0	-2	0	0	-2	38	26	40	8	197	492	-2	156	-2	87	85	112	-2	-2	-2	-2	-2	-2	128	126	148	21	227	502	21	272	-1
1006002000	-2	3749	1200.222	1700.776	136.714	159.534	94.667	12.284	180.625	146.441	1200.667	212.625	0	0	4	9	9	3749	3382	3675	0	0	-2	0	0	-2	38	26	40	8	197	492	-2	156	-2	87	85	112	-2	-2	-2	-2	-2	-2	128	126	148	21	227	502	21	272	-1
1006001000	-2	3619	1055.333	1519.506	232.25	291.738	96.667	10.143	324.5	307.964	1172.111	325.375	0	0	3	9	9	3619	3384	2501	0	-2	-2	0	0	-2	38	29	41	8	883	521	177	161	-2	90	89	111	-2	-2	-2	-2	-2	-2	132	129	148	20	1000	635	270	262	-1
1005001000	-2	4297	1176.889	1724.272	155.75	178.767	128.75	61.759	231.125	171.35	1177.444	231.125	0	0	4	9	9	4297	3828	2471	0	-2	0	0	0	-2	38	28	32	8	583	229	176	152	-2	88	87	105	-2	-2	-2	-2	235	-2	129	126	141	22	628	263	271	269	-1
1005001000	-2	4297	1176.889	1724.272	155.75	178.767	128.75	61.759	231.125	171.35	1177.444	231.125	0	0	4	9	9	4297	3828	2471	0	-2	0	0	0	-2	38	28	32	8	583	229	176	152	-2	88	87	105	-2	-2	-2	-2	235	-2	129	126	141	22	628	263	271	269	-1
1005001000	-2	4444	1304.333	1860.099	154.75	176.064	129.25	59.34	232.5	171.346	1304.778	232.5	0	0	4	9	9	4444	3829	3470	0	-2	0	0	0	-2	39	29	40	8	579	216	173	154	-2	89	88	109	-2	-2	-2	-2	231	-2	131	127	145	20	628	263	273	273	-1
1005001000	-2	4444	1304.333	1860.099	154.75	176.064	129.25	59.34	232.5	171.346	1304.778	232.5	0	0	4	9	9	4444	3829	3470	0	-2	0	0	0	-2	39	29	40	8	579	216	173	154	-2	89	88	109	-2	-2	-2	-2	231	-2	131	127	145	20	628	263	273	273	-1
1005001000	-2	4530	1245.889	1814.89	153.875	177.597	130.5	64.251	231.875	171.03	1246.333	231.875	0	0	4	9	9	4530	3950	2737	0	-2	0	0	0	-2	37	29	25	9	579	218	179	155	-2	89	86	106	-2	-2	-2	-2	241	-2	131	128	143	20	627	262	273	271	-1
1005001000	-2	4530	1245.889	1814.89	153.875	177.597	130.5	64.251	231.875	171.03	1246.333	231.875	0	0	4	9	9	4530	3950	2737	0	-2	0	0	0	-2	37	29	25	9	579	218	179	155	-2	89	86	106	-2	-2	-2	-2	241	-2	131	128	143	20	627	262	273	271	-1
1005001000	-2	4564	1291	1859.167	154.375	177.284	136.25	68.86	236	172.266	1291.667	236	0	0	4	9	9	4564	3956	3103	0	-2	0	0	0	-2	34	30	25	10	577	222	181	156	-2	90	93	107	-2	-2	-2	-2	255	-2	133	133	146	20	632	267	274	283	-1
1005001000	-2	4564	1291	1859.167	154.375	177.284	136.25	68.86	236	172.266	1291.667	236	0	0	4	9	9	4564	3956	3103	0	-2	0	0	0	-2	34	30	25	10	577	222	181	156	-2	90	93	107	-2	-2	-2	-2	255	-2	133	133	146	20	632	267	274	283	-1
1005001000	-2	4671	1266.778	1850.058	107.75	90.465	128	61.664	187.25	89.263	1267.444	187.25	0	0	5	9	9	4671	3986	2746	0	0	0	0	0	-2	23	29	24	9	247	206	176	148	-2	86	87	105	-2	-2	-2	-2	234	-2	130	129	142	20	260	267	275	275	-1
1005001000	-2	4671	1266.778	1850.058	107.75	90.465	128	61.664	187.25	89.263	1267.444	187.25	0	0	5	9	9	4671	3986	2746	0	0	0	0	0	-2	23	29	24	9	247	206	176	148	-2	86	87	105	-2	-2	-2	-2	234	-2	130	129	142	20	260	267	275	275	-1
1004001000	-2	4012	1651.222	1788.928	97.125	80.069	113.8	59.61	205	80.07	1664.111	205	0	0	3	9	9	4012	3819	3143	3560	0	0	0	329	-2	18	28	19	9	193	194	172	144	-2	81	86	97	73	-2	-2	-2	232	-2	122	127	136	120	260	284	314	277	-1
1002002000	-2	4851	1859.333	1604.915	57.429	43.184	147.429	68.437	208.75	125.479	4278.444	217.375	0	0	1	9	9	4851	240	3600	0	969	2598	2364	2114	-2	9	8	28	-2	41	104	117	95	-2	67	57	83	-2	209	212	208	196	-2	112	99	125	21	349	350	348	266	-1
1002002000	-2	4851	1859.333	1604.915	57.429	43.184	147.429	68.437	208.75	125.479	4278.444	217.375	0	0	1	9	9	4851	240	3600	0	969	2598	2364	2114	-2	9	8	28	-2	41	104	117	95	-2	67	57	83	-2	209	212	208	196	-2	112	99	125	21	349	350	348	266	-1
1004001000	-2	3175	900	1146.28	163	168.846	131.4	51.937	254.25	156.213	2021.111	254.25	0	0	2	9	9	2375	1753	3175	417	-2	0	0	384	-2	45	38	56	31	572	207	180	175	-2	108	106	122	88	-2	-2	-2	233	-2	146	142	156	125	632	267	279	287	-1
1005001000	-2	3166	1185.333	1342.882	100.5	72.21	130	46.395	193.625	91.093	1405.778	193.625	0	0	4	9	9	2570	2660	3166	0	0	0	0	2274	-2	39	30	42	13	211	170	154	145	-2	92	103	116	-2	-2	-2	-2	209	-2	134	138	153	21	252	265	289	297	-1
1005002000	-2	3490	687.889	1300.752	73.857	64.435	166	83.651	143.25	108.963	849	173.5	0	0	6	9	9	2703	3490	0	0	0	0	0	0	-2	23	22	24	8	172	-2	141	127	-2	85	82	-2	-2	-2	-2	268	229	-2	125	126	35	21	232	21	290	296	-1
1005002000	-2	3474	597.778	1178.186	73.857	64.435	166	83.651	143.25	108.963	849	173.5	0	0	6	9	9	1908	3474	0	0	0	0	0	0	-2	23	22	24	8	172	-2	141	127	-2	85	82	-2	-2	-2	-2	268	229	-2	125	126	35	21	232	21	290	296	-1
1004001000	-2	5170	1750.333	2018.767	91.75	73.181	116.8	63.332	189.75	68.552	1750.667	189.75	0	0	4	9	9	5170	3189	3735	3661	0	0	0	0	-2	23	23	24	8	187	166	146	157	-2	84	81	103	74	-2	-2	-2	242	-2	124	124	140	116	228	212	278	296	-1
1004001000	-2	5170	1750.333	2018.767	91.75	73.181	116.8	63.332	189.75	68.552	1750.667	189.75	0	0	4	9	9	5170	3189	3735	3661	0	0	0	0	-2	23	23	24	8	187	166	146	157	-2	84	81	103	74	-2	-2	-2	242	-2	124	124	140	116	228	212	278	296	-1
1003001000	-2	4509	1555.333	1788.275	95.5	77.521	135.167	75.81	184.875	67.538	1555.556	184.875	0	0	4	9	9	4509	2808	3288	3395	0	0	0	0	-2	22	24	22	8	190	187	155	156	-2	81	77	98	72	-2	-2	251	232	-2	119	120	135	111	227	210	273	284	-1
1003001000	-2	4415	1492.222	1720.71	95.5	77.521	135.167	75.81	184.875	67.538	1555.556	184.875	0	0	4	9	9	4415	2769	3194	3054	0	0	0	0	-2	22	24	22	8	190	187	155	156	-2	81	77	98	72	-2	-2	251	232	-2	119	120	135	111	227	210	273	284	-1
1003001000	-2	4055	1404.556	1607.975	95.125	79.631	131.5	74.39	191.125	73.659	1471.222	191	0	0	3	9	9	4055	3692	1946	2661	0	0	0	289	-2	20	20	21	8	193	198	156	145	-2	78	76	92	71	-2	-2	246	226	-2	118	118	131	110	228	263	278	283	-1
1003001000	-2	4237	1471	1677.072	95.125	79.631	131.333	74.527	191	73.797	1471.222	191	0	0	3	9	9	4237	3748	2033	2927	0	0	0	296	-2	20	20	21	8	193	198	156	145	-2	78	76	92	70	-2	-2	246	226	-2	118	118	131	109	228	263	278	283	-1
1003001000	-2	4160	1481.667	1667.446	95.375	80.264	132.667	76.45	192.875	76.83	1481.889	192.875	0	0	3	9	9	4160	4032	2059	2596	0	0	0	490	-2	20	20	19	7	195	193	161	148	-2	78	76	93	69	-2	-2	250	230	-2	116	116	131	109	228	281	279	283	-1
1003001000	-2	4160	1481.667	1667.446	95.375	80.264	132.667	76.45	192.875	76.83	1481.889	192.875	0	0	3	9	9	4160	4032	2059	2596	0	0	0	490	-2	20	20	19	7	195	193	161	148	-2	78	76	93	69	-2	-2	250	230	-2	116	116	131	109	228	281	279	283	-1
1003001000	-2	4159	1579.889	1697.505	97.75	84.457	136.167	83.405	194.625	77.28	1580	194.625	0	0	3	9	9	4002	4159	2561	2846	0	0	0	653	-2	18	21	16	7	215	193	168	144	-2	77	75	93	68	-2	-2	276	228	-2	116	116	131	111	241	281	278	283	-1
1003001000	-2	4159	1579.889	1697.505	97.75	84.457	136.167	83.405	194.625	77.28	1580	194.625	0	0	3	9	9	4002	4159	2561	2846	0	0	0	653	-2	18	21	16	7	215	193	168	144	-2	77	75	93	68	-2	-2	276	228	-2	116	116	131	111	241	281	278	283	-1
1004001000	-2	4152	1794.222	1748.256	92.125	78.907	105.6	56.316	195.875	78.287	1794.556	195.875	0	0	3	9	9	4152	3995	3406	3045	0	0	0	1552	-2	14	21	17	8	190	187	168	132	-2	74	76	93	68	-2	-2	-2	217	-2	114	118	131	112	243	286	279	284	-1
1004001000	-2	4152	1793.333	1748.381	92.125	78.907	105.6	56.316	195.875	78.287	1794.556	195.875	0	0	3	9	9	4152	3995	3406	3045	0	0	0	1544	-2	14	21	17	8	190	187	168	132	-2	74	76	93	68	-2	-2	-2	217	-2	114	118	131	112	243	286	279	284	-1
1003001000	-2	3697	1748.556	1646.675	83.5	72.377	129.167	80.947	201.25	87.136	1748.778	201.25	0	0	3	9	9	3697	3547	3552	3119	0	0	0	1824	-2	13	20	9	7	153	175	163	128	-2	69	75	86	64	-2	-2	271	210	-2	109	118	127	107	261	285	312	291	-1
1003001000	-2	2684	1122.889	921.507	87.125	76.04	123.5	72.189	205.375	95.686	3284.111	205.375	0	0	2	9	9	1686	2163	2684	1232	0	0	1209	1134	-2	13	10	13	10	178	168	156	149	-2	79	68	79	65	-2	-2	235	215	-2	116	105	120	101	308	309	311	273	-1
1004001000	-2	3780	1489.333	1529.259	94.5	73.553	114.4	46.289	207.75	77.019	2178.444	207.75	0	0	3	9	9	3379	3319	3780	1430	0	0	0	1498	-2	25	29	27	9	198	168	153	147	-2	88	101	102	76	-2	-2	-2	205	-2	131	138	142	116	274	267	289	305	-1
1003001000	-2	4341	1713.778	1713.652	79.125	65.568	126	69.301	195.75	78.676	1837	195.75	0	0	3	9	9	3174	2940	4341	3699	0	0	0	1272	-2	20	13	20	7	170	146	139	118	-2	77	76	91	69	-2	-2	246	197	-2	115	122	132	109	233	264	292	299	-1
1003001000	-2	4409	1728.778	1759.57	79.125	65.568	126	69.301	195.75	78.676	1837	195.75	0	0	3	9	9	3143	2944	4409	3938	0	0	0	1127	-2	20	13	20	7	170	146	139	118	-2	77	76	91	69	-2	-2	246	197	-2	115	122	132	109	233	264	292	299	-1
1003001000	-2	4184	1525	1703.349	85.125	73.057	128.667	77.218	195.375	81.486	1525.222	195.375	0	0	3	9	9	4184	2764	2926	3646	0	0	0	207	-2	17	11	15	7	174	160	147	150	-2	74	71	86	66	-2	-2	241	234	-2	112	115	126	108	249	264	291	298	-1
1003001000	-2	4184	1525	1703.349	85.125	73.057	128.667	77.218	195.375	81.486	1525.222	195.375	0	0	3	9	9	4184	2764	2926	3646	0	0	0	207	-2	17	11	15	7	174	160	147	150	-2	74	71	86	66	-2	-2	241	234	-2	112	115	126	108	249	264	291	298	-1
1003001000	-2	3649	1578.778	1610.392	85.625	75.766	123.167	77.126	194	85.833	1579.222	194	0	0	3	9	9	3649	3432	3066	3261	0	0	0	803	-2	16	10	8	7	177	163	153	151	-2	71	66	75	63	-2	-2	238	226	-2	107	108	120	102	250	278	289	298	-1
1003001000	-2	3571	1519.556	1590.346	85.625	75.766	123.167	77.126	194	85.833	1579.222	194	0	0	3	9	9	3571	3523	2819	3176	0	0	0	589	-2	16	10	8	7	177	163	153	151	-2	71	66	75	63	-2	-2	238	226	-2	107	108	120	102	250	278	289	298	-1
1003001000	-2	3730	1699.222	1552.527	84.125	75.28	119.333	74.04	187.25	80.714	1706.111	187.25	0	0	2	9	9	3689	3730	3231	2846	0	0	886	913	-2	12	11	8	7	179	163	151	142	-2	69	66	69	64	-2	-2	226	222	-2	106	106	116	102	241	264	278	285	-1
1003001000	-2	3730	1699.222	1552.527	84.125	75.28	119.333	74.04	187.25	80.714	1706.111	187.25	0	0	2	9	9	3689	3730	3231	2846	0	0	886	913	-2	12	11	8	7	179	163	151	142	-2	69	66	69	64	-2	-2	226	222	-2	106	106	116	102	241	264	278	285	-1
1003001000	-2	3684	1595.333	1489.857	82.5	74	118.833	75.15	191.25	85.27	1696.444	191.25	0	0	2	9	9	3397	3684	3146	2575	0	0	901	657	-2	12	11	8	6	176	161	150	136	-2	67	66	68	62	-2	-2	230	220	-2	105	104	117	100	256	283	280	285	-1
1003001000	-2	3532	1668.889	1502.1	81.5	72.997	117.667	74.276	192.625	86.878	1828.444	192.625	0	0	2	9	9	3320	3511	3532	2735	0	0	1292	632	-2	11	11	8	7	167	168	147	133	-2	65	66	68	62	-2	-2	230	215	-2	104	104	117	100	260	286	280	290	-1
1003001000	-2	3532	1668.889	1502.1	81.5	72.997	117.667	74.276	192.625	86.878	1828.444	192.625	0	0	2	9	9	3320	3511	3532	2735	0	0	1292	632	-2	11	11	8	7	167	168	147	133	-2	65	66	68	62	-2	-2	230	215	-2	104	104	117	100	260	286	280	290	-1
1002001000	-2	3699	1744.444	1446.349	79	70.41	136.286	84.842	192.375	87.848	1744.778	192.375	0	0	2	9	9	2894	3370	3699	2568	0	0	818	2353	-2	10	12	9	7	163	162	145	124	-2	63	66	69	60	-2	265	233	198	-2	101	105	115	99	261	287	281	290	-1
1002001000	-2	3699	1744.444	1446.349	79	70.41	136.286	84.842	192.375	87.848	1744.778	192.375	0	0	2	9	9	2894	3370	3699	2568	0	0	818	2353	-2	10	12	9	7	163	162	145	124	-2	63	66	69	60	-2	265	233	198	-2	101	105	115	99	261	287	281	290	-1
1003001000	-2	5125	1539	1643.813	94.375	82.698	127	76.837	208.5	97.162	3454.556	209.125	0	0	2	9	9	2745	5125	1449	509	0	0	1183	2842	-2	12	12	14	10	190	181	174	162	-2	77	71	78	66	-2	-2	248	222	-2	116	115	119	98	290	312	324	294	-1
1003001000	-2	4359	1534.222	1542.58	83.375	68.425	128	67.161	206.375	86.11	2474	206.375	0	0	3	9	9	2253	2916	4359	1488	0	0	0	2794	-2	20	17	20	7	172	154	150	127	-2	79	89	92	67	-2	-2	243	198	-2	113	131	132	108	285	311	291	280	-1
1002001000	-2	4110	1758.444	1508.092	74.375	64.633	131	77.356	200.25	93.162	1911.556	200.25	0	0	2	9	9	3097	2845	4110	2965	0	0	706	2105	-2	16	11	12	6	164	142	134	110	-2	67	68	68	60	-2	254	209	191	-2	105	113	114	99	275	315	293	288	-1
1002001000	-2	4064	1718.222	1483.489	74.375	64.633	131	77.356	200.25	93.162	1911.556	200.25	0	0	2	9	9	2718	2813	4064	3184	0	0	706	1981	-2	16	11	12	6	164	142	134	110	-2	67	68	68	60	-2	254	209	191	-2	105	113	114	99	275	315	293	288	-1
1002001000	-2	4545	1703.333	1696.682	78.25	71.052	143	94.58	200.75	98.371	1709.778	200.75	0	0	2	9	9	2290	3449	4545	3610	0	0	438	1000	-2	10	8	7	7	169	154	143	128	-2	63	63	65	60	-2	290	237	223	-2	99	106	109	98	275	316	299	304	-1
1003002000	-2	2983	860.778	1027.652	11.857	4.703	89.667	39.542	124.125	72.932	3784.111	149.875	0	0	3	9	9	1055	0	0	1511	0	246	2983	1954	-2	6	9	-2	6	12	16	19	15	-2	53	50	-2	48	-2	128	136	123	-2	95	68	21	88	78	213	221	209	-1
1001001000	-2	3582	1684.333	1402.034	17.875	12.514	101.75	52.985	158.625	71.012	3132.667	158	0	0	0	9	9	2926	2469	433	2745	89	89	2828	3582	-2	7	9	7	5	18	32	41	24	-2	52	51	52	44	132	165	167	151	-2	91	90	90	81	231	236	237	213	-1
1002001000	-2	3849	2239	1552.776	23.375	20.112	101.857	58.711	157.875	69.818	3971.556	168.625	0	0	1	9	9	3849	3203	3256	2872	292	0	3836	2845	-2	6	7	7	6	19	62	44	36	-2	54	49	55	49	149	-2	185	172	-2	95	91	94	86	249	175	250	223	-1
1004001000	-2	5371	1586.444	1769.331	96.5	85.156	108.2	65.481	215.5	94.714	3073.222	215.5	0	0	3	9	9	2732	5371	2627	965	0	0	0	2585	-2	12	14	13	8	194	189	178	164	-2	77	80	75	70	-2	-2	-2	239	-2	121	129	122	113	291	314	324	310	-1
1003001000	-2	3795	1722.667	1642.226	83	69.48	130	77.617	212.125	95.497	2277.222	212.125	0	0	3	9	9	1887	3592	2526	3706	0	0	0	3795	-2	16	18	15	8	165	159	154	129	-2	78	89	76	63	-2	-2	264	210	-2	113	133	117	107	292	315	292	328	-1
1003001000	-2	4178	1521.222	1527.59	83	69.48	130	77.617	212.125	95.497	2277.222	212.125	0	0	3	9	9	2043	3087	2919	1466	0	0	0	4178	-2	16	18	15	8	165	159	154	129	-2	78	89	76	63	-2	-2	264	210	-2	113	133	117	107	292	315	292	328	-1
1001001000	-2	4915	1890.444	1572.04	68.75	62.647	132.25	75.658	193.25	95.852	1965.556	193.25	0	0	1	9	9	1371	3649	4915	2488	0	775	1211	2607	-2	9	9	7	6	155	136	129	99	-2	60	64	63	50	251	202	188	180	-2	93	108	104	90	276	318	296	261	-1
