1001001000	-2	1325	834.889	434.186	48.25	11.244	124.125	10.717	176.875	16.443	12034.111	180.375	0	0	0	9	9	1267	542	1325	619	1089	1251	421	1002	-2	54	42	28	51	45	40	65	61	-2	115	118	108	135	134	114	136	133	-2	169	152	159	205	182	171	193	184	-1
1001001000	-2	1098	726.556	326.423	55.75	11.723	128.375	6.081	180.625	8.774	12874.333	180.625	0	0	0	9	9	767	923	1018	515	1021	1098	574	625	-2	58	51	34	53	54	51	71	74	-2	128	120	119	130	136	126	136	132	-2	182	171	165	193	187	177	189	181	-1
1002002000	-2	9669	5408.333	3273.226	54.143	5.111	120.286	4.589	146.125	47.693	9779.444	162.625	0	0	1	9	9	4016	5626	0	6910	9669	8793	6791	6872	-2	55	48	-2	63	60	51	52	50	-2	126	115	-2	120	127	122	117	115	-2	168	159	21	168	169	171	162	151	-1
1002002000	-2	9669	5408.333	3273.226	54.143	5.111	120.286	4.589	146.125	47.693	9779.444	162.625	0	0	1	9	9	4016	5626	0	6910	9669	8793	6791	6872	-2	55	48	-2	63	60	51	52	50	-2	126	115	-2	120	127	122	117	115	-2	168	159	21	168	169	171	162	151	-1
1001001000	-2	10533	7171.444	3095.056	54.25	3.992	118.75	4.085	161.875	5.862	9290	161.625	0	0	0	9	9	6457	4797	8677	10157	8722	8896	6306	10533	-2	55	49	54	61	60	51	52	52	-2	126	115	115	120	122	122	116	114	-2	167	159	155	169	164	169	159	153	-1
1001001000	-2	10533	7171.889	3095.348	54.25	3.992	118.75	4.085	161.875	5.862	9290	161.625	0	0	0	9	9	6458	4797	8677	10158	8723	8898	6305	10533	-2	55	49	54	61	60	51	52	52	-2	126	115	115	120	122	122	116	114	-2	167	159	155	169	164	169	159	153	-1
1002001000	-2	9170	4601	3239.188	54.75	4.235	118.857	3.642	148.875	32.049	8967.778	159.375	0	0	1	9	9	2532	3674	0	9155	6313	4430	6137	9170	-2	56	55	54	62	59	47	53	52	-2	125	115	-2	119	119	120	121	113	-2	166	158	65	165	158	164	164	151	-1
1002001000	-2	9170	4601	3239.188	54.75	4.235	118.857	3.642	148.875	32.049	8967.778	159.375	0	0	1	9	9	2532	3674	0	9155	6313	4430	6137	9170	-2	56	55	54	62	59	47	53	52	-2	125	115	-2	119	119	120	121	113	-2	166	158	65	165	158	164	164	151	-1
1004002000	-2	7770	2604.556	2652.418	56.286	5.006	118.2	5.036	119.125	54.1	7485.556	147.875	0	0	3	9	9	0	3074	0	0	4028	3393	5178	7770	-2	59	57	55	-2	61	46	62	54	-2	-2	114	-2	-2	120	121	125	111	-2	68	159	66	21	159	163	167	150	-1
1004002000	-2	5902	1805.444	1926.914	56.286	5.006	118.2	5.036	118.625	53.71	7485.556	147.875	0	0	3	9	9	0	2520	0	0	2532	1897	3400	5902	-2	59	57	55	-2	61	46	62	54	-2	-2	114	-2	-2	120	121	125	111	-2	68	159	66	21	159	159	167	150	-1
1003002000	-2	8326	3052	2608.026	57.143	6.151	119.333	5.735	131.75	52.459	8565.667	160.625	0	0	2	9	9	4368	3629	0	0	2780	4794	3573	8326	-2	57	58	55	-2	66	46	64	54	-2	125	115	-2	-2	120	119	127	110	-2	167	162	66	21	159	162	168	149	-1
1002001000	-2	940	230.444	354.107	46.25	11.486	133.286	9.558	153.5	31.309	12293.222	200.25	0	0	5	9	9	371	0	765	0	940	0	0	0	-2	54	38	28	50	43	35	63	59	-2	131	122	120	142	139	131	148	-2	-2	163	150	158	168	185	157	172	75	-1
1001001000	-2	1390	801.667	377.261	54.75	11.691	129.625	7.175	180.875	9.918	12693.778	182.875	0	0	0	9	9	924	1101	1390	665	875	893	435	934	-2	58	42	36	53	56	52	65	76	-2	128	117	121	131	140	130	137	133	-2	183	170	168	199	191	180	173	183	-1
1001001000	-2	6341	2102.111	1701.799	74.25	6.591	136	4.899	190.125	9.13	12672.778	191.375	0	0	0	9	9	929	2287	1935	2678	1200	6341	2436	1115	-2	83	70	66	66	81	75	71	82	-2	138	129	137	130	142	137	143	132	-2	198	182	179	189	192	196	206	179	-1
1001001000	-2	13522	5967.667	3849.627	73.75	6.379	135.875	4.702	190.875	8.894	12255.111	190.875	0	0	0	9	9	5970	5903	4552	8657	3886	13522	9274	1947	-2	84	70	69	67	80	74	66	80	-2	139	129	139	129	141	138	140	132	-2	198	183	187	190	188	204	201	176	-1
1001001000	-2	13522	5967.667	3849.627	73.75	6.379	135.875	4.702	190.875	8.894	12255.111	190.875	0	0	0	9	9	5970	5903	4552	8657	3886	13522	9274	1947	-2	84	70	69	67	80	74	66	80	-2	139	129	139	129	141	138	140	132	-2	198	183	187	190	188	204	201	176	-1
1001001000	-2	14104	10391.556	3994.193	68.5	7.176	132.875	2.571	190.125	8.767	11196.222	190.25	0	0	0	9	9	14104	13860	10428	12455	11026	10391	12207	9055	-2	81	66	66	72	76	66	56	65	-2	136	130	133	132	135	135	134	128	-2	199	190	181	197	187	199	195	173	-1
1004004000	-2	11646	5434.667	4972.75	55.2	5.492	119	3.633	110.25	69.273	9192.778	162.25	0	0	3	9	9	9504	11646	7677	10976	0	0	9111	0	-2	57	48	58	63	-2	-2	50	-2	-2	125	118	115	121	-2	-2	116	-2	-2	168	164	155	171	21	21	161	21	-1
1004004000	-2	11646	5434.667	4972.75	55.2	5.492	119	3.633	110.25	69.273	9192.778	162.25	0	0	3	9	9	9504	11646	7677	10976	0	0	9111	0	-2	57	48	58	63	-2	-2	50	-2	-2	125	118	115	121	-2	-2	116	-2	-2	168	164	155	171	21	21	161	21	-1
1001001000	-2	10881	7195.222	3018.501	50	9.042	116.25	5.093	158	6.837	8678.889	157.75	0	0	0	9	9	8899	5156	5993	10881	8475	7395	9156	8804	-2	56	49	57	62	52	48	46	30	-2	125	114	113	120	120	116	115	107	-2	166	157	152	166	160	161	158	144	-1
1001001000	-2	10882	7199.444	3020.727	50	9.042	116.25	5.093	158	6.837	8678.889	157.75	0	0	0	9	9	8933	5157	5993	10882	8475	7397	9156	8804	-2	56	49	57	62	52	48	46	30	-2	125	114	113	120	120	116	115	107	-2	166	157	152	166	160	161	158	144	-1
1001001000	-2	10716	6017.222	2953.284	49	8.888	115.125	5.797	156.625	7.158	8194	156.625	0	0	0	9	9	6691	4120	3618	10716	7316	5613	7634	8449	-2	55	49	56	57	54	45	48	28	-2	124	114	112	121	119	113	114	104	-2	164	158	151	165	159	158	157	141	-1
1001001000	-2	10830	6637.889	2814.528	48.875	8.781	115.125	5.797	156.625	7.158	8194	156.625	0	0	0	9	9	7958	5766	5074	10830	7384	6742	7528	8461	-2	55	49	56	56	54	45	48	28	-2	124	114	112	121	119	113	114	104	-2	164	158	151	165	159	158	157	141	-1
1001001000	-2	10542	6202.111	2803.154	48	9.327	113.875	5.988	154.75	7.429	8137.889	154.75	0	0	0	9	9	7426	6264	3727	10542	6834	5708	7000	8320	-2	52	50	55	57	57	44	41	28	-2	123	114	111	120	118	106	114	105	-2	164	160	148	163	157	148	156	142	-1
1001001000	-2	10329	5342.889	2869.158	49.25	8.969	113.75	5.995	154.5	7.416	8137.889	154.75	0	0	0	9	9	6189	4850	2522	10329	5744	3820	6460	8174	-2	52	50	55	57	57	44	51	28	-2	123	114	111	120	118	106	113	105	-2	164	160	148	163	157	148	154	142	-1
1001001000	-2	9651	5487.333	2948.848	47.25	8.941	115.125	5.183	157.5	6.964	8354.333	156.625	0	0	0	9	9	9651	5401	3858	9126	4578	3441	4783	8550	-2	51	52	55	56	52	45	39	28	-2	124	115	111	119	119	114	113	106	-2	167	163	151	163	160	157	155	144	-1
1001001000	-2	10065	6148.778	2777.648	47.125	8.978	114.375	5.7	156.625	7.398	8354.333	156.625	0	0	0	9	9	8896	6801	5348	10065	5883	4736	5269	8343	-2	51	52	55	56	52	44	39	28	-2	124	115	111	119	119	108	113	106	-2	167	163	151	163	160	150	155	144	-1
1002001000	-2	9844	5670	3521.133	50.125	10.142	118.286	4.949	150.25	38.577	7893.222	150.25	0	0	1	9	9	9729	5880	6725	9844	5545	4390	0	8919	-2	52	57	59	58	60	45	40	30	-2	125	118	114	121	122	119	-2	109	-2	173	172	157	168	168	164	50	150	-1
1002001000	-2	10372	5892.444	3626.487	50.125	10.142	118.286	4.949	150.25	38.577	7893.222	150.25	0	0	1	9	9	10372	5743	7031	9844	6189	4729	0	9126	-2	52	57	59	58	60	45	40	30	-2	125	118	114	121	122	119	-2	109	-2	173	172	157	168	168	164	50	150	-1
1002001000	-2	9883	5425.889	3149.225	57.5	6.325	123.714	5.284	160	36.79	8098.889	160	0	0	1	9	9	0	6327	6403	8101	6258	5505	6358	9883	-2	57	61	65	62	65	48	51	51	-2	-2	128	125	121	127	125	128	112	-2	65	186	173	171	175	174	180	156	-1
1001001000	-2	9697	7569.556	2808.566	62.25	5.673	128.625	6.244	183.375	10.7	9824.889	183.375	0	0	0	9	9	9135	8798	6900	8094	8981	7394	9129	9697	-2	67	63	67	64	70	53	59	55	-2	129	136	128	129	134	127	132	114	-2	191	197	177	179	192	181	189	161	-1
1002002000	-2	9697	6392.778	3529.432	63.571	4.777	128.857	6.642	163.375	54.859	9824.889	183.375	0	0	1	9	9	9109	7222	6667	8656	8534	0	7652	9697	-2	67	63	67	64	70	-2	59	55	-2	129	136	128	129	134	-2	132	114	-2	191	197	177	179	192	21	189	161	-1
1001001000	-2	10670	8039	2920.561	70.375	5.957	137.25	6.942	208	19.085	8862.111	208	0	0	0	9	9	9361	8456	8471	8457	9046	10670	9296	8596	-2	67	68	63	68	75	75	82	65	-2	136	150	130	132	143	137	142	128	-2	213	243	184	193	209	211	226	185	-1
1001001000	-2	9081	7694.444	2738.022	72	7.45	138.125	6.566	209.75	19.734	8877.667	209.75	0	0	0	9	9	8722	8099	8370	8671	8404	9038	9081	8867	-2	65	68	62	75	79	76	85	66	-2	135	151	130	133	143	139	142	132	-2	204	249	184	198	209	217	227	190	-1
1001001000	-2	9989	7991	2908.351	69.875	5.622	136.625	7.158	204.375	19.17	8658.222	204.375	0	0	0	9	9	8698	9989	7427	9372	8737	9066	9702	8930	-2	66	66	63	68	74	76	80	66	-2	129	149	127	133	142	138	143	132	-2	194	245	181	196	202	211	219	187	-1
1001001000	-2	9956	7958.667	2900.063	69.875	5.622	136.625	7.158	204.375	19.17	8658.222	204.375	0	0	0	9	9	8566	9956	7378	9330	8727	9044	9702	8927	-2	66	66	63	68	74	76	80	66	-2	129	149	127	133	142	138	143	132	-2	194	245	181	196	202	211	219	187	-1
1002001000	-2	823	295.111	315.684	47.625	10.885	133.429	8.226	153.75	30.776	13281.667	192.625	0	0	3	9	9	434	205	768	0	823	428	0	0	-2	55	37	28	50	42	47	61	61	-2	131	119	126	141	136	136	145	-2	-2	166	147	162	164	174	172	170	75	-1
1003001000	-2	1470	682.111	515.167	64	10.989	132.667	6.128	157.375	48.698	9390.111	157.375	0	0	2	9	9	0	840	1470	968	890	0	856	1117	-2	62	42	57	70	74	62	64	81	-2	-2	122	133	129	141	-2	138	133	-2	76	174	187	189	190	71	190	182	-1
1003001000	-2	2027	629.333	614.186	65.375	10.416	131.667	6.128	153.5	45.733	8860	153.5	0	0	2	9	9	0	368	2027	839	793	0	960	679	-2	65	44	61	70	76	62	64	81	-2	-2	121	132	128	140	-2	137	132	-2	76	166	182	180	185	74	188	177	-1
1003001000	-2	1770	480	518.439	65.375	10.416	131.667	6.128	153.5	45.733	8860	153.5	0	0	2	9	9	0	355	1770	543	464	0	683	507	-2	65	44	61	70	76	62	64	81	-2	-2	121	132	128	140	-2	137	132	-2	76	166	182	180	185	74	188	177	-1
1003003000	-2	14104	8561.333	6101.663	76.167	6.362	138.667	3.859	157.75	79.638	12332.222	205.5	0	0	2	9	9	14104	12739	0	13634	11237	0	13071	12269	-2	86	72	-2	75	81	-2	66	77	-2	142	137	-2	142	135	-2	143	133	-2	215	199	21	207	194	21	220	185	-1
1005005000	-2	11925	4949.333	5544.816	55.5	5.408	122.25	2.947	96	75.008	9458.444	164.75	0	0	4	9	9	11282	10704	0	11925	0	10635	0	0	-2	57	48	-2	63	-2	54	-2	-2	-2	127	119	-2	122	-2	121	-2	-2	-2	173	169	21	172	21	170	21	21	-1
1005005000	-2	11925	4949.333	5544.816	55.5	5.408	122.25	2.947	96	75.008	9458.444	164.75	0	0	4	9	9	11282	10704	0	11925	0	10635	0	0	-2	57	48	-2	63	-2	54	-2	-2	-2	127	119	-2	122	-2	121	-2	-2	-2	173	169	21	172	21	170	21	21	-1
1003003000	-2	11338	6089.444	4525.068	46.167	8.295	114.167	7.174	123.125	59.472	8314.444	155.125	0	0	2	9	9	10730	9669	0	11338	0	6543	9119	7408	-2	50	46	-2	57	-2	50	44	30	-2	123	111	-2	121	-2	115	114	101	-2	164	156	21	167	21	160	157	139	-1
1001001000	-2	11336	8079.222	3340.337	45.125	10.373	113.75	7.207	156	8.573	8314.444	155.125	0	0	0	9	9	11336	10467	6311	11323	10173	7274	8105	7726	-2	50	46	58	57	41	50	29	30	-2	123	111	115	121	119	115	105	101	-2	164	156	153	167	161	160	148	139	-1
1001001000	-2	10351	7404.333	2974.819	44.125	9.752	111.375	6.632	152.25	7.207	7872.333	151.375	0	0	0	9	9	9855	7476	5545	10351	8477	7372	9702	7863	-2	49	47	57	54	42	46	29	29	-2	118	104	112	119	119	106	112	101	-2	158	150	151	161	159	148	154	137	-1
1001001000	-2	10351	7404.333	2974.819	44.125	9.752	111.375	6.632	152.25	7.207	7872.333	151.375	0	0	0	9	9	9855	7476	5545	10351	8477	7372	9702	7863	-2	49	47	57	54	42	46	29	29	-2	118	104	112	119	119	106	112	101	-2	158	150	151	161	159	148	154	137	-1
1001001000	-2	8973	5636.556	2536.461	43.125	10.13	108.125	8.007	148.5	8.789	7204.222	148	0	0	0	9	9	8367	6500	4293	7536	8973	4633	5203	5226	-2	50	43	56	54	44	43	28	27	-2	115	104	111	116	119	105	101	94	-2	154	151	150	157	159	145	142	130	-1
1001001000	-2	8973	5636.556	2536.461	43.125	10.13	108.125	8.007	148.5	8.789	7204.222	148	0	0	0	9	9	8367	6500	4293	7536	8973	4633	5203	5226	-2	50	43	56	54	44	43	28	27	-2	115	104	111	116	119	105	101	94	-2	154	151	150	157	159	145	142	130	-1
1002001000	-2	8890	4651.111	2943.694	42.125	10.277	105.143	6.334	134.625	32.027	6063.667	134.625	0	0	1	9	9	8890	6462	4683	7087	0	2705	6029	6006	-2	50	47	54	54	39	39	27	27	-2	112	104	109	114	-2	102	100	95	-2	153	152	149	155	52	143	141	132	-1
1002001000	-2	8886	4649.556	2942.76	42.125	10.277	105.143	6.334	134.625	32.027	6063.667	134.625	0	0	1	9	9	8886	6463	4679	7087	0	2705	6029	5999	-2	50	47	54	54	39	39	27	27	-2	112	104	109	114	-2	102	100	95	-2	153	152	149	155	52	143	141	132	-1
1001001000	-2	9060	5989.889	2515.702	42.75	10.268	107.75	5.804	150	7.053	7254.778	150	0	0	0	9	9	9060	7875	6396	7245	7372	3913	5790	6260	-2	49	49	56	54	39	39	28	28	-2	111	105	109	114	117	106	101	99	-2	153	155	150	157	159	146	143	137	-1
1001001000	-2	9060	5989.889	2515.702	42.75	10.268	107.75	5.804	150	7.053	7254.778	150	0	0	0	9	9	9060	7875	6396	7245	7372	3913	5790	6260	-2	49	49	56	54	39	39	28	28	-2	111	105	109	114	117	106	101	99	-2	153	155	150	157	159	146	143	137	-1
1002001000	-2	9572	4764.333	3445.911	44.25	10.791	112.571	5.628	143.375	36.069	7199.556	143.375	0	0	1	9	9	9572	3581	5756	9065	4519	2276	0	8112	-2	50	51	58	56	39	43	29	28	-2	114	115	113	118	119	107	-2	102	-2	158	166	156	163	163	149	50	142	-1
1003001000	-2	10166	5099.667	3839.91	46.625	10.38	116.5	4.425	137	47.817	6670.667	137	0	0	2	9	9	10166	8317	6585	8282	0	4942	0	7607	-2	51	56	59	57	41	46	33	30	-2	118	117	117	120	-2	120	-2	107	-2	164	175	162	167	60	167	50	151	-1
1003001000	-2	10166	5099.667	3839.91	46.625	10.38	116.5	4.425	137	47.817	6670.667	137	0	0	2	9	9	10166	8317	6585	8282	0	4942	0	7607	-2	51	56	59	57	41	46	33	30	-2	118	117	117	120	-2	120	-2	107	-2	164	175	162	167	60	167	50	151	-1
1004001000	-2	7657	3748.889	3389.84	51	8.5	122.4	5.535	130.25	58.534	5623	130.25	0	0	3	9	9	0	7657	5798	6957	0	6209	0	7121	-2	52	59	61	59	43	53	35	46	-2	-2	127	124	122	-2	127	-2	112	-2	66	191	172	172	54	180	47	160	-1
1004001000	-2	8890	4189.222	3808.178	51	8.5	122.4	5.535	130.25	58.534	5623	130.25	0	0	3	9	9	0	8890	6061	7481	0	7861	0	7412	-2	52	59	61	59	43	53	35	46	-2	-2	127	124	122	-2	127	-2	112	-2	66	191	172	172	54	180	47	160	-1
1004001000	-2	10184	4626.111	4202.747	50.125	7.688	121	5.177	129.875	56.929	5401.778	129.875	0	0	3	9	9	0	8443	7730	7433	0	10184	0	7847	-2	51	59	56	58	42	49	35	51	-2	-2	125	121	120	-2	127	-2	112	-2	66	189	169	169	55	181	51	159	-1
1004001000	-2	8433	4153.778	3733.258	50.125	7.688	121	5.177	129.875	56.929	5401.778	129.875	0	0	3	9	9	0	7389	7229	7202	0	8433	0	7133	-2	51	59	56	58	42	49	35	51	-2	-2	125	121	120	-2	127	-2	112	-2	66	189	169	169	55	181	51	159	-1
1003001000	-2	10825	6281.889	4497.148	55.125	5.061	126.833	5.49	151.75	53.66	6816.556	151.75	0	0	2	9	9	0	9665	8629	9004	0	10068	10825	8348	-2	52	60	57	63	46	58	52	53	-2	-2	132	123	127	-2	129	133	117	-2	66	198	174	177	55	186	193	165	-1
1002001000	-2	9040	6553.556	3555.873	56.25	5.238	126.286	5.848	166.375	43.454	7849.889	166.375	0	0	1	9	9	8890	9040	7056	8218	0	8934	8949	7897	-2	52	60	57	63	47	63	54	54	-2	121	132	123	126	-2	131	134	117	-2	177	198	174	176	55	190	196	165	-1
1001001000	-2	1183	718.778	400.802	29.625	9.34	151.5	14.186	254.75	49.355	9326.556	266.875	0	0	1	9	9	806	0	970	758	961	899	1183	894	-2	31	27	19	40	29	17	47	27	-2	145	140	132	164	161	135	164	171	-2	258	174	234	333	282	191	283	283	-1
1001001000	-2	1890	915.333	509.162	69.125	12.293	133.375	5.589	180	8.544	12596.889	182.25	0	0	0	9	9	874	821	1556	606	871	1890	786	836	-2	78	41	63	72	76	78	64	81	-2	134	122	139	128	140	136	136	132	-2	186	170	189	164	185	186	185	175	-1
1002001000	-2	1546	747	531.599	70.625	12.257	131.857	4.189	160.125	36.971	9851.778	160.125	0	0	1	9	9	760	0	1546	1104	294	1409	869	743	-2	81	43	65	73	78	80	64	81	-2	132	-2	137	124	136	133	133	128	-2	177	63	179	169	175	177	176	165	-1
1002001000	-2	1169	483.778	400.698	70.375	11.532	127.571	4.499	153.125	34.071	9050.667	153.125	0	0	1	9	9	761	0	923	217	296	1169	241	749	-2	82	45	66	71	77	79	63	80	-2	128	-2	136	121	126	131	127	124	-2	167	64	175	162	161	172	165	159	-1
1002001000	-2	1154	477.889	396.927	70.375	11.532	127.571	4.499	153.125	34.071	9050.667	153.125	0	0	1	9	9	748	0	911	210	297	1154	230	753	-2	82	45	66	71	77	79	63	80	-2	128	-2	136	121	126	131	127	124	-2	167	64	175	162	161	172	165	159	-1
1002002000	-2	8923	2373.778	2676.867	76.857	6.266	132.429	2.441	153.875	51.175	11102.556	179.5	0	0	1	9	9	2567	4662	0	1571	993	8923	941	1709	-2	86	73	-2	76	81	81	65	76	-2	134	132	-2	135	130	133	135	128	-2	180	180	21	177	174	185	158	156	-1
1002002000	-2	9733	2929.111	2949.141	76.857	6.266	132.429	2.441	158.5	52.209	11102.556	179.5	0	0	1	9	9	2783	5757	0	1693	932	9733	3508	1958	-2	86	73	-2	76	81	81	65	76	-2	134	132	-2	135	130	133	135	128	-2	180	180	21	177	174	185	183	168	-1
1002002000	-2	13490	8358.556	4754.671	66	9.32	128.571	5.628	158.625	52.64	10541.667	179.25	0	0	1	9	9	13490	11749	7707	12052	8785	0	10253	11193	-2	80	62	66	71	75	-2	53	55	-2	135	129	135	131	128	-2	124	118	-2	192	182	180	183	175	21	174	162	-1
1001001000	-2	11594	9040.222	3359.515	66.625	8.873	129	5.385	179.25	8.467	10541.667	179.25	0	0	0	9	9	9897	9957	8421	11581	11594	9551	9178	11185	-2	80	62	66	71	75	71	53	55	-2	135	129	135	131	128	132	124	118	-2	192	182	180	183	175	186	174	162	-1
1002001000	-2	9438	6803.333	3681.393	48.875	9.727	118.143	5.436	151.625	33.496	7638.778	151.625	0	0	1	9	9	0	9438	9029	9219	9416	7841	7875	8414	-2	55	45	63	57	42	55	43	31	-2	-2	118	124	123	118	122	115	107	-2	65	166	166	171	165	171	162	147	-1
1002001000	-2	9438	6803.333	3681.393	48.875	9.727	118.143	5.436	151.625	33.496	7638.778	151.625	0	0	1	9	9	0	9438	9029	9219	9416	7841	7875	8414	-2	55	45	63	57	42	55	43	31	-2	-2	118	124	123	118	122	115	107	-2	65	166	166	171	165	171	162	147	-1
1001001000	-2	8308	6508.778	2345.877	34	12.062	104.375	4.897	144.875	5.207	6626	144.75	0	0	0	9	9	6846	8308	7392	7158	6722	7766	7097	7292	-2	43	33	56	24	23	46	21	26	-2	108	101	112	105	107	106	101	95	-2	146	146	150	147	147	148	143	132	-1
1001001000	-2	9001	6643.111	2442.858	35.375	12.318	104.625	4.768	145.125	5.302	6626	144.75	0	0	0	9	9	6846	9001	8036	7158	6722	7766	7097	7164	-2	43	43	56	24	23	46	21	27	-2	108	103	112	105	107	106	101	95	-2	146	148	150	147	147	148	143	132	-1
1001001000	-2	8709	6206	2384.005	34.625	10.012	103	4.69	142.875	4.986	6408.889	142.125	0	0	0	9	9	6341	8108	8709	6717	6491	7683	5857	5950	-2	44	40	49	34	23	41	19	27	-2	107	101	111	105	105	101	99	95	-2	145	145	150	145	144	143	139	132	-1
1001001000	-2	8709	6206	2384.005	34.625	10.012	103	4.69	142.875	4.986	6408.889	142.125	0	0	0	9	9	6341	8108	8709	6717	6491	7683	5857	5950	-2	44	40	49	34	23	41	19	27	-2	107	101	111	105	105	101	99	95	-2	145	145	150	145	144	143	139	132	-1
1002001000	-2	7615	5033.444	2763.386	31.75	10.219	101.429	6.779	128.625	34.72	5446	128.625	0	0	1	9	9	6064	0	7615	6782	6776	5809	6908	5349	-2	44	30	46	34	24	38	14	24	-2	107	-2	109	105	107	98	92	92	-2	146	38	149	144	146	140	135	131	-1
1002001000	-2	7615	5033.444	2763.386	31.75	10.219	101.429	6.779	128.625	34.72	5446	128.625	0	0	1	9	9	6064	0	7615	6782	6776	5809	6908	5349	-2	44	30	46	34	24	38	14	24	-2	107	-2	109	105	107	98	92	92	-2	146	38	149	144	146	140	135	131	-1
1003001000	-2	6578	3909.778	2875.723	32.375	11.124	100.333	6.498	114.25	46.024	4726	114.25	0	0	2	9	9	6224	0	6511	6416	0	3813	6578	5648	-2	43	30	52	34	24	37	14	25	-2	106	-2	108	105	-2	98	90	95	-2	146	38	148	143	32	139	134	134	-1
1003001000	-2	6578	3908.889	2875.187	32.375	11.124	100.333	6.498	114.25	46.024	4726	114.25	0	0	2	9	9	6224	0	6511	6416	0	3813	6578	5640	-2	43	30	52	34	24	37	14	25	-2	106	-2	108	105	-2	98	90	95	-2	146	38	148	143	32	139	134	134	-1
1003001000	-2	7916	4287.333	3292.533	31.625	11.916	100.667	6.675	115	46.195	5009.444	115	0	0	2	9	9	7916	0	7058	6310	0	3075	7203	7026	-2	43	23	53	34	23	38	14	25	-2	107	-2	109	105	-2	97	91	95	-2	147	38	150	144	33	138	135	135	-1
1003001000	-2	9214	4799.333	3587.949	32.375	11.661	105.667	5.991	120.875	49.554	5466.333	120.875	0	0	2	9	9	9214	0	7249	7996	0	4665	7746	6326	-2	43	24	53	34	23	40	15	27	-2	111	-2	110	113	-2	103	100	97	-2	155	38	153	155	33	147	147	139	-1
1003001000	-2	9214	4799.333	3587.949	32.375	11.661	105.667	5.991	120.875	49.554	5466.333	120.875	0	0	2	9	9	9214	0	7249	7996	0	4665	7746	6326	-2	43	24	53	34	23	40	15	27	-2	111	-2	110	113	-2	103	100	97	-2	155	38	153	155	33	147	147	139	-1
1005001000	-2	9971	3417.556	3924.089	32.375	10.988	105.75	6.22	95.75	54.398	3758.222	95.75	0	0	4	9	9	9971	0	7143	0	0	7100	0	6546	-2	43	23	51	34	24	40	16	28	-2	113	-2	110	-2	-2	103	-2	97	-2	157	38	153	45	33	149	51	140	-1
1004001000	-2	9664	4047	3767.943	37.125	10.117	109.4	5.238	114.5	55.873	4829.333	114.5	0	0	3	9	9	9664	7673	7016	0	0	6677	0	5395	-2	43	45	52	34	25	46	23	29	-2	116	109	111	-2	-2	111	-2	100	-2	162	165	156	45	33	160	51	144	-1
1005001000	-2	8352	3135.222	3568.45	37.375	9.987	112	6.708	105.75	57.822	4095.222	105.75	0	0	4	9	9	0	7649	8352	0	0	6399	0	5819	-2	43	47	49	34	25	48	23	30	-2	-2	113	115	-2	-2	119	-2	101	-2	66	174	161	45	34	169	51	146	-1
1005001000	-2	8352	3135.222	3568.45	37.375	9.987	112	6.708	105.75	57.822	4095.222	105.75	0	0	4	9	9	0	7649	8352	0	0	6399	0	5819	-2	43	47	49	34	25	48	23	30	-2	-2	113	115	-2	-2	119	-2	101	-2	66	174	161	45	34	169	51	146	-1
1005001000	-2	9513	3282.889	3762.76	34.875	9.075	112	6.442	100.5	58.962	3996	100.5	0	0	4	9	9	9513	0	6778	0	0	6862	0	6395	-2	37	30	49	34	25	49	24	31	-2	116	-2	111	-2	-2	119	-2	102	-2	163	38	157	45	34	169	51	147	-1
1005001000	-2	9513	3282.889	3762.76	34.875	9.075	112	6.442	100.5	58.962	3996	100.5	0	0	4	9	9	9513	0	6778	0	0	6862	0	6395	-2	37	30	49	34	25	49	24	31	-2	116	-2	111	-2	-2	119	-2	102	-2	163	38	157	45	34	169	51	147	-1
1005001000	-2	6950	2796	3156.218	34.75	9.457	111.5	5.679	100.375	58.534	3889.778	100.375	0	0	4	9	9	6800	0	6101	0	0	5315	0	6950	-2	37	25	49	34	26	50	25	32	-2	115	-2	110	-2	-2	118	-2	103	-2	162	39	156	45	34	168	51	148	-1
1001001000	-2	715	424.444	252.573	22.5	6.423	119.625	6.945	188.625	20.554	14273.667	197.25	0	0	1	9	9	444	0	617	361	627	715	421	637	-2	20	23	18	25	24	14	37	19	-2	117	107	114	125	125	115	127	127	-2	194	136	194	205	200	195	186	199	-1
1001001000	-2	1479	501.222	404.48	64.375	12.144	120	6.614	155.625	6.945	8819.333	155.625	0	0	0	9	9	499	495	1479	260	220	794	305	461	-2	78	42	62	66	74	78	50	65	-2	124	114	132	113	122	126	113	116	-2	158	149	168	150	157	164	151	148	-1
1001001000	-2	4680	1649.778	1206.841	73	5	125.875	5.622	165.5	7.246	9248.444	165.5	0	0	0	9	9	1425	1681	1789	1118	4680	1633	741	1783	-2	81	70	73	74	78	73	63	72	-2	130	124	137	125	125	128	121	117	-2	169	161	180	164	168	168	160	154	-1
1001001000	-2	13141	9811.333	3687.554	71.25	6.476	130.625	6.183	181.875	7.801	10966.444	181.875	0	0	0	9	9	13141	11155	8270	11854	11942	10700	10616	10626	-2	79	69	72	74	78	73	57	68	-2	134	132	141	132	130	132	126	118	-2	188	184	192	180	179	188	179	165	-1
1001001000	-2	13141	9811.333	3687.554	71.25	6.476	130.625	6.183	181.875	7.801	10966.444	181.875	0	0	0	9	9	13141	11155	8270	11854	11942	10700	10616	10626	-2	79	69	72	74	78	73	57	68	-2	134	132	141	132	130	132	126	118	-2	188	184	192	180	179	188	179	165	-1
1002001000	-2	11840	7867.444	4325.649	52.75	10.317	120.857	5.462	157.875	35.19	8100.667	157.875	0	0	1	9	9	0	9872	11734	10022	9628	8603	9110	11840	-2	54	50	65	60	49	66	45	33	-2	-2	121	132	123	118	122	114	116	-2	66	174	179	174	169	176	164	161	-1
1002001000	-2	11840	7867.444	4325.649	52.75	10.317	120.857	5.462	157.875	35.19	8100.667	157.875	0	0	1	9	9	0	9872	11734	10022	9628	8603	9110	11840	-2	54	50	65	60	49	66	45	33	-2	-2	121	132	123	118	122	114	116	-2	66	174	179	174	169	176	164	161	-1
1001001000	-2	8985	6701.444	2519.346	29.25	12.784	97.75	7.361	138.5	6.69	6614.111	137.75	0	0	0	9	9	6102	8481	8985	7333	6586	8009	7811	7008	-2	35	15	50	16	35	43	14	26	-2	101	93	112	96	98	104	88	90	-2	138	139	150	139	139	145	130	128	-1
1001001000	-2	8985	6701.444	2519.346	29.25	12.784	97.75	7.361	138.5	6.69	6614.111	137.75	0	0	0	9	9	6102	8481	8985	7333	6586	8009	7811	7008	-2	35	15	50	16	35	43	14	26	-2	101	93	112	96	98	104	88	90	-2	138	139	150	139	139	145	130	128	-1
1001001000	-2	8391	6200	2277.496	25.875	11.107	93.875	7.785	134.25	6.685	6278.889	134.25	0	0	0	9	9	5971	8391	6735	6977	6652	7216	7224	6636	-2	36	15	44	16	21	38	13	24	-2	98	91	109	97	94	95	85	82	-2	135	136	147	137	133	136	127	123	-1
1001001000	-2	8391	6200	2277.496	25.875	11.107	93.875	7.785	134.25	6.685	6278.889	134.25	0	0	0	9	9	5971	8391	6735	6977	6652	7216	7224	6636	-2	36	15	44	16	21	38	13	24	-2	98	91	109	97	94	95	85	82	-2	135	136	147	137	133	136	127	123	-1
1001001000	-2	8585	5775.667	2221.475	27.125	10.764	93.375	8.154	134	6.745	6013.778	134	0	0	0	9	9	5671	8585	6178	6711	6437	7020	5475	5906	-2	38	21	45	19	20	38	13	23	-2	98	93	107	97	95	95	81	81	-2	135	137	146	136	134	136	125	123	-1
1001001000	-2	8585	5775.667	2221.475	27.125	10.764	93.375	8.154	134	6.745	6013.778	134	0	0	0	9	9	5671	8585	6178	6711	6437	7020	5475	5906	-2	38	21	45	19	20	38	13	23	-2	98	93	107	97	95	95	81	81	-2	135	137	146	136	134	136	125	123	-1
1001001000	-2	8927	5963.111	2308.563	25.25	10.952	93	6.91	133.875	6.112	6334.778	133.875	0	0	0	9	9	5964	8927	7286	6295	6477	6796	6587	5338	-2	37	21	44	19	12	33	12	24	-2	93	93	105	98	95	94	85	81	-2	132	138	144	136	135	136	127	123	-1
1001001000	-2	8927	5963.111	2308.563	25.25	10.952	93	6.91	133.875	6.112	6334.778	133.875	0	0	0	9	9	5964	8927	7286	6295	6477	6796	6587	5338	-2	37	21	44	19	12	33	12	24	-2	93	93	105	98	95	94	85	81	-2	132	138	144	136	135	136	127	123	-1
1002001000	-2	8759	5386.556	2989.62	24.25	10.802	92.429	6.522	119.875	38.103	5714.556	119.875	0	0	1	9	9	6577	8759	6276	6889	0	7256	7121	5603	-2	36	15	42	20	12	33	12	24	-2	94	92	101	98	-2	95	87	80	-2	134	137	141	136	20	138	130	123	-1
1002001000	-2	8758	5385.444	2989.184	24.25	10.802	92.429	6.522	119.875	38.103	5714.556	119.875	0	0	1	9	9	6577	8758	6276	6884	0	7256	7121	5599	-2	36	15	42	20	12	33	12	24	-2	94	92	101	98	-2	95	87	80	-2	134	137	141	136	20	138	130	123	-1
1002001000	-2	7505	5396.667	2916.125	26.375	9.759	94.571	6.966	125	33.384	5645.222	125	0	0	1	9	9	6943	0	7355	6743	6907	7190	7505	5929	-2	35	16	44	26	20	33	13	24	-2	94	-2	106	98	97	96	89	82	-2	136	38	147	139	141	140	133	126	-1
1002001000	-2	7505	5396.667	2916.125	26.375	9.759	94.571	6.966	125	33.384	5645.222	125	0	0	1	9	9	6943	0	7355	6743	6907	7190	7505	5929	-2	35	16	44	26	20	33	13	24	-2	94	-2	106	98	97	96	89	82	-2	136	38	147	139	141	140	133	126	-1
1002001000	-2	8196	5712	3078.838	27.125	10.203	97.714	5.848	128.75	34.259	5790.889	128.75	0	0	1	9	9	7242	0	7406	6543	7385	8196	7344	7294	-2	29	16	46	29	20	38	14	25	-2	97	-2	109	100	99	98	91	90	-2	140	39	151	141	145	143	137	134	-1
1002001000	-2	8211	5710	3078.142	27.125	10.203	97.714	5.848	128.75	34.259	5790.889	128.75	0	0	1	9	9	7242	0	7406	6550	7385	8211	7344	7254	-2	29	16	46	29	20	38	14	25	-2	97	-2	109	100	99	98	91	90	-2	140	39	151	141	145	143	137	134	-1
1004001000	-2	8394	4058.889	3677.352	28.875	10.068	107.2	3.655	110.375	54.042	4326.111	110.375	0	0	3	9	9	8394	0	6392	7992	0	7195	0	6559	-2	29	22	47	29	21	42	15	26	-2	109	-2	110	109	-2	108	-2	100	-2	154	38	155	153	34	155	51	143	-1
1004001000	-2	8394	4058.889	3677.352	28.875	10.068	107.2	3.655	110.375	54.042	4326.111	110.375	0	0	3	9	9	8394	0	6392	7992	0	7195	0	6559	-2	29	22	47	29	21	42	15	26	-2	109	-2	110	109	-2	108	-2	100	-2	154	38	155	153	34	155	51	143	-1
1004001000	-2	8139	4030.444	3660.171	28.25	10.651	108.6	3.323	112.25	55.231	4407.222	112.25	0	0	3	9	9	8139	0	6680	5901	0	7566	0	7990	-2	25	22	47	30	18	43	15	26	-2	111	-2	110	110	-2	110	-2	102	-2	157	39	156	155	34	160	51	146	-1
1004001000	-2	8139	4030.444	3660.171	28.25	10.651	108.6	3.323	112.25	55.231	4407.222	112.25	0	0	3	9	9	8139	0	6680	5901	0	7566	0	7990	-2	25	22	47	30	18	43	15	26	-2	111	-2	110	110	-2	110	-2	102	-2	157	39	156	155	34	160	51	146	-1
1004001000	-2	8786	3960.222	3676.974	27.625	10.535	105.2	4.4	115.625	48.5	4661.667	115.625	0	0	3	9	9	7083	6252	8334	0	0	5189	0	8786	-2	24	21	46	29	17	43	16	25	-2	101	107	110	-2	-2	109	-2	99	-2	149	159	155	45	65	158	51	143	-1
1004001000	-2	8786	3960.222	3676.974	27.625	10.535	105.2	4.4	115.625	48.5	4661.667	115.625	0	0	3	9	9	7083	6252	8334	0	0	5189	0	8786	-2	24	21	46	29	17	43	16	25	-2	101	107	110	-2	-2	109	-2	99	-2	149	159	155	45	65	158	51	143	-1
1001001000	-2	1361	667	428.201	28.625	4.715	101	4.848	138.5	6.819	8357.889	140.125	0	0	0	9	9	694	303	1242	809	194	1361	627	775	-2	39	25	24	28	27	33	28	25	-2	103	90	107	104	100	103	103	98	-2	140	128	148	142	128	143	143	136	-1
1001001000	-2	3633	1194.111	1103.859	65.25	5.472	119.875	6.071	159	7.874	8839	159.625	0	0	0	9	9	2514	547	3633	420	716	982	493	1444	-2	66	59	68	70	73	67	55	64	-2	122	118	134	121	118	119	114	113	-2	158	155	178	159	160	159	153	150	-1
1001001000	-2	11959	8831.111	3599.261	64.875	6.193	124.875	6.274	174.375	6.613	10521.333	174.375	0	0	0	9	9	11590	10628	11643	10554	6710	9140	7258	11959	-2	65	62	71	71	71	68	56	55	-2	127	122	139	128	117	123	123	120	-2	177	172	190	176	169	173	170	168	-1
1001001000	-2	11978	8857.222	3623.02	64.875	6.193	124.875	6.274	174.375	6.613	10521.333	174.375	0	0	0	9	9	11839	10628	11631	10560	6698	9125	7258	11978	-2	65	62	71	71	71	68	56	55	-2	127	122	139	128	117	123	123	120	-2	177	172	190	176	169	173	170	168	-1
1001001000	-2	11278	9365	3338.129	45.25	9.203	114.125	4.567	161.375	5.499	9400.222	161.25	0	0	0	9	9	10634	10780	9987	9965	10868	10089	11278	10686	-2	48	42	63	44	42	54	38	31	-2	116	113	123	117	110	116	110	108	-2	163	162	169	167	157	165	156	152	-1
1001001000	-2	11278	9365	3338.129	45.25	9.203	114.125	4.567	161.375	5.499	9400.222	161.25	0	0	0	9	9	10634	10780	9987	9965	10868	10089	11278	10686	-2	48	42	63	44	42	54	38	31	-2	116	113	123	117	110	116	110	108	-2	163	162	169	167	157	165	156	152	-1
1001001000	-2	8927	6317.889	2574.521	24.75	11.893	89.5	10.037	130.375	8.47	6507.556	129.75	0	0	0	9	9	6141	8927	7548	7851	7854	7496	4109	6937	-2	21	14	47	13	30	38	12	23	-2	96	90	107	87	91	93	70	82	-2	132	134	146	131	130	133	115	122	-1
1001001000	-2	8927	6255.556	2627.247	24.75	11.893	89.5	10.037	130.375	8.47	6507.556	129.75	0	0	0	9	9	6141	8927	7548	7843	7854	7496	3589	6904	-2	21	14	47	13	30	38	12	23	-2	96	90	107	87	91	93	70	82	-2	132	134	146	131	130	133	115	122	-1
1001001000	-2	8290	6588.889	2480.639	21.75	10.674	87.5	6.344	128.375	5.314	6750	128.25	0	0	0	9	9	5605	8290	7054	8156	7183	8181	8175	6658	-2	24	15	41	13	12	36	11	22	-2	93	88	96	88	87	92	75	81	-2	131	130	136	130	128	132	119	121	-1
1001001000	-2	8290	6588.889	2480.639	21.75	10.674	87.5	6.344	128.375	5.314	6750	128.25	0	0	0	9	9	5605	8290	7054	8156	7183	8181	8175	6658	-2	24	15	41	13	12	36	11	22	-2	93	88	96	88	87	92	75	81	-2	131	130	136	130	128	132	119	121	-1
1001001000	-2	8773	5857.667	2433.839	21.375	10.475	86.5	5.937	127.625	5.243	6175.111	127.375	0	0	0	9	9	4360	8261	5902	6773	6432	6872	8773	5348	-2	32	15	40	13	12	31	11	17	-2	90	87	96	89	89	86	76	79	-2	128	130	136	130	130	128	119	120	-1
1001001000	-2	8773	5857.667	2433.839	21.375	10.475	86.5	5.937	127.625	5.243	6175.111	127.375	0	0	0	9	9	4360	8261	5902	6773	6432	6872	8773	5348	-2	32	15	40	13	12	31	11	17	-2	90	87	96	89	89	86	76	79	-2	128	130	136	130	130	128	119	120	-1
1001001000	-2	7660	5624.889	2348.858	19.875	9.225	85.625	5.999	127.125	5.134	6459.111	127	0	0	0	9	9	4006	7652	5548	6685	7660	7010	7400	4665	-2	28	15	38	13	11	27	12	15	-2	91	86	95	87	89	83	76	78	-2	129	130	134	129	131	126	119	119	-1
1001001000	-2	7660	5624.889	2348.858	19.875	9.225	85.625	5.999	127.125	5.134	6459.111	127	0	0	0	9	9	4006	7652	5548	6685	7660	7010	7400	4665	-2	28	15	38	13	11	27	12	15	-2	91	86	95	87	89	83	76	78	-2	129	130	134	129	131	126	119	119	-1
1001001000	-2	8118	5876.556	2303.877	19.625	9.46	87.75	6.016	129.5	4.95	6440.556	129.25	0	0	0	9	9	5059	8118	5019	6882	7664	6905	7075	6169	-2	23	15	40	13	11	28	12	15	-2	92	88	96	89	94	85	80	78	-2	131	131	136	131	135	128	123	121	-1
1001001000	-2	8118	5876.556	2303.877	19.625	9.46	87.75	6.016	129.5	4.95	6440.556	129.25	0	0	0	9	9	5059	8118	5019	6882	7664	6905	7075	6169	-2	23	15	40	13	11	28	12	15	-2	92	88	96	89	94	85	80	78	-2	131	131	136	131	135	128	123	121	-1
1002001000	-2	7773	5093.111	2776.395	20.75	9.523	89.286	6.181	120.75	31.288	5580.111	120.75	0	0	1	9	9	6315	0	5532	6692	7773	6518	6636	6374	-2	23	15	42	16	12	28	12	18	-2	93	-2	98	87	96	88	83	80	-2	135	39	139	132	138	133	126	124	-1
1002001000	-2	7773	5093.111	2776.395	20.75	9.523	89.286	6.181	120.75	31.288	5580.111	120.75	0	0	1	9	9	6315	0	5532	6692	7773	6518	6636	6374	-2	23	15	42	16	12	28	12	18	-2	93	-2	98	87	96	88	83	80	-2	135	39	139	132	138	133	126	124	-1
1001001000	-2	8539	6435.222	2441.869	22.25	10.293	93.125	6.009	137.625	5.29	6784	137.625	0	0	0	9	9	7472	8456	5603	7035	8539	7008	7545	6261	-2	23	16	42	17	12	36	13	19	-2	96	96	101	89	98	96	87	82	-2	139	142	144	134	142	140	132	128	-1
1001001000	-2	8539	6435.222	2441.869	22.25	10.293	93.125	6.009	137.625	5.29	6784	137.625	0	0	0	9	9	7472	8456	5603	7035	8539	7008	7545	6261	-2	23	16	42	17	12	36	13	19	-2	96	96	101	89	98	96	87	82	-2	139	142	144	134	142	140	132	128	-1
1001001000	-2	8384	6425.333	2409.264	24	10.677	96.5	6.538	143.375	5.872	6639.222	143.375	0	0	0	9	9	8285	7708	7239	6215	8384	7129	7063	5807	-2	24	15	42	24	13	40	13	21	-2	99	99	106	92	100	101	91	84	-2	144	149	150	138	148	147	138	133	-1
1001001000	-2	8056	6364.889	2382.273	24	11.236	96.375	6.382	144.25	6.18	6726.667	144.25	0	0	0	9	9	7976	8056	7327	6251	7729	7058	7391	5498	-2	23	14	43	25	13	41	13	20	-2	98	99	104	91	100	103	92	84	-2	144	150	149	138	150	150	140	133	-1
1001001000	-2	8056	6364.889	2382.273	24	11.236	96.375	6.382	144.25	6.18	6726.667	144.25	0	0	0	9	9	7976	8056	7327	6251	7729	7058	7391	5498	-2	23	14	43	25	13	41	13	20	-2	98	99	104	91	100	103	92	84	-2	144	150	149	138	150	150	140	133	-1
1001001000	-2	8263	6002.333	2290.938	23.5	10.932	94.25	5.804	140.25	5.673	6895.222	140.25	0	0	0	9	9	7651	6640	6877	5058	7015	6518	8263	6001	-2	22	14	43	25	13	39	13	19	-2	97	94	103	90	97	99	91	83	-2	142	143	147	135	144	145	137	129	-1
1001001000	-2	1119	641.889	467.468	15.5	2.062	87	5.268	124.125	13.661	10661.444	132.25	0	0	2	9	9	1119	0	949	979	698	954	0	1080	-2	15	13	16	18	18	15	12	17	-2	89	75	90	89	85	94	89	85	-2	129	96	137	130	121	139	110	131	-1
1001001000	-2	828	524.889	306.709	15.5	2.062	87	5.268	127	12.54	10661.444	132.25	0	0	0	9	9	800	139	828	679	628	807	180	665	-2	15	13	16	18	18	15	12	17	-2	89	75	90	89	85	94	89	85	-2	133	99	137	130	132	139	115	131	-1
1001001000	-2	2201	768.111	694.726	60.375	7.952	114.625	5.611	151.5	7.399	7822.778	151.5	0	0	0	9	9	509	278	2201	275	1737	936	601	378	-2	59	46	67	65	69	69	55	53	-2	114	113	127	113	114	118	112	106	-2	149	147	168	148	152	157	149	142	-1
1001001000	-2	3571	1017.889	1030.87	59.375	6.855	115.5	4.583	153.75	7.031	8062.667	153.75	0	0	0	9	9	1781	322	3571	493	866	1195	508	427	-2	57	57	66	62	68	65	54	46	-2	116	116	125	114	115	118	112	108	-2	155	152	170	150	152	157	149	145	-1
1001001000	-2	12783	9403.222	3460.94	59.5	6.442	121.125	5.533	170.875	6.294	10449.667	170.875	0	0	0	9	9	10675	9292	12783	9503	10550	10901	9976	10951	-2	53	61	67	62	66	65	53	49	-2	120	119	135	121	118	122	116	118	-2	171	166	186	169	169	174	166	166	-1
1001001000	-2	11791	8605.556	3325.846	40	9.747	106.875	6.353	152.75	7.12	8706.667	152.625	0	0	0	9	9	8786	10389	8704	8406	11791	11653	10009	7714	-2	37	39	59	32	40	52	30	31	-2	101	107	117	110	106	115	100	99	-2	146	154	163	159	152	160	146	142	-1
1001001000	-2	11594	8219.556	3128.806	39.75	9.769	106.75	6.379	152.625	7.14	8706.667	152.625	0	0	0	9	9	8746	8719	8704	8250	11594	10411	9989	7565	-2	37	39	59	32	38	52	30	31	-2	101	107	117	110	105	115	100	99	-2	146	154	163	159	151	160	146	142	-1
1001001000	-2	9009	6245	3102.554	19.5	11.565	81.625	8.395	122.375	8.44	7173.667	122.25	0	0	0	9	9	6396	7682	8983	9009	5794	8974	1696	7673	-2	15	14	42	11	10	36	11	17	-2	75	79	98	82	81	91	70	77	-2	117	124	138	125	118	131	110	116	-1
1001001000	-2	9009	6245	3102.554	19.5	11.565	81.625	8.395	122.375	8.44	7173.667	122.25	0	0	0	9	9	6396	7682	8983	9009	5794	8974	1696	7673	-2	15	14	42	11	10	36	11	17	-2	75	79	98	82	81	91	70	77	-2	117	124	138	125	118	131	110	116	-1
1001001000	-2	8204	5838.667	2396.944	18.375	9.656	81.375	6.855	122.75	6.159	6604.889	122.75	0	0	0	9	9	5175	7275	8204	8203	5240	7411	4860	6182	-2	19	14	38	11	10	30	10	15	-2	82	79	96	82	81	84	70	77	-2	122	123	136	124	121	125	113	118	-1
1001001000	-2	8204	5826.556	2400.566	18.375	9.656	81.375	6.855	122.75	6.159	6604.889	122.75	0	0	0	9	9	5175	7275	8204	8203	5240	7411	4775	6158	-2	19	14	38	11	10	30	10	15	-2	82	79	96	82	81	84	70	77	-2	122	123	136	124	121	125	113	118	-1
1001001000	-2	9168	5941.333	2413.141	17.875	8.781	82.75	5.995	124.5	5.635	6170.222	124.375	0	0	0	9	9	5955	7479	5572	7177	4931	7216	9168	5976	-2	20	15	34	11	9	30	11	13	-2	82	81	96	84	81	86	75	77	-2	121	125	136	126	123	129	118	118	-1
1001001000	-2	9168	5941.333	2413.141	17.875	8.781	82.75	5.995	124.5	5.635	6170.222	124.375	0	0	0	9	9	5955	7479	5572	7177	4931	7216	9168	5976	-2	20	15	34	11	9	30	11	13	-2	82	81	96	84	81	86	75	77	-2	121	125	136	126	123	129	118	118	-1
1001001000	-2	8142	5765.222	2407.836	17.125	7.897	78.875	6.03	121.25	5.117	6678.222	120.75	0	0	0	9	9	5632	8142	5895	3752	6246	7480	8024	6718	-2	20	13	33	11	10	26	11	13	-2	79	77	92	81	74	82	71	75	-2	120	121	132	124	118	124	115	116	-1
1001001000	-2	8163	5772.222	2410.441	17.125	7.897	78.875	6.03	121.25	5.117	6678.222	120.75	0	0	0	9	9	5651	8163	5895	3752	6259	7481	8018	6733	-2	20	13	33	11	10	26	11	13	-2	79	77	92	81	74	82	71	75	-2	120	121	132	124	118	124	115	116	-1
1001001000	-2	7949	6168.222	2342.992	18.125	8.838	80.875	6.528	124	5.523	6742.778	123.5	0	0	0	9	9	5762	7699	6884	5182	7362	7295	7383	7949	-2	20	14	37	13	10	27	11	13	-2	81	77	95	85	78	83	73	75	-2	122	122	135	129	123	126	117	118	-1
1001001000	-2	7949	6168.222	2342.992	18.125	8.838	80.875	6.528	124	5.523	6742.778	123.5	0	0	0	9	9	5762	7699	6884	5182	7362	7295	7383	7949	-2	20	14	37	13	10	27	11	13	-2	81	77	95	85	78	83	73	75	-2	122	122	135	129	123	126	117	118	-1
1001001000	-2	8630	6132.444	2293.715	19.125	9.333	84.875	5.441	129	4.69	6432.444	128.75	0	0	0	9	9	6149	7380	6232	6243	8630	6526	6715	7319	-2	21	14	40	14	12	27	11	14	-2	84	81	96	88	86	87	79	78	-2	128	127	137	132	132	131	123	122	-1
1001001000	-2	8640	6141.444	2296.143	19.125	9.333	84.875	5.441	129	4.69	6432.444	128.75	0	0	0	9	9	6159	7380	6232	6284	8640	6531	6715	7334	-2	21	14	40	14	12	27	11	14	-2	84	81	96	88	86	87	79	78	-2	128	127	137	132	132	131	123	122	-1
1001001000	-2	9036	6385.111	2379.3	20.625	10.21	89.625	5.611	134.75	4.521	6625.556	134.5	0	0	0	9	9	7148	7391	6225	7009	9036	6401	7053	7205	-2	21	14	41	15	13	34	12	15	-2	91	89	97	90	94	94	83	79	-2	136	135	140	135	138	139	128	127	-1
1001001000	-2	9036	6385.111	2379.3	20.625	10.21	89.625	5.611	134.75	4.521	6625.556	134.5	0	0	0	9	9	7148	7391	6225	7009	9036	6401	7053	7205	-2	21	14	41	15	13	34	12	15	-2	91	89	97	90	94	94	83	79	-2	136	135	140	135	138	139	128	127	-1
1001001000	-2	7665	5975.889	2240.392	20.5	10.583	88.375	5.721	135.125	4.622	6541.444	134.875	0	0	0	9	9	7276	6685	6587	5090	7665	6735	7597	6150	-2	21	15	41	14	12	35	11	15	-2	85	90	97	90	86	96	84	79	-2	133	138	141	135	136	141	129	128	-1
1001001000	-2	7665	5975.889	2240.392	20.5	10.583	88.375	5.721	135.125	4.622	6541.444	134.875	0	0	0	9	9	7276	6685	6587	5090	7665	6735	7597	6150	-2	21	15	41	14	12	35	11	15	-2	85	90	97	90	86	96	84	79	-2	133	138	141	135	136	141	129	128	-1
1001001000	-2	7317	5789.444	2110.324	21.75	11.155	89	5.958	136.125	5.011	6435.111	136.125	0	0	0	9	9	7039	6159	6100	6186	7085	7317	6541	5680	-2	21	14	42	17	13	39	12	16	-2	87	89	98	87	90	98	82	81	-2	134	138	142	135	139	143	129	129	-1
1001001000	-2	7317	5789.444	2110.324	21.75	11.155	89	5.958	136.125	5.011	6435.111	136.125	0	0	0	9	9	7039	6159	6100	6186	7085	7317	6541	5680	-2	21	14	42	17	13	39	12	16	-2	87	89	98	87	90	98	82	81	-2	134	138	142	135	139	143	129	129	-1
1001001000	-2	713	324.778	276.595	13.5	0.866	94	5.831	154.75	22.016	11436	164.375	0	0	2	9	9	510	0	713	0	540	575	100	487	-2	14	12	13	13	14	13	14	15	-2	97	80	94	97	91	100	97	96	-2	169	110	169	125	160	167	169	169	-1
1001001000	-2	828	474.667	278.684	15.875	2.571	77.5	5.657	118	3.742	9523.667	117	0	0	0	9	9	398	276	766	172	818	558	458	828	-2	15	22	15	14	17	16	13	15	-2	82	70	80	80	75	88	72	73	-2	122	113	122	118	117	123	116	113	-1
1001001000	-2	12102	8588.556	3349.71	50.375	8.41	114.125	4.371	160	5.196	9993.556	160	0	0	0	9	9	11056	12102	8061	8411	7647	10604	10411	9007	-2	46	51	65	44	58	55	48	36	-2	112	119	121	111	110	119	111	110	-2	160	163	169	154	156	165	160	153	-1
1001001000	-2	12102	8588.556	3349.71	50.375	8.41	114.125	4.371	160	5.196	9993.556	160	0	0	0	9	9	11056	12102	8061	8411	7647	10604	10411	9007	-2	46	51	65	44	58	55	48	36	-2	112	119	121	111	110	119	111	110	-2	160	163	169	154	156	165	160	153	-1
1001001000	-2	10275	7820.778	2966.113	34.125	10.612	101.5	5.385	145.25	6.24	8131.444	145.25	0	0	0	9	9	9109	9904	8322	8976	10275	9446	7853	6504	-2	28	31	55	27	34	48	23	27	-2	99	103	111	102	101	107	93	96	-2	142	147	157	149	141	150	138	138	-1
1001001000	-2	10275	7820.778	2966.113	34.125	10.612	101.5	5.385	145.25	6.24	8131.444	145.25	0	0	0	9	9	9109	9904	8322	8976	10275	9446	7853	6504	-2	28	31	55	27	34	48	23	27	-2	99	103	111	102	101	107	93	96	-2	142	147	157	149	141	150	138	138	-1
1001001000	-2	9378	6764.444	2995.433	16.5	8.139	77.625	7.499	119.625	7.598	7837.333	119.375	0	0	0	9	9	7979	6747	9378	9246	7839	8776	3020	7897	-2	14	17	35	10	10	23	10	13	-2	74	79	94	78	72	83	69	72	-2	116	122	135	122	112	125	110	115	-1
1001001000	-2	9378	6526.222	3011.757	16.5	8.139	77.625	7.499	119.625	7.598	7837.333	119.375	0	0	0	9	9	6530	6747	9378	9246	7606	8776	2597	7858	-2	14	17	35	10	10	23	10	13	-2	74	79	94	78	72	83	69	72	-2	116	122	135	122	112	125	110	115	-1
1001001000	-2	8591	6736.556	2545.955	15.25	7.496	74.25	7.628	116.75	6.572	7190.222	116.375	0	0	0	9	9	7479	7912	7948	7859	7167	8358	5317	8591	-2	14	13	31	10	8	24	10	12	-2	73	77	91	68	71	79	65	70	-2	116	120	131	114	113	120	108	112	-1
1001001000	-2	8591	6736.556	2545.955	15.25	7.496	74.25	7.628	116.75	6.572	7190.222	116.375	0	0	0	9	9	7479	7912	7948	7859	7167	8358	5317	8591	-2	14	13	31	10	8	24	10	12	-2	73	77	91	68	71	79	65	70	-2	116	120	131	114	113	120	108	112	-1
1002001000	-2	8304	5084.667	2934.659	13	5.05	70.857	4.58	102.375	30.22	5800	102.375	0	0	1	9	9	5799	6578	0	4112	6821	6445	7705	8304	-2	14	11	15	9	8	25	10	12	-2	76	69	-2	68	71	79	65	68	-2	117	113	23	113	113	121	108	111	-1
1002001000	-2	8376	5054.889	3080.649	13.125	5.254	70.429	3.959	102	30.054	6132.222	101.875	0	0	1	9	9	4282	7473	0	3847	6168	7235	8115	8376	-2	13	12	15	10	8	26	10	11	-2	74	69	-2	69	70	78	65	68	-2	116	113	23	114	112	120	108	110	-1
1002001000	-2	8376	5054.889	3080.649	13.125	5.254	70.429	3.959	102	30.054	6132.222	101.875	0	0	1	9	9	4282	7473	0	3847	6168	7235	8115	8376	-2	13	12	15	10	8	26	10	11	-2	74	69	-2	69	70	78	65	68	-2	116	113	23	114	112	120	108	110	-1
1001001000	-2	8789	5785.111	2463.757	15.75	8.136	75.125	6.641	118	5.545	6915.222	118	0	0	0	9	9	4552	7214	5694	4442	6498	6823	8056	8789	-2	13	13	32	11	9	27	10	11	-2	75	69	88	78	71	82	68	70	-2	117	114	128	122	114	124	112	113	-1
1001001000	-2	8789	5785.111	2463.757	15.75	8.136	75.125	6.641	118	5.545	6915.222	118	0	0	0	9	9	4552	7214	5694	4442	6498	6823	8056	8789	-2	13	13	32	11	9	27	10	11	-2	75	69	88	78	71	82	68	70	-2	117	114	128	122	114	124	112	113	-1
1001001000	-2	8041	5521.444	2273.086	15.875	7.801	77.25	6.139	122.25	5.262	7052.444	122.125	0	0	0	9	9	4831	6772	6415	3805	6906	6756	6169	8041	-2	13	12	32	13	10	26	10	11	-2	76	73	88	82	73	84	70	72	-2	121	119	131	127	119	128	116	117	-1
1001001000	-2	7977	5299.444	2226.629	15.875	7.801	77.25	6.139	122.25	5.262	7052.444	122.125	0	0	0	9	9	4672	6772	6415	3553	6278	6519	5511	7977	-2	13	12	32	13	10	26	10	11	-2	76	73	88	82	73	84	70	72	-2	121	119	131	127	119	128	116	117	-1
1001001000	-2	7710	5794.111	2175.78	17.625	9.512	82	6.782	128.625	5.589	6902.667	128.125	0	0	0	9	9	5750	6251	7338	5170	7710	6604	6354	6972	-2	13	14	38	13	11	29	10	13	-2	80	78	96	84	77	89	75	77	-2	128	126	140	130	126	134	122	123	-1
1001001000	-2	7710	5794.111	2175.78	17.625	9.512	82	6.782	128.625	5.589	6902.667	128.125	0	0	0	9	9	5750	6251	7338	5170	7710	6604	6354	6972	-2	13	14	38	13	11	29	10	13	-2	80	78	96	84	77	89	75	77	-2	128	126	140	130	126	134	122	123	-1
1001001000	-2	7945	5631.333	2268.561	16.75	8.7	79.75	6.796	126.625	5.314	7168.333	126.625	0	0	0	9	9	5984	5857	7945	4230	7183	6100	5641	7744	-2	12	14	36	13	10	26	10	13	-2	78	75	93	83	75	87	72	75	-2	125	123	137	129	125	132	120	122	-1
1001001000	-2	7945	5631.333	2268.561	16.75	8.7	79.75	6.796	126.625	5.314	7168.333	126.625	0	0	0	9	9	5984	5857	7945	4230	7183	6100	5641	7744	-2	12	14	36	13	10	26	10	13	-2	78	75	93	83	75	87	72	75	-2	125	123	137	129	125	132	120	122	-1
1001001000	-2	8450	6083.667	2306.866	16.375	7.598	79.375	6.873	125.125	5.011	7257	125	0	0	0	9	9	6715	6139	8450	5850	7798	6802	5793	7208	-2	12	15	32	13	10	26	10	13	-2	77	75	92	84	73	87	72	75	-2	124	123	134	128	122	131	119	120	-1
1003003000	-2	1305	428	499.863	10.333	1.247	67.833	3.804	83.875	37.575	10659.444	109.375	0	0	3	9	9	1064	0	1305	0	817	627	0	41	-2	10	-2	10	9	10	10	-2	13	-2	63	-2	70	67	66	75	-2	66	-2	107	21	120	86	106	114	21	96	-1
1003003000	-2	1305	428	499.863	10.333	1.247	67.833	3.804	83.875	37.575	10659.444	109.375	0	0	3	9	9	1064	0	1305	0	817	627	0	41	-2	10	-2	10	9	10	10	-2	13	-2	63	-2	70	67	66	75	-2	66	-2	107	21	120	86	106	114	21	96	-1
1001001000	-2	8539	3469.222	2895.471	26.375	10.343	86	7.036	126.375	7.21	7469.667	126.375	0	0	0	9	9	8539	7535	1467	4480	721	4721	887	2875	-2	20	22	44	16	29	42	16	22	-2	90	85	101	84	82	89	81	76	-2	132	129	139	124	116	131	121	119	-1
1001001000	-2	10551	6786.111	3177.659	20.5	8.818	83.25	6.398	128.125	6.679	7698.556	128.125	0	0	0	9	9	7477	7287	10418	10551	4239	7498	4600	9007	-2	15	14	33	13	24	36	12	17	-2	77	81	96	84	82	90	75	81	-2	123	127	139	133	122	136	119	126	-1
1002001000	-2	8341	6040.889	3304.003	11.75	3.112	70.429	3.659	103.25	29.064	6587.889	103.125	0	0	1	9	9	8131	8341	0	8118	7760	8290	5892	7838	-2	12	12	13	9	9	19	9	11	-2	70	72	-2	69	71	78	66	67	-2	114	116	27	115	112	122	108	112	-1
1002001000	-2	8302	5453.667	3144.09	11.75	3.112	70.429	3.659	103.25	29.064	6587.889	103.125	0	0	1	9	9	8208	8302	0	7297	7075	6540	4061	7602	-2	12	12	13	9	9	19	9	11	-2	70	72	-2	69	71	78	66	67	-2	114	116	27	115	112	122	108	112	-1
1002001000	-2	8805	5482.778	3003.734	10.75	3.419	66.857	4.223	99.5	27.645	5807.889	99.375	0	0	1	9	9	6545	7159	0	6909	6724	8805	6620	6585	-2	11	11	11	9	7	19	8	10	-2	69	68	-2	65	67	75	61	63	-2	112	112	27	109	108	117	104	107	-1
1002001000	-2	8805	5482.778	3003.734	10.75	3.419	66.857	4.223	99.5	27.645	5807.889	99.375	0	0	1	9	9	6545	7159	0	6909	6724	8805	6620	6585	-2	11	11	11	9	7	19	8	10	-2	69	68	-2	65	67	75	61	63	-2	112	112	27	109	108	117	104	107	-1
1001001000	-2	7872	5465.444	2591.999	10.75	4.146	67.125	6.809	109.625	5.266	6759	109.75	0	0	0	9	9	3286	6397	6682	2989	6430	7872	7663	7872	-2	11	11	11	8	7	21	8	9	-2	66	64	82	62	66	74	62	61	-2	108	108	121	108	108	115	104	105	-1
1001001000	-2	7668	5149.444	2527.554	10.75	4.146	67.125	6.809	108.75	5.995	6759	109.75	0	0	0	9	9	3126	6018	6585	2304	6279	7356	7011	7668	-2	11	11	11	8	7	21	8	9	-2	66	64	82	62	66	74	62	61	-2	108	108	121	101	108	115	104	105	-1
1001001000	-2	8030	5309.667	2670.663	11.25	3.929	67.5	6.745	110	5.477	7230.333	110	0	0	0	9	9	3708	7076	6505	1858	5757	7863	6992	8030	-2	11	11	12	9	8	21	8	10	-2	67	65	81	64	65	76	61	61	-2	109	107	121	109	107	117	105	105	-1
1001001000	-2	8451	5544.889	2710.621	11.25	3.929	67.5	6.745	110	5.477	7230.333	110	0	0	0	9	9	3257	7784	6593	2903	5848	8071	6999	8451	-2	11	11	12	9	8	21	8	10	-2	67	65	81	64	65	76	61	61	-2	109	107	121	109	107	117	105	105	-1
1002001000	-2	8277	4465.444	2951.099	11.25	4.023	66.429	4.338	99.5	28.753	6409.111	99.5	0	0	1	9	9	3196	7989	0	2958	5257	6809	5705	8277	-2	11	11	13	9	8	21	8	9	-2	68	65	-2	65	65	76	65	61	-2	110	109	24	111	108	119	108	107	-1
1002001000	-2	8277	4465.444	2951.099	11.25	4.023	66.429	4.338	99.5	28.753	6409.111	99.5	0	0	1	9	9	3196	7989	0	2958	5257	6809	5705	8277	-2	11	11	13	9	8	21	8	9	-2	68	65	-2	65	65	76	65	61	-2	110	109	24	111	108	119	108	107	-1
1002001000	-2	8740	4223.333	2887.963	11.625	3.603	69	4.66	102.25	29.819	6496.333	102.25	0	0	1	9	9	3340	7381	0	2847	5046	6595	4063	8740	-2	11	11	14	11	8	20	9	9	-2	70	66	-2	71	67	79	66	64	-2	115	110	24	117	111	121	111	109	-1
1002001000	-2	8740	4223.333	2887.963	11.625	3.603	69	4.66	102.25	29.819	6496.333	102.25	0	0	1	9	9	3340	7381	0	2847	5046	6595	4063	8740	-2	11	11	14	11	8	20	9	9	-2	70	66	-2	71	67	79	66	64	-2	115	110	24	117	111	121	111	109	-1
1002001000	-2	8972	4333.111	2837.642	12.125	4.136	70.571	4.625	103.875	30.448	6493.333	103.875	0	0	1	9	9	4241	6875	0	4409	5435	6209	2859	8972	-2	11	10	15	11	9	22	9	10	-2	71	67	-2	74	69	80	67	66	-2	117	111	24	119	114	123	112	111	-1
1002001000	-2	9050	4523.333	2889.116	12.375	4.06	70.714	4.527	104	30.48	6493.333	103.875	0	0	1	9	9	4406	7377	0	3655	5711	6328	4185	9050	-2	11	12	15	11	9	22	9	10	-2	71	68	-2	74	69	80	67	66	-2	117	112	24	119	114	123	112	111	-1
1002001000	-2	7696	4676.111	2767.503	12	3.571	70.143	4.223	103.125	30.135	6698	103	0	0	1	9	9	5325	7566	0	4274	5913	7012	4301	7696	-2	11	12	15	11	9	20	9	9	-2	69	69	-2	73	69	79	66	66	-2	116	113	24	117	113	122	110	110	-1
1001001000	-2	855	430.222	265.519	11.25	1.714	64	3.873	100.25	3.382	7071.444	100.25	0	0	0	9	9	426	373	855	502	429	595	677	17	-2	13	9	13	10	11	14	10	10	-2	62	58	65	62	67	72	63	63	-2	99	96	105	97	100	106	101	98	-1
1001001000	-2	9568	5838.556	3064.219	17.25	5.607	79.875	5.061	124.125	5.925	8189.889	124	0	0	0	9	9	8572	6296	7680	9568	1801	6518	3989	8125	-2	15	15	19	12	26	26	10	15	-2	75	81	90	79	79	85	76	74	-2	121	125	135	128	118	129	116	121	-1
1001001000	-2	8740	6311.222	2632.503	10	2.646	66.875	6.641	110.25	5.974	7235.556	109.875	0	0	0	9	9	8740	7981	8060	6898	7325	7685	3580	6534	-2	10	11	11	7	8	16	8	9	-2	66	68	81	62	64	73	61	60	-2	110	112	122	108	105	116	102	107	-1
1001001000	-2	8862	6716.778	2622.453	9.875	2.619	66.5	6.652	110	5.937	7235.556	109.875	0	0	0	9	9	8531	7552	8296	7698	7931	8862	4920	6663	-2	10	10	11	7	8	16	8	9	-2	66	65	81	62	64	73	61	60	-2	110	110	122	108	105	116	102	107	-1
1001001000	-2	7194	5680.444	2082.74	9.25	2.437	63.125	4.166	105.625	3.276	6186.778	105.625	0	0	0	9	9	6329	7194	5675	5457	6211	7069	6824	6367	-2	9	10	10	7	7	15	8	8	-2	61	63	72	61	63	67	60	58	-2	106	106	113	105	104	107	102	102	-1
1001001000	-2	7194	5680.444	2082.74	9.25	2.437	63.125	4.166	105.625	3.276	6186.778	105.625	0	0	0	9	9	6329	7194	5675	5457	6211	7069	6824	6367	-2	9	10	10	7	7	15	8	8	-2	61	63	72	61	63	67	60	58	-2	106	106	113	105	104	107	102	102	-1
1001001000	-2	7773	4846.889	2289.334	9	2.915	60.875	4.075	102.875	3.37	6650.111	103	0	0	0	9	9	3072	7773	6029	2966	4900	6978	6050	5856	-2	9	10	9	7	6	16	7	8	-2	60	62	69	60	57	65	58	56	-2	102	103	110	104	101	105	99	99	-1
1001001000	-2	6921	4511.667	2275.063	9	2.915	60.875	4.075	102.25	3.562	6650.111	103	0	0	0	9	9	2791	6811	5892	1949	4516	6921	5986	5741	-2	9	10	9	7	6	16	7	8	-2	60	62	69	60	57	65	58	56	-2	102	103	110	99	101	105	99	99	-1
1001001000	-2	6925	4377.222	2142.468	9.375	2.87	61	3.969	103.25	3.455	6823.333	103.75	0	0	0	9	9	2996	5747	6470	2224	3999	6925	5298	5738	-2	9	11	10	7	7	16	7	8	-2	60	62	69	60	58	65	58	56	-2	103	103	111	101	102	106	100	100	-1
1001001000	-2	6925	4377.222	2142.468	9.375	2.87	61	3.969	103.25	3.455	6823.333	103.75	0	0	0	9	9	2996	5747	6470	2224	3999	6925	5298	5738	-2	9	11	10	7	7	16	7	8	-2	60	62	69	60	58	65	58	56	-2	103	103	111	101	102	106	100	100	-1
1001001000	-2	7847	4486.778	2372.529	9.375	2.87	62.75	5.826	105.625	4.872	7025.889	105.5	0	0	0	9	9	3306	5299	7847	2132	3561	7528	5415	5295	-2	9	10	11	7	7	16	7	8	-2	62	63	75	62	56	68	59	57	-2	106	104	116	107	101	109	102	100	-1
1001001000	-2	7252	4458.111	2139.829	9.375	2.69	64	5.408	107.5	4.743	7124.111	107.375	0	0	0	9	9	4105	4924	7145	2415	3762	7252	5228	5294	-2	9	10	12	7	7	15	7	8	-2	64	63	75	61	61	70	61	57	-2	109	105	117	107	105	112	104	101	-1
1001001000	-2	7252	4458.111	2139.829	9.375	2.69	64	5.408	107.5	4.743	7124.111	107.375	0	0	0	9	9	4105	4924	7145	2415	3762	7252	5228	5294	-2	9	10	12	7	7	15	7	8	-2	64	63	75	61	61	70	61	57	-2	109	105	117	107	105	112	104	101	-1
1001001000	-2	6721	4579.778	1956.924	9.25	2.681	64.5	5.074	108.375	4.662	7033.333	108.375	0	0	0	9	9	5204	4498	6721	4321	4547	6570	3189	6170	-2	9	9	12	7	7	15	7	8	-2	65	62	75	62	63	70	60	59	-2	111	104	118	107	107	112	104	104	-1
1001001000	-2	6721	4579.778	1956.924	9.25	2.681	64.5	5.074	108.375	4.662	7033.333	108.375	0	0	0	9	9	5204	4498	6721	4321	4547	6570	3189	6170	-2	9	9	12	7	7	15	7	8	-2	65	62	75	62	63	70	60	59	-2	111	104	118	107	107	112	104	104	-1
1001001000	-2	919	452.333	362.099	11.125	1.053	66.75	2.861	100.625	7.936	7034.667	102.625	0	0	1	9	9	876	606	192	330	232	919	918	0	-2	13	10	12	10	11	12	10	11	-2	63	66	68	64	69	72	68	64	-2	101	103	107	99	101	107	106	81	-1
1001001000	-2	10763	7262.222	3288.178	13.125	4.622	70.625	5.765	115.75	3.8	8768.667	115.25	0	0	0	9	9	10024	8406	10399	8071	4212	7971	5516	10763	-2	11	13	13	8	23	17	8	12	-2	69	73	81	67	76	72	65	62	-2	115	117	122	116	114	120	109	113	-1
1001001000	-2	7989	6406	2378.149	8.375	1.996	60.75	4.576	102.875	4.285	6954.333	102.25	0	0	0	9	9	7789	7642	7403	7003	7124	7358	5348	7989	-2	8	9	9	6	7	13	7	8	-2	60	63	70	59	61	63	54	56	-2	105	106	110	103	101	104	95	99	-1
1001001000	-2	7943	6423.333	2380.287	8.375	1.996	60.75	4.576	102.875	4.285	6954.333	102.25	0	0	0	9	9	7757	7509	7360	6791	7637	7396	5419	7943	-2	8	9	9	6	7	13	7	8	-2	60	63	70	59	61	63	54	56	-2	105	106	110	103	101	104	95	99	-1
1001001000	-2	8012	5601.222	2134.793	7.625	1.495	56.625	2.913	98.625	2.233	6421.667	98.625	0	0	0	9	9	5825	7216	5848	5152	5895	8012	6185	6280	-2	8	8	8	6	6	11	7	7	-2	55	60	58	56	53	62	55	54	-2	99	101	101	99	95	101	97	96	-1
1005003000	-2	0	-0.222	0.629	7.5	0.5	61	3.162	58.75	27.793	12401.778	117.125	0	0	8	9	9	0	0	0	0	0	0	0	0	-2	8	-2	8	7	7	8	7	-2	-2	63	-2	-2	59	-2	65	57	-2	-2	88	21	34	83	56	88	79	21	-1
1001001000	-2	481	213.889	214.069	7	0.707	52.125	2.619	81.5	9.247	9019.222	91.5	0	0	2	9	9	452	111	0	403	18	462	481	0	-2	8	7	7	7	8	7	6	6	-2	52	52	53	49	52	58	52	49	-2	91	75	71	81	84	97	85	68	-1
1001001000	-2	2331	737.556	689.131	7.5	0.707	56	2.121	91.125	6.623	8527.778	94.625	0	0	0	9	9	995	1091	134	343	335	1101	2331	310	-2	8	7	7	7	9	8	7	7	-2	55	58	57	54	55	60	56	53	-2	95	96	77	89	91	98	97	86	-1
1001001000	-2	6255	2667.556	1919.236	11.25	1.09	74.5	2.179	119.125	3.48	9326.778	119.125	0	0	0	9	9	4308	2014	734	2663	4363	2847	6255	826	-2	12	12	12	10	10	11	10	13	-2	73	77	76	71	74	77	76	72	-2	119	119	119	115	119	120	127	115	-1
1001001000	-2	10651	8271	3035.971	10.25	1.714	69	4.387	116.625	2.826	9230.333	116.625	0	0	0	9	9	10651	8633	10004	8888	8588	8290	8924	10463	-2	10	13	11	9	8	12	8	11	-2	68	76	75	68	70	65	68	62	-2	117	121	117	121	113	114	115	115	-1
1001001000	-2	10484	7406.111	3068.565	10.875	1.691	69.125	4.428	116.625	2.826	9230.333	116.625	0	0	0	9	9	10484	8171	8205	9191	5202	6249	9156	9999	-2	10	13	11	9	13	12	8	11	-2	68	76	75	68	71	65	68	62	-2	117	121	117	121	113	114	115	115	-1
1001001000	-2	9103	6476	2551.439	6.875	0.781	55.25	3.666	97.625	3.603	7029.889	97.625	0	0	0	9	9	5444	8222	5602	6983	7294	8214	7424	9103	-2	7	8	8	6	6	7	6	7	-2	53	61	58	55	51	60	52	52	-2	98	103	99	100	93	101	93	94	-1
