1001001000	-2	876	183.889	295.865	17.625	4.121	90.125	4.285	139.25	36.523	14688.889	187.875	0	0	5	9	9	876	0	0	0	291	490	0	0	-2	15	13	12	17	22	19	18	25	-2	85	85	84	94	94	92	94	93	-2	200	107	106	118	183	173	112	115	-1
1001001000	-2	749	220.556	291.218	19	4.123	87.875	3.982	132.625	29.082	15013.667	168.25	0	0	3	9	9	749	132	0	86	292	728	0	0	-2	19	13	14	17	24	22	18	25	-2	86	81	84	90	94	89	92	87	-2	173	107	105	121	166	170	110	109	-1
1001001000	-2	10781	7290	3082.692	12.875	4.91	76.875	4.622	132.875	10.325	12144.333	132	0	0	0	9	9	8453	7090	4848	9325	10781	9475	9111	6529	-2	22	10	8	11	16	18	7	11	-2	81	72	75	73	84	82	77	71	-2	147	127	119	131	142	145	133	119	-1
1001001000	-2	10781	7290	3082.692	12.875	4.91	76.875	4.622	132.875	10.325	12144.333	132	0	0	0	9	9	8453	7090	4848	9325	10781	9475	9111	6529	-2	22	10	8	11	16	18	7	11	-2	81	72	75	73	84	82	77	71	-2	147	127	119	131	142	145	133	119	-1
1001001000	-2	11671	7718.889	3462.85	13.125	4.594	76.375	4.241	131.125	7.574	11779.889	130.875	0	0	0	9	9	9192	4433	6796	11303	11671	7796	8146	10135	-2	22	10	11	12	15	18	7	10	-2	79	71	75	74	84	80	77	71	-2	139	124	122	132	141	139	131	121	-1
1001001000	-2	11998	7769.556	3513.495	13.125	4.594	76.375	4.241	131.125	7.574	11779.889	130.875	0	0	0	9	9	9216	4433	6796	11314	11998	7818	8145	10208	-2	22	10	11	12	15	18	7	10	-2	79	71	75	74	84	80	77	71	-2	139	124	122	132	141	139	131	121	-1
1001001000	-2	8319	4820.556	2431.599	13.5	4.472	74.75	3.832	125.75	6.887	10643.667	125.5	0	0	0	9	9	5580	3100	3972	8319	7688	3704	4280	6744	-2	22	10	14	12	15	18	8	9	-2	79	70	73	73	80	77	77	69	-2	137	121	119	126	130	129	130	114	-1
1001001000	-2	8319	4820.556	2431.599	13.5	4.472	74.75	3.832	125.75	6.887	10643.667	125.5	0	0	0	9	9	5580	3100	3972	8319	7688	3704	4280	6744	-2	22	10	14	12	15	18	8	9	-2	79	70	73	73	80	77	77	69	-2	137	121	119	126	130	129	130	114	-1
1001001000	-2	6950	3601.333	1920.406	13.375	4.554	74.875	3.887	125.5	6.614	10649.333	125.375	0	0	0	9	9	3892	3316	3056	6950	2366	2390	4845	5599	-2	22	10	16	12	14	17	8	8	-2	80	74	75	74	78	75	77	66	-2	136	124	121	127	129	125	130	112	-1
1001001000	-2	5137	2656.333	1631.498	13.375	4.554	74.875	3.887	121.75	10.86	10649.333	125.375	0	0	0	9	9	3230	2986	2630	5137	1468	555	3205	4698	-2	22	10	16	12	14	17	8	8	-2	80	74	75	74	78	75	77	66	-2	136	124	121	123	129	99	130	112	-1
1001001000	-2	6979	3329.889	1897.234	12.875	4.371	75.25	4.054	126.875	7.39	10752.667	126.5	0	0	0	9	9	4583	2806	2767	4852	1462	3238	3284	6979	-2	22	10	15	11	14	15	8	8	-2	81	76	75	74	77	75	78	66	-2	140	130	122	127	127	127	130	112	-1
1001001000	-2	636	70.444	199.955	18.5	3.808	104.25	6.22	149.5	45.76	9366.667	196	0	0	7	9	9	0	0	636	0	0	0	0	0	-2	18	14	14	16	22	22	17	25	-2	93	104	99	107	116	103	107	105	-2	123	131	269	139	148	126	131	129	-1
1001001000	-2	774	377.222	284.015	19.625	4.357	89.625	3.935	164.625	19.906	15298.556	173	0	0	1	9	9	774	220	774	0	465	578	431	155	-2	20	13	17	16	25	23	17	26	-2	83	84	89	92	95	90	93	91	-2	187	175	171	116	166	171	173	158	-1
1001001000	-2	6306	1363.889	1825.767	20.875	4.226	90	4.555	154.875	20.034	14183.556	165.625	0	0	0	9	9	677	1841	1142	569	407	6306	1139	196	-2	24	14	18	16	26	24	20	25	-2	88	84	91	92	94	95	94	82	-2	159	148	171	129	166	181	166	119	-1
1001001000	-2	12366	3657	3523.875	20.875	3.919	91	5.315	157.625	22.203	13860.778	164.625	0	0	0	9	9	1712	4324	3499	4537	1712	12366	4670	95	-2	25	14	22	15	25	21	23	22	-2	90	86	96	92	92	97	95	80	-2	159	149	171	163	166	183	166	104	-1
1001001000	-2	12366	3657	3523.875	20.875	3.919	91	5.315	157.625	22.203	13860.778	164.625	0	0	0	9	9	1712	4324	3499	4537	1712	12366	4670	95	-2	25	14	22	15	25	21	23	22	-2	90	86	96	92	92	97	95	80	-2	159	149	171	163	166	183	166	104	-1
1001001000	-2	13880	11527.111	4129.643	16	4.123	89.5	4.848	170.25	11.987	12840.444	170.25	0	0	0	9	9	13346	13880	12180	13052	12868	11580	13386	13454	-2	24	12	11	14	20	17	13	17	-2	88	88	88	91	92	96	94	79	-2	170	170	165	168	192	182	167	148	-1
1001001000	-2	13794	10668	4256.511	12.25	4.38	76.625	3.498	133.125	8.594	11759.444	133.125	0	0	0	9	9	12591	12984	6662	12253	13794	12386	13318	12026	-2	21	11	7	11	16	14	7	11	-2	79	76	73	75	83	78	78	71	-2	143	134	119	135	140	139	136	119	-1
1001001000	-2	13794	10668	4256.511	12.25	4.38	76.625	3.498	133.125	8.594	11759.444	133.125	0	0	0	9	9	12591	12984	6662	12253	13794	12386	13318	12026	-2	21	11	7	11	16	14	7	11	-2	79	76	73	75	83	78	78	71	-2	143	134	119	135	140	139	136	119	-1
1001001000	-2	11953	7435.222	3862.67	12	4.031	73.125	3.919	122.875	6.972	10174	122.75	0	0	0	9	9	8158	3320	4282	11628	10686	9142	11953	7750	-2	20	10	9	11	15	15	7	9	-2	75	70	72	71	79	75	77	66	-2	128	120	117	125	128	127	130	108	-1
1001001000	-2	12275	7500.222	3933.284	12	4.031	73.125	3.919	122.875	6.972	10174	122.75	0	0	0	9	9	8162	3292	4282	11628	10939	9146	12275	7780	-2	20	10	9	11	15	15	7	9	-2	75	70	72	71	79	75	77	66	-2	128	120	117	125	128	127	130	108	-1
1001001000	-2	11679	6176.333	3596.078	11.875	3.951	72.75	4.265	121.75	7.949	9883.667	121.5	0	0	0	9	9	5256	3869	2855	11679	8468	5806	11203	6453	-2	20	9	10	11	14	15	7	9	-2	75	71	72	72	77	75	77	63	-2	128	122	115	123	126	126	130	104	-1
1001001000	-2	11679	6265	3351.682	11.625	4.121	72.5	4.359	121.5	8.185	9883.667	121.5	0	0	0	9	9	5912	4824	2847	11679	8529	6608	9919	6069	-2	20	9	8	11	14	15	7	9	-2	75	71	70	72	77	75	77	63	-2	128	122	113	123	126	126	130	104	-1
1001001000	-2	11292	5680.222	2989.538	11.5	4.213	72.25	3.961	120.5	7.483	9750.222	120.5	0	0	0	9	9	5222	7108	2395	11292	7470	5437	6111	6089	-2	20	9	8	11	14	15	7	8	-2	75	74	71	71	74	73	77	63	-2	128	125	113	121	121	122	129	105	-1
1001001000	-2	11082	4893.333	2931.778	12.125	4.014	72.375	3.935	120.625	7.364	9750.222	120.5	0	0	0	9	9	4025	5456	1974	11082	5783	3539	6047	6136	-2	20	9	13	11	14	15	7	8	-2	75	74	72	71	74	73	77	63	-2	128	125	114	121	121	122	129	105	-1
1001001000	-2	8465	4488.778	2727.168	11.875	4.4	73.5	4.387	123.25	8.151	10005.333	123.25	0	0	0	9	9	7345	3438	2277	8465	5978	1734	4064	7100	-2	21	10	8	10	15	15	8	8	-2	79	76	71	71	76	75	76	64	-2	137	128	116	121	127	122	127	108	-1
1001001000	-2	9426	5040.222	2664.468	11.875	4.4	73.5	4.387	123.25	8.151	10005.333	123.25	0	0	0	9	9	6782	4074	3438	9426	7211	3198	4216	7019	-2	21	10	8	10	15	15	8	8	-2	79	76	71	71	76	75	76	64	-2	137	128	116	121	127	122	127	108	-1
1001001000	-2	10171	5674	2918.439	12.375	4.241	77.5	4.664	137.625	12.247	11208.222	137.625	0	0	0	9	9	7440	5128	6306	10171	4336	2572	6585	8530	-2	21	10	8	11	16	15	9	9	-2	83	82	77	76	79	76	80	67	-2	157	152	131	133	137	131	144	116	-1
1001001000	-2	10927	6202.889	3163.173	12.375	4.241	77.5	4.664	137.625	12.247	11208.222	137.625	0	0	0	9	9	8584	5154	6792	10927	4942	3009	7145	9275	-2	21	10	8	11	16	15	9	9	-2	83	82	77	76	79	76	80	67	-2	157	152	131	133	137	131	144	116	-1
1001001000	-2	10508	6902.667	2899.406	14.375	4.241	82.625	5.566	154.125	16.105	11866.222	154.125	0	0	0	9	9	7326	7976	8931	8633	7631	4462	6659	10508	-2	20	11	9	13	17	16	20	9	-2	86	91	80	85	82	80	86	71	-2	172	180	144	155	146	145	164	127	-1
1001001000	-2	11373	7451.222	3182.077	15.125	3.855	87	5.766	168.75	15.809	11631.778	168.75	0	0	0	9	9	6434	8253	9636	7045	7543	5959	10820	11373	-2	19	13	11	14	18	16	21	9	-2	90	96	82	89	88	88	88	75	-2	171	181	152	168	187	179	176	136	-1
1001001000	-2	12465	6682.889	3308.956	15.125	3.855	87	5.766	168.75	15.809	11631.778	168.75	0	0	0	9	9	6264	6996	9211	6062	5641	4277	9232	12465	-2	19	13	11	14	18	16	21	9	-2	90	96	82	89	88	88	88	75	-2	171	181	152	168	187	179	176	136	-1
1001001000	-2	10672	6131	2985.617	18.875	3.689	96.625	8.015	173.625	8.817	7640.778	173.625	0	0	0	9	9	6248	4242	10672	4896	6725	7852	4932	9614	-2	14	22	20	19	20	18	25	13	-2	95	109	89	92	97	100	107	84	-2	182	182	180	162	169	177	179	158	-1
1001001000	-2	10010	5642.111	2631.499	19.875	4.014	96.375	6.855	178.75	5.19	7753.222	178.75	0	0	0	9	9	5309	4303	10010	5230	6657	6490	4596	8186	-2	14	22	20	20	22	20	27	14	-2	94	105	90	93	95	101	107	86	-2	183	189	180	176	170	177	178	177	-1
1001001000	-2	12037	7000.667	3255.801	19.75	4.116	95	6.595	178.75	5.117	8853.556	178.75	0	0	0	9	9	6515	6062	12037	6233	9271	6345	5984	10561	-2	14	20	19	21	19	20	29	16	-2	90	103	89	93	92	100	106	87	-2	174	184	182	177	170	187	178	178	-1
1001001000	-2	11769	6898.778	3192.285	19.75	4.116	95	6.595	178.75	5.117	8853.556	178.75	0	0	0	9	9	6501	5982	11769	6013	9013	6356	5960	10497	-2	14	20	19	21	19	20	29	16	-2	90	103	89	93	92	100	106	87	-2	174	184	182	177	170	187	178	178	-1
1001001000	-2	850	94.222	267.209	18.375	3.533	100.25	4.737	139.875	36.642	11774.333	198.875	0	0	7	9	9	0	0	850	0	0	0	0	0	-2	19	13	19	15	18	23	16	24	-2	89	100	99	106	100	102	103	103	-2	115	127	236	133	128	125	127	128	-1
1001001000	-2	1433	531.778	425.802	21.75	4.918	90.875	5.183	159.25	27.275	15329.444	173.5	0	0	1	9	9	640	368	941	0	613	1433	433	360	-2	23	14	27	16	25	27	17	25	-2	84	83	97	91	96	94	95	87	-2	159	126	205	114	165	180	173	152	-1
1001001000	-2	1688	490.889	629.237	20.75	3.897	88.5	5.545	150.375	27.545	15581.667	166.125	0	0	2	9	9	1094	118	1282	0	108	1688	0	130	-2	23	14	22	16	24	24	18	25	-2	83	79	94	89	92	91	96	84	-2	160	141	190	109	165	182	114	142	-1
1001001000	-2	1820	356	553.144	20.75	3.897	88.5	5.545	140.5	24.673	15581.667	166.125	0	0	2	9	9	653	94	297	0	171	1820	0	171	-2	23	14	22	16	24	24	18	25	-2	83	79	94	89	92	91	96	84	-2	160	121	131	109	165	182	114	142	-1
1001001000	-2	12858	9201.444	3787.225	21	3.571	95.5	5.315	169.125	9.36	10761.222	169.125	0	0	0	9	9	11222	9288	6245	12233	10659	8566	11744	12858	-2	26	15	25	17	21	22	23	19	-2	94	99	103	93	92	100	98	85	-2	170	160	172	167	153	184	167	180	-1
1001001000	-2	13099	10145.333	3950.86	12	4.33	77.5	2.958	135.125	7.769	12103.778	135.125	0	0	0	9	9	13099	11824	6974	12551	12073	11780	11656	11353	-2	21	11	7	11	16	12	7	11	-2	82	78	77	76	79	78	79	71	-2	149	138	125	136	133	137	140	123	-1
1001001000	-2	13099	10145.333	3950.86	12	4.33	77.5	2.958	135.125	7.769	12103.778	135.125	0	0	0	9	9	13099	11824	6974	12551	12073	11780	11656	11353	-2	21	11	7	11	16	12	7	11	-2	82	78	77	76	79	78	79	71	-2	149	138	125	136	133	137	140	123	-1
1001001000	-2	11471	8211.556	3524.955	11.25	3.767	73	3.464	123	7.45	9688.111	123	0	0	0	9	9	11471	10233	4832	10489	9844	9709	10630	6698	-2	19	10	7	11	14	13	7	9	-2	75	73	72	72	76	74	77	65	-2	130	125	117	126	125	125	130	106	-1
1001001000	-2	12136	8890.889	3736.224	11.25	3.767	73	3.464	123	7.45	9688.111	123	0	0	0	9	9	12136	11500	5613	10229	10676	10380	11959	7527	-2	19	10	7	11	14	13	7	9	-2	75	73	72	72	76	74	77	65	-2	130	125	117	126	125	125	130	106	-1
1001001000	-2	12200	7896.667	3727.09	11	3.571	71.25	3.455	119	7.089	9329.333	119	0	0	0	9	9	12200	7274	4780	10962	9759	9047	11610	5440	-2	18	9	7	11	14	13	7	9	-2	73	70	71	71	74	74	74	63	-2	122	120	115	121	122	124	126	102	-1
1001001000	-2	12200	7896.667	3727.09	11	3.571	71.25	3.455	119	7.089	9329.333	119	0	0	0	9	9	12200	7274	4780	10962	9759	9047	11610	5440	-2	18	9	7	11	14	13	7	9	-2	73	70	71	71	74	74	74	63	-2	122	120	115	121	122	124	126	102	-1
1001001000	-2	11045	5895.444	3652.096	9.875	2.571	69.875	3.822	115.375	6.927	9164.889	115.375	0	0	0	9	9	8152	4185	3487	11045	10091	3507	9560	3034	-2	14	8	7	11	13	11	7	8	-2	70	71	71	71	73	72	71	60	-2	116	120	114	117	121	120	117	98	-1
1001001000	-2	11045	5895.444	3652.096	9.875	2.571	69.875	3.822	115.375	6.927	9164.889	115.375	0	0	0	9	9	8152	4185	3487	11045	10091	3507	9560	3034	-2	14	8	7	11	13	11	7	8	-2	70	71	71	71	73	72	71	60	-2	116	120	114	117	121	120	117	98	-1
1001001000	-2	10515	5066.333	3152.95	9.875	2.713	69.875	3.756	114.875	6.508	9193.778	114.875	0	0	0	9	9	8007	4852	2857	10515	7624	2366	6478	2900	-2	14	8	7	10	14	11	7	8	-2	69	73	69	71	74	72	70	61	-2	115	122	113	117	122	117	113	100	-1
1001001000	-2	10515	5058.778	3144.097	9.875	2.713	69.875	3.756	114.875	6.508	9193.778	114.875	0	0	0	9	9	7986	4854	2844	10515	7613	2366	6409	2944	-2	14	8	7	10	14	11	7	8	-2	69	73	69	71	74	72	70	61	-2	115	122	113	117	122	117	113	100	-1
1001001000	-2	9720	5484.444	3013.745	10.125	2.571	70.875	4.106	118	7.089	9344.778	118	0	0	0	9	9	8560	5070	4259	9720	9401	3444	3767	5141	-2	13	9	7	11	14	12	7	8	-2	69	75	69	71	76	73	72	62	-2	117	126	115	119	128	119	117	103	-1
1001001000	-2	9720	5484.444	3013.745	10.125	2.571	70.875	4.106	118	7.089	9344.778	118	0	0	0	9	9	8560	5070	4259	9720	9401	3444	3767	5141	-2	13	9	7	11	14	12	7	8	-2	69	75	69	71	76	73	72	62	-2	117	126	115	119	128	119	117	103	-1
1001001000	-2	9444	5198	3182.655	10.75	2.487	73.25	4.841	123.875	12.252	9972.889	126.75	0	0	0	9	9	8387	3381	5357	9444	6371	841	4399	8604	-2	12	10	8	12	15	13	8	8	-2	70	79	72	74	78	73	77	63	-2	125	140	125	127	134	101	131	108	-1
1001001000	-2	10215	7564.889	3134.725	11.75	2.278	78.125	5.231	142.25	14.122	11114.778	142.25	0	0	0	9	9	9876	10215	7230	10178	8653	4677	8840	8417	-2	13	11	8	13	15	14	11	9	-2	76	87	79	76	82	76	81	68	-2	142	174	142	134	145	135	145	121	-1
1001001000	-2	10215	7564.889	3134.725	11.75	2.278	78.125	5.231	142.25	14.122	11114.778	142.25	0	0	0	9	9	9876	10215	7230	10178	8653	4677	8840	8417	-2	13	11	8	13	15	14	11	9	-2	76	87	79	76	82	76	81	68	-2	142	174	142	134	145	135	145	121	-1
1001001000	-2	11325	7107.111	3089.997	13.75	2.222	84.875	5.533	161.625	16.733	11404.222	161.625	0	0	0	9	9	9286	6400	7896	6457	8623	4870	11325	9109	-2	13	13	12	15	15	14	18	10	-2	84	97	82	88	84	81	86	77	-2	182	195	151	150	157	149	164	145	-1
1001001000	-2	10695	7946	3079.602	13.75	2.222	84.875	5.533	161.625	16.733	11404.222	161.625	0	0	0	9	9	9899	8187	8475	7055	9908	7092	10695	10205	-2	13	13	12	15	15	14	18	10	-2	84	97	82	88	84	81	86	77	-2	182	195	151	150	157	149	164	145	-1
1001001000	-2	10671	8193.333	3173.51	13.75	2.537	83.5	5.679	158.625	15.968	11261.333	158.625	0	0	0	9	9	10339	7657	9622	6454	9182	9399	10671	10418	-2	12	13	12	14	15	15	19	10	-2	81	96	80	83	85	80	87	76	-2	165	195	149	147	157	151	165	140	-1
1001001000	-2	11284	7330.667	3049.823	13.75	2.537	83.5	5.679	158.625	15.968	11261.333	158.625	0	0	0	9	9	9801	6816	8855	5378	7656	7574	11284	8614	-2	12	13	12	14	15	15	19	10	-2	81	96	80	83	85	80	87	76	-2	165	195	149	147	157	151	165	140	-1
1001001000	-2	11663	8403.444	3349.191	15.125	2.976	86.875	5.302	171.125	12.937	10628.889	171.125	0	0	0	9	9	9443	8075	10861	6681	8200	9400	11663	11310	-2	13	14	15	15	15	16	22	11	-2	85	98	83	86	90	83	90	80	-2	181	190	155	155	183	169	178	158	-1
1001001000	-2	10227	7037.778	2957.11	15.25	3.382	88.25	5.953	168	17.5	10297.778	172.625	0	0	0	9	9	7124	6756	10202	5016	6933	8894	8190	10227	-2	12	14	13	16	15	17	23	12	-2	84	99	83	86	90	87	96	81	-2	174	189	156	134	182	179	178	152	-1
1003002000	-2	84	8.778	26.607	19	1.512	140.5	6.576	204.25	77.233	7971.111	335.125	0	0	5	9	9	0	0	0	-2	84	0	0	-1	-2	20	17	18	21	21	18	18	-2	-2	-2	140	138	149	144	128	144	-2	-2	144	169	170	395	179	156	177	244	-1
1001001000	-2	1927	573.333	596.79	22	4.796	88.5	5.123	147.125	24.741	16062.889	159.75	0	0	1	9	9	648	485	1169	0	138	1927	614	181	-2	24	15	29	16	24	27	18	23	-2	85	82	96	88	94	91	91	81	-2	159	149	184	107	116	170	158	134	-1
1001001000	-2	792	293.778	317.677	20.125	5.555	82.875	6.153	131.5	20.488	13406.111	138.625	0	0	1	9	9	707	49	711	127	135	792	0	125	-2	24	14	29	15	20	24	12	23	-2	80	76	94	80	86	86	87	74	-2	137	101	165	134	138	152	106	119	-1
1001001000	-2	552	170.111	194.656	18.5	5.05	77.875	6.373	117.875	16.003	10942.333	125	0	0	2	9	9	552	0	209	84	185	458	0	45	-2	24	12	24	14	19	22	11	22	-2	77	73	91	70	81	80	80	71	-2	124	91	145	119	124	129	99	112	-1
1001001000	-2	523	164.889	187.272	18.5	5.05	77.875	6.373	117.875	16.003	10942.333	125	0	0	2	9	9	523	0	202	86	174	454	0	47	-2	24	12	24	14	19	22	11	22	-2	77	73	91	70	81	80	80	71	-2	124	91	145	119	124	129	99	112	-1
1001001000	-2	5987	1532	1961.027	20.125	5.487	88.875	6.092	131.75	19.396	14904.333	156.75	0	0	1	9	9	411	733	829	790	4128	5987	912	0	-2	27	14	30	17	21	21	14	17	-2	90	92	101	85	83	92	88	80	-2	119	135	133	116	142	149	163	97	-1
1001001000	-2	6661	1722.111	2205.532	20.125	5.487	88.875	6.092	133.75	21.241	14904.333	156.75	0	0	1	9	9	531	727	900	829	4752	6661	1101	0	-2	27	14	30	17	21	21	14	17	-2	90	92	101	85	83	92	88	80	-2	121	135	133	116	142	163	163	97	-1
1001001000	-2	14964	11998.222	4551.076	15	4.69	85.75	4.893	157.75	14.228	13977.111	157.75	0	0	0	9	9	13667	14075	9066	13893	13299	14964	14552	14470	-2	25	13	14	14	19	14	8	13	-2	93	88	89	85	81	88	86	76	-2	179	164	157	154	141	172	162	133	-1
1001001000	-2	13206	10382.444	3871.316	15	4.69	85.75	4.893	157.75	14.228	13977.111	157.75	0	0	0	9	9	10836	12088	9088	12128	13206	12301	10682	13115	-2	25	13	14	14	19	14	8	13	-2	93	88	89	85	81	88	86	76	-2	179	164	157	154	141	172	162	133	-1
1001001000	-2	11252	9184.889	3303.408	12.25	4.176	77.5	3.082	134.5	7.649	11125	134.5	0	0	0	9	9	10130	9676	10764	10473	11252	9985	9304	11082	-2	21	11	8	12	16	12	7	11	-2	80	79	78	76	78	79	80	70	-2	144	137	130	134	132	140	141	118	-1
1001001000	-2	11252	9184.889	3303.408	12.25	4.176	77.5	3.082	134.5	7.649	11125	134.5	0	0	0	9	9	10130	9676	10764	10473	11252	9985	9304	11082	-2	21	11	8	12	16	12	7	11	-2	80	79	78	76	78	79	80	70	-2	144	137	130	134	132	140	141	118	-1
1001001000	-2	10926	7723.667	3704.267	8.875	2.421	69.625	3.238	114.125	6.451	8493.778	114.125	0	0	0	9	9	10622	10653	7070	9959	7879	10926	9843	2563	-2	14	8	7	7	11	9	6	9	-2	71	70	71	69	74	71	69	62	-2	115	117	113	116	119	120	115	98	-1
1001001000	-2	11751	8108.667	3852.858	8.875	2.421	69.625	3.238	114.125	6.451	8493.778	114.125	0	0	0	9	9	11751	10653	7841	10225	8052	11342	10317	2799	-2	14	8	7	7	11	9	6	9	-2	71	70	71	69	74	71	69	62	-2	115	117	113	116	119	120	115	98	-1
1001001000	-2	10768	8006.667	3812.189	8.75	1.714	68	3.122	111.25	5.517	8763.778	111.25	0	0	0	9	9	10468	9922	8232	10203	10393	10768	9974	2102	-2	12	8	7	8	11	8	7	9	-2	67	69	68	69	73	68	69	61	-2	110	115	110	113	117	115	112	98	-1
1001001000	-2	10768	8006.667	3812.189	8.75	1.714	68	3.122	111.25	5.517	8763.778	111.25	0	0	0	9	9	10468	9922	8232	10203	10393	10768	9974	2102	-2	12	8	7	8	11	8	7	9	-2	67	69	68	69	73	68	69	61	-2	110	115	110	113	117	115	112	98	-1
1001001000	-2	11166	6774.556	3658.354	8.5	1.5	68.5	3.391	112.25	5.629	9022.556	112.25	0	0	0	9	9	9065	5218	7056	10786	11166	4546	10198	2938	-2	11	8	7	8	11	8	7	8	-2	68	70	68	70	74	68	69	61	-2	112	117	111	113	119	115	112	99	-1
1001001000	-2	11166	6774.556	3658.354	8.5	1.5	68.5	3.391	112.25	5.629	9022.556	112.25	0	0	0	9	9	9065	5218	7056	10786	11166	4546	10198	2938	-2	11	8	7	8	11	8	7	8	-2	68	70	68	70	74	68	69	61	-2	112	117	111	113	119	115	112	99	-1
1001001000	-2	10591	6451	3615.841	8.875	1.452	68.625	3.199	112.25	5.585	8950	113.5	0	0	0	9	9	9173	5204	7206	10392	10591	1772	9269	4454	-2	11	8	8	11	10	8	7	8	-2	67	70	68	70	74	68	70	62	-2	112	117	112	114	121	106	114	102	-1
1001001000	-2	10620	6471.333	3615.327	8.875	1.452	68.625	3.199	112.25	5.585	8950	113.5	0	0	0	9	9	9163	5224	7247	10392	10620	1772	9287	4539	-2	11	8	8	11	10	8	7	8	-2	67	70	68	70	74	68	70	62	-2	112	117	112	114	121	106	114	102	-1
1001001000	-2	10938	6788.444	3575.591	8.875	1.452	69	3.905	115.125	5.797	8944.889	115.125	0	0	0	9	9	10938	7185	7389	9303	10585	1545	8264	5889	-2	10	8	8	11	11	8	7	8	-2	67	71	69	70	75	67	72	61	-2	113	122	115	114	124	112	117	104	-1
1001001000	-2	11752	6974	3376.518	10	1.225	72.625	4.608	125.25	6.759	9722.778	125.25	0	0	0	9	9	11752	6988	9343	7860	10083	3306	7574	5862	-2	11	10	8	12	11	10	9	9	-2	70	77	73	71	78	72	77	63	-2	124	134	125	120	133	124	130	112	-1
1001001000	-2	11752	6974	3376.518	10	1.225	72.625	4.608	125.25	6.759	9722.778	125.25	0	0	0	9	9	11752	6988	9343	7860	10083	3306	7574	5862	-2	11	10	8	12	11	10	9	9	-2	70	77	73	71	78	72	77	63	-2	124	134	125	120	133	124	130	112	-1
1001001000	-2	11371	7024.556	3106.047	10.125	1.166	73	4.555	127	8.292	10024.667	127	0	0	0	9	9	11371	7423	9347	6264	7260	5018	9890	6650	-2	11	10	8	12	11	10	10	9	-2	71	78	71	72	78	72	78	64	-2	125	141	122	122	135	125	133	113	-1
1001001000	-2	13104	7397.222	3771.879	11.125	1.763	77	5.916	138.75	13.112	10578.333	138.75	0	0	0	9	9	13104	8810	10519	5816	6771	4697	11317	5543	-2	11	11	9	12	11	11	15	9	-2	73	88	75	75	82	76	80	67	-2	137	168	135	130	143	136	142	119	-1
1001001000	-2	12461	7199	3559.254	12.125	2.803	79.375	5.43	148.125	20.823	10899.444	148.125	0	0	0	9	9	12461	6724	10174	5687	6486	5235	11479	6547	-2	12	12	10	12	11	12	19	9	-2	75	90	80	76	83	78	82	71	-2	142	201	143	135	147	143	146	128	-1
1001001000	-2	12461	7199	3559.254	12.125	2.803	79.375	5.43	148.125	20.823	10899.444	148.125	0	0	0	9	9	12461	6724	10174	5687	6486	5235	11479	6547	-2	12	12	10	12	11	12	19	9	-2	75	90	80	76	83	78	82	71	-2	142	201	143	135	147	143	146	128	-1
1001001000	-2	9956	5811.444	2566.64	12.25	3.419	79.75	5.142	148.5	20.851	10860.889	148.5	0	0	0	9	9	7383	4658	7567	5208	5801	5137	9956	6595	-2	11	11	11	10	11	13	21	10	-2	75	91	78	77	83	78	82	74	-2	142	202	139	136	146	145	147	131	-1
1001001000	-2	9956	5811.444	2566.64	12.25	3.419	79.75	5.142	148.5	20.851	10860.889	148.5	0	0	0	9	9	7383	4658	7567	5208	5801	5137	9956	6595	-2	11	11	11	10	11	13	21	10	-2	75	91	78	77	83	78	82	74	-2	142	202	139	136	146	145	147	131	-1
1001001000	-2	9610	5835.556	2540.855	11.75	2.905	78.75	5.093	144.125	12.84	10756.222	144.125	0	0	0	9	9	6688	7151	4128	6430	6474	4683	7358	9610	-2	11	10	10	10	11	13	19	10	-2	74	89	76	76	83	77	82	73	-2	141	175	135	135	145	143	148	131	-1
1001001000	-2	363	93	121.66	15	2.449	107.5	2.693	152.625	25.607	15295.333	207.375	0	0	4	9	9	0	206	0	0	363	149	0	121	-2	18	17	14	13	13	16	11	18	-2	105	107	109	106	103	108	110	112	-2	133	169	135	134	212	159	136	143	-1
1001001000	-2	483	147.333	149.843	18	6.708	73.375	6.891	109.625	9.707	9072	113.25	0	0	1	9	9	113	177	483	58	274	203	0	20	-2	22	11	17	12	16	20	33	13	-2	72	67	84	66	74	71	85	68	-2	115	106	126	109	114	114	102	91	-1
1001001000	-2	4356	1415.667	1371.256	17.25	5.019	78.625	4.973	123.5	13.928	11222.778	127.875	0	0	1	9	9	522	2174	2772	448	4356	1079	0	1392	-2	25	12	24	16	19	18	10	14	-2	78	79	90	77	77	77	80	71	-2	124	126	148	122	131	128	96	113	-1
1001001000	-2	14251	11140.778	4149.481	16.5	4.031	87.625	4.608	162.25	13.311	14885.667	162.25	0	0	0	9	9	13082	12090	10422	10394	12601	13666	13763	14251	-2	25	13	19	16	19	14	12	14	-2	91	93	95	85	83	87	86	81	-2	179	161	177	148	146	177	163	147	-1
1001001000	-2	14251	11140.778	4149.481	16.5	4.031	87.625	4.608	162.25	13.311	14885.667	162.25	0	0	0	9	9	13082	12090	10422	10394	12601	13666	13763	14251	-2	25	13	19	16	19	14	12	14	-2	91	93	95	85	83	87	86	81	-2	179	161	177	148	146	177	163	147	-1
1001001000	-2	13515	11101.444	3985.196	12.75	3.865	82.25	4.465	147.625	10.185	12462.111	147.625	0	0	0	9	9	12923	11215	12578	12327	13515	11822	12159	13376	-2	21	11	9	13	16	12	8	12	-2	91	82	85	83	80	81	82	74	-2	171	149	147	147	140	145	149	133	-1
1001001000	-2	13515	11101.444	3985.196	12.75	3.865	82.25	4.465	147.625	10.185	12462.111	147.625	0	0	0	9	9	12923	11215	12578	12327	13515	11822	12159	13376	-2	21	11	9	13	16	12	8	12	-2	91	82	85	83	80	81	82	74	-2	171	149	147	147	140	145	149	133	-1
1001001000	-2	11030	8314.444	3698.165	8.25	2.046	67.375	2.69	110.125	5.302	8462	110.125	0	0	0	9	9	10997	10087	9699	11030	9137	10310	10319	3253	-2	13	7	7	7	9	8	6	9	-2	68	68	71	68	69	67	67	61	-2	110	114	111	112	113	115	109	97	-1
1001001000	-2	11030	8314.444	3698.165	8.25	2.046	67.375	2.69	110.125	5.302	8462	110.125	0	0	0	9	9	10997	10087	9699	11030	9137	10310	10319	3253	-2	13	7	7	7	9	8	6	9	-2	68	68	71	68	69	67	67	61	-2	110	114	111	112	113	115	109	97	-1
1001001000	-2	10391	6980.778	3692.747	8	1.5	65	2.449	105.5	4.664	7290	105.5	0	0	0	9	9	8605	9161	7052	8992	9575	8534	10391	519	-2	11	7	7	8	9	7	6	9	-2	65	67	67	67	66	62	66	60	-2	105	111	106	107	108	106	107	94	-1
1001001000	-2	10391	6980.778	3692.747	8	1.5	65	2.449	105.5	4.664	7290	105.5	0	0	0	9	9	8605	9161	7052	8992	9575	8534	10391	519	-2	11	7	7	8	9	7	6	9	-2	65	67	67	67	66	62	66	60	-2	105	111	106	107	108	106	107	94	-1
1001001000	-2	10086	6701.667	3553.315	7.875	1.364	65.25	2.385	105.75	4.493	7362.333	105.75	0	0	0	9	9	5983	9442	7499	8208	10086	8115	10041	943	-2	10	7	7	8	10	7	6	8	-2	66	67	66	66	68	63	66	60	-2	104	111	107	106	109	107	107	95	-1
1001001000	-2	10086	6701.667	3553.315	7.875	1.364	65.25	2.385	105.75	4.493	7362.333	105.75	0	0	0	9	9	5983	9442	7499	8208	10086	8115	10041	943	-2	10	7	7	8	10	7	6	8	-2	66	67	66	66	68	63	66	60	-2	104	111	107	106	109	107	107	95	-1
1001001000	-2	10394	6527.444	3423.438	8	1.225	65.75	2.107	107	4.123	7815.111	107	0	0	0	9	9	4836	8536	7952	7546	9946	7937	10394	1602	-2	10	7	7	7	10	8	7	8	-2	66	68	67	67	67	64	66	61	-2	104	113	109	107	109	108	108	98	-1
1001001000	-2	10394	6527.444	3423.438	8	1.225	65.75	2.107	107	4.123	7815.111	107	0	0	0	9	9	4836	8536	7952	7546	9946	7937	10394	1602	-2	10	7	7	7	10	8	7	8	-2	66	68	67	67	67	64	66	61	-2	104	113	109	107	109	108	108	98	-1
1001001000	-2	10113	7171.556	3082.386	8.125	1.166	66.125	2.421	109.375	4.091	8230.333	109.375	0	0	0	9	9	8134	8164	8076	8699	10113	7730	9959	3671	-2	10	7	7	8	10	8	7	8	-2	66	67	66	66	70	65	68	61	-2	107	114	109	107	114	112	111	101	-1
1001001000	-2	10031	7121.444	3078.3	8.125	1.166	66.125	2.421	109.375	4.091	8230.333	109.375	0	0	0	9	9	8071	8025	8076	8656	10031	7717	9959	3560	-2	10	7	7	8	10	8	7	8	-2	66	67	66	66	70	65	68	61	-2	107	114	109	107	114	112	111	101	-1
1001001000	-2	10463	7935.778	3004.886	8.375	0.992	67.875	3.37	114.125	5.302	8798.222	114.125	0	0	0	9	9	10384	8472	7829	9640	10463	7845	9454	7337	-2	10	8	8	7	10	8	8	8	-2	67	72	67	68	72	66	70	61	-2	112	123	113	111	119	115	116	104	-1
1001001000	-2	10463	7935.778	3004.886	8.375	0.992	67.875	3.37	114.125	5.302	8798.222	114.125	0	0	0	9	9	10384	8472	7829	9640	10463	7845	9454	7337	-2	10	8	8	7	10	8	8	8	-2	67	72	67	68	72	66	70	61	-2	112	123	113	111	119	115	116	104	-1
1001001000	-2	10626	7849.333	2988.194	8.5	0.866	70.125	3.444	119.125	5.988	8979.778	119.125	0	0	0	9	9	10626	8015	8299	7829	9932	9312	9707	6926	-2	10	8	8	8	10	8	8	8	-2	68	74	69	70	74	70	73	63	-2	116	128	117	115	125	121	123	108	-1
1001001000	-2	10626	7897.333	2997.683	8.5	0.866	70.125	3.444	119.125	5.988	8979.778	119.125	0	0	0	9	9	10626	7977	8299	7902	10058	9380	9732	7104	-2	10	8	8	8	10	8	8	8	-2	68	74	69	70	74	70	73	63	-2	116	128	117	115	125	121	123	108	-1
1001001000	-2	10729	8334.333	3110.484	9.375	0.857	73.625	4.442	128.875	6.99	9281.889	128.875	0	0	0	9	9	10267	9351	7835	9557	10381	9194	10729	7697	-2	10	9	9	8	11	9	10	9	-2	70	79	73	73	79	73	77	65	-2	125	140	127	125	136	129	133	116	-1
1001001000	-2	10729	8334.333	3110.484	9.375	0.857	73.625	4.442	128.875	6.99	9281.889	128.875	0	0	0	9	9	10267	9351	7835	9557	10381	9194	10729	7697	-2	10	9	9	8	11	9	10	9	-2	70	79	73	73	79	73	77	65	-2	125	140	127	125	136	129	133	116	-1
1001001000	-2	11955	7964.444	3341.472	10.25	2.046	76.5	4.899	136.75	9.243	10055.444	136.75	0	0	0	9	9	11955	6844	9485	6519	10137	6792	10770	9180	-2	11	10	9	8	11	9	15	9	-2	73	84	76	74	82	75	80	68	-2	136	155	134	129	143	134	141	122	-1
1001001000	-2	11955	7964.444	3341.472	10.25	2.046	76.5	4.899	136.75	9.243	10055.444	136.75	0	0	0	9	9	11955	6844	9485	6519	10137	6792	10770	9180	-2	11	10	9	8	11	9	15	9	-2	73	84	76	74	82	75	80	68	-2	136	155	134	129	143	134	141	122	-1
1001001000	-2	10143	5606.444	3495.951	10.25	1.714	74.625	4.414	129	7.399	9816.889	132.875	0	0	0	9	9	9501	1554	8402	2946	4899	4345	8670	10143	-2	11	10	9	8	11	10	14	9	-2	73	81	72	74	78	74	79	66	-2	134	117	127	127	138	133	137	119	-1
1001001000	-2	10143	5606.444	3495.951	10.25	1.714	74.625	4.414	129	7.399	9816.889	132.875	0	0	0	9	9	9501	1554	8402	2946	4899	4345	8670	10143	-2	11	10	9	8	11	10	14	9	-2	73	81	72	74	78	74	79	66	-2	134	117	127	127	138	133	137	119	-1
1002002000	-2	441	217.556	138.009	11.857	3.603	68.429	4.924	98.375	29.786	7481.222	108.375	0	0	1	9	9	273	441	326	221	197	316	186	0	-2	16	12	13	10	9	17	6	-2	-2	70	61	76	64	65	73	70	-2	-2	108	102	118	104	105	118	111	21	-1
1001001000	-2	2904	1092.556	1008.4	14.375	3.426	74.875	5.134	118.125	11.516	9865	121.375	0	0	0	9	9	1731	507	2904	393	1040	395	268	2597	-2	21	12	17	14	16	14	9	12	-2	75	72	87	75	72	72	77	69	-2	121	116	141	119	121	118	96	113	-1
1001001000	-2	13385	11277.444	4013.39	14.375	3.199	82.875	4.807	150.375	11.532	14348.778	150.375	0	0	0	9	9	13385	12679	12494	11882	12573	12267	12867	13352	-2	21	12	16	15	16	13	10	12	-2	85	83	94	83	78	80	82	78	-2	158	144	177	149	142	143	151	139	-1
1001001000	-2	15039	11849.889	4266.907	14.375	3.199	82.875	4.807	150.375	11.532	14348.778	150.375	0	0	0	9	9	15039	13446	13647	12099	12756	12897	12767	14000	-2	21	12	16	15	16	13	10	12	-2	85	83	94	83	78	80	82	78	-2	158	144	177	149	142	143	151	139	-1
1001001000	-2	13314	11124.111	3962.676	10.625	2.446	76.375	3.314	133.5	4.664	11772.556	133.5	0	0	0	9	9	13314	11781	12673	12351	12681	12735	12865	11719	-2	16	10	9	12	11	10	7	10	-2	77	77	80	81	78	75	72	71	-2	136	135	136	140	134	133	131	123	-1
1001001000	-2	13314	11124.111	3962.676	10.625	2.446	76.375	3.314	133.5	4.664	11772.556	133.5	0	0	0	9	9	13314	11781	12673	12351	12681	12735	12865	11719	-2	16	10	9	12	11	10	7	10	-2	77	77	80	81	78	75	72	71	-2	136	135	136	140	134	133	131	123	-1
1001001000	-2	9024	5435.778	3243.68	7.625	1.654	62.125	3.789	101.125	6.313	5622.667	101.125	0	0	0	9	9	5946	8795	6764	9024	6510	8277	3095	513	-2	11	7	7	7	8	7	5	9	-2	64	66	67	65	56	62	59	58	-2	101	110	106	106	98	104	94	90	-1
1001001000	-2	9024	5354.889	3236.834	7.625	1.654	62.125	3.789	101.125	6.313	5622.667	101.125	0	0	0	9	9	5844	8795	6427	9024	6392	8227	3067	420	-2	11	7	7	7	8	7	5	9	-2	64	66	67	65	56	62	59	58	-2	101	110	106	106	98	104	94	90	-1
1001001000	-2	8002	4539.222	2652.216	7.75	1.199	61.5	2.179	98.375	6.224	4954.111	98.375	0	0	0	9	9	4262	8002	4785	5815	6562	6754	4600	75	-2	10	7	7	8	8	7	6	9	-2	64	63	64	63	58	61	60	59	-2	101	104	102	100	99	102	96	83	-1
1001001000	-2	8002	4539.222	2652.216	7.75	1.199	61.5	2.179	98.375	6.224	4954.111	98.375	0	0	0	9	9	4262	8002	4785	5815	6562	6754	4600	75	-2	10	7	7	8	8	7	6	9	-2	64	63	64	63	58	61	60	59	-2	101	104	102	100	99	102	96	83	-1
1001001000	-2	7830	4472.111	2580.102	7.375	1.111	61.25	1.984	98.375	5.957	5187.222	98.375	0	0	0	9	9	3499	7830	5853	5401	5928	6284	5318	138	-2	9	6	7	7	9	7	6	8	-2	61	62	65	62	59	62	61	58	-2	98	103	104	100	100	102	96	84	-1
1001001000	-2	7830	4472.111	2580.102	7.375	1.111	61.25	1.984	98.375	5.957	5187.222	98.375	0	0	0	9	9	3499	7830	5853	5401	5928	6284	5318	138	-2	9	6	7	7	9	7	6	8	-2	61	62	65	62	59	62	61	58	-2	98	103	104	100	100	102	96	84	-1
1001001000	-2	7107	4523.889	2577.001	7.375	1.111	61.75	1.561	99.125	6.193	5640.556	99.125	0	0	0	9	9	3206	7107	6782	5643	5556	5802	6383	238	-2	9	6	7	7	9	7	6	8	-2	62	64	64	61	61	62	61	59	-2	100	105	103	99	102	103	97	84	-1
1001001000	-2	7107	4523.889	2577.001	7.375	1.111	61.75	1.561	99.125	6.193	5640.556	99.125	0	0	0	9	9	3206	7107	6782	5643	5556	5802	6383	238	-2	9	6	7	7	9	7	6	8	-2	62	64	64	61	61	62	61	59	-2	100	105	103	99	102	103	97	84	-1
1001001000	-2	8768	5853.222	3059.418	7.5	1	63	1.414	103.625	3.039	6819.444	103.625	0	0	0	9	9	4075	7859	8113	7945	8297	6102	8768	1522	-2	9	6	7	7	9	7	7	8	-2	63	64	65	63	63	62	64	60	-2	102	106	107	102	106	105	104	97	-1
1001001000	-2	8768	5853.222	3059.418	7.5	1	63	1.414	103.625	3.039	6819.444	103.625	0	0	0	9	9	4075	7859	8113	7945	8297	6102	8768	1522	-2	9	6	7	7	9	7	7	8	-2	63	64	65	63	63	62	64	60	-2	102	106	107	102	106	105	104	97	-1
1001001000	-2	10021	7605.556	2895.905	7.875	1.053	65.625	1.996	109.875	3.822	7963.889	109.875	0	0	0	9	9	7164	9570	8849	8980	10021	7599	9498	6771	-2	10	7	8	7	9	7	7	8	-2	66	69	65	65	67	64	67	62	-2	109	117	110	107	113	110	110	103	-1
1001001000	-2	10021	7605.556	2895.905	7.875	1.053	65.625	1.996	109.875	3.822	7963.889	109.875	0	0	0	9	9	7164	9570	8849	8980	10021	7599	9498	6771	-2	10	7	8	7	9	7	7	8	-2	66	69	65	65	67	64	67	62	-2	109	117	110	107	113	110	110	103	-1
1001001000	-2	10511	8407.556	3078.854	8.125	0.927	67.5	1.658	114.125	3.295	8478.889	114.125	0	0	0	9	9	9158	10169	7512	9743	9752	9625	10511	9200	-2	10	7	8	7	9	8	8	8	-2	68	70	67	67	68	67	69	64	-2	114	120	114	111	115	116	115	108	-1
1001001000	-2	10511	8407.556	3078.854	8.125	0.927	67.5	1.658	114.125	3.295	8478.889	114.125	0	0	0	9	9	9158	10169	7512	9743	9752	9625	10511	9200	-2	10	7	8	7	9	8	8	8	-2	68	70	67	67	68	67	69	64	-2	114	120	114	111	115	116	115	108	-1
1001001000	-2	10877	8500.333	3171.626	8.875	0.781	71.125	2.571	122.875	4.567	8476.778	122.875	0	0	0	9	9	8310	9885	8018	8526	10354	9665	10877	10870	-2	10	8	8	8	10	9	9	9	-2	70	74	69	71	74	72	73	66	-2	122	129	119	119	127	126	126	115	-1
1001001000	-2	9937	7811.556	2965.046	9.125	1.053	71.875	3.18	125	5.196	8587.778	125	0	0	0	9	9	7641	9937	8142	6600	9089	9136	9904	9857	-2	11	8	8	8	10	9	10	9	-2	71	77	69	72	73	72	75	66	-2	126	133	120	121	128	127	129	116	-1
1001001000	-2	9937	7811.556	2965.046	9.125	1.053	71.875	3.18	125	5.196	8587.778	125	0	0	0	9	9	7641	9937	8142	6600	9089	9136	9904	9857	-2	11	8	8	8	10	9	10	9	-2	71	77	69	72	73	72	75	66	-2	126	133	120	121	128	127	129	116	-1
1001001000	-2	9027	6529.667	2703.281	9.125	0.781	70	2.784	119.875	4.484	8144.111	119.875	0	0	0	9	9	7021	9027	7231	3955	6865	8194	7610	8866	-2	10	9	8	8	10	9	10	9	-2	70	74	68	70	69	70	74	65	-2	121	127	116	116	119	122	125	113	-1
1005005000	-2	432	120.444	158.91	16	4.637	72.25	5.673	69.25	48.505	10462.444	112.875	0	0	4	9	9	165	0	355	134	0	432	0	0	-2	17	-2	22	9	-2	16	-2	-2	-2	73	-2	80	64	-2	72	-2	-2	-2	116	21	126	107	21	121	21	21	-1
1005005000	-2	103	21.444	40.741	16	4.637	72.25	5.673	56.875	35.984	10462.444	112.875	0	0	6	9	9	92	0	0	103	0	0	0	0	-2	17	-2	22	9	-2	16	-2	-2	-2	73	-2	80	64	-2	72	-2	-2	-2	95	21	98	88	21	90	21	21	-1
1001001000	-2	1107	397.889	362.459	12.875	2.848	69.25	5.607	108.375	7.983	7812.333	110.5	0	0	0	9	9	270	188	876	140	652	165	185	1107	-2	18	10	17	12	12	13	11	10	-2	69	65	82	66	65	70	73	64	-2	108	104	124	105	114	113	96	103	-1
1001001000	-2	2506	816.667	736.779	12.5	2.646	70.75	4.789	108.375	10.16	8334	114.375	0	0	0	9	9	689	690	2506	267	1144	294	316	1446	-2	18	10	15	13	12	12	10	10	-2	73	67	82	71	67	70	70	66	-2	98	108	130	111	115	100	97	108	-1
1001001000	-2	14513	11589.444	4209.695	12.75	2.222	80.75	4.918	145.875	10.529	14317.333	145.875	0	0	0	9	9	14047	12540	14513	11439	12494	12053	14067	13154	-2	17	11	15	14	12	12	10	11	-2	82	78	92	81	75	80	82	76	-2	146	136	171	142	142	146	149	135	-1
1001001000	-2	13518	10659.667	4318.977	9.75	2.107	73.5	3.606	125.375	5.611	11484.556	125.375	0	0	0	9	9	13408	11970	12707	13518	12713	12831	12594	6198	-2	14	8	9	12	9	9	7	10	-2	75	75	79	78	69	71	72	69	-2	127	129	131	132	120	124	126	114	-1
1001001000	-2	13208	10166.556	4160.485	9.75	2.107	73.5	3.606	125.375	5.611	11484.556	125.375	0	0	0	9	9	13208	10927	12581	11425	12784	12163	12558	5855	-2	14	8	9	12	9	9	7	10	-2	75	75	79	78	69	71	72	69	-2	127	129	131	132	120	124	126	114	-1
1001001000	-2	6564	2860.778	2232.609	7.125	1.536	58.5	4.213	90.75	10.461	3331.889	90.75	0	0	0	9	9	1008	6564	4362	3918	2684	5455	1754	4	-2	10	6	6	7	7	7	5	9	-2	58	59	65	62	55	62	51	56	-2	81	99	102	98	92	99	85	70	-1
1001001000	-2	6564	2860.778	2232.609	7.125	1.536	58.5	4.213	90.75	10.461	3331.889	90.75	0	0	0	9	9	1008	6564	4362	3918	2684	5455	1754	4	-2	10	6	6	7	7	7	5	9	-2	58	59	65	62	55	62	51	56	-2	81	99	102	98	92	99	85	70	-1
1001001000	-2	6735	2762.889	2136.94	7.375	1.317	59.5	3.24	93	8.231	3313	93	0	0	0	9	9	3075	6735	4631	2611	3224	4010	488	94	-2	9	6	7	8	8	7	5	9	-2	60	61	65	61	57	60	53	59	-2	95	100	103	96	94	96	76	84	-1
1001001000	-2	6735	2749.667	2135.782	7.375	1.317	59.5	3.24	93	8.231	3313	93	0	0	0	9	9	3051	6735	4638	2604	3175	3978	475	93	-2	9	6	7	8	8	7	5	9	-2	60	61	65	61	57	60	53	59	-2	95	100	103	96	94	96	76	84	-1
1001001000	-2	6460	3335.444	2348.439	7.25	0.968	60.875	1.965	98.125	3.822	4586.333	98.125	0	0	0	9	9	2311	6460	5472	4564	3715	6056	1169	274	-2	9	6	7	7	8	7	6	8	-2	59	61	64	62	58	63	61	59	-2	94	101	103	99	97	103	96	92	-1
1001001000	-2	6460	3335.444	2348.439	7.25	0.968	60.875	1.965	98.125	3.822	4586.333	98.125	0	0	0	9	9	2311	6460	5472	4564	3715	6056	1169	274	-2	9	6	7	7	8	7	6	8	-2	59	61	64	62	58	63	61	59	-2	94	101	103	99	97	103	96	92	-1
1001001000	-2	6632	3594.556	2343.659	7.125	1.053	60.125	1.269	98.125	3.219	5019.333	98.125	0	0	0	9	9	2854	6458	6632	5323	4487	4488	1780	331	-2	9	6	7	7	8	6	6	8	-2	61	61	62	61	59	59	60	58	-2	97	101	103	99	99	99	95	92	-1
1001001000	-2	6645	3621.889	2339.485	7.125	1.053	60.125	1.269	98.125	3.219	5019.333	98.125	0	0	0	9	9	2910	6464	6645	5352	4513	4511	1852	352	-2	9	6	7	7	8	6	6	8	-2	61	61	62	61	59	59	60	58	-2	97	101	103	99	99	99	95	92	-1
1001001000	-2	8158	5236.333	2701.512	8.25	2.332	62	2.345	101.375	2.997	6166.778	100.75	0	0	0	9	9	4061	6844	8158	7944	6638	5557	6523	1404	-2	9	6	7	14	8	7	7	8	-2	61	60	62	68	62	61	61	61	-2	99	102	104	106	103	102	99	96	-1
1001001000	-2	8158	5236.333	2701.512	8.25	2.332	62	2.345	101.375	2.997	6166.778	100.75	0	0	0	9	9	4061	6844	8158	7944	6638	5557	6523	1404	-2	9	6	7	14	8	7	7	8	-2	61	60	62	68	62	61	61	61	-2	99	102	104	106	103	102	99	96	-1
1001001000	-2	9397	7204.778	2712.646	8.375	2.288	64.5	2.236	107.625	2.446	7371	106.875	0	0	0	9	9	7017	7685	8317	9085	9397	6644	9218	7482	-2	9	6	8	14	8	7	7	8	-2	64	64	65	70	64	63	64	62	-2	106	110	109	111	109	107	106	103	-1
1001001000	-2	9418	7226	2715.618	8.375	2.288	64.5	2.236	107.625	2.446	7371	106.875	0	0	0	9	9	7079	7685	8317	9085	9418	6645	9220	7587	-2	9	6	8	14	8	7	7	8	-2	64	64	65	70	64	63	64	62	-2	106	110	109	111	109	107	106	103	-1
1001001000	-2	9564	7356.667	2741.387	8.25	0.829	67.125	1.536	113.875	2.666	7356.778	113.875	0	0	0	9	9	7998	7931	6790	9260	9564	7367	9189	8113	-2	10	7	8	8	9	8	8	8	-2	69	69	67	66	67	67	68	64	-2	115	118	114	111	115	116	113	109	-1
1001001000	-2	9564	7356.667	2741.387	8.25	0.829	67.125	1.536	113.875	2.666	7356.778	113.875	0	0	0	9	9	7998	7931	6790	9260	9564	7367	9189	8113	-2	10	7	8	8	9	8	8	8	-2	69	69	67	66	67	67	68	64	-2	115	118	114	111	115	116	113	109	-1
1001001000	-2	10572	7282	2881.526	8.25	0.829	68.375	1.867	116.75	2.99	7289.778	116.75	0	0	0	9	9	6306	7640	6687	9304	9187	7260	10572	8584	-2	10	7	8	8	9	8	8	8	-2	70	71	67	67	68	69	70	65	-2	118	121	115	113	117	120	118	112	-1
1001001000	-2	10572	7282	2881.526	8.25	0.829	68.375	1.867	116.75	2.99	7289.778	116.75	0	0	0	9	9	6306	7640	6687	9304	9187	7260	10572	8584	-2	10	7	8	8	9	8	8	8	-2	70	71	67	67	68	69	70	65	-2	118	121	115	113	117	120	118	112	-1
1001001000	-2	10596	7130.778	2884.188	8.375	0.696	68.625	2.497	118.25	3.231	7225.444	118.25	0	0	0	9	9	6715	7451	5413	9035	9050	7768	10596	8151	-2	10	8	8	8	9	8	8	8	-2	71	73	67	69	68	68	69	64	-2	121	123	116	116	119	120	119	112	-1
1001001000	-2	10596	7130.778	2884.188	8.375	0.696	68.625	2.497	118.25	3.231	7225.444	118.25	0	0	0	9	9	6715	7451	5413	9035	9050	7768	10596	8151	-2	10	8	8	8	9	8	8	8	-2	71	73	67	69	68	68	69	64	-2	121	123	116	116	119	120	119	112	-1
1007007000	-2	174	19.111	54.765	12.5	3.5	94	3	48.375	48.127	12034.889	160.875	0	0	7	9	9	0	0	0	0	0	174	0	0	-2	-2	-2	-2	9	-2	16	-2	-2	-2	-2	-2	-2	91	-2	97	-2	-2	-2	21	21	21	114	21	147	21	21	-1
1007007000	-2	133	23.222	45.854	11	4	61	3	37.875	29.357	6437	97.25	0	0	6	9	9	0	0	0	133	0	78	0	0	-2	-2	-2	-2	7	-2	15	-2	-2	-2	-2	-2	-2	58	-2	64	-2	-2	-2	21	21	21	94	21	83	21	21	-1
1001001000	-2	14180	9167.222	4480.368	10.25	1.92	74.5	6.727	130.125	7.339	12070	130.125	0	0	0	9	9	13836	12071	12686	8875	4987	9968	14180	5904	-2	13	9	12	13	9	9	8	9	-2	79	76	85	78	62	71	77	68	-2	135	132	141	129	120	130	136	118	-1
1001001000	-2	14180	9167.222	4480.368	10.25	1.92	74.5	6.727	130.125	7.339	12070	130.125	0	0	0	9	9	13836	12071	12686	8875	4987	9968	14180	5904	-2	13	9	12	13	9	9	8	9	-2	79	76	85	78	62	71	77	68	-2	135	132	141	129	120	130	136	118	-1
1001001000	-2	12329	6994.667	4134.936	9	1.658	70.75	4.352	114.875	6.373	9082.333	114.875	0	0	0	9	9	4461	11644	9741	12329	5264	10213	7528	1774	-2	12	8	8	11	8	8	7	10	-2	72	71	77	76	62	70	69	69	-2	112	119	123	124	107	116	112	106	-1
1001001000	-2	12329	6994.667	4134.936	9	1.658	70.75	4.352	114.875	6.373	9082.333	114.875	0	0	0	9	9	4461	11644	9741	12329	5264	10213	7528	1774	-2	12	8	8	11	8	8	7	10	-2	72	71	77	76	62	70	69	69	-2	112	119	123	124	107	116	112	106	-1
1001001000	-2	4253	1634.778	1396.688	6.875	1.452	58.25	3.382	89	9.042	2482.556	89	0	0	0	9	9	1449	4253	3436	2067	665	2077	766	2	-2	10	6	6	7	6	7	5	8	-2	58	57	63	62	54	61	53	58	-2	92	94	100	97	78	93	86	72	-1
1001001000	-2	4062	1498.889	1333.989	6.875	1.452	58.25	3.382	89	9.042	2482.556	89	0	0	0	9	9	1160	4062	3279	1942	632	1732	684	1	-2	10	6	6	7	6	7	5	8	-2	58	57	63	62	54	61	53	58	-2	92	94	100	97	78	93	86	72	-1
1001001000	-2	3990	1281.778	1351.911	6.75	1.199	58.5	2.291	89.625	6.382	2411.444	89.625	0	0	0	9	9	855	3216	3990	402	533	1843	628	71	-2	9	5	7	7	6	6	6	8	-2	59	58	63	60	55	59	56	58	-2	94	95	100	88	78	89	89	84	-1
1001001000	-2	3990	1281.778	1351.911	6.75	1.199	58.5	2.291	89.625	6.382	2411.444	89.625	0	0	0	9	9	855	3216	3990	402	533	1843	628	71	-2	9	5	7	7	6	6	6	8	-2	59	58	63	60	55	59	56	58	-2	94	95	100	88	78	89	89	84	-1
1001001000	-2	5407	1833.333	1590.808	6.75	1.199	58.5	1.323	94.5	2.828	3752	94.5	0	0	0	9	9	1015	3265	5407	1077	1947	2476	935	380	-2	9	5	7	7	6	6	6	8	-2	59	58	61	59	56	59	58	58	-2	94	96	101	94	92	95	92	92	-1
1001001000	-2	6465	2421.778	1873.878	6.75	0.829	58.375	1.409	95.625	2.781	4468.222	95.5	0	0	0	9	9	1079	4058	6465	2121	3288	2726	1249	812	-2	8	6	7	8	6	6	6	7	-2	58	58	61	60	56	58	58	58	-2	94	97	102	96	94	96	93	93	-1
1001001000	-2	6465	2421.778	1873.878	6.75	0.829	58.375	1.409	95.625	2.781	4468.222	95.5	0	0	0	9	9	1079	4058	6465	2121	3288	2726	1249	812	-2	8	6	7	8	6	6	6	7	-2	58	58	61	60	56	58	58	58	-2	94	97	102	96	94	96	93	93	-1
1001001000	-2	7744	4133.667	2229.935	7.25	0.968	60.125	1.053	98.875	2.891	5567	98.875	0	0	0	9	9	2337	5951	7744	4206	5373	5232	4508	1854	-2	9	6	7	8	7	7	6	8	-2	60	60	62	61	59	61	59	59	-2	98	101	104	97	99	101	97	94	-1
1001001000	-2	7744	4133.667	2229.935	7.25	0.968	60.125	1.053	98.875	2.891	5567	98.875	0	0	0	9	9	2337	5951	7744	4206	5373	5232	4508	1854	-2	9	6	7	8	7	7	6	8	-2	60	60	62	61	59	61	59	59	-2	98	101	104	97	99	101	97	94	-1
1001001000	-2	9324	6679	2570.389	8	2.062	63.75	2.634	105.875	2.571	7010.667	105.125	0	0	0	9	9	6261	6068	6969	8894	7307	7520	9324	7770	-2	9	6	7	13	7	7	7	8	-2	64	61	65	70	62	63	63	62	-2	106	105	109	110	105	106	105	101	-1
1001001000	-2	9324	6532.889	2515.144	8	2.062	63.75	2.634	105.875	2.571	7010.667	105.125	0	0	0	9	9	5967	6068	6969	8407	7023	7447	9324	7593	-2	9	6	7	13	7	7	7	8	-2	64	61	65	70	62	63	63	62	-2	106	105	109	110	105	106	105	101	-1
1001001000	-2	9156	6832	2682.455	7.75	1.09	64.875	1.364	110.75	2.165	6836	110.75	0	0	0	9	9	7599	5514	6884	9156	9119	6671	8950	7597	-2	10	6	8	8	8	7	7	8	-2	68	64	65	65	65	64	65	63	-2	114	111	112	109	113	111	109	107	-1
1001001000	-2	9156	6832	2682.455	7.75	1.09	64.875	1.364	110.75	2.165	6836	110.75	0	0	0	9	9	7599	5514	6884	9156	9119	6671	8950	7597	-2	10	6	8	8	8	7	7	8	-2	68	64	65	65	65	64	65	63	-2	114	111	112	109	113	111	109	107	-1
1001001000	-2	8790	6619.444	2541.876	7.625	0.857	65.375	1.111	111.125	2.147	6636.444	111.125	0	0	0	9	9	8081	6106	5713	8606	8790	7113	7986	7182	-2	9	6	8	8	8	7	7	8	-2	67	66	66	65	65	66	65	63	-2	113	113	111	109	113	113	110	107	-1
1001001000	-2	8790	6619.444	2541.876	7.625	0.857	65.375	1.111	111.125	2.147	6636.444	111.125	0	0	0	9	9	8081	6106	5713	8606	8790	7113	7986	7182	-2	9	6	8	8	8	7	7	8	-2	67	66	66	65	65	66	65	63	-2	113	113	111	109	113	113	110	107	-1
1001001000	-2	9326	6680	2562.157	7.625	0.857	64.125	1.053	109.25	1.714	6699.333	109.25	0	0	0	9	9	7641	5988	6861	8293	8517	6821	9326	6675	-2	9	6	7	8	8	8	7	8	-2	65	64	64	65	65	65	63	62	-2	109	111	108	108	111	112	108	107	-1
1009009000	-2	0	-0.222	0.629	-0.01	-0.01	-0.01	-0.01	21	0	8902.111	99.5	0	0	8	9	9	0	0	0	0	0	0	0	0	-2	-2	-2	-2	-2	-2	-2	-2	-2	-2	-2	-2	-2	-2	-2	-2	-2	-2	-2	21	21	21	21	21	21	21	21	-1
1009009000	-2	0	-0.222	0.629	-0.01	-0.01	-0.01	-0.01	21	0	8902.111	99.5	0	0	8	9	9	0	0	0	0	0	0	0	0	-2	-2	-2	-2	-2	-2	-2	-2	-2	-2	-2	-2	-2	-2	-2	-2	-2	-2	-2	21	21	21	21	21	21	21	21	-1
1001001000	-2	5953	2503.111	1884.98	6.875	1.166	58.25	2.773	97.75	4.176	6364.778	97.75	0	0	0	9	9	3506	4127	1360	3230	268	3248	5953	838	-2	9	6	8	8	6	6	6	6	-2	62	57	61	61	53	58	57	57	-2	103	96	101	101	90	98	100	93	-1
1001001000	-2	5487	2800.444	2081.025	7.125	1.053	63	3.937	100.375	4.608	5244.889	100.375	0	0	0	9	9	2436	5487	3885	5179	1202	5366	816	835	-2	9	6	7	8	6	7	6	8	-2	62	58	67	67	56	67	63	64	-2	99	96	107	105	94	106	98	98	-1
1001001000	-2	3989	1925.556	1576.743	6.75	1.199	58.125	3.219	92.625	5.219	3522.667	92.625	0	0	0	9	9	1713	3758	3873	2642	587	3989	663	107	-2	9	5	7	7	6	6	6	8	-2	57	56	64	62	54	58	55	59	-2	92	93	102	97	83	94	89	91	-1
1001001000	-2	3625	1543.667	1464.632	6.75	1.199	58.125	3.219	90.5	7.794	3522.667	92.625	0	0	0	9	9	741	3398	3238	2183	462	3625	229	19	-2	9	5	7	7	6	6	6	8	-2	57	56	64	62	54	58	55	59	-2	92	93	102	97	79	94	89	78	-1
1001001000	-2	3763	1118.667	1151.317	6.75	0.829	56.375	2.058	91.25	4.176	3476.222	91.25	0	0	0	9	9	694	2356	3763	400	718	1421	513	205	-2	8	6	7	7	6	6	6	8	-2	57	57	61	56	54	56	54	56	-2	92	93	101	90	87	91	88	88	-1
1001001000	-2	3763	1118.667	1151.317	6.75	0.829	56.375	2.058	91.25	4.176	3476.222	91.25	0	0	0	9	9	694	2356	3763	400	718	1421	513	205	-2	8	6	7	7	6	6	6	8	-2	57	57	61	56	54	56	54	56	-2	92	93	101	90	87	91	88	88	-1
1001001000	-2	4261	1077	1194.008	6.625	0.696	55.5	2.5	91.5	4.031	4041.222	91.5	0	0	0	9	9	610	964	4261	248	1336	1130	701	445	-2	8	6	7	7	6	6	6	7	-2	54	57	61	56	55	54	52	55	-2	90	94	101	91	90	90	87	89	-1
1001001000	-2	4310	892.222	1249.906	6.625	0.696	55.5	2.5	91.5	4.031	4041.222	91.5	0	0	0	9	9	224	628	4310	118	1007	894	512	339	-2	8	6	7	7	6	6	6	7	-2	54	57	61	56	55	54	52	55	-2	90	94	101	91	90	90	87	89	-1
1001001000	-2	6639	1701.778	1889.675	6.375	0.857	55.625	1.218	93.75	2.385	5672.333	93.75	0	0	0	9	9	404	789	6639	780	2630	1579	1568	929	-2	8	5	6	7	6	6	6	7	-2	56	55	57	57	55	56	53	56	-2	94	94	99	94	93	94	90	92	-1
1001001000	-2	7007	1954.667	1946.602	6.375	0.857	55.625	1.218	93.75	2.385	5672.333	93.75	0	0	0	9	9	820	1421	7007	1033	3091	1650	1442	1130	-2	8	5	6	7	6	6	6	7	-2	56	55	57	57	55	56	53	56	-2	94	94	99	94	93	94	90	92	-1
1001001000	-2	7598	2833.444	2023.968	6.75	0.829	57	1.414	96	2.291	6022.444	95.75	0	0	0	9	9	1212	3551	7598	1193	3295	2854	3087	2713	-2	8	6	7	8	6	6	6	7	-2	56	56	58	60	55	57	57	57	-2	95	96	101	97	93	97	95	94	-1
1001001000	-2	7598	2833.444	2023.968	6.75	0.829	57	1.414	96	2.291	6022.444	95.75	0	0	0	9	9	1212	3551	7598	1193	3295	2854	3087	2713	-2	8	6	7	8	6	6	6	7	-2	56	56	58	60	55	57	57	57	-2	95	96	101	97	93	97	95	94	-1
1001001000	-2	8951	5266.222	2756.438	7.25	1.92	58.875	2.803	100.75	2.332	6742.222	100.125	0	0	0	9	9	3695	8237	8197	2777	4694	4879	8951	5968	-2	8	6	7	12	6	6	6	7	-2	59	57	59	66	58	57	58	57	-2	102	99	103	105	101	98	100	98	-1
1001001000	-2	8951	5266.222	2756.438	7.25	1.92	58.875	2.803	100.75	2.332	6742.222	100.125	0	0	0	9	9	3695	8237	8197	2777	4694	4879	8951	5968	-2	8	6	7	12	6	6	6	7	-2	59	57	59	66	58	57	58	57	-2	102	99	103	105	101	98	100	98	-1
1001001000	-2	9586	6649.556	2528.044	7.125	0.599	60	2.236	103.125	2.315	6937.667	103.125	0	0	0	9	9	6643	7302	7733	7569	6140	6843	9586	8032	-2	8	6	7	7	7	7	7	8	-2	64	57	60	63	59	58	59	60	-2	108	101	104	105	103	101	101	102	-1
1001001000	-2	9754	6661.333	2563.226	7.625	1.409	60.25	2.634	103.375	2.595	6937.667	103.125	0	0	0	9	9	6669	7302	7864	7380	5843	7087	9754	8055	-2	8	6	7	11	7	7	7	8	-2	64	57	60	65	59	58	59	60	-2	108	101	104	107	103	101	101	102	-1
1001001000	-2	9360	6759	2588.929	7	0.5	59.125	1.965	102	1.871	6969.111	102	0	0	0	9	9	6093	7153	8831	7410	6326	7673	9360	7987	-2	7	6	7	8	7	7	7	7	-2	60	57	60	63	60	59	57	57	-2	104	101	102	105	103	102	99	100	-1
1005005000	-2	127	28.667	40.925	5	0	49	1.871	48.875	28.269	2563.222	81.75	0	0	4	9	9	0	28	127	0	57	0	48	0	-2	-2	5	5	-2	5	-2	5	-2	-2	-2	48	52	-2	47	-2	49	-2	-2	21	67	85	21	80	21	75	21	-1
1001001000	-2	3043	1026.556	1037.515	7.125	1.053	60.375	3.276	89.375	7.193	4814.889	96.625	0	0	0	9	9	636	2142	1040	3043	162	1939	221	58	-2	9	6	7	8	6	6	7	8	-2	60	58	66	64	55	61	58	61	-2	83	94	90	101	80	97	89	81	-1
1001001000	-2	2573	926.333	909.664	6.5	1	55.625	2.395	89.25	4.943	3323.667	90.625	0	0	0	9	9	424	1488	2573	1597	104	1881	235	37	-2	8	5	6	7	6	6	6	8	-2	56	55	60	56	52	55	53	58	-2	92	91	98	92	84	89	87	81	-1
1001001000	-2	3330	1276.889	1063.527	6.5	1	55.625	2.395	90.625	3.638	3323.667	90.625	0	0	0	9	9	1333	1876	3330	1866	161	2143	566	219	-2	8	5	6	7	6	6	6	8	-2	56	55	60	56	52	55	53	58	-2	92	91	98	92	85	89	87	91	-1
1001001000	-2	3370	833.667	942.229	6.375	0.857	54.5	0.866	90.375	2.233	4233.444	90.375	0	0	0	9	9	447	1014	3370	269	350	801	764	490	-2	8	6	7	6	6	5	6	7	-2	55	54	56	55	53	54	54	55	-2	92	91	95	90	87	90	89	89	-1
1001001000	-2	3370	833.667	942.229	6.375	0.857	54.5	0.866	90.375	2.233	4233.444	90.375	0	0	0	9	9	447	1014	3370	269	350	801	764	490	-2	8	6	7	6	6	5	6	7	-2	55	54	56	55	53	54	54	55	-2	92	91	95	90	87	90	89	89	-1
1001001000	-2	3992	910	1126.788	6.125	0.781	54.125	1.269	90.875	2.571	5402.778	90.875	0	0	0	9	9	276	524	3992	379	638	1045	835	503	-2	7	6	7	6	5	5	6	7	-2	54	53	56	56	53	53	53	55	-2	90	90	97	92	88	90	89	91	-1
1001001000	-2	3686	702.667	1081.97	6.125	0.781	54.125	1.269	89.75	3.597	5402.778	90.875	0	0	0	9	9	191	269	3686	163	256	791	704	266	-2	7	6	7	6	5	5	6	7	-2	54	53	56	56	53	53	53	55	-2	90	90	97	83	88	90	89	91	-1
1001001000	-2	5165	1298.667	1485.411	5.875	0.781	54.625	1.218	92.5	2.398	5701.556	92.5	0	0	0	9	9	367	400	5165	695	1358	2055	1102	548	-2	7	5	6	6	6	5	5	7	-2	54	54	56	57	53	54	54	55	-2	91	91	98	94	90	93	91	92	-1
1001001000	-2	5165	1298.667	1485.411	5.875	0.781	54.625	1.218	92.5	2.398	5701.556	92.5	0	0	0	9	9	367	400	5165	695	1358	2055	1102	548	-2	7	5	6	6	6	5	5	7	-2	54	54	56	57	53	54	54	55	-2	91	91	98	94	90	93	91	92	-1
1001001000	-2	6216	1863.333	1691.936	6.25	0.661	55.25	1.561	94.125	2.315	6091.222	94.125	0	0	0	9	9	888	1416	6216	1085	2240	2569	1129	1229	-2	7	6	6	7	6	5	6	7	-2	55	54	57	58	53	54	56	55	-2	94	93	99	96	91	94	94	92	-1
1001001000	-2	6867	3476.889	1780.964	6.25	0.661	56.625	1.728	98.125	2.088	6868.333	98	0	0	0	9	9	2394	4231	6867	2764	3813	3508	4930	2787	-2	7	5	6	7	6	6	6	7	-2	58	55	58	60	56	55	56	55	-2	100	97	101	101	97	97	97	95	-1
1001001000	-2	6867	3476.889	1780.964	6.25	0.661	56.625	1.728	98.125	2.088	6868.333	98	0	0	0	9	9	2394	4231	6867	2764	3813	3508	4930	2787	-2	7	5	6	7	6	6	6	7	-2	58	55	58	60	56	55	56	55	-2	100	97	101	101	97	97	97	95	-1
1001001000	-2	8389	5656.333	2493.924	6.375	0.484	57.125	1.269	99.375	1.728	7095.111	99.375	0	0	0	9	9	4025	7616	7890	6320	5694	3987	8389	6988	-2	7	6	6	7	6	6	6	7	-2	58	56	59	59	56	56	56	57	-2	101	98	101	102	98	98	97	100	-1
1001001000	-2	8389	5656.333	2493.924	6.375	0.484	57.125	1.269	99.375	1.728	7095.111	99.375	0	0	0	9	9	4025	7616	7890	6320	5694	3987	8389	6988	-2	7	6	6	7	6	6	6	7	-2	58	56	59	59	56	56	56	57	-2	101	98	101	102	98	98	97	100	-1
1006006000	-2	125	13.667	39.367	6	0	50	0.816	40	25.303	3259.444	82.875	0	0	7	9	9	0	0	125	0	0	0	0	0	-2	-2	6	6	-2	-2	-2	6	-2	-2	-2	49	51	-2	-2	-2	50	-2	-2	21	64	86	21	21	21	65	21	-1
1001001000	-2	3555	1367.333	1229.267	6.625	0.857	58.5	2.784	91.125	5.6	3921.778	93.625	0	0	0	9	9	2750	1265	1441	3555	65	2500	250	482	-2	8	6	7	7	6	5	7	7	-2	58	56	61	63	54	57	58	61	-2	94	90	87	99	79	93	93	94	-1
1001001000	-2	1365	352.333	392.179	6	0.866	54.25	1.714	86.625	4.442	2992.111	88.5	0	0	0	9	9	259	441	484	1365	25	317	113	169	-2	8	6	6	6	5	5	6	6	-2	56	54	56	55	51	53	53	56	-2	91	89	85	90	76	87	86	89	-1
1001001000	-2	1403	438.444	411.867	6	0.866	54.25	1.714	88.5	2.915	2992.111	88.5	0	0	0	9	9	407	524	778	1403	50	377	119	290	-2	8	6	6	6	5	5	6	6	-2	56	54	56	55	51	53	53	56	-2	91	89	93	90	83	87	86	89	-1
1001001000	-2	1209	443.111	311.211	5.875	0.599	53	1.414	89.125	2.088	4879.556	89.125	0	0	0	9	9	496	332	1209	366	295	540	489	263	-2	7	6	6	6	5	5	6	6	-2	54	54	55	52	51	51	53	54	-2	91	90	93	88	86	87	89	89	-1
1009009000	-2	0	-0.222	0.629	-0.01	-0.01	-0.01	-0.01	21	0	11147.889	117.25	0	0	8	9	9	0	0	0	0	0	0	0	0	-2	-2	-2	-2	-2	-2	-2	-2	-2	-2	-2	-2	-2	-2	-2	-2	-2	-2	-2	21	21	21	21	21	21	21	21	-1
1008008000	-2	83	9	26.17	7	0	52	0	29.25	21.827	4788.778	84.25	0	0	7	9	9	0	0	0	0	0	0	83	0	-2	-2	-2	-2	-2	-2	-2	7	-2	-2	-2	-2	-2	-2	-2	-2	52	-2	-2	21	21	21	21	21	21	87	21	-1
1008008000	-2	120	13.111	37.796	7	0	50	0	29.125	21.497	5612.333	85.875	0	0	7	9	9	0	0	0	0	0	0	120	0	-2	-2	-2	-2	-2	-2	-2	7	-2	-2	-2	-2	-2	-2	-2	-2	50	-2	-2	21	21	21	21	21	21	86	21	-1
1002002000	-2	10748	6278	3923.79	10.429	6.068	64.143	5.41	103.75	31.574	10019	111.875	0	0	1	9	9	10748	6853	3437	9257	8857	7209	10143	0	-2	8	7	7	14	6	24	7	-2	-2	63	58	61	67	59	75	66	-2	-2	116	110	112	119	111	124	117	21	-1
1001001000	-2	3088	1425.111	1100.065	6.875	1.166	61.5	2.693	97.25	5.379	5466.333	98.875	0	0	0	9	9	1902	775	3088	2413	367	2716	1437	130	-2	7	7	7	8	6	5	9	6	-2	61	59	63	66	57	60	62	64	-2	100	95	104	103	94	97	99	86	-1
1001001000	-2	3420	1294.667	1023.489	6.875	1.166	61.5	2.693	97.375	3.352	5466.333	98.875	0	0	0	9	9	2016	841	1302	3420	222	2187	1088	578	-2	7	7	7	8	6	5	9	6	-2	61	59	63	66	57	60	62	64	-2	100	95	92	103	94	97	99	99	-1
1001001000	-2	821	325.889	259.636	5.75	0.661	53.5	1.732	87.375	2.781	2932.333	87.375	0	0	0	9	9	338	230	685	821	103	428	209	121	-2	7	5	6	6	5	5	6	6	-2	53	52	56	56	51	52	54	54	-2	87	85	92	91	83	86	88	87	-1
