1004002000	-2	362	39.667	113.965	140.143	33.685	255.8	9.432	230.125	110.731	9293.889	245.5	0	0	5	9	9	0	0	0	0	0	-2	362	-1	-2	148	141	60	149	154	165	164	-2	-2	250	241	-2	-2	258	268	262	-2	-2	272	259	82	164	279	400	325	60	-1
1003002000	-2	389	123.444	175.585	171.143	12.076	259.833	7.988	252.75	80.892	11396.444	281.125	0	0	4	9	9	389	378	0	0	347	0	0	-1	-2	158	152	171	174	171	190	182	-2	-2	252	247	260	265	265	270	-2	-2	-2	318	303	280	283	296	289	193	60	-1
1003002000	-2	10537	4960.667	4080.353	167.429	8.533	249.5	3.547	252.375	86.364	7987	252.375	0	0	1	9	9	3246	6000	0	9534	9297	10537	6035	-1	-2	161	177	152	178	171	169	164	-2	-2	245	250	-2	254	254	248	246	-2	-2	297	293	159	305	313	301	291	60	-1
1003002000	-2	10537	4960.667	4080.353	167.429	8.533	249.5	3.547	252.375	86.364	7987	252.375	0	0	1	9	9	3246	6000	0	9534	9297	10537	6035	-1	-2	161	177	152	178	171	169	164	-2	-2	245	250	-2	254	254	248	246	-2	-2	297	293	159	305	313	301	291	60	-1
1002002000	-2	11067	6429.444	4192.686	169.571	6.673	249.429	3.417	270.125	79.571	9043.889	270.125	0	0	0	9	9	2299	7174	9645	9984	7932	9767	11067	-1	-2	165	174	171	180	171	169	157	-2	-2	246	250	247	255	253	250	245	-2	-2	296	294	304	306	306	302	293	60	-1
1002002000	-2	11084	6441.556	4202.065	169.571	6.673	249.429	3.417	270.125	79.571	9043.889	270.125	0	0	0	9	9	2299	7169	9717	9986	7953	9769	11084	-1	-2	165	174	171	180	171	169	157	-2	-2	246	250	247	255	253	250	245	-2	-2	296	294	304	306	306	302	293	60	-1
1002002000	-2	8694	4865.444	3043.195	172.571	3.659	248.571	3.849	267.5	78.653	9009.111	267.5	0	0	0	9	9	2790	6761	8694	6853	5073	5847	7774	-1	-2	172	174	175	179	167	169	172	-2	-2	248	247	246	254	250	253	242	-2	-2	298	291	299	302	300	305	285	60	-1
1002002000	-2	8694	4865.444	3043.195	172.571	3.659	248.571	3.849	267.5	78.653	9009.111	267.5	0	0	0	9	9	2790	6761	8694	6853	5073	5847	7774	-1	-2	172	174	175	179	167	169	172	-2	-2	248	247	246	254	250	253	242	-2	-2	298	291	299	302	300	305	285	60	-1
1002002000	-2	8841	3875.556	2693.031	175	4.209	249.857	4.734	269	79.311	9223.444	269	0	0	0	9	9	2156	3707	8841	4599	4165	5355	6060	-1	-2	176	175	177	181	166	176	174	-2	-2	251	247	251	255	248	256	241	-2	-2	302	291	304	304	298	308	285	60	-1
1002002000	-2	6736	2531	1953.844	175	4.209	249.857	4.734	266.75	78.71	9223.444	269	0	0	0	9	9	2020	2543	6736	3553	1473	2754	3703	-1	-2	176	175	177	181	166	176	174	-2	-2	251	247	251	255	248	256	241	-2	-2	302	291	304	304	280	308	285	60	-1
1002002000	-2	7430	3585.222	2592.282	177.857	6.379	250.429	5.261	269.75	79.643	9315.889	269.75	0	0	0	9	9	2621	2181	7329	3458	5285	3966	7430	-1	-2	178	175	182	186	166	184	174	-2	-2	254	249	250	255	248	257	240	-2	-2	307	293	303	304	298	309	284	60	-1
1008002000	-2	0	-0.333	0.667	104.429	35.018	264	0	135.625	65.685	1811.333	143.75	0	0	7	9	9	0	0	0	0	0	0	0	-1	-2	115	123	27	123	137	84	122	-2	-2	-2	-2	-2	-2	264	-2	-2	-2	-2	139	134	85	131	290	91	155	60	-1
1003002000	-2	318	50	103.738	171	10.556	262.833	7.426	257.125	85.227	12017.556	285	0	0	5	9	9	135	0	0	318	0	0	0	-1	-2	158	155	170	175	171	184	184	-2	-2	252	256	260	269	267	273	-2	-2	-2	320	276	280	347	290	291	193	60	-1
1002002000	-2	8225	1756.889	2414.162	193	6.094	268.571	4.468	303	93.929	13391.222	311.625	0	0	0	9	9	2356	234	1691	636	8225	1602	1071	-1	-2	190	186	186	201	195	191	202	-2	-2	262	268	268	272	272	275	263	-2	-2	328	292	350	347	362	347	338	60	-1
1002002000	-2	13481	3843.111	3968.424	192.143	5.566	269.714	4.832	300.375	92.619	12950.333	310.625	0	0	0	9	9	4816	1413	4773	2651	13481	5978	1479	-1	-2	190	189	186	200	194	186	200	-2	-2	264	272	271	271	274	275	261	-2	-2	330	299	348	326	364	347	329	60	-1
1002002000	-2	13481	3843.111	3968.424	192.143	5.566	269.714	4.832	300.375	92.619	12950.333	310.625	0	0	0	9	9	4816	1413	4773	2651	13481	5978	1479	-1	-2	190	189	186	200	194	186	200	-2	-2	264	272	271	271	274	275	261	-2	-2	330	299	348	326	364	347	329	60	-1
1002002000	-2	15775	9384.222	6681.359	185.143	5.617	265.429	4.531	311	96.356	11674	311	0	0	0	9	9	15775	13372	14958	-2	13365	13478	13515	-1	-2	181	186	186	196	186	176	185	-2	-2	263	263	267	272	269	267	257	-2	-2	351	328	349	373	363	348	316	60	-1
1003002000	-2	13130	7307.111	5297.477	160.286	14.684	246.833	4.705	247.5	87.928	7532.333	247.5	0	0	1	9	9	13130	8298	0	11020	11346	11362	10611	-1	-2	161	178	131	168	170	166	148	-2	-2	245	249	-2	253	251	244	239	-2	-2	298	294	139	305	304	297	283	60	-1
1003002000	-2	13130	7307.111	5297.477	160.286	14.684	246.833	4.705	247.5	87.928	7532.333	247.5	0	0	1	9	9	13130	8298	0	11020	11346	11362	10611	-1	-2	161	178	131	168	170	166	148	-2	-2	245	249	-2	253	251	244	239	-2	-2	298	294	139	305	304	297	283	60	-1
1003002000	-2	9958	4751	3904.607	160.286	10.511	244.167	5.014	244.25	83.468	7089.222	244.25	0	0	1	9	9	3337	4283	0	8066	8830	9958	8288	-1	-2	162	176	143	161	168	164	148	-2	-2	242	248	-2	251	247	241	236	-2	-2	291	290	151	298	297	289	278	60	-1
1003002000	-2	9958	4757.556	3909.491	160.286	10.511	244.167	5.014	244.25	83.468	7089.222	244.25	0	0	1	9	9	3337	4297	0	8073	8867	9958	8289	-1	-2	162	176	143	161	168	164	148	-2	-2	242	248	-2	251	247	241	236	-2	-2	291	290	151	298	297	289	278	60	-1
1002002000	-2	11711	5480.667	4189.896	166.571	8.567	245	4.504	263.125	77.038	8503	263.125	0	0	0	9	9	2580	2689	11711	6832	6456	11439	7622	-1	-2	165	176	171	174	165	167	148	-2	-2	242	245	246	250	246	250	236	-2	-2	291	288	296	296	296	300	278	60	-1
1002002000	-2	11711	5480.556	3743.832	166.571	8.567	245	4.504	263.125	77.038	8503	263.125	0	0	0	9	9	4033	3839	11711	6798	5790	9417	7740	-1	-2	165	176	171	174	165	167	148	-2	-2	242	245	246	250	246	250	236	-2	-2	291	288	296	296	296	300	278	60	-1
1002002000	-2	11833	4983.111	3507.28	167	9.442	244.571	4.238	262.125	76.643	8452.889	262.125	0	0	0	9	9	4428	3597	11833	6350	4442	6493	7708	-1	-2	170	175	175	176	164	161	148	-2	-2	244	245	246	248	245	249	235	-2	-2	295	286	295	293	294	297	277	60	-1
1002002000	-2	11817	4218.667	3549.716	167	9.442	244.571	4.238	262.125	76.643	8452.889	262.125	0	0	0	9	9	2661	2120	11817	4406	3625	6037	7305	-1	-2	170	175	175	176	164	161	148	-2	-2	244	245	246	248	245	249	235	-2	-2	295	286	295	293	294	297	277	60	-1
1002002000	-2	10519	4533.889	3223.889	166.571	9.47	245.857	4.454	264.375	77.506	8776.556	264.375	0	0	0	9	9	5323	3368	10519	5983	3777	3908	7930	-1	-2	172	175	176	172	164	159	148	-2	-2	248	245	245	250	247	250	236	-2	-2	301	290	295	298	294	298	279	60	-1
1002002000	-2	10441	4653.444	3280.407	166.571	9.47	245.857	4.454	264.375	77.506	8776.556	264.375	0	0	0	9	9	6816	3738	10441	6523	3835	3076	7455	-1	-2	172	175	176	172	164	159	148	-2	-2	248	245	245	250	247	250	236	-2	-2	301	290	295	298	294	298	279	60	-1
1003002000	-2	9898	3922.222	3428.193	169.714	10.713	251.167	5.928	257	86.94	7771.667	257	0	0	1	9	9	3408	4451	9898	5629	3495	0	8422	-1	-2	177	179	177	180	165	160	150	-2	-2	257	251	252	258	249	-2	240	-2	-2	317	301	307	315	300	170	286	60	-1
1003002000	-2	10168	4213.111	3546.073	169.714	10.713	251.167	5.928	257	86.94	7771.667	257	0	0	1	9	9	3732	5159	10168	6209	4047	0	8606	-1	-2	177	179	177	180	165	160	150	-2	-2	257	251	252	258	249	-2	240	-2	-2	317	301	307	315	300	170	286	60	-1
1002002000	-2	10834	5917	3518.003	177.429	6.673	255.429	5.206	289.125	87.866	9974.111	289.125	0	0	0	9	9	7087	7710	7982	7248	4412	7983	10834	-1	-2	181	185	181	185	168	171	171	-2	-2	261	257	256	259	253	258	244	-2	-2	355	321	317	323	314	325	298	60	-1
1002002000	-2	11946	7176.667	4089.214	181.571	5.753	260.714	7.323	298.25	91.24	10509.778	298.25	0	0	0	9	9	9895	8947	8135	8140	6857	10673	11946	-1	-2	183	187	184	190	173	179	175	-2	-2	273	262	261	264	256	262	247	-2	-2	362	330	327	338	325	338	306	60	-1
1002002000	-2	13469	7799.444	4493.373	181.571	5.753	260.714	7.323	298.25	91.24	10509.778	298.25	0	0	0	9	9	10676	10148	9504	8087	7234	11080	13469	-1	-2	183	187	184	190	173	179	175	-2	-2	273	262	261	264	256	262	247	-2	-2	362	330	327	338	325	338	306	60	-1
1002002000	-2	12058	6237.222	4015.151	190.714	6.135	274.571	8.699	315.875	97.02	7147.333	315.875	0	0	0	9	9	4245	12058	6370	8561	8191	5992	10721	-1	-2	188	183	188	194	195	202	185	-2	-2	286	266	271	274	279	285	261	-2	-2	363	354	343	350	358	360	339	60	-1
1002002000	-2	10534	4866.889	3831.758	191.571	8.122	275.571	8.781	316.25	98.163	6898.333	321.75	0	0	0	9	9	-2	10534	4594	7261	7763	4952	8703	-1	-2	186	179	191	198	196	205	186	-2	-2	284	267	272	274	282	288	262	-2	-2	370	361	313	351	358	359	358	60	-1
1002002000	-2	11810	5806.778	4396.093	189.429	6.522	274.429	7.98	321.875	99.104	7597.556	321.875	0	0	0	9	9	6866	11810	7157	10025	-2	6713	9695	-1	-2	185	179	188	193	195	200	186	-2	-2	283	268	270	273	279	286	262	-2	-2	365	355	358	351	368	359	359	60	-1
1002002000	-2	11833	5816.222	4406.701	189.429	6.522	274.429	7.98	321.875	99.104	7597.556	321.875	0	0	0	9	9	6862	11833	7152	10064	-2	6712	9728	-1	-2	185	179	188	193	195	200	186	-2	-2	283	268	270	273	279	286	262	-2	-2	365	355	358	351	368	359	359	60	-1
1008002000	-2	0	-0.333	0.667	107.286	33.986	255	0	138.625	65.66	2213.889	147.25	0	0	7	9	9	0	0	0	0	0	0	0	-1	-2	115	139	35	122	139	85	116	-2	-2	-2	255	-2	-2	-2	-2	-2	-2	-2	139	281	52	131	153	138	155	60	-1
1003002000	-2	313	77.778	117.93	181.429	12.67	267.167	5.757	275.875	97.216	12159	292	0	0	3	9	9	147	-2	0	313	0	0	245	-1	-2	160	169	181	194	182	184	200	-2	-2	257	269	266	274	-2	273	264	-2	-2	324	385	285	346	191	292	324	60	-1
1003002000	-2	1219	311.889	365.908	185.286	11.08	265.333	4.989	278.75	95.998	11870.333	282.875	0	0	1	9	9	69	1219	331	360	0	364	467	-1	-2	164	181	189	196	182	184	201	-2	-2	257	267	263	270	-2	272	263	-2	-2	282	346	335	339	194	354	320	60	-1
1003002000	-2	291	120.556	124.022	185.286	11.08	265.333	4.989	265.5	88.743	11870.333	282.875	0	0	2	9	9	70	0	279	251	0	197	291	-1	-2	164	181	189	196	182	184	201	-2	-2	257	267	263	270	-2	272	263	-2	-2	282	287	335	339	194	307	320	60	-1
1002002000	-2	14871	8708.778	5171.709	194.571	5.206	274.571	5.421	313.75	96.364	10039.444	313.75	0	0	0	9	9	11411	7002	12707	10943	8306	13142	14871	-1	-2	192	190	195	201	201	186	197	-2	-2	274	280	274	272	282	276	264	-2	-2	341	353	348	334	365	348	361	60	-1
1003002000	-2	12570	6931.889	5183.25	160	14.609	248	4.69	250.25	89.211	8065	250.25	0	0	1	9	9	12570	6003	0	10887	10809	10758	11363	-1	-2	162	180	132	160	173	164	149	-2	-2	247	252	-2	253	252	243	241	-2	-2	305	300	140	306	306	298	287	60	-1
1003002000	-2	12570	6931.889	5183.25	160	14.609	248	4.69	250.25	89.211	8065	250.25	0	0	1	9	9	12570	6003	0	10887	10809	10758	11363	-1	-2	162	180	132	160	173	164	149	-2	-2	247	252	-2	253	252	243	241	-2	-2	305	300	140	306	306	298	287	60	-1
1004002000	-2	11344	4568.444	4506.592	147.286	23.974	241.6	5.463	220.375	90.602	5905	220.375	0	0	2	9	9	0	4261	0	9772	11344	9351	6391	-1	-2	150	178	97	152	169	141	144	-2	-2	-2	246	-2	245	246	239	232	-2	-2	157	290	107	293	296	288	272	60	-1
1004002000	-2	12531	5260.778	4949.185	147.286	23.974	241.6	5.463	220.375	90.602	5905	220.375	0	0	2	9	9	0	7201	0	10309	12531	10167	7142	-1	-2	150	178	97	152	169	141	144	-2	-2	-2	246	-2	245	246	239	232	-2	-2	157	290	107	293	296	288	272	60	-1
1004002000	-2	10035	4719	4384.582	152.286	14.24	240.2	5.492	224.125	83.424	5121.222	224.125	0	0	2	9	9	0	8536	0	8386	10035	9899	5618	-1	-2	142	177	132	157	166	147	145	-2	-2	-2	243	-2	245	244	239	230	-2	-2	157	286	151	291	293	286	269	60	-1
1004002000	-2	10035	4719	4384.582	152.286	14.24	240.2	5.492	224.125	83.424	5121.222	224.125	0	0	2	9	9	0	8536	0	8386	10035	9899	5618	-1	-2	142	177	132	157	166	147	145	-2	-2	-2	243	-2	245	244	239	230	-2	-2	157	286	151	291	293	286	269	60	-1
1003002000	-2	9161	4162.667	3388.031	157.429	9.5	237.833	4.488	239.625	78.439	6196.667	239.625	0	0	1	9	9	4775	5864	0	9161	4697	8932	4038	-1	-2	160	176	153	158	162	147	146	-2	-2	239	239	-2	244	239	237	229	-2	-2	289	282	164	290	285	281	266	60	-1
1003002000	-2	9161	4162.667	3388.031	157.429	9.5	237.833	4.488	239.625	78.439	6196.667	239.625	0	0	1	9	9	4775	5864	0	9161	4697	8932	4038	-1	-2	160	176	153	158	162	147	146	-2	-2	239	239	-2	244	239	237	229	-2	-2	289	282	164	290	285	281	266	60	-1
1004002000	-2	8557	3025.111	3110.249	157.714	8.972	235.2	3.709	224.375	78.272	5167.333	224.375	0	0	2	9	9	6759	5025	0	0	2565	8557	4323	-1	-2	166	173	155	159	158	147	146	-2	-2	239	238	-2	-2	233	237	229	-2	-2	291	281	164	172	279	279	269	60	-1
1004002000	-2	8533	2999.333	3095.95	157.714	8.972	235.2	3.709	224.375	78.272	5167.333	224.375	0	0	2	9	9	6707	4971	0	0	2472	8533	4314	-1	-2	166	173	155	159	158	147	146	-2	-2	239	238	-2	-2	233	237	229	-2	-2	291	281	164	172	279	279	269	60	-1
1003002000	-2	7330	3443.333	2810.287	159	9.783	239.833	4.259	242.25	79.63	6607.111	242.375	0	0	1	9	9	7330	5115	0	6509	2078	5875	4086	-1	-2	169	176	155	159	159	148	147	-2	-2	241	241	-2	247	240	237	233	-2	-2	294	286	165	295	283	281	274	60	-1
1003002000	-2	7330	3443.333	2810.287	159	9.783	239.833	4.259	242.25	79.63	6607.111	242.375	0	0	1	9	9	7330	5115	0	6509	2078	5875	4086	-1	-2	169	176	155	159	159	148	147	-2	-2	241	241	-2	247	240	237	233	-2	-2	294	286	165	295	283	281	274	60	-1
1003002000	-2	10234	4334.889	3926.03	162.429	10.513	243.667	4.57	247.75	81.78	7326.222	249.375	0	0	1	9	9	4154	6911	10234	7157	1337	0	9224	-1	-2	171	178	170	159	162	149	148	-2	-2	244	247	244	248	245	-2	234	-2	-2	302	297	295	298	281	170	279	60	-1
1004002000	-2	8336	3416	3234.352	165.714	10.687	250	6.164	244	90.183	6423	244	0	0	2	9	9	5867	6875	8336	0	4044	0	5625	-1	-2	175	179	176	161	166	153	150	-2	-2	258	251	252	-2	250	-2	239	-2	-2	331	308	309	180	305	170	289	60	-1
1004002000	-2	8336	3416	3234.352	165.714	10.687	250	6.164	244	90.183	6423	244	0	0	2	9	9	5867	6875	8336	0	4044	0	5625	-1	-2	175	179	176	161	166	153	150	-2	-2	258	251	252	-2	250	-2	239	-2	-2	331	308	309	180	305	170	289	60	-1
1005002000	-2	7998	2530.889	3587.551	169	9.517	258.25	5.166	237.875	102.852	5751.667	237.875	0	0	3	9	9	-2	7722	7998	0	7063	0	0	-1	-2	179	181	177	162	169	155	160	-2	-2	267	257	255	-2	254	-2	-2	-2	-2	376	322	316	174	320	167	168	60	-1
1005002000	-2	8065	2497.444	3544.744	169	9.517	258.25	5.166	237.875	102.852	5751.667	237.875	0	0	3	9	9	-2	6853	7564	0	8065	0	0	-1	-2	179	181	177	162	169	155	160	-2	-2	267	257	255	-2	254	-2	-2	-2	-2	376	322	316	174	320	167	168	60	-1
1004002000	-2	10598	3612.111	4190.652	169.286	8.119	255.8	7.626	255.25	100.428	7098.778	255.25	0	0	2	9	9	-2	6538	6646	0	10598	0	8732	-1	-2	179	176	177	162	169	155	167	-2	-2	270	253	254	-2	255	-2	247	-2	-2	376	316	314	175	324	171	306	60	-1
1004002000	-2	9998	3604.778	4130.302	169.286	8.119	255.8	7.626	255.25	100.428	7098.778	255.25	0	0	2	9	9	-2	7038	6651	0	9998	0	8761	-1	-2	179	176	177	162	169	155	167	-2	-2	270	253	254	-2	255	-2	247	-2	-2	376	316	314	175	324	171	306	60	-1
1003002000	-2	12114	5894.889	5409.71	175	4.598	260.333	7.04	281.625	100.407	8124.444	281.625	0	0	1	9	9	-2	8815	8474	0	11645	12011	12114	-1	-2	180	177	179	166	178	172	173	-2	-2	272	258	258	-2	260	265	249	-2	-2	371	328	323	175	338	347	311	60	-1
1003002000	-2	8578	3627.444	3412.857	175.857	4.357	261.167	6.89	283	101.538	8216.556	284.25	0	0	1	9	9	-2	4455	5587	0	8578	6732	7300	-1	-2	179	177	179	167	181	174	174	-2	-2	271	257	257	-2	263	268	251	-2	-2	370	326	315	175	346	359	313	60	-1
1002002000	-2	628	132.222	249.118	18.571	4.371	240.143	15.652	281.625	90.934	10954.556	325.75	0	0	4	9	9	0	628	0	0	567	0	-2	-1	-2	24	19	13	25	18	13	18	-2	-2	235	216	241	260	222	250	257	-2	-2	273	340	279	295	333	288	385	60	-1
1002002000	-2	1488	302.889	452.11	187.714	12.601	265.429	6.587	281.5	87.346	13899.778	300.5	0	0	2	9	9	216	1488	0	199	304	0	522	-1	-2	161	183	191	196	198	184	201	-2	-2	253	271	265	273	269	268	259	-2	-2	315	357	283	346	293	288	310	60	-1
1003003000	-2	1096	387.444	366.997	193.333	6.872	261.667	4.989	245.5	119.011	9357.667	265.75	0	0	1	9	9	0	864	294	311	1096	510	415	-1	-2	-2	185	192	198	200	184	201	-2	-2	-2	267	256	265	266	262	254	-2	-2	21	322	310	314	326	313	298	60	-1
1003002000	-2	745	237.333	241.872	188.714	11.398	256.833	5.459	256.125	83.729	8001.333	257.5	0	0	1	9	9	0	317	126	116	745	418	417	-1	-2	165	186	191	197	199	183	200	-2	-2	-2	266	249	260	257	257	252	-2	-2	184	317	297	292	303	303	293	60	-1
1003002000	-2	741	241.778	240.048	188.714	11.398	256.833	5.459	256.125	83.729	8001.333	257.5	0	0	1	9	9	0	330	157	116	741	420	415	-1	-2	165	186	191	197	199	183	200	-2	-2	-2	266	249	260	257	257	252	-2	-2	184	317	297	292	303	303	293	60	-1
1002002000	-2	6633	1644.778	2139.197	195.857	5.194	268.143	5.167	282.25	85.912	12808.444	300	0	0	1	9	9	1516	848	779	4137	6633	893	0	-1	-2	193	199	196	201	201	185	196	-2	-2	271	278	266	265	269	268	260	-2	-2	317	313	297	324	329	340	278	60	-1
1002002000	-2	7294	1919.889	2366.568	195.857	5.194	268.143	5.167	282.125	85.862	12808.444	300	0	0	1	9	9	1548	931	833	4776	7294	1900	0	-1	-2	193	199	196	201	201	185	196	-2	-2	271	278	266	265	269	268	260	-2	-2	316	313	297	324	329	340	278	60	-1
1002002000	-2	15905	10990.556	6136.141	184.143	7.453	261	4.44	291.25	87.756	11891.111	291.25	0	0	0	9	9	14025	9490	14398	14234	15905	15492	15374	-1	-2	182	186	187	195	191	173	175	-2	-2	261	267	264	258	265	259	253	-2	-2	327	328	328	317	336	326	308	60	-1
1002002000	-2	13392	8994.556	4971.417	184.143	7.453	261	4.44	291.25	87.756	11891.111	291.25	0	0	0	9	9	11281	8973	12297	13392	11229	10600	13182	-1	-2	182	186	187	195	191	173	175	-2	-2	261	267	264	258	265	259	253	-2	-2	327	328	328	317	336	326	308	60	-1
1003002000	-2	10728	6493.333	4671.407	160	13.406	247.833	5.64	251.375	87.96	7845.111	251.375	0	0	1	9	9	10275	10610	0	10175	7877	8778	10728	-1	-2	161	183	142	160	174	152	148	-2	-2	247	256	-2	249	253	242	240	-2	-2	302	308	149	301	310	296	285	60	-1
1003002000	-2	10728	6493.333	4671.407	160	13.406	247.833	5.64	251.375	87.96	7845.111	251.375	0	0	1	9	9	10275	10610	0	10175	7877	8778	10728	-1	-2	161	183	142	160	174	152	148	-2	-2	247	256	-2	249	253	242	240	-2	-2	302	308	149	301	310	296	285	60	-1
1004002000	-2	10448	4921.778	4579.747	137.286	24.288	232	7.537	212.25	86.579	5050.556	212.25	0	0	2	9	9	10448	8768	0	0	9719	9714	5650	-1	-2	130	175	95	129	165	133	134	-2	-2	231	239	-2	-2	241	229	220	-2	-2	279	281	113	139	290	276	260	60	-1
1004002000	-2	10447	4986.889	4626.504	137.286	24.288	232	7.537	212.25	86.579	5050.556	212.25	0	0	2	9	9	10447	9141	0	0	9790	9714	5793	-1	-2	130	175	95	129	165	133	134	-2	-2	231	239	-2	-2	241	229	220	-2	-2	279	281	113	139	290	276	260	60	-1
1004002000	-2	9338	4242.111	3993.499	137.857	18.566	228.8	5.706	209.875	84.647	4528	209.875	0	0	2	9	9	9338	9222	0	0	7580	7303	4739	-1	-2	131	165	105	130	159	133	142	-2	-2	229	237	-2	-2	232	226	220	-2	-2	277	279	113	139	280	271	260	60	-1
1004002000	-2	9338	4242.111	3993.499	137.857	18.566	228.8	5.706	209.875	84.647	4528	209.875	0	0	2	9	9	9338	9222	0	0	7580	7303	4739	-1	-2	131	165	105	130	159	133	142	-2	-2	229	237	-2	-2	232	226	220	-2	-2	277	279	113	139	280	271	260	60	-1
1003002000	-2	9563	5024.778	3768.927	143.429	11.412	231.667	5.991	234.375	76.717	5534.222	234.375	0	0	1	9	9	0	9563	7977	8451	6448	8013	4774	-1	-2	134	164	132	142	156	133	143	-2	-2	-2	235	237	238	232	227	221	-2	-2	158	279	281	285	279	272	261	60	-1
1003002000	-2	9563	5024.778	3768.927	143.429	11.412	231.667	5.991	234.375	76.717	5534.222	234.375	0	0	1	9	9	0	9563	7977	8451	6448	8013	4774	-1	-2	134	164	132	142	156	133	143	-2	-2	-2	235	237	238	232	227	221	-2	-2	158	279	281	285	279	272	261	60	-1
1004002000	-2	9693	3811.556	3830.081	144	10.043	231.8	4.534	218.875	79.048	4567.111	218.875	0	0	2	9	9	0	9693	7757	0	4551	8625	3681	-1	-2	142	165	132	143	148	134	144	-2	-2	-2	237	237	-2	231	228	226	-2	-2	158	281	281	152	278	274	267	60	-1
1004002000	-2	9691	3812.667	3831.322	144	10.043	231.8	4.534	218.875	79.048	4567.111	218.875	0	0	2	9	9	0	9691	7757	0	4612	8625	3632	-1	-2	142	165	132	143	148	134	144	-2	-2	-2	237	237	-2	231	228	226	-2	-2	158	281	281	152	278	274	267	60	-1
1005002000	-2	9949	3185.444	3883.774	143.714	10.081	230	4.899	201.625	78.88	3803	201.625	0	0	3	9	9	0	9949	0	0	4625	8963	5135	-1	-2	141	165	133	142	148	133	144	-2	-2	-2	238	-2	-2	230	226	226	-2	-2	158	283	141	153	275	273	270	60	-1
1005002000	-2	10283	3591.444	4145.899	145.571	11.325	235.25	3.7	206.375	83.331	4496.778	206.375	0	0	3	9	9	0	10283	0	0	6616	8780	6647	-1	-2	142	166	133	141	158	134	145	-2	-2	-2	240	-2	-2	237	234	230	-2	-2	158	290	141	153	287	285	277	60	-1
1005002000	-2	10283	3591.444	4145.899	145.571	11.325	235.25	3.7	206.375	83.331	4496.778	206.375	0	0	3	9	9	0	10283	0	0	6616	8780	6647	-1	-2	142	166	133	141	158	134	145	-2	-2	-2	240	-2	-2	237	234	230	-2	-2	158	290	141	153	287	285	277	60	-1
1006002000	-2	10637	2709.444	3997.32	148.571	9.955	238.333	3.3	196.125	77.834	3566.889	196.125	0	0	4	9	9	0	10637	0	0	7921	0	5830	-1	-2	143	167	149	142	158	135	146	-2	-2	-2	242	-2	-2	239	-2	234	-2	-2	158	292	165	153	289	171	281	60	-1
1006002000	-2	10353	2653.667	3948.168	149.143	10.302	242.333	4.643	199.125	81.43	3884.667	199.125	0	0	4	9	9	0	10353	0	0	8334	0	5199	-1	-2	144	167	148	142	161	135	147	-2	-2	-2	244	-2	-2	247	-2	236	-2	-2	158	297	165	153	303	171	286	60	-1
1005002000	-2	10387	3563	4114.212	153.286	11.683	246	4.583	221.25	89.891	5211.556	221.25	0	0	3	9	9	7331	10387	0	0	8169	0	6183	-1	-2	166	168	149	143	164	136	147	-2	-2	249	245	-2	-2	251	-2	239	-2	-2	317	300	165	154	311	171	292	60	-1
1005002000	-2	10387	3563	4114.212	153.286	11.683	246	4.583	221.25	89.891	5211.556	221.25	0	0	3	9	9	7331	10387	0	0	8169	0	6183	-1	-2	166	168	149	143	164	136	147	-2	-2	249	245	-2	-2	251	-2	239	-2	-2	317	300	165	154	311	171	292	60	-1
1006002000	-2	9497	2693.667	3853.871	150.143	10.749	245	4.899	201.125	83.652	3762.333	201.125	0	0	4	9	9	0	9497	0	0	7458	0	7291	-1	-2	144	168	148	143	164	136	148	-2	-2	-2	245	-2	-2	251	-2	239	-2	-2	158	299	165	154	312	171	290	60	-1
1006002000	-2	9497	2693.667	3853.871	150.143	10.749	245	4.899	201.125	83.652	3762.333	201.125	0	0	4	9	9	0	9497	0	0	7458	0	7291	-1	-2	144	168	148	143	164	136	148	-2	-2	-2	245	-2	-2	251	-2	239	-2	-2	158	299	165	154	312	171	290	60	-1
1006002000	-2	6442	1843.667	2666.982	146	14.59	244.667	5.312	195.375	85.869	3776.778	195.375	0	0	4	9	9	0	6442	0	0	4195	0	5959	-1	-2	143	166	128	133	168	136	148	-2	-2	-2	245	-2	-2	251	-2	238	-2	-2	159	298	135	142	310	171	288	60	-1
1003002000	-2	1231	136.444	386.984	14.857	3.314	195.667	8.957	185.875	83.803	13511.889	266.5	0	0	6	9	9	0	0	0	0	1231	0	0	-1	-2	14	15	11	22	16	12	14	-2	-2	180	192	195	210	198	199	-2	-2	-2	216	227	230	247	248	234	25	60	-1
1002002000	-2	708	233.667	261.787	182	11.94	248.429	6.068	253.5	74.256	7709.333	260.5	0	0	2	9	9	0	553	96	0	450	708	299	-1	-2	161	182	185	194	198	170	184	-2	-2	241	260	246	251	252	242	247	-2	-2	258	301	278	268	295	284	284	60	-1
1002002000	-2	4602	1459.556	1354.82	191.857	4.257	257.714	5.202	275.25	81.8	9128.556	275.25	0	0	0	9	9	1511	2543	452	4602	1044	1560	1427	-1	-2	190	193	194	198	193	183	192	-2	-2	255	269	258	257	255	259	251	-2	-2	301	324	303	310	304	308	292	60	-1
1002002000	-2	14651	9547.111	5367.673	190.143	6.174	264.857	5.436	299.875	91.436	13001.556	299.875	0	0	0	9	9	12312	9143	10620	13511	11348	14342	14651	-1	-2	189	192	194	198	193	177	188	-2	-2	267	276	264	261	265	264	257	-2	-2	334	358	326	325	338	342	316	60	-1
1002002000	-2	14651	9547.111	5367.673	190.143	6.174	264.857	5.436	299.875	91.436	13001.556	299.875	0	0	0	9	9	12312	9143	10620	13511	11348	14342	14651	-1	-2	189	192	194	198	193	177	188	-2	-2	267	276	264	261	265	264	257	-2	-2	334	358	326	325	338	342	316	60	-1
1002002000	-2	13838	9967	5388.776	170.143	11.655	254.143	4.969	282	84.205	10463.333	282	0	0	0	9	9	12293	13759	12892	12689	10973	13262	13838	-1	-2	168	185	176	162	185	164	151	-2	-2	254	262	257	252	258	250	246	-2	-2	314	323	318	309	321	312	299	60	-1
1002002000	-2	13838	9967	5388.776	170.143	11.655	254.143	4.969	282	84.205	10463.333	282	0	0	0	9	9	12293	13759	12892	12689	10973	13262	13838	-1	-2	168	185	176	162	185	164	151	-2	-2	254	262	257	252	258	250	246	-2	-2	314	323	318	309	321	312	299	60	-1
1006002000	-2	8498	2648.444	3765.483	109.857	41.243	231	8.641	159.375	94.08	2648.556	159.375	0	0	4	9	9	8322	8498	0	0	7019	0	0	-1	-2	115	164	32	103	158	110	87	-2	-2	219	239	-2	-2	235	-2	-2	-2	-2	268	280	47	110	283	117	110	60	-1
1006002000	-2	8498	2648.444	3765.483	109.857	41.243	231	8.641	159.375	94.08	2648.556	159.375	0	0	4	9	9	8322	8498	0	0	7019	0	0	-1	-2	115	164	32	103	158	110	87	-2	-2	219	239	-2	-2	235	-2	-2	-2	-2	268	280	47	110	283	117	110	60	-1
1004002000	-2	8590	4214.333	3842.646	118.286	37.301	220.4	9.666	193.125	94.295	4298.333	193.125	0	0	2	9	9	8590	8290	0	0	7312	7958	5782	-1	-2	120	161	39	106	156	125	121	-2	-2	217	235	-2	-2	228	213	209	-2	-2	265	277	47	115	271	259	251	60	-1
1004002000	-2	8590	4214.333	3842.646	118.286	37.301	220.4	9.666	193.125	94.295	4298.333	193.125	0	0	2	9	9	8590	8290	0	0	7312	7958	5782	-1	-2	120	161	39	106	156	125	121	-2	-2	217	235	-2	-2	228	213	209	-2	-2	265	277	47	115	271	259	251	60	-1
1004002000	-2	9473	4499.667	4167.32	126.714	26.042	220.6	7.889	204.5	80.435	4735	204.5	0	0	2	9	9	9473	9065	0	0	8572	8015	5375	-1	-2	122	158	73	125	156	127	126	-2	-2	219	234	-2	-2	224	212	214	-2	-2	267	277	114	139	268	256	255	60	-1
1004002000	-2	9473	4499.667	4167.32	126.714	26.042	220.6	7.889	204.5	80.435	4735	204.5	0	0	2	9	9	9473	9065	0	0	8572	8015	5375	-1	-2	122	158	73	125	156	127	126	-2	-2	219	234	-2	-2	224	212	214	-2	-2	267	277	114	139	268	256	255	60	-1
1003002000	-2	9787	5070.333	3878.434	120.571	34.321	220.167	6.491	212.25	91.601	5773.444	212.25	0	0	1	9	9	9787	8964	0	7851	7023	7945	4066	-1	-2	123	153	40	126	143	128	131	-2	-2	221	232	-2	221	221	211	215	-2	-2	270	275	48	266	266	256	257	60	-1
1003002000	-2	9787	5070.333	3878.434	120.571	34.321	220.167	6.491	212.25	91.601	5773.444	212.25	0	0	1	9	9	9787	8964	0	7851	7023	7945	4066	-1	-2	123	153	40	126	143	128	131	-2	-2	221	232	-2	221	221	211	215	-2	-2	270	275	48	266	266	256	257	60	-1
1004002000	-2	10103	4247.889	3982.077	126.286	15.471	217.4	3.499	207.25	76.228	4892.556	207.25	0	0	2	9	9	10103	0	6785	0	8257	7803	5286	-1	-2	130	133	90	127	142	129	133	-2	-2	221	-2	216	-2	222	213	215	-2	-2	270	141	260	140	269	260	258	60	-1
1004002000	-2	10067	4242.222	3974.194	126.286	15.471	217.4	3.499	207.25	76.228	4892.556	207.25	0	0	2	9	9	10067	0	6773	0	8244	7803	5296	-1	-2	130	133	90	127	142	129	133	-2	-2	221	-2	216	-2	222	213	215	-2	-2	270	141	260	140	269	260	258	60	-1
1004002000	-2	9905	3628.222	4204.478	126.857	15.734	221.2	3.709	209.5	74.587	4181.333	209.5	0	0	3	9	9	0	0	0	9905	8714	8600	5438	-1	-2	133	134	90	126	142	129	134	-2	-2	-2	-2	225	224	223	215	219	-2	-2	158	142	244	273	271	265	263	60	-1
1004002000	-2	9905	3628.222	4204.478	126.857	15.734	221.2	3.709	209.5	74.587	4181.333	209.5	0	0	3	9	9	0	0	0	9905	8714	8600	5438	-1	-2	133	134	90	126	142	129	134	-2	-2	-2	-2	225	224	223	215	219	-2	-2	158	142	244	273	271	265	263	60	-1
1003002000	-2	9798	4761.889	4449.251	133	14.58	225.833	6.094	230	74.648	5277.778	230	0	0	2	9	9	0	9798	0	9382	9543	8969	5168	-1	-2	133	158	107	126	144	129	134	-2	-2	-2	235	226	225	231	216	222	-2	-2	159	282	245	276	282	268	268	60	-1
1003002000	-2	9798	4761	4448.14	133	14.58	225.833	6.094	230	74.648	5277.778	230	0	0	2	9	9	0	9798	0	9367	9548	8969	5170	-1	-2	133	158	107	126	144	129	134	-2	-2	-2	235	226	225	231	216	222	-2	-2	159	282	245	276	282	268	268	60	-1
1005002000	-2	10788	4199.778	4841.606	139.429	13.048	235.75	6.572	211.125	81.808	4501.111	211.125	0	0	3	9	9	0	9817	10788	0	10732	0	6464	-1	-2	135	161	125	127	155	130	143	-2	-2	-2	242	236	-2	240	-2	225	-2	-2	158	293	286	154	294	171	273	60	-1
1005002000	-2	10788	4199.778	4841.606	139.429	13.048	235.75	6.572	211.125	81.808	4501.111	211.125	0	0	3	9	9	0	9817	10788	0	10732	0	6464	-1	-2	135	161	125	127	155	130	143	-2	-2	-2	242	236	-2	240	-2	225	-2	-2	158	293	286	154	294	171	273	60	-1
1006002000	-2	9897	3076.667	4370.714	140.143	13.984	238.667	7.542	195.25	81.693	3420	195.25	0	0	4	9	9	0	9897	0	0	9539	0	8257	-1	-2	135	162	125	128	159	129	143	-2	-2	-2	244	-2	-2	244	-2	228	-2	-2	159	297	141	154	301	171	279	60	-1
1006002000	-2	9897	3076.667	4370.714	140.143	13.984	238.667	7.542	195.25	81.693	3420	195.25	0	0	4	9	9	0	9897	0	0	9539	0	8257	-1	-2	135	162	125	128	159	129	143	-2	-2	-2	244	-2	-2	244	-2	228	-2	-2	159	297	141	154	301	171	279	60	-1
1006002000	-2	9345	2457	3570.647	132.143	14.247	235.667	7.409	196.5	80.876	3684.556	196.5	0	0	4	9	9	6701	0	0	0	6070	0	9345	-1	-2	133	136	107	128	159	127	135	-2	-2	237	-2	-2	-2	244	-2	226	-2	-2	298	143	141	185	299	171	275	60	-1
1006002000	-2	9345	2457	3570.647	132.143	14.247	235.667	7.409	196.5	80.876	3684.556	196.5	0	0	4	9	9	6701	0	0	0	6070	0	9345	-1	-2	133	136	107	128	159	127	135	-2	-2	237	-2	-2	-2	244	-2	226	-2	-2	298	143	141	185	299	171	275	60	-1
1005004000	-2	567	102.556	198.807	35	24.141	214.25	6.572	142.75	106.855	3773.111	135	0	0	5	9	9	0	0	0	0	567	359	0	-1	-2	-2	21	10	80	37	27	-2	-2	-2	-2	-2	210	214	225	208	-2	-2	-2	21	47	228	237	272	256	21	60	-1
1002002000	-2	2058	706.222	595.855	184.857	6.174	251.429	6.161	266.625	78.616	8502	267.375	0	0	0	9	9	1011	634	330	1043	592	691	2058	-1	-2	177	188	190	193	187	175	184	-2	-2	246	265	253	251	252	247	246	-2	-2	289	318	290	299	297	290	290	60	-1
1002002000	-2	13685	9730	5295.07	184.857	6.621	259	6.347	289.625	87.561	11607	289.625	0	0	0	9	9	13685	13532	10670	13392	12819	11051	12424	-1	-2	182	191	191	191	188	176	175	-2	-2	258	273	261	257	256	257	251	-2	-2	316	351	323	321	317	320	309	60	-1
1002002000	-2	14781	10019.333	5520.623	184.857	6.621	259	6.347	289.625	87.561	11607	289.625	0	0	0	9	9	14781	14764	10681	13621	12849	11057	12424	-1	-2	182	191	191	191	188	176	175	-2	-2	258	273	261	257	256	257	251	-2	-2	316	351	323	321	317	320	309	60	-1
1003002000	-2	13923	8504.444	6063.06	159.714	12.429	248.5	5.439	254.75	87.451	8844.333	254.75	0	0	1	9	9	11433	13741	13923	11670	12825	0	12951	-1	-2	158	183	149	157	173	151	147	-2	-2	247	259	250	244	249	-2	242	-2	-2	303	314	306	298	306	160	291	60	-1
1003002000	-2	13923	8504.444	6063.06	159.714	12.429	248.5	5.439	254.75	87.451	8844.333	254.75	0	0	1	9	9	11433	13741	13923	11670	12825	0	12951	-1	-2	158	183	149	157	173	151	147	-2	-2	247	259	250	244	249	-2	242	-2	-2	303	314	306	298	306	160	291	60	-1
1007002000	-2	8512	1844.111	3452.265	88.429	41.192	228.5	7.5	128.25	84.802	1844.222	128.25	0	0	5	9	9	0	8512	0	0	8088	0	0	-1	-2	100	152	28	61	138	61	79	-2	-2	-2	236	-2	-2	221	-2	-2	-2	-2	107	277	47	71	264	86	114	60	-1
1007002000	-2	8421	1832.333	3429.765	88.429	41.192	228.5	7.5	128.25	84.802	1844.222	128.25	0	0	5	9	9	0	8421	0	0	8073	0	0	-1	-2	100	152	28	61	138	61	79	-2	-2	-2	236	-2	-2	221	-2	-2	-2	-2	107	277	47	71	264	86	114	60	-1
1007002000	-2	9278	2020.556	3781.91	85.286	38.814	213	5	129.75	79.352	2020.667	129.75	0	0	5	9	9	9278	0	0	0	8910	0	0	-1	-2	108	128	30	56	144	60	71	-2	-2	208	-2	-2	-2	218	-2	-2	-2	-2	256	140	48	71	261	86	116	60	-1
1007002000	-2	9278	2020.556	3781.91	85.286	38.814	213	5	129.75	79.352	2020.667	129.75	0	0	5	9	9	9278	0	0	0	8910	0	0	-1	-2	108	128	30	56	144	60	71	-2	-2	208	-2	-2	-2	218	-2	-2	-2	-2	256	140	48	71	261	86	116	60	-1
1007002000	-2	9056	1937	3628.097	80.143	33.336	212.5	4.5	121.625	80.907	1937.222	121.625	0	0	5	9	9	8380	0	0	0	9056	0	0	-1	-2	110	68	32	63	142	63	83	-2	-2	208	-2	-2	-2	217	-2	-2	-2	-2	256	76	48	71	260	86	116	60	-1
1007002000	-2	9056	1937	3628.097	80.143	33.336	212.5	4.5	121.625	80.907	1937.222	121.625	0	0	5	9	9	8380	0	0	0	9056	0	0	-1	-2	110	68	32	63	142	63	83	-2	-2	208	-2	-2	-2	217	-2	-2	-2	-2	256	76	48	71	260	86	116	60	-1
1007002000	-2	9999	2020.889	3805.448	72.571	38.641	210.5	2.5	113.625	84.612	2057.222	113.625	0	0	5	9	9	8192	0	0	0	9999	0	0	-1	-2	110	24	28	63	139	62	82	-2	-2	208	-2	-2	-2	213	-2	-2	-2	-2	257	39	48	72	258	84	91	60	-1
1007002000	-2	9999	2020.889	3805.448	72.571	38.641	210.5	2.5	113.625	84.612	2057.222	113.625	0	0	5	9	9	8192	0	0	0	9999	0	0	-1	-2	110	24	28	63	139	62	82	-2	-2	208	-2	-2	-2	213	-2	-2	-2	-2	257	39	48	72	258	84	91	60	-1
1007002000	-2	9885	2040.111	3831.858	73.143	39.321	214	4	115.125	85.883	2030.444	115.125	0	0	5	9	9	8479	0	0	0	9885	0	0	-1	-2	113	22	32	56	139	63	87	-2	-2	210	-2	-2	-2	218	-2	-2	-2	-2	259	39	49	72	263	84	95	60	-1
1007002000	-2	9885	2040.111	3831.858	73.143	39.321	214	4	115.125	85.883	2030.444	115.125	0	0	5	9	9	8479	0	0	0	9885	0	0	-1	-2	113	22	32	56	139	63	87	-2	-2	210	-2	-2	-2	218	-2	-2	-2	-2	259	39	49	72	263	84	95	60	-1
1007002000	-2	8013	1779	3329.007	77.286	38.209	212.5	7.5	123.125	86.082	2179.667	123.125	0	0	5	9	9	0	0	0	0	8013	0	8001	-1	-2	114	31	37	56	139	62	102	-2	-2	-2	-2	-2	-2	220	-2	205	-2	-2	159	39	50	73	266	84	254	60	-1
1007002000	-2	8013	1779	3329.007	77.286	38.209	212.5	7.5	123.125	86.082	2179.667	123.125	0	0	5	9	9	0	0	0	0	8013	0	8001	-1	-2	114	31	37	56	139	62	102	-2	-2	-2	-2	-2	-2	220	-2	205	-2	-2	159	39	50	73	266	84	254	60	-1
1006002000	-2	11080	2803	4123.47	84.143	34.257	217.667	6.848	143.5	96.777	3419.222	143.5	0	0	4	9	9	11080	0	0	0	6419	0	7731	-1	-2	121	68	40	56	139	62	103	-2	-2	222	-2	-2	-2	223	-2	208	-2	-2	274	77	50	73	271	85	258	60	-1
1006002000	-2	11080	2803	4123.47	84.143	34.257	217.667	6.848	143.5	96.777	3419.222	143.5	0	0	4	9	9	11080	0	0	0	6419	0	7731	-1	-2	121	68	40	56	139	62	103	-2	-2	222	-2	-2	-2	223	-2	208	-2	-2	274	77	50	73	271	85	258	60	-1
1008002000	-2	8327	924.889	2617.042	85.571	33.53	227	0	112.375	71.479	925	112.375	0	0	6	9	9	8327	0	0	0	0	0	0	-1	-2	123	69	41	60	138	64	104	-2	-2	227	-2	-2	-2	-2	-2	-2	-2	-2	282	77	50	73	156	85	116	60	-1
1009002000	-2	0	-0.333	0.667	75	25.117	-0.01	-0.01	85.375	23.701	-0.222	85.375	0	0	7	9	9	0	0	0	0	0	0	0	-1	-2	115	68	42	50	85	62	103	-2	-2	-2	-2	-2	-2	-2	-2	-2	-2	-2	122	78	50	74	97	86	116	60	-1
1009002000	-2	0	-0.333	0.667	75	25.117	-0.01	-0.01	85.375	23.701	-0.222	85.375	0	0	7	9	9	0	0	0	0	0	0	0	-1	-2	115	68	42	50	85	62	103	-2	-2	-2	-2	-2	-2	-2	-2	-2	-2	-2	122	78	50	74	97	86	116	60	-1
1007002000	-2	7923	1751.889	3278.335	50.714	31.153	213.5	6.5	102.5	95.807	2069.556	102.5	0	0	5	9	9	7847	0	0	0	0	0	7923	-1	-2	100	34	24	46	17	38	96	-2	-2	220	-2	-2	-2	-2	-2	207	-2	-2	274	42	34	74	25	52	259	60	-1
1007006000	-2	4804	682.444	1516.03	18	3.742	152	5	79.625	88.566	8403.556	205.125	0	0	5	9	9	0	0	0	0	4804	1341	0	-1	-2	-2	-2	19	-2	13	22	-2	-2	-2	-2	-2	-2	-2	157	147	-2	-2	-2	21	21	30	21	235	228	21	60	-1
1007006000	-2	3684	409	1157.888	18	3.742	152	5	73.625	79.47	8403.556	205.125	0	0	6	9	9	0	0	0	0	3684	0	0	-1	-2	-2	-2	19	-2	13	22	-2	-2	-2	-2	-2	-2	-2	157	147	-2	-2	-2	21	21	30	21	235	180	21	60	-1
1002002000	-2	1169	482.111	447.583	180	9.087	245.857	7.18	259	75.634	6844.889	259	0	0	0	9	9	134	1169	64	1103	466	498	908	-1	-2	166	187	185	189	189	175	169	-2	-2	241	261	245	244	250	243	237	-2	-2	280	303	283	292	293	285	276	60	-1
1002002000	-2	2512	913.222	893.702	179.286	7.362	246.143	6.833	258.125	75.752	7509.889	260.75	0	0	0	9	9	545	2512	63	1770	697	613	2022	-1	-2	175	186	181	188	185	174	166	-2	-2	242	261	246	244	249	243	238	-2	-2	281	308	265	292	292	286	281	60	-1
1002002000	-2	15431	9959.889	5519.467	179.571	7.129	255.857	6.058	285.75	85.885	11393.222	285.75	0	0	0	9	9	11672	15431	10703	13242	14154	13585	10855	-1	-2	179	187	181	186	185	173	166	-2	-2	253	269	258	251	256	255	249	-2	-2	309	341	316	316	320	318	306	60	-1
1004002000	-2	13489	7013.444	6363.482	149.571	17.104	240.4	8.868	226.125	87.406	7077.667	226.125	0	0	2	9	9	0	13489	0	13296	13318	13250	9771	-1	-2	133	179	131	142	171	148	143	-2	-2	-2	255	-2	231	246	236	234	-2	-2	150	306	146	283	299	286	279	60	-1
1004002000	-2	13284	6549	5979.466	149.571	17.104	240.4	8.868	226.125	87.406	7077.667	226.125	0	0	2	9	9	0	12557	0	13234	10683	13284	9186	-1	-2	133	179	131	142	171	148	143	-2	-2	-2	255	-2	231	246	236	234	-2	-2	150	306	146	283	299	286	279	60	-1
1009002000	-2	0	-0.333	0.667	33.714	13.915	-0.01	-0.01	49.5	12.073	-0.222	49.375	0	0	7	9	9	0	0	0	0	0	0	0	-1	-2	26	23	24	29	65	41	28	-2	-2	-2	-2	-2	-2	-2	-2	-2	-2	-2	35	34	48	41	72	53	53	60	-1
1009002000	-2	0	-0.333	0.667	33.714	13.915	-0.01	-0.01	49.5	12.073	-0.222	49.375	0	0	7	9	9	0	0	0	0	0	0	0	-1	-2	26	23	24	29	65	41	28	-2	-2	-2	-2	-2	-2	-2	-2	-2	-2	-2	35	34	48	41	72	53	53	60	-1
1009002000	-2	0	-0.333	0.667	42.429	32.412	-0.01	-0.01	57.75	29.554	-0.222	55	0	0	7	9	9	0	0	0	0	0	0	0	-1	-2	23	22	24	31	120	34	43	-2	-2	-2	-2	-2	-2	-2	-2	-2	-2	-2	35	38	48	41	133	54	53	60	-1
1009002000	-2	0	-0.333	0.667	42.429	32.412	-0.01	-0.01	57.75	29.554	-0.222	55	0	0	7	9	9	0	0	0	0	0	0	0	-1	-2	23	22	24	31	120	34	43	-2	-2	-2	-2	-2	-2	-2	-2	-2	-2	-2	35	38	48	41	133	54	53	60	-1
1008002000	-2	8845	982.444	2779.833	54.857	37.061	217	0	90.875	68.239	982.556	90.875	0	0	6	9	9	0	0	0	0	8845	0	0	-1	-2	67	21	24	45	138	36	53	-2	-2	-2	-2	-2	-2	217	-2	-2	-2	-2	80	39	48	72	261	50	117	60	-1
1008002000	-2	8845	982.444	2779.833	54.857	37.061	217	0	90.875	68.239	982.556	90.875	0	0	6	9	9	0	0	0	0	8845	0	0	-1	-2	67	21	24	45	138	36	53	-2	-2	-2	-2	-2	-2	217	-2	-2	-2	-2	80	39	48	72	261	50	117	60	-1
1007002000	-2	9363	2022.222	3786.041	44.143	38.391	196.5	11.5	95.375	86.281	2124.444	93.25	0	0	5	9	9	0	0	0	0	9363	0	8840	-1	-2	26	11	23	34	135	35	45	-2	-2	-2	-2	-2	-2	208	-2	185	-2	-2	33	40	49	42	254	51	234	60	-1
1007002000	-2	9356	2025.889	3792.553	44.143	38.391	196.5	11.5	95.375	86.281	2124.444	93.25	0	0	5	9	9	0	0	0	0	9356	0	8880	-1	-2	26	11	23	34	135	35	45	-2	-2	-2	-2	-2	-2	208	-2	185	-2	-2	33	40	49	42	254	51	234	60	-1
1007002000	-2	9708	2142.889	4009.892	53.286	38.507	198.5	11.5	102.25	84.24	2203.111	99.75	0	0	5	9	9	0	0	0	0	9708	0	9581	-1	-2	73	12	24	34	135	35	60	-2	-2	-2	-2	-2	-2	210	-2	187	-2	-2	81	41	50	42	256	51	237	60	-1
1007002000	-2	9708	2142.889	4009.892	53.286	38.507	198.5	11.5	102.25	84.24	2203.111	99.75	0	0	5	9	9	0	0	0	0	9708	0	9581	-1	-2	73	12	24	34	135	35	60	-2	-2	-2	-2	-2	-2	210	-2	187	-2	-2	81	41	50	42	256	51	237	60	-1
1008002000	-2	9565	1062.444	3006.107	51.714	30.7	200	0	88.375	64.185	1062.556	88.375	0	0	6	9	9	9565	0	0	0	0	0	0	-1	-2	99	13	27	45	88	25	65	-2	-2	200	-2	-2	-2	-2	-2	-2	-2	-2	252	41	50	76	96	51	81	60	-1
1008002000	-2	9565	1062.444	3006.107	51.714	30.7	200	0	88.375	64.185	1062.556	88.375	0	0	6	9	9	9565	0	0	0	0	0	0	-1	-2	99	13	27	45	88	25	65	-2	-2	200	-2	-2	-2	-2	-2	-2	-2	-2	252	41	50	76	96	51	81	60	-1
1008002000	-2	9936	1103.667	3122.701	50	28.765	206	0	85.875	68.175	1103.778	85.875	0	0	6	9	9	9936	0	0	0	0	0	0	-1	-2	103	16	29	46	39	35	82	-2	-2	206	-2	-2	-2	-2	-2	-2	-2	-2	260	41	50	84	46	51	95	60	-1
1008002000	-2	9936	1103.667	3122.701	50	28.765	206	0	85.875	68.175	1103.778	85.875	0	0	6	9	9	9936	0	0	0	0	0	0	-1	-2	103	16	29	46	39	35	82	-2	-2	206	-2	-2	-2	-2	-2	-2	-2	-2	260	41	50	84	46	51	95	60	-1
1007002000	-2	7790	1606.111	3017.173	40.714	25.872	204	4	101.5	91.923	1938.889	101.5	0	0	5	9	9	7790	0	0	0	0	0	6668	-1	-2	90	16	27	45	15	27	65	-2	-2	208	-2	-2	-2	-2	-2	200	-2	-2	262	41	50	85	25	35	254	60	-1
1007002000	-2	7790	1606.111	3017.173	40.714	25.872	204	4	101.5	91.923	1938.889	101.5	0	0	5	9	9	7790	0	0	0	0	0	6668	-1	-2	90	16	27	45	15	27	65	-2	-2	208	-2	-2	-2	-2	-2	200	-2	-2	262	41	50	85	25	35	254	60	-1
1009002000	-2	0	-0.333	0.667	33.714	18.14	-0.01	-0.01	50.625	17.327	-0.222	50.625	0	0	7	9	9	0	0	0	0	0	0	0	-1	-2	57	17	26	35	14	23	64	-2	-2	-2	-2	-2	-2	-2	-2	-2	-2	-2	65	55	41	44	25	33	82	60	-1
1009002000	-2	0	-0.333	0.667	33.714	18.14	-0.01	-0.01	50.625	17.327	-0.222	50.625	0	0	7	9	9	0	0	0	0	0	0	0	-1	-2	57	17	26	35	14	23	64	-2	-2	-2	-2	-2	-2	-2	-2	-2	-2	-2	65	55	41	44	25	33	82	60	-1
1007006000	-2	4310	478.556	1354.62	20.667	8.994	125.5	4.5	70.5	70.068	8575	206.75	0	0	6	9	9	0	0	0	0	4310	0	0	-1	-2	32	-2	-2	-2	10	20	-2	-2	-2	-2	-2	-2	-2	121	130	-2	-2	-2	43	21	21	21	208	169	21	60	-1
1006005000	-2	1087	173.556	337.955	20	10.977	155.667	14.291	96.75	86.488	7873.333	195.375	0	0	4	9	9	279	0	0	0	1087	199	0	-1	-2	38	-2	19	-2	14	9	-2	-2	-2	156	-2	-2	-2	173	138	-2	-2	-2	212	21	33	21	229	177	21	60	-1
1002002000	-2	13289	8430.333	4852.673	168.429	9.869	246.286	6.496	270	79.698	10331.222	270	0	0	0	9	9	12665	13289	9263	7092	10484	12577	10506	-1	-2	166	185	162	172	175	168	151	-2	-2	247	261	245	242	247	240	242	-2	-2	299	316	294	298	304	299	290	60	-1
1002002000	-2	13289	8430.333	4852.673	168.429	9.869	246.286	6.496	270	79.698	10331.222	270	0	0	0	9	9	12665	13289	9263	7092	10484	12577	10506	-1	-2	166	185	162	172	175	168	151	-2	-2	247	261	245	242	247	240	242	-2	-2	299	316	294	298	304	299	290	60	-1
1006002000	-2	10555	3334.556	4721.985	122.571	31.798	235.333	9.177	170.375	89.231	3491.333	170.375	0	0	4	9	9	0	9648	0	0	10555	9811	0	-1	-2	114	171	96	95	166	129	87	-2	-2	-2	245	-2	-2	238	223	-2	-2	-2	145	292	108	103	284	270	101	60	-1
1006002000	-2	10555	3334.556	4721.985	122.571	31.798	235.333	9.177	170.375	89.231	3491.333	170.375	0	0	4	9	9	0	9648	0	0	10555	9811	0	-1	-2	114	171	96	95	166	129	87	-2	-2	-2	245	-2	-2	238	223	-2	-2	-2	145	292	108	103	284	270	101	60	-1
1009002000	-2	0	-0.222	0.629	24.571	11.362	-0.01	-0.01	40.625	15.149	-0.111	44	0	0	8	9	9	0	0	0	0	0	0	0	0	-2	23	14	-2	19	23	25	17	51	-2	-2	-2	-2	-2	-2	-2	-2	-2	-2	39	43	21	70	34	32	28	58	-1
1009002000	-2	0	-0.222	0.629	24.571	11.362	-0.01	-0.01	40.625	15.149	-0.111	44	0	0	8	9	9	0	0	0	0	0	0	0	0	-2	23	14	-2	19	23	25	17	51	-2	-2	-2	-2	-2	-2	-2	-2	-2	-2	39	43	21	70	34	32	28	58	-1
1008001000	-2	7452	827.778	2342.016	19.625	6.244	157	0	66.625	57.509	995.667	66.75	0	0	7	9	9	0	0	0	0	0	7452	0	0	-2	21	11	16	19	16	21	19	34	-2	-2	-2	-2	-2	-2	157	-2	-2	-2	39	40	49	79	35	214	28	49	-1
1008001000	-2	7452	827.778	2342.016	19.625	6.244	157	0	66.625	57.509	995.667	66.75	0	0	7	9	9	0	0	0	0	0	7452	0	0	-2	21	11	16	19	16	21	19	34	-2	-2	-2	-2	-2	-2	157	-2	-2	-2	39	40	49	79	35	214	28	49	-1
1008001000	-2	8002	888.889	2514.865	20.625	6.284	169	0	75.375	58.9	909	75.375	0	0	7	9	9	0	0	0	0	0	0	8002	0	-2	21	10	20	22	16	21	21	34	-2	-2	-2	-2	-2	-2	-2	169	-2	-2	39	40	49	79	36	87	224	49	-1
1008001000	-2	6802	755.556	2137.741	20.625	6.855	168	0	70.125	59.246	755.667	70.125	0	0	7	9	9	0	0	0	0	0	0	6802	0	-2	21	10	17	19	15	21	31	31	-2	-2	-2	-2	-2	-2	-2	168	-2	-2	35	40	50	79	49	35	223	50	-1
1008001000	-2	6802	755.556	2137.741	20.625	6.855	168	0	70.125	59.246	755.667	70.125	0	0	7	9	9	0	0	0	0	0	0	6802	0	-2	21	10	17	19	15	21	31	31	-2	-2	-2	-2	-2	-2	-2	168	-2	-2	35	40	50	79	49	35	223	50	-1
1008001000	-2	6090	676.444	1913.981	22.625	7.598	167	0	62	61.725	676.556	62	0	0	7	9	9	0	0	0	0	0	0	6090	0	-2	23	11	22	20	15	22	33	35	-2	-2	-2	-2	-2	-2	-2	167	-2	-2	32	41	51	27	36	35	224	50	-1
1008001000	-2	6090	676.444	1913.981	22.625	7.598	167	0	62	61.725	676.556	62	0	0	7	9	9	0	0	0	0	0	0	6090	0	-2	23	11	22	20	15	22	33	35	-2	-2	-2	-2	-2	-2	-2	167	-2	-2	32	41	51	27	36	35	224	50	-1
1009001000	-2	0	-0.222	0.629	21.875	7.149	-0.01	-0.01	47.625	19.811	-0.111	47.625	0	0	8	9	9	0	0	0	0	0	0	0	0	-2	23	11	23	20	13	21	32	32	-2	-2	-2	-2	-2	-2	-2	-2	-2	-2	32	41	51	27	50	35	95	50	-1
1009001000	-2	0	-0.222	0.629	21.875	7.149	-0.01	-0.01	47.625	19.811	-0.111	47.625	0	0	8	9	9	0	0	0	0	0	0	0	0	-2	23	11	23	20	13	21	32	32	-2	-2	-2	-2	-2	-2	-2	-2	-2	-2	32	41	51	27	50	35	95	50	-1
1008001000	-2	9823	1091.222	3087.15	24.25	8.182	180	0	69.5	65.873	1092.111	69.5	0	0	7	9	9	0	0	0	0	0	0	9823	0	-2	25	11	24	30	14	21	34	35	-2	-2	-2	-2	-2	-2	-2	180	-2	-2	32	41	51	84	25	35	238	50	-1
1008001000	-2	9823	1091.222	3087.15	24.25	8.182	180	0	69.5	65.873	1092.111	69.5	0	0	7	9	9	0	0	0	0	0	0	9823	0	-2	25	11	24	30	14	21	34	35	-2	-2	-2	-2	-2	-2	-2	180	-2	-2	32	41	51	84	25	35	238	50	-1
1008001000	-2	8481	942.111	2665.4	22	8.367	176	0	70.375	63.677	969.778	70.375	0	0	7	9	9	0	0	0	0	0	0	8481	0	-2	25	11	23	24	8	20	31	34	-2	-2	-2	-2	-2	-2	-2	176	-2	-2	32	42	41	84	25	52	233	54	-1
1008001000	-2	8481	942.111	2665.4	22	8.367	176	0	70.375	63.677	969.778	70.375	0	0	7	9	9	0	0	0	0	0	0	8481	0	-2	25	11	23	24	8	20	31	34	-2	-2	-2	-2	-2	-2	-2	176	-2	-2	32	42	41	84	25	52	233	54	-1
1009001000	-2	0	-0.222	0.629	20	7.714	-0.01	-0.01	44.5	10.112	-0.111	44.5	0	0	8	9	9	0	0	0	0	0	0	0	0	-2	23	11	21	18	8	18	28	33	-2	-2	-2	-2	-2	-2	-2	-2	-2	-2	33	54	51	44	25	52	42	55	-1
1007004000	-2	5091	580.778	1595.197	13.2	8.841	101	7	65.375	59.613	7918.222	162.25	0	0	5	9	9	0	0	0	0	5091	139	0	-1	-2	30	-2	6	-2	9	7	14	-2	-2	-2	-2	-2	-2	108	94	-2	-2	-2	41	21	30	21	198	125	27	60	-1
1007004000	-2	5091	580.778	1595.197	13.2	8.841	101	7	65.375	59.613	7918.222	162.25	0	0	5	9	9	0	0	0	0	5091	139	0	-1	-2	30	-2	6	-2	9	7	14	-2	-2	-2	-2	-2	-2	108	94	-2	-2	-2	41	21	30	21	198	125	27	60	-1
1007002000	-2	7165	1428	2694.865	80.857	47.813	216	5	119.25	87.913	2009.333	119.25	0	0	5	9	9	7165	0	0	0	5690	0	0	-1	-2	104	130	28	55	155	77	17	-2	-2	211	-2	-2	-2	221	-2	-2	-2	-2	257	146	49	70	264	84	24	60	-1
1008002000	-2	5149	571.778	1618.293	45.571	28.208	193	0	79.625	66.357	1173	79.625	0	0	6	9	9	0	0	0	0	0	5149	0	-1	-2	55	22	32	32	106	55	17	-2	-2	-2	-2	-2	-2	-2	193	-2	-2	-2	63	40	49	41	116	242	26	60	-1
1007002000	-2	9741	1931	3646.884	18.429	6.344	157.5	0.5	80.625	78.859	2179	84.125	0	0	6	9	9	0	0	0	0	0	7640	9741	0	-2	22	11	-2	18	17	21	10	30	-2	-2	-2	-2	-2	-2	157	158	-2	-2	40	40	21	27	35	214	219	49	-1
1007002000	-2	9674	1646	3259.901	18.429	6.344	157.5	0.5	80.625	78.859	2179	84.125	0	0	6	9	9	0	0	0	0	0	5142	9674	0	-2	22	11	-2	18	17	21	10	30	-2	-2	-2	-2	-2	-2	157	158	-2	-2	40	40	21	27	35	214	219	49	-1
1006001000	-2	9542	1982.222	3720.468	13.5	4.472	148.333	4.714	102.875	73.086	2068.111	102.875	0	0	6	9	9	0	0	0	0	0	8300	9542	0	-2	11	9	9	16	14	19	9	21	-2	-2	-2	-2	155	-2	145	145	-2	-2	40	43	50	180	50	205	205	50	-1
1006001000	-2	9542	1982.222	3720.468	13.5	4.472	148.333	4.714	102.875	73.086	2068.111	102.875	0	0	6	9	9	0	0	0	0	0	8300	9542	0	-2	11	9	9	16	14	19	9	21	-2	-2	-2	-2	155	-2	145	145	-2	-2	40	43	50	180	50	205	205	50	-1
1007001000	-2	9035	1780.333	3365.925	14.625	3.806	142.5	0.5	89.5	66.577	1807.444	89.5	0	0	6	9	9	0	0	0	0	0	6990	9035	0	-2	20	9	12	16	14	19	10	17	-2	-2	-2	-2	-2	-2	143	142	-2	-2	40	39	51	80	50	204	202	50	-1
1007001000	-2	8878	1686.556	3213.625	14.625	3.806	142.5	0.5	89.5	66.577	1807.444	89.5	0	0	6	9	9	0	0	0	0	0	6303	8878	0	-2	20	9	12	16	14	19	10	17	-2	-2	-2	-2	-2	-2	143	142	-2	-2	40	39	51	80	50	204	202	50	-1
1008001000	-2	7638	848.444	2400.47	13.25	3.562	149	0	71.625	52.832	860.333	71.625	0	0	7	9	9	0	0	0	0	0	0	7638	0	-2	9	9	14	13	13	20	11	17	-2	-2	-2	-2	-2	-2	-2	149	-2	-2	36	40	56	83	50	51	207	50	-1
1008001000	-2	7744	860.222	2433.783	13.875	3.18	149	0	71.625	52.832	860.333	71.625	0	0	7	9	9	0	0	0	0	0	0	7744	0	-2	14	9	14	13	13	20	11	17	-2	-2	-2	-2	-2	-2	-2	149	-2	-2	36	40	56	83	50	51	207	50	-1
1008001000	-2	7346	816	2308.704	13.5	3.742	149	0	70.5	54.295	816.111	70.5	0	0	7	9	9	0	0	0	0	0	0	7346	0	-2	18	9	15	13	7	17	12	17	-2	-2	-2	-2	-2	-2	-2	149	-2	-2	36	41	56	88	50	35	208	50	-1
1008001000	-2	7346	816	2308.704	13.5	3.742	149	0	70.5	54.295	816.111	70.5	0	0	7	9	9	0	0	0	0	0	0	7346	0	-2	18	9	15	13	7	17	12	17	-2	-2	-2	-2	-2	-2	-2	149	-2	-2	36	41	56	88	50	35	208	50	-1
1008001000	-2	0	-0.222	0.629	14.125	4.314	152	0	66.625	44.41	-0.111	66.625	0	0	8	9	9	0	0	0	0	0	0	0	0	-2	21	9	16	14	7	17	12	17	-2	-2	-2	-2	-2	-2	-2	152	-2	-2	36	40	56	88	32	52	176	53	-1
1008001000	-2	0	-0.222	0.629	14.125	4.314	152	0	66.625	44.41	-0.111	66.625	0	0	8	9	9	0	0	0	0	0	0	0	0	-2	21	9	16	14	7	17	12	17	-2	-2	-2	-2	-2	-2	-2	152	-2	-2	36	40	56	88	32	52	176	53	-1
1008001000	-2	0	-0.222	0.629	14.75	3.961	150	0	63	46.955	-0.111	63	0	0	8	9	9	0	0	0	0	0	0	0	0	-2	20	10	16	16	7	16	15	18	-2	-2	-2	150	-2	-2	-2	-2	-2	-2	36	41	177	88	32	54	22	54	-1
1008001000	-2	0	-0.222	0.629	14.75	3.961	150	0	63	46.955	-0.111	63	0	0	8	9	9	0	0	0	0	0	0	0	0	-2	20	10	16	16	7	16	15	18	-2	-2	-2	150	-2	-2	-2	-2	-2	-2	36	41	177	88	32	54	22	54	-1
1007001000	-2	2233	247.889	701.843	12.375	2.913	143.5	0.5	82.125	62.285	248.444	82.125	0	0	7	9	9	0	0	0	0	0	0	2233	0	-2	14	9	13	12	7	14	13	17	-2	-2	-2	-2	143	-2	-2	144	-2	-2	36	42	56	169	38	54	207	55	-1
1003002000	-2	2941	1142.333	1090.637	9.571	2.718	124.5	21.415	155.375	58.545	5954.111	157.375	0	0	1	9	9	1495	0	2723	2941	520	1796	809	-1	-2	9	15	7	8	12	9	7	-2	-2	129	-2	114	117	167	123	97	-2	-2	190	49	188	189	199	190	178	60	-1
1008001000	-2	800	88.667	251.495	24.875	9.333	186	0	73.125	59.696	1295.111	75.625	0	0	7	9	9	0	0	0	0	0	800	0	0	-2	22	15	31	22	24	36	10	39	-2	-2	-2	-2	-2	-2	186	-2	-2	-2	40	50	50	29	34	215	119	48	-1
1006002000	-2	9249	2556.222	3687.693	13.429	4.866	139.333	4.11	100.5	77.791	3256.667	104.125	0	0	5	9	9	0	0	0	7587	0	6172	9249	0	-2	22	9	-2	10	13	17	7	16	-2	-2	-2	-2	144	-2	140	134	-2	-2	40	44	21	205	49	199	197	49	-1
1006002000	-2	10254	2973.222	4250.13	13.429	4.866	139.333	4.11	100.5	77.791	3256.667	104.125	0	0	5	9	9	0	0	0	7642	0	8865	10254	0	-2	22	9	-2	10	13	17	7	16	-2	-2	-2	-2	144	-2	140	134	-2	-2	40	44	21	205	49	199	197	49	-1
1006002000	-2	8850	2146.889	3214.466	11	3.381	122.333	2.625	97	71.349	2245.667	100.75	0	0	5	9	9	0	0	0	4430	0	6044	8850	0	-2	12	8	-2	9	11	16	6	15	-2	-2	-2	-2	126	-2	121	120	-2	-2	40	50	21	194	50	186	185	50	-1
1006002000	-2	8850	2146.889	3214.466	11	3.381	122.333	2.625	97	71.349	2245.667	100.75	0	0	5	9	9	0	0	0	4430	0	6044	8850	0	-2	12	8	-2	9	11	16	6	15	-2	-2	-2	-2	126	-2	121	120	-2	-2	40	50	21	194	50	186	185	50	-1
1006001000	-2	6655	1747	2617.421	9.5	3.122	117.333	5.312	99.25	65.541	1893.556	99.5	0	0	5	9	9	0	0	0	3174	0	5896	6655	0	-2	8	8	9	9	8	17	6	11	-2	-2	-2	-2	124	-2	117	111	-2	-2	40	50	52	190	51	182	179	50	-1
1006001000	-2	6454	1567	2353.561	9.5	3.122	117.333	5.312	99.25	65.541	1893.556	99.5	0	0	5	9	9	0	0	0	3108	0	4543	6454	0	-2	8	8	9	9	8	17	6	11	-2	-2	-2	-2	124	-2	117	111	-2	-2	40	50	52	190	51	182	179	50	-1
1005001000	-2	6339	1328.667	2109.033	9.125	2.027	123.25	2.278	117.125	71.024	1328.889	117.125	0	0	4	9	9	0	0	1101	792	0	3728	6339	0	-2	12	8	9	10	7	12	6	9	-2	-2	-2	126	125	-2	121	121	-2	-2	40	43	194	190	51	185	183	51	-1
1005001000	-2	6339	1328.667	2109.033	9.125	2.027	123.25	2.278	117.125	71.024	1328.889	117.125	0	0	4	9	9	0	0	1101	792	0	3728	6339	0	-2	12	8	9	10	7	12	6	9	-2	-2	-2	126	125	-2	121	121	-2	-2	40	43	194	190	51	185	183	51	-1
1006001000	-2	4496	679.222	1411.009	8.875	2.088	123.667	1.247	104.625	66.708	679.333	104.625	0	0	5	9	9	0	0	1332	287	0	0	4496	0	-2	12	8	11	10	6	10	6	8	-2	-2	-2	124	125	-2	-2	122	-2	-2	40	41	192	190	52	86	185	51	-1
1005002000	-2	4298	727	1383.053	9.143	2.231	123	2.121	119.25	71.258	727.111	119.25	0	0	3	9	9	0	0	1846	275	0	127	4298	-1	-2	13	8	11	10	6	9	7	-2	-2	-2	-2	123	126	-2	120	123	-2	-2	40	41	193	192	52	188	188	60	-1
1005002000	-2	4298	727	1383.053	9.143	2.231	123	2.121	119.25	71.258	727.111	119.25	0	0	3	9	9	0	0	1846	275	0	127	4298	-1	-2	13	8	11	10	6	9	7	-2	-2	-2	-2	123	126	-2	120	123	-2	-2	40	41	193	192	52	188	188	60	-1
1005001000	-2	4244	736.111	1434.716	8.5	1.5	124.25	2.586	114.75	67.705	736.222	114.75	0	0	5	9	9	0	0	2321	62	0	0	4244	0	-2	8	8	11	10	6	9	7	9	-2	-2	-2	125	127	-2	120	125	-2	-2	42	42	195	194	57	143	190	55	-1
1005001000	-2	4244	736.111	1434.716	8.5	1.5	124.25	2.586	114.75	67.705	736.222	114.75	0	0	5	9	9	0	0	2321	62	0	0	4244	0	-2	8	8	11	10	6	9	7	9	-2	-2	-2	125	127	-2	120	125	-2	-2	42	42	195	194	57	143	190	55	-1
1004002000	-2	2602	660	865.303	10	2.878	136.4	17.212	136.875	64.474	5538.222	146.375	0	0	3	9	9	0	0	863	2602	1047	1431	0	-1	-2	8	16	8	9	12	10	7	-2	-2	-2	-2	132	124	168	139	119	-2	-2	63	49	171	184	216	203	149	60	-1
1005001000	-2	7646	2065.444	2986.132	14.625	6.343	160.75	13.989	132.375	79.177	2281	128.75	0	0	5	9	9	0	7646	0	0	0	5092	5853	0	-2	12	11	28	10	13	21	7	15	-2	-2	184	-2	158	-2	154	147	-2	-2	67	235	51	182	51	214	210	49	-1
1006002000	-2	8166	1939	2907.291	9.286	2.962	112.333	6.6	93.875	66.67	2806.667	97.625	0	0	5	9	9	0	0	0	8166	0	4868	4419	0	-2	14	8	-2	8	6	13	6	10	-2	-2	-2	-2	121	-2	111	105	-2	-2	40	53	21	186	50	178	173	50	-1
1006002000	-2	8670	2082.333	3106.984	9.286	2.962	112.333	6.6	93.875	66.67	2806.667	97.625	0	0	5	9	9	0	0	0	8670	0	5079	4994	0	-2	14	8	-2	8	6	13	6	10	-2	-2	-2	-2	121	-2	111	105	-2	-2	40	53	21	186	50	178	173	50	-1
1003002000	-2	7292	2802.889	2861.876	6.714	1.03	106.833	12.902	140.125	49.499	3211.556	140.125	0	0	2	9	9	1688	0	5569	7292	0	4921	5759	-1	-2	6	7	6	7	6	9	6	-2	-2	117	127	112	90	-2	99	96	-2	-2	185	157	173	166	51	165	164	60	-1
1005003000	-2	4260	1215.556	1733.943	5.667	0.471	64.5	3.202	86.25	46.733	6669.444	123.125	0	0	3	9	9	0	0	1987	446	4250	4260	0	-1	-2	6	-2	5	6	6	6	5	-2	-2	-2	-2	60	64	69	65	-2	-2	-2	34	21	123	128	143	132	49	60	-1
1003002000	-2	6994	3119.111	3077.534	6.429	2.321	67.5	3.862	107.625	37.669	5919.333	125.25	0	0	2	9	9	5510	0	6510	2284	6777	6994	0	-1	-2	6	12	5	5	6	6	5	-2	-2	72	-2	62	67	73	66	65	-2	-2	136	41	127	127	151	134	85	60	-1
1002002000	-2	9408	5049.556	3359.209	5.571	0.495	75.429	4.806	136.125	29.78	6914.778	137.25	0	0	0	9	9	8645	3239	6370	6381	9408	8044	3362	-1	-2	6	5	5	6	6	6	5	-2	-2	81	83	70	73	78	72	71	-2	-2	150	152	141	139	163	146	138	60	-1
1005002000	-2	6894	1984.333	2722.314	9.143	1.245	149.75	11.344	139	79.096	6040.222	139	0	0	3	9	9	0	1661	0	6894	0	6720	2587	-1	-2	9	10	8	9	11	10	7	-2	-2	-2	163	-2	138	-2	159	139	-2	-2	64	226	53	211	64	228	206	60	-1
1005002000	-2	8427	2592.556	3407.55	9.714	3.534	153.25	8.166	136.25	79.259	5039.222	136.25	0	0	3	9	9	0	4478	0	8427	0	2091	8340	-1	-2	7	10	9	9	8	18	7	-2	-2	-2	166	-2	154	-2	149	144	-2	-2	67	224	52	215	50	215	207	60	-1
1005002000	-2	7595	2345.889	2860.847	12.571	7.575	153.25	8.166	136.25	79.259	5039.222	136.25	0	0	3	9	9	0	3257	0	7595	0	4078	6186	-1	-2	7	10	29	9	8	18	7	-2	-2	-2	166	-2	154	-2	149	144	-2	-2	67	224	52	215	50	215	207	60	-1
1004002000	-2	7464	3123.333	2963.505	6.857	2.231	103.6	9.415	128	57.871	3914.778	128	0	0	2	9	9	6667	5414	0	7464	0	4859	3709	-1	-2	6	7	6	7	5	12	5	-2	-2	110	118	-2	96	-2	102	92	-2	-2	183	189	52	168	51	162	159	60	-1
