1006001000	-2	803	178.556	290.972	185.25	281.038	64	0.816	237.125	262.001	2440.556	237.125	0	0	3	9	9	803	600	210	0	-2	-2	0	0	-2	7	9	8	9	825	460	97	67	-2	64	63	65	-2	-2	-2	-2	-2	-2	106	106	104	23	842	477	112	127	-1
1006001000	-2	434	115.111	178.645	185.75	280.7	63	2.944	230.875	261.892	1920.778	237	0	0	3	9	9	433	434	175	0	-2	-2	0	0	-2	7	9	9	12	825	460	95	69	-2	66	59	64	-2	-2	-2	-2	-2	-2	105	98	101	21	836	471	106	109	-1
1006005000	-2	1864	320.778	632.371	10.25	4.815	57.667	1.7	45	31.349	453.889	232.625	0	0	6	9	9	0	1864	1025	0	0	0	0	0	-2	18	8	5	10	-2	-2	-2	-2	-2	60	56	57	-2	-2	-2	-2	-2	-2	74	90	91	21	21	21	21	21	-1
1006005000	-2	1864	320.778	632.371	10.25	4.815	57.667	1.7	45	31.349	453.889	232.625	0	0	6	9	9	0	1864	1025	0	0	0	0	0	-2	18	8	5	10	-2	-2	-2	-2	-2	60	56	57	-2	-2	-2	-2	-2	-2	74	90	91	21	21	21	21	21	-1
1006004000	-2	1452	296.444	558.108	237.4	454.318	57.667	2.055	194.75	387.924	420.556	369.625	0	0	4	9	9	1	1219	1452	0	-2	0	0	0	-2	18	7	7	9	1146	-2	-2	-2	-2	60	55	58	-2	-2	-2	-2	-2	-2	75	89	92	21	1218	21	21	21	-1
1006004000	-2	1452	296.444	558.108	237.4	454.318	57.667	2.055	194.75	387.924	420.556	369.625	0	0	4	9	9	1	1219	1452	0	-2	0	0	0	-2	18	7	7	9	1146	-2	-2	-2	-2	60	55	58	-2	-2	-2	-2	-2	-2	75	89	92	21	1218	21	21	21	-1
1006004000	-2	910	186.667	351.755	238.6	456.719	57	2.16	192.75	384.493	391.667	368.625	0	0	5	9	9	0	774	910	0	-2	0	0	0	-2	18	7	10	6	1152	-2	-2	-2	-2	59	54	58	-2	-2	-2	-2	-2	-2	74	87	91	20	1207	21	21	21	-1
1006004000	-2	910	186.667	351.755	238.6	456.719	57	2.16	192.75	384.493	391.667	368.625	0	0	5	9	9	0	774	910	0	-2	0	0	0	-2	18	7	10	6	1152	-2	-2	-2	-2	59	54	58	-2	-2	-2	-2	-2	-2	74	87	91	20	1207	21	21	21	-1
1006004000	-2	436	60.222	137.26	239.4	457.32	57.667	2.625	189.5	383.193	232	357.875	0	0	5	9	9	0	436	110	0	-2	0	0	0	-2	18	7	12	6	1154	-2	-2	-2	-2	60	54	59	-2	-2	-2	-2	-2	-2	75	81	75	21	1201	21	21	21	-1
1006003000	-2	354	47.222	111.149	331	465.013	57.667	2.625	282.375	415.101	232	357.875	0	0	4	9	9	0	354	77	0	-2	-2	0	0	-2	18	7	12	6	1154	789	-2	-2	-2	60	54	59	-2	-2	-2	-2	-2	-2	75	81	75	21	1165	800	21	21	-1
1006003000	-2	1143	131.222	357.992	270.333	424.227	57	2.828	237.75	374.272	378.556	358.25	0	0	4	9	9	0	1143	44	0	-2	0	-2	0	-2	17	6	11	6	1156	-2	426	-2	-2	59	53	59	-2	-2	-2	-2	-2	-2	73	88	75	20	1167	21	437	21	-1
1006001000	-2	1163	280.556	419.119	185.875	280.081	70.333	0.471	237.875	258.084	3902.889	237.875	0	0	3	9	9	1163	661	707	0	-2	-2	0	0	-2	10	9	10	11	824	459	97	67	-2	71	70	70	-2	-2	-2	-2	-2	-2	126	125	120	22	835	470	105	100	-1
1006003000	-2	641	159	237.912	291.167	377.209	64.333	3.091	264.625	330.678	2271	340.5	0	0	3	9	9	641	330	466	-2	-2	0	0	0	-2	15	9	12	821	827	-2	-2	63	-2	66	60	67	-2	-2	-2	-2	-2	-2	106	100	106	831	838	21	21	94	-1
1006003000	-2	1755	380.333	713.398	274.167	428.012	64.667	3.3	246.375	375.495	1577.333	379.5	0	0	4	9	9	0	1755	1674	0	-2	0	-2	0	-2	17	10	9	7	1166	-2	436	-2	-2	67	60	67	-2	-2	-2	-2	-2	-2	83	97	104	21	1177	21	447	21	-1
1006004000	-2	2797	689.778	1109.819	98.6	175.229	65	4.32	108.5	145.992	1339.889	378.125	0	0	4	9	9	782	2797	2633	0	0	0	-2	0	-2	17	10	8	9	-2	-2	449	-2	-2	67	59	69	-2	-2	-2	-2	-2	-2	103	96	104	20	21	21	482	21	-1
1006004000	-2	2797	689.778	1109.819	98.6	175.229	65	4.32	108.5	145.992	1339.889	378.125	0	0	4	9	9	782	2797	2633	0	0	0	-2	0	-2	17	10	8	9	-2	-2	449	-2	-2	67	59	69	-2	-2	-2	-2	-2	-2	103	96	104	20	21	21	482	21	-1
1006004000	-2	5370	1503.667	2187.381	27.6	35.775	62.333	2.055	61.5	40.881	1518	239.875	0	0	5	9	9	4870	5370	3295	0	0	0	0	0	-2	13	9	6	11	-2	-2	99	-2	-2	65	60	62	-2	-2	-2	-2	-2	-2	101	100	98	20	21	21	110	21	-1
1006005000	-2	2884	431.111	921.397	8.75	2.586	57.667	2.055	44.875	31.47	451.889	232	0	0	6	9	9	0	2884	998	0	0	0	0	0	-2	12	8	5	10	-2	-2	-2	-2	-2	60	58	55	-2	-2	-2	-2	-2	-2	74	93	88	20	21	21	21	21	-1
1006005000	-2	2884	431.111	921.397	8.75	2.586	57.667	2.055	44.875	31.47	451.889	232	0	0	6	9	9	0	2884	998	0	0	0	0	0	-2	12	8	5	10	-2	-2	-2	-2	-2	60	58	55	-2	-2	-2	-2	-2	-2	74	93	88	20	21	21	21	21	-1
1006004000	-2	802	109.444	251.745	235.2	453.404	56	2.16	192.25	389.368	215.222	368.125	0	0	5	9	9	0	802	187	0	-2	0	0	0	-2	12	7	7	8	1142	-2	-2	-2	-2	59	54	55	-2	-2	-2	-2	-2	-2	73	87	74	21	1220	21	21	21	-1
1006004000	-2	804	109.667	252.356	235.2	453.404	56	2.16	192.25	389.368	215.222	368.125	0	0	5	9	9	0	804	187	0	-2	0	0	0	-2	12	7	7	8	1142	-2	-2	-2	-2	59	54	55	-2	-2	-2	-2	-2	-2	73	87	74	21	1220	21	21	21	-1
1006004000	-2	880	107.667	274.617	235.4	454.305	55.333	2.055	191.875	389.127	205.889	366	0	0	5	9	9	0	880	93	0	-2	0	0	0	-2	12	7	8	6	1144	-2	-2	-2	-2	58	53	55	-2	-2	-2	-2	-2	-2	72	86	75	20	1219	21	21	21	-1
1006004000	-2	1026	113.556	322.599	235	454.505	53.667	3.3	190.5	389.557	205.889	366	0	0	6	9	9	0	1026	0	0	-2	0	0	0	-2	12	7	6	6	1144	-2	-2	-2	-2	58	53	50	-2	-2	-2	-2	-2	-2	72	86	64	20	1219	21	21	21	-1
1006002000	-2	1524	174	477.564	337.857	428.979	53.667	3.3	354.625	428.303	278.111	367.5	0	0	3	9	9	0	1524	50	0	-2	-2	-2	0	-2	11	6	6	5	1144	779	414	-2	-2	58	53	50	-2	-2	-2	-2	-2	-2	72	87	75	20	1219	854	489	21	-1
1006003000	-2	1320	147.333	414.621	325.833	461.674	56	2.16	296.125	437.809	278.111	367.5	0	0	4	9	9	0	1320	12	0	-2	-2	0	0	-2	11	6	10	5	1144	779	-2	-2	-2	58	53	57	-2	-2	-2	-2	-2	-2	72	87	75	20	1219	854	21	21	-1
1006002000	-2	1627	193.556	507.844	339.429	430.084	54	4.32	340.625	415.692	340.222	365.625	0	0	2	9	9	19	1627	104	0	-2	-2	-2	0	-2	13	6	6	5	1147	782	417	-2	-2	60	52	50	-2	-2	-2	-2	-2	-2	74	87	74	20	1204	805	440	21	-1
1006001000	-2	1960	234	611.77	304.875	412.563	54	4.32	365.625	418.004	340.222	365.625	0	0	2	9	9	15	1960	139	0	-2	-2	-2	0	-2	13	6	6	5	1147	782	417	63	-2	60	52	50	-2	-2	-2	-2	-2	-2	74	87	74	20	1215	850	485	120	-1
1006002000	-2	2423	608	915.757	241.571	401.301	56	3.266	269.25	385.695	925.889	373.5	0	0	3	9	9	2423	1938	1117	0	-2	0	-2	0	-2	12	6	6	6	1160	-2	430	71	-2	60	52	56	-2	-2	-2	-2	-2	-2	94	90	89	25	1220	21	490	125	-1
1006002000	-2	2571	631	949.373	241.571	401.301	56	3.266	269.25	385.695	925.889	373.5	0	0	3	9	9	2571	1901	1213	0	-2	0	-2	0	-2	12	6	6	6	1160	-2	430	71	-2	60	52	56	-2	-2	-2	-2	-2	-2	94	90	89	25	1220	21	490	125	-1
1006001000	-2	2245	652.778	945.571	312	418.189	59	1.633	368.375	409.749	1292.667	368.375	0	0	2	9	9	2245	2154	1484	0	-2	-2	-2	0	-2	11	8	6	6	1162	797	432	74	-2	61	57	59	-2	-2	-2	-2	-2	-2	97	97	93	26	1206	841	476	111	-1
1006001000	-2	2999	718.111	1087.273	311	417.443	60.667	0.471	361.625	403.962	1311.778	361.625	0	0	2	9	9	2999	2096	1376	0	-2	-2	-2	0	-2	11	8	6	7	1160	795	430	71	-2	61	61	60	-2	-2	-2	-2	-2	-2	98	100	94	27	1191	826	461	96	-1
1006001000	-2	3844	752.889	1250.915	311	417.443	60.667	0.471	361.625	403.962	1311.778	361.625	0	0	2	9	9	3844	1678	1262	0	-2	-2	-2	0	-2	11	8	6	7	1160	795	430	71	-2	61	61	60	-2	-2	-2	-2	-2	-2	98	100	94	27	1191	826	461	96	-1
1006001000	-2	3289	832	1262.561	183	281.65	60	2.16	244	271.109	1152.222	244	0	0	3	9	9	3289	2780	1425	0	-2	-2	0	0	-2	7	5	6	8	824	459	96	59	-2	59	63	58	-2	-2	-2	-2	-2	-2	98	110	94	20	865	500	135	130	-1
1006002000	-2	3561	872.222	1293.459	199	295.367	57.667	0.943	229.5	280.008	1210.667	243.125	0	0	3	9	9	3561	2151	2144	0	-2	-2	0	0	-2	7	5	6	9	820	455	91	-2	-2	57	59	57	-2	-2	-2	-2	-2	-2	95	102	94	21	866	501	136	21	-1
1006001000	-2	2922	791.667	1179.589	177.375	274.645	55	0	242.5	273.474	1071.889	242.5	0	0	3	9	9	2922	2724	1485	0	-2	-2	0	0	-2	7	5	6	9	806	441	85	60	-2	55	55	55	-2	-2	-2	-2	-2	-2	92	97	94	21	868	503	138	127	-1
1006001000	-2	2837	784.778	1167.964	177.375	274.645	55	0	242.5	273.474	1071.889	242.5	0	0	3	9	9	2837	2755	1477	0	-2	-2	0	0	-2	7	5	6	9	806	441	85	60	-2	55	55	55	-2	-2	-2	-2	-2	-2	92	97	94	21	868	503	138	127	-1
1006001000	-2	1022	272.889	399.344	183.875	277.592	70.333	2.055	237.375	258.808	3732.111	237.375	0	0	3	9	9	1022	610	830	0	-2	-2	0	0	-2	16	9	12	11	818	453	91	61	-2	70	68	73	-2	-2	-2	-2	-2	-2	120	121	123	22	836	471	106	100	-1
1006003000	-2	1060	192	336.481	367	471.013	68	4.899	319.5	419.079	2277.667	396.625	0	0	3	9	9	338	336	1060	-2	-2	0	0	0	-2	18	9	14	1179	856	-2	126	-2	-2	68	62	74	-2	-2	-2	-2	-2	-2	107	100	113	1190	867	21	137	21	-1
1006004000	-2	1706	236.889	527.396	408.8	496.65	66.667	4.028	299.625	422.437	1631.111	387.375	0	0	3	9	9	264	168	1706	-2	-2	0	0	0	-2	17	10	14	1178	825	-2	-2	-2	-2	69	61	70	-2	-2	-2	-2	-2	-2	105	97	107	1189	836	21	21	21	-1
1006004000	-2	1478	205.556	456.668	408.8	496.65	66.667	4.028	299.625	422.437	1631.111	387.375	0	0	3	9	9	214	164	1478	-2	-2	0	0	0	-2	17	10	14	1178	825	-2	-2	-2	-2	69	61	70	-2	-2	-2	-2	-2	-2	105	97	107	1189	836	21	21	21	-1
1006003000	-2	6528	1964.556	2803.756	279.333	434.085	66.667	3.3	259.75	387.83	1983	377.5	0	0	3	9	9	6131	6528	5028	0	-2	0	-2	0	-2	19	10	6	9	1181	-2	451	-2	-2	69	62	69	-2	-2	-2	-2	-2	-2	108	103	107	20	1214	21	484	21	-1
1006004000	-2	3966	863.667	1430.224	164.6	313.704	59.667	2.494	146.125	250.608	928.889	242.75	0	0	4	9	9	2938	3966	873	0	-2	0	0	0	-2	10	8	5	8	792	-2	-2	-2	-2	63	59	57	-2	-2	-2	-2	-2	-2	97	96	90	20	803	21	21	21	-1
1006004000	-2	3966	863.667	1430.224	164.6	313.704	59.667	2.494	146.125	250.608	928.889	242.75	0	0	4	9	9	2938	3966	873	0	-2	0	0	0	-2	10	8	5	8	792	-2	-2	-2	-2	63	59	57	-2	-2	-2	-2	-2	-2	97	96	90	20	803	21	21	21	-1
1006004000	-2	2624	291.333	824.723	167.8	320.604	56.333	3.859	141.875	257.741	304.889	232.875	0	0	5	9	9	0	2624	2	0	-2	0	0	0	-2	10	7	5	8	809	-2	-2	-2	-2	60	58	51	-2	-2	-2	-2	-2	-2	74	93	65	20	820	21	21	21	-1
1006005000	-2	2740	304.556	861.06	7.5	1.803	56.333	3.859	42	28.289	304.889	232.875	0	0	6	9	9	0	2740	3	0	0	0	0	0	-2	10	7	5	8	-2	-2	-2	-2	-2	60	58	51	-2	-2	-2	-2	-2	-2	74	93	65	20	21	21	21	21	-1
1006003000	-2	1910	321	640.396	319.5	453.643	54.667	3.3	297.5	437.109	376	368.875	0	0	4	9	9	0	1910	985	0	-2	-2	0	0	-2	10	6	6	8	1126	761	-2	-2	-2	59	54	51	-2	-2	-2	-2	-2	-2	73	88	83	21	1219	854	21	21	-1
1006003000	-2	1910	321	640.396	319.5	453.643	54.667	3.3	297.5	437.109	376	368.875	0	0	4	9	9	0	1910	985	0	-2	-2	0	0	-2	10	6	6	8	1126	761	-2	-2	-2	59	54	51	-2	-2	-2	-2	-2	-2	73	88	83	21	1219	854	21	21	-1
1006002000	-2	1047	136.222	327.31	335.143	427.213	51.667	3.091	352.375	429.071	196.222	365.125	0	0	3	9	9	187	1047	0	0	-2	-2	-2	0	-2	7	5	6	6	1139	774	409	-2	-2	56	49	50	-2	-2	-2	-2	-2	-2	72	82	64	21	1218	853	488	21	-1
1006002000	-2	1047	136.222	327.31	335.143	427.213	51.667	3.091	352.375	429.071	196.222	365.125	0	0	3	9	9	187	1047	0	0	-2	-2	-2	0	-2	7	5	6	6	1139	774	409	-2	-2	56	49	50	-2	-2	-2	-2	-2	-2	72	82	64	21	1218	853	488	21	-1
1006001000	-2	1729	300.111	568.18	299.625	409.221	51.333	4.028	368	416.986	412.556	368	0	0	2	9	9	841	1729	139	0	-2	-2	-2	0	-2	6	6	6	5	1137	772	407	58	-2	57	48	49	-2	-2	-2	-2	-2	-2	88	82	75	25	1216	851	486	121	-1
1006001000	-2	1715	298.444	564.165	299.625	409.221	51.333	4.028	368	416.986	412.556	368	0	0	2	9	9	840	1715	139	0	-2	-2	-2	0	-2	6	6	6	5	1137	772	407	58	-2	57	48	49	-2	-2	-2	-2	-2	-2	88	82	75	25	1216	851	486	121	-1
1006002000	-2	1858	322.556	592.767	147.429	283.47	52	2.16	172.5	258.149	402.333	230.375	0	0	4	9	9	305	1858	744	0	-2	0	0	0	-2	6	6	6	6	836	-2	106	66	-2	55	50	51	-2	-2	-2	-2	-2	-2	73	84	83	25	849	21	119	126	-1
1006002000	-2	1858	322.556	592.767	147.429	283.47	52	2.16	172.5	258.149	402.333	230.375	0	0	4	9	9	305	1858	744	0	-2	0	0	0	-2	6	6	6	6	836	-2	106	66	-2	55	50	51	-2	-2	-2	-2	-2	-2	73	84	83	25	849	21	119	126	-1
1006001000	-2	1430	442.222	629.786	303.125	411.093	53.667	1.886	367.375	421.334	697.444	373.375	0	0	2	9	9	1198	1360	1430	0	-2	-2	-2	0	-2	6	6	5	6	1143	778	413	68	-2	55	51	55	-2	-2	-2	-2	-2	-2	88	88	88	25	1222	857	492	79	-1
1006001000	-2	3254	902.111	1330.318	190.375	287.51	56	2.16	237.5	268.268	1136.778	237.5	0	0	3	9	9	3068	3254	1803	0	-2	-2	0	0	-2	7	6	6	6	841	476	111	70	-2	58	53	57	-2	-2	-2	-2	-2	-2	92	91	91	27	854	489	124	132	-1
1006001000	-2	3254	902.111	1330.318	190.375	287.51	56	2.16	237.5	268.268	1136.778	237.5	0	0	3	9	9	3068	3254	1803	0	-2	-2	0	0	-2	7	6	6	6	841	476	111	70	-2	58	53	57	-2	-2	-2	-2	-2	-2	92	91	91	27	854	489	124	132	-1
1006001000	-2	4092	857.111	1442.449	183.25	279.413	57	1.633	239.375	268.417	1321.778	239.375	0	0	3	9	9	4092	2817	811	0	-2	-2	0	0	-2	7	6	7	7	820	455	91	73	-2	57	55	59	-2	-2	-2	-2	-2	-2	93	95	92	27	856	491	126	135	-1
1006001000	-2	4080	902.556	1493.926	183.25	279.413	57	1.633	239.375	268.417	1321.778	239.375	0	0	3	9	9	4080	3159	890	0	-2	-2	0	0	-2	7	6	7	7	820	455	91	73	-2	57	55	59	-2	-2	-2	-2	-2	-2	93	95	92	27	856	491	126	135	-1
1006001000	-2	3606	903.556	1413.963	175.75	274.755	53.667	2.867	245.875	275.558	1127.111	245.875	0	0	3	9	9	3283	3606	1249	0	-2	-2	0	0	-2	7	6	7	7	805	440	78	56	-2	54	50	57	-2	-2	-2	-2	-2	-2	90	92	91	27	875	510	145	137	-1
1006001000	-2	3347	874.333	1367.799	175.75	274.755	53.667	2.867	245.875	275.558	1127.111	245.875	0	0	3	9	9	3328	3347	1200	0	-2	-2	0	0	-2	7	6	7	7	805	440	78	56	-2	54	50	57	-2	-2	-2	-2	-2	-2	90	92	91	27	875	510	145	137	-1
1006001000	-2	4346	1071.667	1667.004	180.25	277.671	54.333	2.494	242.875	272.041	1259.556	242.875	0	0	3	9	9	3745	4346	1560	0	-2	-2	0	0	-2	6	5	6	8	814	449	93	61	-2	55	51	57	-2	-2	-2	-2	-2	-2	92	94	92	28	866	501	136	134	-1
1006001000	-2	3462	886.444	1355.049	180.5	277.026	52.667	1.247	243.75	276.223	1173.333	243.75	0	0	3	9	9	3094	3462	1428	0	-2	-2	0	0	-2	6	6	6	8	813	448	93	64	-2	53	51	54	-2	-2	-2	-2	-2	-2	90	93	89	21	874	509	144	130	-1
1006003000	-2	531	146.667	211.452	44	48.384	94.333	2.055	139.375	72.72	3533.778	227.25	0	0	5	9	9	420	371	531	0	0	0	0	0	-2	15	9	11	11	83	-2	135	-2	-2	97	92	94	-2	-2	-2	-2	-2	-2	181	163	169	238	176	21	146	21	-1
1006002000	-2	1173	193.889	367.335	522.286	495.485	67.333	5.437	514.125	480.269	1917.333	530.125	0	0	1	9	9	352	230	1173	-2	-2	-2	-2	0	-2	19	10	16	1178	1176	811	446	-2	-2	69	60	73	-2	-2	-2	-2	-2	-2	107	98	111	1211	1220	855	490	21	-1
1006004000	-2	784	105.889	243.034	479.4	569.598	64.667	5.312	345.375	496.571	681.556	530.625	0	0	3	9	9	123	52	784	-2	-2	0	0	0	-2	19	10	14	1180	1174	-2	-2	-2	-2	65	58	71	-2	-2	-2	-2	-2	-2	98	90	105	1209	1198	21	21	21	-1
1006004000	-2	299	35.333	93.487	97.8	172.624	62.333	4.497	100.125	137.425	211.889	378.25	0	0	4	9	9	1	22	299	0	0	0	-2	0	-2	17	9	10	10	-2	-2	443	-2	-2	62	57	68	-2	-2	-2	-2	-2	-2	76	85	102	21	21	21	454	21	-1
1006004000	-2	299	35.333	93.487	97.8	172.624	62.333	4.497	100.125	137.425	211.889	378.25	0	0	4	9	9	1	22	299	0	0	0	-2	0	-2	17	9	10	10	-2	-2	443	-2	-2	62	57	68	-2	-2	-2	-2	-2	-2	76	85	102	21	21	21	454	21	-1
1006005000	-2	2217	476.222	884.23	9.75	3.7	64.333	4.19	241.25	420.597	768	433.875	0	0	3	9	9	2040	2217	34	0	-2	0	0	-1	-2	16	9	7	7	-2	-2	-2	-2	-2	63	60	70	-2	-2	-2	-2	-2	-2	97	96	92	20	1339	21	21	244	-1
1006005000	-2	2385	483.333	901.371	9.75	3.7	64.333	4.19	241.25	420.597	768	433.875	0	0	3	9	9	1930	2385	40	0	-2	0	0	-1	-2	16	9	7	7	-2	-2	-2	-2	-2	63	60	70	-2	-2	-2	-2	-2	-2	97	96	92	20	1339	21	21	244	-1
1006003000	-2	5019	1269.889	1958.915	274.833	431.909	63.667	1.886	257.875	389.06	1297.333	386.375	0	0	3	9	9	5019	4488	1928	0	-2	0	-2	0	-2	12	8	6	7	1173	-2	443	-2	-2	65	61	65	-2	-2	-2	-2	-2	-2	102	100	99	20	1215	21	485	21	-1
1006003000	-2	4993	1265.333	1952.837	274.833	431.909	63.667	1.886	264.125	398.606	1297.333	386.375	0	0	3	9	9	4993	4488	1913	0	-2	0	-2	0	-2	12	8	6	7	1173	-2	443	-2	-2	65	61	65	-2	-2	-2	-2	-2	-2	102	100	99	20	1240	21	510	21	-1
1006001000	-2	3674	611.556	1222.245	175.25	273.285	59.667	2.055	237.25	271.908	629.333	237.25	0	0	3	9	9	16	3674	1820	0	-2	-2	0	0	-2	12	7	5	8	802	437	74	57	-2	62	60	57	-2	-2	-2	-2	-2	-2	76	99	90	21	860	495	130	127	-1
1006001000	-2	3674	611.556	1222.245	175.25	273.285	59.667	2.055	237.25	271.908	629.333	237.25	0	0	3	9	9	16	3674	1820	0	-2	-2	0	0	-2	12	7	5	8	802	437	74	57	-2	62	60	57	-2	-2	-2	-2	-2	-2	76	99	90	21	860	495	130	127	-1
1006001000	-2	2721	322.667	850.003	173.125	276.489	53.667	3.091	234.625	274.349	325.556	234.625	0	0	4	9	9	0	2721	189	0	-2	-2	0	0	-2	10	5	5	8	806	441	77	33	-2	58	52	51	-2	-2	-2	-2	-2	-2	72	88	75	25	862	497	132	126	-1
1006004000	-2	2721	325.222	849.577	166.8	319.606	53.667	3.091	148.125	271.113	325.556	234.625	0	0	5	9	9	0	2721	210	0	-2	0	0	0	-2	10	5	5	8	806	-2	-2	-2	-2	58	52	51	-2	-2	-2	-2	-2	-2	72	88	75	25	862	21	21	21	-1
1006002000	-2	1403	278.889	465.236	202	298.589	51.333	1.247	221.625	281.587	281.889	234.625	0	0	3	9	9	383	1403	730	0	-2	-2	0	0	-2	7	5	6	7	828	463	98	-2	-2	53	50	51	-2	-2	-2	-2	-2	-2	73	82	82	24	862	497	132	21	-1
1006002000	-2	1403	278.889	465.236	202	298.589	51.333	1.247	221.625	281.587	281.889	234.625	0	0	3	9	9	383	1403	730	0	-2	-2	0	0	-2	7	5	6	7	828	463	98	-2	-2	53	50	51	-2	-2	-2	-2	-2	-2	73	82	82	24	862	497	132	21	-1
1006001000	-2	1262	188.222	399.441	183.625	284.087	50.667	1.886	232.125	274.652	218.778	232.125	0	0	3	9	9	401	1262	37	0	-2	-2	0	0	-2	6	5	6	6	829	464	99	54	-2	52	48	52	-2	-2	-2	-2	-2	-2	73	81	66	25	860	495	130	127	-1
1006001000	-2	1262	188.222	399.441	183.625	284.087	50.667	1.886	232.125	274.652	218.778	232.125	0	0	3	9	9	401	1262	37	0	-2	-2	0	0	-2	6	5	6	6	829	464	99	54	-2	52	48	52	-2	-2	-2	-2	-2	-2	73	81	66	25	860	495	130	127	-1
1006001000	-2	1284	146.667	402.263	181.625	282.318	49.667	0.471	229.5	273.912	189.667	229.5	0	0	3	9	9	7	1284	35	0	-2	-2	0	0	-2	6	5	5	6	824	459	94	54	-2	50	49	50	-2	-2	-2	-2	-2	-2	64	81	65	25	856	491	126	128	-1
1006001000	-2	1288	147.111	403.52	181.625	282.318	49.667	0.471	229.5	273.912	189.667	229.5	0	0	3	9	9	7	1288	35	0	-2	-2	0	0	-2	6	5	5	6	824	459	94	54	-2	50	49	50	-2	-2	-2	-2	-2	-2	64	81	65	25	856	491	126	128	-1
1006001000	-2	1761	378.111	628.121	180.75	281.119	49.333	1.247	227.625	274.275	431.889	234.375	0	0	3	9	9	389	1761	1259	0	-2	-2	0	0	-2	6	5	5	6	821	456	92	55	-2	49	48	51	-2	-2	-2	-2	-2	-2	81	82	83	26	856	491	126	76	-1
1006002000	-2	2060	361.778	704.386	140.714	276.94	52	1.414	176	260	417.444	234.75	0	0	4	9	9	1183	2060	17	0	-2	0	0	0	-2	6	6	5	6	815	-2	86	61	-2	53	50	53	-2	-2	-2	-2	-2	-2	86	86	67	26	856	21	126	140	-1
1006002000	-2	2060	361.778	704.386	140.714	276.94	52	1.414	176	260	417.444	234.75	0	0	4	9	9	1183	2060	17	0	-2	0	0	0	-2	6	6	5	6	815	-2	86	61	-2	53	50	53	-2	-2	-2	-2	-2	-2	86	86	67	26	856	21	126	140	-1
1006001000	-2	1977	349.667	676.786	178.875	277.718	51	0	241.125	278.285	431.444	241.125	0	0	3	9	9	1146	1977	30	0	-2	-2	0	0	-2	6	5	5	6	813	448	85	63	-2	51	51	51	-2	-2	-2	-2	-2	-2	84	88	67	26	875	510	145	134	-1
1006001000	-2	2298	659.222	944.187	176.125	274.718	51.333	0.471	244.5	276.917	754.778	244.5	0	0	3	9	9	1708	2298	1933	0	-2	-2	0	0	-2	6	6	5	6	805	440	81	60	-2	52	51	51	-2	-2	-2	-2	-2	-2	86	90	85	26	876	511	146	136	-1
1006001000	-2	3007	795.889	1184.597	175.25	273.026	51.667	1.7	245.375	276.987	1003.556	245.375	0	0	3	9	9	2641	3007	1521	0	-2	-2	0	0	-2	7	5	6	6	801	436	82	59	-2	54	50	51	-2	-2	-2	-2	-2	-2	89	89	85	27	877	512	147	137	-1
1006001000	-2	3007	795.889	1184.597	175.25	273.026	51.667	1.7	245.375	276.987	1003.556	245.375	0	0	3	9	9	2641	3007	1521	0	-2	-2	0	0	-2	7	5	6	6	801	436	82	59	-2	54	50	51	-2	-2	-2	-2	-2	-2	89	89	85	27	877	512	147	137	-1
1006001000	-2	2329	623.111	937.99	169.5	264.077	51.333	1.247	246	276.72	896.667	246	0	0	3	9	9	2329	2187	1098	0	-2	-2	0	0	-2	6	5	6	7	778	415	84	55	-2	53	50	51	-2	-2	-2	-2	-2	-2	88	89	85	28	877	512	147	142	-1
1006001000	-2	2329	623.111	937.99	169.5	264.077	51.333	1.247	246	276.72	896.667	246	0	0	3	9	9	2329	2187	1098	0	-2	-2	0	0	-2	6	5	6	7	778	415	84	55	-2	53	50	51	-2	-2	-2	-2	-2	-2	88	89	85	28	877	512	147	142	-1
1006001000	-2	2679	507.556	861.416	94.5	147.203	50.667	0.471	150.875	134.89	768.333	150.875	0	0	4	9	9	1065	2679	828	0	-2	0	0	0	-2	6	5	5	7	469	114	90	60	-2	51	50	51	-2	-2	-2	-2	-2	-2	85	88	85	27	493	128	148	153	-1
1006003000	-2	145	15.889	45.652	21.167	16.647	73.667	3.3	112.375	80.371	3992	208.5	0	0	7	9	9	0	145	0	0	0	0	0	0	-2	15	11	8	8	31	-2	54	-2	-2	73	70	78	-2	-2	-2	-2	-2	-2	94	99	99	286	176	21	103	21	-1
1006004000	-2	154	17.556	48.321	241	465.501	59.333	4.922	189.125	381.493	94	373.5	0	0	5	9	9	0	8	154	0	-2	0	0	0	-2	10	8	7	8	1172	-2	-2	-2	-2	60	53	65	-2	-2	-2	-2	-2	-2	74	71	88	21	1196	21	21	21	-1
1006002000	-2	205	48.444	74.06	256.714	413.043	60.333	3.3	268.375	387.732	180.778	373	0	0	3	9	9	205	105	132	0	-2	0	-2	0	-2	11	8	7	6	1195	-2	465	105	-2	61	56	64	-2	-2	-2	-2	-2	-2	85	88	89	20	1223	21	493	128	-1
1006005000	-2	3668	1102.333	1586.201	8.75	2.487	65	2.449	316.875	425.928	1216.889	436	0	0	2	9	9	3668	3646	2614	0	-2	0	-2	-1	-2	13	8	7	7	-2	-2	-2	-2	-2	65	62	68	-2	-2	-2	-2	-2	-2	101	98	103	20	1339	21	609	244	-1
1006005000	-2	3668	1102.333	1586.201	8.75	2.487	65	2.449	316.875	425.928	1216.889	436	0	0	2	9	9	3668	3646	2614	0	-2	0	-2	-1	-2	13	8	7	7	-2	-2	-2	-2	-2	65	62	68	-2	-2	-2	-2	-2	-2	101	98	103	20	1339	21	609	244	-1
1006004000	-2	4492	1295.333	1875.83	167.2	318.906	61.333	0.471	155.375	270.609	1295.778	242.875	0	0	4	9	9	4492	4251	2919	0	-2	0	0	0	-2	11	7	5	8	805	-2	-2	-2	-2	62	61	61	-2	-2	-2	-2	-2	-2	99	100	96	20	865	21	21	21	-1
1006004000	-2	4492	1295.333	1875.83	167.2	318.906	61.333	0.471	155.375	270.609	1295.778	242.875	0	0	4	9	9	4492	4251	2919	0	-2	0	0	0	-2	11	7	5	8	805	-2	-2	-2	-2	62	61	61	-2	-2	-2	-2	-2	-2	99	100	96	20	865	21	21	21	-1
1006004000	-2	2341	348.556	735.04	100	185.513	53	2.944	101.875	148.41	348.889	176.875	0	0	4	9	9	121	2341	679	0	-2	0	0	0	-2	11	5	5	8	471	-2	-2	-2	-2	57	52	50	-2	-2	-2	-2	-2	-2	72	86	81	25	488	21	21	21	-1
1006004000	-2	2341	348.556	735.04	100	185.513	53	2.944	101.875	148.41	348.889	176.875	0	0	4	9	9	121	2341	679	0	-2	0	0	0	-2	11	5	5	8	471	-2	-2	-2	-2	57	52	50	-2	-2	-2	-2	-2	-2	72	86	81	25	488	21	21	21	-1
1006002000	-2	1294	210.556	407.045	192.286	289.977	49.667	0.471	224.5	284.57	211.111	237.75	0	0	3	9	9	178	1294	429	0	-2	-2	0	0	-2	8	5	6	7	805	440	75	-2	-2	50	49	50	-2	-2	-2	-2	-2	-2	73	81	81	25	870	505	140	21	-1
1006002000	-2	1294	210.556	407.045	192.286	289.977	49.667	0.471	224.5	284.57	211.111	237.75	0	0	3	9	9	178	1294	429	0	-2	-2	0	0	-2	8	5	6	7	805	440	75	-2	-2	50	49	50	-2	-2	-2	-2	-2	-2	73	81	81	25	870	505	140	21	-1
1006001000	-2	1429	179.111	444.31	175.875	277.919	49	1.414	235.5	278.501	180.222	235.5	0	0	3	9	9	147	1429	42	0	-2	-2	0	0	-2	6	5	6	7	811	446	81	45	-2	50	47	50	-2	-2	-2	-2	-2	-2	72	79	65	25	870	505	140	128	-1
1006001000	-2	1429	179.111	444.31	175.875	277.919	49	1.414	235.5	278.501	180.222	235.5	0	0	3	9	9	147	1429	42	0	-2	-2	0	0	-2	6	5	6	7	811	446	81	45	-2	50	47	50	-2	-2	-2	-2	-2	-2	72	79	65	25	870	505	140	128	-1
1006001000	-2	1177	141.778	367.493	176.5	278.76	48	0.816	225.75	284.542	142.333	236.125	0	0	4	9	9	0	1177	105	0	-2	-2	0	0	-2	6	5	5	6	813	448	84	45	-2	48	47	49	-2	-2	-2	-2	-2	-2	61	79	64	25	872	507	142	56	-1
1006001000	-2	1177	141.778	367.493	176.5	278.76	48	0.816	225.75	284.542	142.333	236.125	0	0	4	9	9	0	1177	105	0	-2	-2	0	0	-2	6	5	5	6	813	448	84	45	-2	48	47	49	-2	-2	-2	-2	-2	-2	61	79	64	25	872	507	142	56	-1
1006001000	-2	1109	131.889	346.474	176.75	278.698	47.667	0.471	227	284.383	141.889	236.875	0	0	4	9	9	0	1109	84	0	-2	-2	0	0	-2	6	4	5	5	813	448	85	48	-2	48	47	48	-2	-2	-2	-2	-2	-2	62	79	64	26	873	508	143	61	-1
1006001000	-2	1098	130.667	343.027	176.75	278.698	47.667	0.471	227	284.383	141.889	236.875	0	0	4	9	9	0	1098	84	0	-2	-2	0	0	-2	6	4	5	5	813	448	85	48	-2	48	47	48	-2	-2	-2	-2	-2	-2	62	79	64	26	873	508	143	61	-1
1006001000	-2	1581	188.222	493.102	173.25	274.936	49.333	0.471	238.75	279.902	201.778	238.75	0	0	3	9	9	43	1581	76	0	-2	-2	0	0	-2	6	5	5	5	803	438	76	48	-2	49	49	50	-2	-2	-2	-2	-2	-2	63	82	67	26	875	510	145	142	-1
1006001000	-2	1581	188.222	493.102	173.25	274.936	49.333	0.471	238.75	279.902	201.778	238.75	0	0	3	9	9	43	1581	76	0	-2	-2	0	0	-2	6	5	5	5	803	438	76	48	-2	49	49	50	-2	-2	-2	-2	-2	-2	63	82	67	26	875	510	145	142	-1
1006001000	-2	2140	306.889	667.102	174	274.629	49.667	0.943	239.875	278.942	357	239.875	0	0	3	9	9	509	2140	119	0	-2	-2	0	0	-2	6	5	5	6	803	438	80	49	-2	49	49	51	-2	-2	-2	-2	-2	-2	81	83	67	26	875	510	145	132	-1
1006001000	-2	2147	307.667	669.24	174	274.629	49.667	0.943	239.875	278.942	357	239.875	0	0	3	9	9	509	2147	119	0	-2	-2	0	0	-2	6	5	5	6	803	438	80	49	-2	49	49	51	-2	-2	-2	-2	-2	-2	81	83	67	26	875	510	145	132	-1
1006001000	-2	2626	698.111	1027.917	175.125	274.67	51.667	0.471	245.875	277.422	714	245.875	0	0	3	9	9	1450	2626	2213	0	-2	-2	0	0	-2	6	5	5	6	804	439	82	54	-2	51	52	52	-2	-2	-2	-2	-2	-2	85	89	86	26	878	513	148	142	-1
1006001000	-2	2626	698.111	1027.917	175.125	274.67	51.667	0.471	245.875	277.422	714	245.875	0	0	3	9	9	1450	2626	2213	0	-2	-2	0	0	-2	6	5	5	6	804	439	82	54	-2	51	52	52	-2	-2	-2	-2	-2	-2	85	89	86	26	878	513	148	142	-1
1006001000	-2	2471	752.556	1069.808	175.375	271.51	52.333	0.471	246.625	276.989	812.111	246.625	0	0	3	9	9	2076	2471	2232	0	-2	-2	0	0	-2	6	6	5	6	798	433	86	63	-2	52	53	52	-2	-2	-2	-2	-2	-2	87	90	87	27	878	513	148	143	-1
1006001000	-2	2471	752.556	1069.808	175.375	271.51	52.333	0.471	246.625	276.989	812.111	246.625	0	0	3	9	9	2076	2471	2232	0	-2	-2	0	0	-2	6	6	5	6	798	433	86	63	-2	52	53	52	-2	-2	-2	-2	-2	-2	87	90	87	27	878	513	148	143	-1
1006001000	-2	1981	500.889	752.541	133.125	185.423	51.333	0.471	199	180.986	669.222	199	0	0	3	9	9	1600	933	1981	0	-2	-2	0	0	-2	6	6	6	6	482	417	85	57	-2	51	52	51	-2	-2	-2	-2	-2	-2	85	88	85	27	494	518	153	142	-1
1006001000	-2	1981	500.889	752.541	133.125	185.423	51.333	0.471	199	180.986	669.222	199	0	0	3	9	9	1600	933	1981	0	-2	-2	0	0	-2	6	6	6	6	482	417	85	57	-2	51	52	51	-2	-2	-2	-2	-2	-2	85	88	85	27	494	518	153	142	-1
1006001000	-2	231	32.667	71.671	82.75	137.757	56.667	2.494	165.5	123.472	332	165.5	0	0	4	9	9	23	44	231	0	-2	0	0	0	-2	8	10	7	7	439	93	58	40	-2	56	54	60	-2	-2	-2	-2	-2	-2	75	74	94	190	474	109	177	131	-1
1006005000	-2	407	95.556	162.791	7.25	1.09	56.667	2.625	45.75	32.236	394.111	381.5	0	0	5	9	9	388	67	407	0	0	0	0	0	-2	9	7	7	6	-2	-2	-2	-2	-2	58	53	59	-2	-2	-2	-2	-2	-2	87	85	90	20	21	21	21	21	-1
1006004000	-2	3312	911.889	1313.122	243.6	472.702	57.667	2.625	198.625	389.04	1183.111	376	0	0	4	9	9	2578	3312	2321	0	-2	0	0	0	-2	10	7	6	6	1189	-2	-2	-2	-2	60	54	59	-2	-2	-2	-2	-2	-2	95	90	97	20	1224	21	21	21	-1
1006004000	-2	3267	908.333	1305.727	243.6	472.702	57.667	2.625	198.625	389.04	1183.111	376	0	0	4	9	9	2584	3267	2328	0	-2	0	0	0	-2	10	7	6	6	1189	-2	-2	-2	-2	60	54	59	-2	-2	-2	-2	-2	-2	95	90	97	20	1224	21	21	21	-1
1006004000	-2	4832	1245	1819.531	162.8	310.607	56.333	3.682	154.375	272.827	1245.333	245.5	0	0	4	9	9	3369	4832	3008	0	-2	0	0	0	-2	11	6	5	8	784	-2	-2	-2	-2	61	52	56	-2	-2	-2	-2	-2	-2	95	90	92	24	871	21	21	21	-1
1006004000	-2	4832	1245	1819.531	162.8	310.607	56.333	3.682	154.375	272.827	1245.333	245.5	0	0	4	9	9	3369	4832	3008	0	-2	0	0	0	-2	11	6	5	8	784	-2	-2	-2	-2	61	52	56	-2	-2	-2	-2	-2	-2	95	90	92	24	871	21	21	21	-1
1006003000	-2	1865	315.667	627.324	85.167	165.222	49	0	113	145.261	316	142.375	0	0	5	9	9	0	1865	980	0	-2	0	0	0	-2	9	4	5	7	454	-2	-2	32	-2	49	49	49	-2	-2	-2	-2	-2	-2	63	81	78	25	486	21	21	129	-1
1006003000	-2	1865	315.667	627.324	85.167	165.222	49	0	113	145.261	316	142.375	0	0	5	9	9	0	1865	980	0	-2	0	0	0	-2	9	4	5	7	454	-2	-2	32	-2	49	49	49	-2	-2	-2	-2	-2	-2	63	81	78	25	486	21	21	129	-1
1006001000	-2	889	168.778	322.913	172.375	273.66	48.667	0.943	240.25	281.595	169.333	240.25	0	0	4	9	9	0	889	636	0	-2	-2	0	0	-2	9	4	5	6	800	435	71	49	-2	50	48	48	-2	-2	-2	-2	-2	-2	64	80	79	25	880	515	150	129	-1
1006001000	-2	889	168.778	322.913	172.375	273.66	48.667	0.943	240.25	281.595	169.333	240.25	0	0	4	9	9	0	889	636	0	-2	-2	0	0	-2	9	4	5	6	800	435	71	49	-2	50	48	48	-2	-2	-2	-2	-2	-2	64	80	79	25	880	515	150	129	-1
1006001000	-2	765	96.667	237.613	171.875	273.913	47.667	1.247	236.375	279.761	100.444	236.375	0	0	3	9	9	35	765	76	0	-2	-2	0	0	-2	6	4	6	6	800	435	70	48	-2	48	46	49	-2	-2	-2	-2	-2	-2	72	77	64	25	873	508	143	129	-1
1006001000	-2	765	96.667	237.613	171.875	273.913	47.667	1.247	236.375	279.761	100.444	236.375	0	0	3	9	9	35	765	76	0	-2	-2	0	0	-2	6	4	6	6	800	435	70	48	-2	48	46	49	-2	-2	-2	-2	-2	-2	72	77	64	25	873	508	143	129	-1
1006001000	-2	1137	184.778	368.358	168.75	270.166	47.667	1.247	240.5	278.236	193.778	240.5	0	0	3	9	9	49	1137	483	0	-2	-2	0	0	-2	6	4	5	6	790	425	71	43	-2	49	46	48	-2	-2	-2	-2	-2	-2	72	78	79	26	874	509	144	142	-1
1006001000	-2	1137	184.778	368.358	168.75	270.166	47.667	1.247	240.5	278.236	193.778	240.5	0	0	3	9	9	49	1137	483	0	-2	-2	0	0	-2	6	4	5	6	790	425	71	43	-2	49	46	48	-2	-2	-2	-2	-2	-2	72	78	79	26	874	509	144	142	-1
1006001000	-2	1000	123.667	310.854	169.75	270.772	47.333	1.7	228.75	284.573	128.111	239	0	0	3	9	9	49	1000	70	0	-2	-2	0	0	-2	6	4	5	6	792	427	73	45	-2	48	45	49	-2	-2	-2	-2	-2	-2	72	78	65	25	875	510	145	60	-1
1006001000	-2	1000	123.667	310.854	169.75	270.772	47.333	1.7	228.75	284.573	128.111	239	0	0	3	9	9	49	1000	70	0	-2	-2	0	0	-2	6	4	5	6	792	427	73	45	-2	48	45	49	-2	-2	-2	-2	-2	-2	72	78	65	25	875	510	145	60	-1
1006001000	-2	2009	241.111	627.231	168.875	271.185	48.333	0.943	228.125	284.915	241.778	238.75	0	0	4	9	9	0	2009	167	0	-2	-2	0	0	-2	6	4	5	5	792	427	72	40	-2	49	47	49	-2	-2	-2	-2	-2	-2	62	80	65	26	875	510	145	62	-1
1006001000	-2	2009	241.111	627.231	168.875	271.185	48.333	0.943	228.125	284.915	241.778	238.75	0	0	4	9	9	0	2009	167	0	-2	-2	0	0	-2	6	4	5	5	792	427	72	40	-2	49	47	49	-2	-2	-2	-2	-2	-2	62	80	65	26	875	510	145	62	-1
1006001000	-2	2314	445.333	847.199	167.625	268.105	48.333	0.943	243.125	280.885	459	243.125	0	0	4	9	9	0	2314	1700	0	-2	-2	0	0	-2	6	5	5	5	785	420	73	42	-2	49	47	49	-2	-2	-2	-2	-2	-2	63	81	83	26	881	516	151	144	-1
1006001000	-2	2314	445.333	847.199	167.625	268.105	48.333	0.943	243.125	280.885	459	243.125	0	0	4	9	9	0	2314	1700	0	-2	-2	0	0	-2	6	5	5	5	785	420	73	42	-2	49	47	49	-2	-2	-2	-2	-2	-2	63	81	83	26	881	516	151	144	-1
1006001000	-2	2383	690.111	988.675	166.375	265.747	50	0.816	246.625	278.748	691.222	246.625	0	0	3	9	9	1751	2383	2083	0	-2	-2	0	0	-2	6	5	5	5	779	415	74	42	-2	50	49	51	-2	-2	-2	-2	-2	-2	83	86	85	27	881	516	151	144	-1
1006001000	-2	2223	667	955.9	129.75	183.458	50.667	1.247	199.375	181.619	669	199.375	0	0	3	9	9	2223	1649	2137	0	-2	-2	0	0	-2	7	5	5	5	473	414	78	51	-2	49	52	51	-2	-2	-2	-2	-2	-2	84	88	85	27	498	517	152	144	-1
1006001000	-2	2223	667	955.9	129.75	183.458	50.667	1.247	199.375	181.619	669	199.375	0	0	3	9	9	2223	1649	2137	0	-2	-2	0	0	-2	7	5	5	5	473	414	78	51	-2	49	52	51	-2	-2	-2	-2	-2	-2	84	88	85	27	498	517	152	144	-1
1006001000	-2	1979	527	763.283	45.125	45.09	50	0.816	109	44.122	545.889	109	0	0	5	9	9	1407	1359	1979	0	0	0	0	0	-2	7	5	5	5	125	101	67	46	-2	50	51	49	-2	-2	-2	-2	-2	-2	83	86	83	27	139	134	171	149	-1
1006002000	-2	383	42.333	120.449	22.429	9.1	91.667	41.298	192.875	135.354	1117.444	199.625	0	0	5	9	9	2	0	383	-2	0	0	0	0	-2	15	-2	19	6	27	35	30	25	-2	60	-2	65	150	-2	-2	-2	-2	-2	75	21	102	497	211	189	217	231	-1
1006002000	-2	118	12.778	37.213	22.429	9.1	91.667	41.298	191.75	136.139	1117.444	199.625	0	0	5	9	9	1	0	118	-2	0	0	0	0	-2	15	-2	19	6	27	35	30	25	-2	60	-2	65	150	-2	-2	-2	-2	-2	75	21	93	497	211	189	217	231	-1
1006005000	-2	336	40.444	104.922	6.75	1.299	54	2.449	40.875	26.256	237.778	376.125	0	0	6	9	9	30	0	336	0	0	0	0	0	-2	8	6	8	5	-2	-2	-2	-2	-2	54	51	57	-2	-2	-2	-2	-2	-2	72	64	86	21	21	21	21	21	-1
1006005000	-2	290	55.889	106.571	7	1.225	53.333	1.7	43.25	29.482	399.111	238.5	0	0	6	9	9	215	0	290	0	0	0	0	0	-2	9	6	7	6	-2	-2	-2	-2	-2	54	51	55	-2	-2	-2	-2	-2	-2	88	65	88	21	21	21	21	21	-1
1006005000	-2	3248	895.333	1295.337	6.75	1.299	55	2.16	47.5	34.249	1282.556	384.25	0	0	5	9	9	3248	2099	2713	0	0	0	0	0	-2	9	6	6	6	-2	-2	-2	-2	-2	57	52	56	-2	-2	-2	-2	-2	-2	93	88	94	21	21	21	21	21	-1
1006004000	-2	4061	1019.889	1525.739	97	181.51	53	1.633	102.5	142.558	1020.333	148	0	0	4	9	9	1968	4061	3154	0	-2	0	0	0	-2	10	5	5	5	460	-2	-2	-2	-2	53	51	55	-2	-2	-2	-2	-2	-2	86	86	90	24	471	21	21	21	-1
1006002000	-2	4061	1019.889	1525.739	90.857	154.064	53	1.633	132.875	139.234	1020.333	148	0	0	4	9	9	1968	4061	3154	0	-2	0	0	0	-2	10	5	5	5	460	95	-2	56	-2	53	51	55	-2	-2	-2	-2	-2	-2	86	86	90	24	485	120	21	151	-1
1006003000	-2	1096	220.111	415.257	24.5	30.685	48.333	1.247	67.875	42.812	220.222	91.625	0	0	6	9	9	0	887	1096	0	0	0	0	0	-2	9	4	4	5	88	-2	-2	37	-2	50	47	48	-2	-2	-2	-2	-2	-2	65	79	79	25	101	21	21	152	-1
1006003000	-2	1096	220.111	415.257	24.5	30.685	48.333	1.247	67.875	42.812	220.222	91.625	0	0	6	9	9	0	887	1096	0	0	0	0	0	-2	9	4	4	5	88	-2	-2	37	-2	50	47	48	-2	-2	-2	-2	-2	-2	65	79	79	25	101	21	21	152	-1
1006001000	-2	859	160.778	302.041	167.125	269.044	48.333	1.247	245.625	282.466	161.333	245.625	0	0	3	9	9	33	561	859	0	-2	-2	0	0	-2	8	4	5	5	786	423	58	48	-2	50	47	48	-2	-2	-2	-2	-2	-2	72	78	78	25	886	521	156	149	-1
1006001000	-2	859	160.778	302.041	167.125	269.044	48.333	1.247	245.625	282.466	161.333	245.625	0	0	3	9	9	33	561	859	0	-2	-2	0	0	-2	8	4	5	5	786	423	58	48	-2	50	47	48	-2	-2	-2	-2	-2	-2	72	78	78	25	886	521	156	149	-1
1006001000	-2	854	168.333	308.06	170	271.623	49.333	1.247	240.75	279.524	171.222	240.75	0	0	3	9	9	53	854	614	0	-2	-2	0	0	-2	6	4	6	6	794	429	68	47	-2	49	48	51	-2	-2	-2	-2	-2	-2	73	79	82	26	877	512	147	130	-1
1006001000	-2	854	168.333	308.06	170	271.623	49.333	1.247	240.75	279.524	171.222	240.75	0	0	3	9	9	53	854	614	0	-2	-2	0	0	-2	6	4	6	6	794	429	68	47	-2	49	48	51	-2	-2	-2	-2	-2	-2	73	79	82	26	877	512	147	130	-1
1006001000	-2	820	161.333	295.56	89.5	152.039	48	1.633	147.375	140.024	164.111	148.875	0	0	4	9	9	48	820	588	0	-2	0	0	0	-2	5	4	5	6	480	115	60	41	-2	48	46	50	-2	-2	-2	-2	-2	-2	73	78	81	27	504	127	145	144	-1
1006001000	-2	820	161.333	295.56	89.5	152.039	48	1.633	147.375	140.024	164.111	148.875	0	0	4	9	9	48	820	588	0	-2	0	0	0	-2	5	4	5	6	480	115	60	41	-2	48	46	50	-2	-2	-2	-2	-2	-2	73	78	81	27	504	127	145	144	-1
1006001000	-2	970	180.111	334.963	88.125	149.958	47.667	1.247	147.75	140.207	182.556	150	0	0	4	9	9	57	970	598	0	-2	0	0	0	-2	5	4	5	8	474	110	60	39	-2	48	46	49	-2	-2	-2	-2	-2	-2	73	78	80	27	504	121	151	148	-1
1006001000	-2	970	180.111	334.963	88.125	149.958	47.667	1.247	147.75	140.207	182.556	150	0	0	4	9	9	57	970	598	0	-2	0	0	0	-2	5	4	5	8	474	110	60	39	-2	48	46	49	-2	-2	-2	-2	-2	-2	73	78	80	27	504	121	151	148	-1
1006001000	-2	1764	340.444	647.13	90.625	154.238	47.667	1.886	149	140.76	340.889	149	0	0	5	9	9	0	1764	1304	0	-2	0	0	0	-2	6	4	5	6	486	121	62	35	-2	49	45	49	-2	-2	-2	-2	-2	-2	63	79	82	27	505	140	151	145	-1
1006001000	-2	1764	340.444	647.13	90.625	154.238	47.667	1.886	149	140.76	340.889	149	0	0	5	9	9	0	1764	1304	0	-2	0	0	0	-2	6	4	5	6	486	121	62	35	-2	49	45	49	-2	-2	-2	-2	-2	-2	63	79	82	27	505	140	151	145	-1
1006001000	-2	2944	755.333	1111.117	162.5	260.229	49.333	1.7	246.125	279.038	759.444	246.125	0	0	3	9	9	1676	2944	2184	0	-2	-2	0	0	-2	6	5	5	6	761	409	72	36	-2	51	47	50	-2	-2	-2	-2	-2	-2	84	82	84	27	881	516	151	144	-1
1006001000	-2	2944	755.333	1111.117	162.5	260.229	49.333	1.7	246.125	279.038	759.444	246.125	0	0	3	9	9	1676	2944	2184	0	-2	-2	0	0	-2	6	5	5	6	761	409	72	36	-2	51	47	50	-2	-2	-2	-2	-2	-2	84	82	84	27	881	516	151	144	-1
1006001000	-2	2525	537.444	1006.466	83.75	143.696	49.333	1.247	152	140.152	538	152	0	0	4	9	9	5	2525	2311	0	-2	0	0	0	-2	6	5	5	6	454	103	58	33	-2	49	48	51	-2	-2	-2	-2	-2	-2	63	84	85	37	508	143	152	144	-1
1006001000	-2	2525	537.444	1006.466	83.75	143.696	49.333	1.247	152	140.152	538	152	0	0	4	9	9	5	2525	2311	0	-2	0	0	0	-2	6	5	5	6	454	103	58	33	-2	49	48	51	-2	-2	-2	-2	-2	-2	63	84	85	37	508	143	152	144	-1
1006001000	-2	2764	802.667	1145.717	54.625	65.276	49.333	0.471	119.125	52.219	809.667	119.125	0	0	5	9	9	2326	2136	2764	0	0	0	0	0	-2	6	5	5	5	204	96	70	46	-2	49	49	50	-2	-2	-2	-2	-2	-2	84	86	85	37	213	146	153	149	-1
1006001000	-2	2764	802.667	1145.717	54.625	65.276	49.333	0.471	119.125	52.219	809.667	119.125	0	0	5	9	9	2326	2136	2764	0	0	0	0	0	-2	6	5	5	5	204	96	70	46	-2	49	49	50	-2	-2	-2	-2	-2	-2	84	86	85	37	213	146	153	149	-1
1007006000	-2	0	-0.778	0.916	22	2.449	289	39	198.875	204.892	4025.444	284.875	0	0	5	9	9	0	0	0	0	-2	0	-2	-1	-2	-2	-2	-2	-2	19	25	22	-2	-2	-2	-2	-2	-2	250	-2	328	-2	-2	21	21	21	21	564	230	469	244	-1
1008005000	-2	0	-0.222	0.629	38.5	10.735	162	0	102.25	81.441	220.222	143.5	0	0	8	9	9	0	0	0	0	0	0	0	0	-2	-2	-2	-2	-2	50	48	31	25	-2	-2	-2	-2	-2	-2	-2	-2	162	-2	21	21	21	21	170	190	187	187	-1
1006003000	-2	4349	1217.778	1778.543	221.5	321.796	53.667	0.943	212.25	287.434	1291.556	242.625	0	0	3	9	9	4019	4349	2598	0	-2	-2	0	0	-2	8	5	7	6	834	469	-2	-2	-2	53	53	55	-2	-2	-2	-2	-2	-2	90	89	92	22	864	499	21	21	-1
1006003000	-2	4349	1217.778	1778.543	221.5	321.796	53.667	0.943	212.25	287.434	1291.556	242.625	0	0	3	9	9	4019	4349	2598	0	-2	-2	0	0	-2	8	5	7	6	834	469	-2	-2	-2	53	53	55	-2	-2	-2	-2	-2	-2	90	89	92	22	864	499	21	21	-1
1006004000	-2	2225	583.222	893.589	93	174.007	52.333	1.247	104	150.528	583.778	150.375	0	0	4	9	9	917	2111	2225	0	-2	0	0	0	-2	9	5	5	5	441	-2	-2	-2	-2	54	51	52	-2	-2	-2	-2	-2	-2	79	83	88	24	495	21	21	21	-1
1006004000	-2	2225	583.222	893.589	93	174.007	52.333	1.247	104	150.528	583.778	150.375	0	0	4	9	9	917	2111	2225	0	-2	0	0	0	-2	9	5	5	5	441	-2	-2	-2	-2	54	51	52	-2	-2	-2	-2	-2	-2	79	83	88	24	495	21	21	21	-1
1006003000	-2	952	107.222	298.713	19.333	22.118	48.333	2.055	65.375	43.638	107.333	101.75	0	0	6	9	9	0	15	952	0	0	0	0	0	-2	8	4	4	5	64	-2	-2	31	-2	51	46	48	-2	-2	-2	-2	-2	-2	65	60	79	36	75	21	21	166	-1
1006003000	-2	952	107.222	298.713	19.333	22.118	48.333	2.055	65.375	43.638	107.333	101.75	0	0	6	9	9	0	15	952	0	0	0	0	0	-2	8	4	4	5	64	-2	-2	31	-2	51	46	48	-2	-2	-2	-2	-2	-2	65	60	79	36	75	21	21	166	-1
1006001000	-2	723	79.889	227.376	68	117.357	48.333	1.7	127.75	105.127	80.222	127.75	0	0	6	9	9	0	0	723	0	0	-2	0	0	-2	7	4	5	5	77	372	35	39	-2	50	46	49	-2	-2	-2	-2	-2	-2	64	60	74	26	107	382	157	152	-1
1006001000	-2	723	79.889	227.376	68	117.357	48.333	1.7	127.75	105.127	80.222	127.75	0	0	6	9	9	0	0	723	0	0	-2	0	0	-2	7	4	5	5	77	372	35	39	-2	50	46	49	-2	-2	-2	-2	-2	-2	64	60	74	26	107	382	157	152	-1
1006001000	-2	618	127	240.078	160.375	260.349	47.667	2.055	244	279.604	135.556	244	0	0	4	9	9	0	618	531	0	-2	-2	0	0	-2	6	4	6	5	763	401	57	41	-2	48	45	50	-2	-2	-2	-2	-2	-2	65	75	76	42	880	515	150	149	-1
1006001000	-2	741	86.556	231.763	84.875	147	46.667	1.886	149	141.971	90.667	149	0	0	5	9	9	0	741	42	0	-2	0	0	0	-2	5	4	5	5	463	109	56	32	-2	48	44	48	-2	-2	-2	-2	-2	-2	65	76	63	37	508	143	151	149	-1
1006001000	-2	741	86.556	231.763	84.875	147	46.667	1.886	149	141.971	90.667	149	0	0	5	9	9	0	741	42	0	-2	0	0	0	-2	5	4	5	5	463	109	56	32	-2	48	44	48	-2	-2	-2	-2	-2	-2	65	76	63	37	508	143	151	149	-1
1006001000	-2	952	182.222	347.424	82.75	145.423	46.667	1.886	151.5	141.037	183.111	151.5	0	0	5	9	9	0	952	692	0	-2	0	0	0	-2	6	4	5	5	459	96	53	34	-2	48	44	48	-2	-2	-2	-2	-2	-2	61	77	80	37	508	143	153	153	-1
1006001000	-2	952	182.222	347.424	82.75	145.423	46.667	1.886	151.5	141.037	183.111	151.5	0	0	5	9	9	0	952	692	0	-2	0	0	0	-2	6	4	5	5	459	96	53	34	-2	48	44	48	-2	-2	-2	-2	-2	-2	61	77	80	37	508	143	153	153	-1
1006001000	-2	1615	332.444	625.453	84	145.222	47.667	1.886	156.125	137.186	333.444	156.125	0	0	5	9	9	0	1615	1381	0	-2	0	0	0	-2	6	4	5	5	459	98	59	36	-2	49	45	49	-2	-2	-2	-2	-2	-2	62	79	82	73	507	142	153	151	-1
1006001000	-2	1614	332.333	625.225	84	145.222	47.667	1.886	156.125	137.186	333.444	156.125	0	0	5	9	9	0	1614	1381	0	-2	0	0	0	-2	6	4	5	5	459	98	59	36	-2	49	45	49	-2	-2	-2	-2	-2	-2	62	79	82	73	507	142	153	151	-1
1006001000	-2	2164	648	933.274	84.75	144.453	48	2.16	162.125	136.74	664.444	162.125	0	0	4	9	9	1525	2164	2147	0	-2	0	0	0	-2	7	5	5	5	457	102	61	36	-2	50	45	49	-2	-2	-2	-2	-2	-2	83	80	84	74	512	147	154	163	-1
1006001000	-2	2164	648	933.274	84.75	144.453	48	2.16	162.125	136.74	664.444	162.125	0	0	4	9	9	1525	2164	2147	0	-2	0	0	0	-2	7	5	5	5	457	102	61	36	-2	50	45	49	-2	-2	-2	-2	-2	-2	83	80	84	74	512	147	154	163	-1
1006001000	-2	2190	283.778	683.56	40.375	43.526	48	2.16	110.625	39.166	284.222	110.625	0	0	6	9	9	0	2190	366	0	0	0	0	0	-2	7	5	5	5	129	86	56	30	-2	49	45	50	-2	-2	-2	-2	-2	-2	63	81	69	75	140	147	155	155	-1
1006001000	-2	2190	283.778	683.56	40.375	43.526	48	2.16	110.625	39.166	284.222	110.625	0	0	6	9	9	0	2190	366	0	0	0	0	0	-2	7	5	5	5	129	86	56	30	-2	49	45	50	-2	-2	-2	-2	-2	-2	63	81	69	75	140	147	155	155	-1
1005001000	-2	2103	237.667	659.543	31.875	31.062	68	37.543	116.625	49.497	238	116.625	0	0	5	9	9	18	2103	20	0	0	0	0	0	-2	6	5	5	4	83	74	52	26	-2	48	46	45	-2	-2	-2	-2	133	-2	62	81	60	75	140	164	194	157	-1
1005005000	-2	1044	231.222	433.114	16.75	2.487	136	22.913	126	105.039	2155.889	194.875	0	0	6	9	9	0	0	0	0	0	0	1039	1044	-2	-2	-2	-2	-2	17	20	17	13	-2	-2	-2	-2	-2	171	141	121	111	-2	21	21	21	21	229	229	228	238	-1
1005005000	-2	1044	231.222	433.114	16.75	2.487	136	22.913	126	105.039	2155.889	194.875	0	0	6	9	9	0	0	0	0	0	0	1039	1044	-2	-2	-2	-2	-2	17	20	17	13	-2	-2	-2	-2	-2	171	141	121	111	-2	21	21	21	21	229	229	228	238	-1
1006002000	-2	801	169.889	271.459	87.714	151.725	46.333	0.471	125.75	150.495	320.667	155.625	0	0	4	9	9	448	801	284	0	-2	0	0	0	-2	6	4	5	5	452	87	-2	55	-2	47	46	46	-2	-2	-2	-2	-2	-2	78	78	80	24	512	147	21	66	-1
1006004000	-2	2686	328.667	837.607	22.6	34.226	48.667	1.247	56.625	37.044	337.556	110.125	0	0	5	9	9	6	268	2686	0	0	0	0	0	-2	8	4	5	5	91	-2	-2	-2	-2	50	49	47	-2	-2	-2	-2	-2	-2	64	77	81	36	132	21	21	21	-1
1006002000	-2	1399	155.222	439.742	19.429	17.451	47.333	1.247	75.875	43.282	155.333	112.625	0	0	7	9	9	0	0	1399	0	0	0	0	0	-2	8	4	5	5	52	34	-2	28	-2	49	47	46	-2	-2	-2	-2	-2	-2	63	60	79	98	64	46	21	176	-1
1006002000	-2	1313	145.667	412.715	19.571	17.524	47.333	1.247	76.5	43.02	155.333	112.625	0	0	7	9	9	0	0	1313	0	0	0	0	0	-2	8	4	5	5	52	34	-2	29	-2	49	47	46	-2	-2	-2	-2	-2	-2	63	60	79	98	67	48	21	176	-1
1006001000	-2	1051	116.556	330.377	25.875	22.552	47	0.816	102.75	40.245	116.667	102.75	0	0	7	9	9	0	0	1051	0	0	0	0	0	-2	7	4	5	5	67	46	32	41	-2	48	46	47	-2	-2	-2	-2	-2	-2	61	60	77	90	108	92	158	176	-1
1006001000	-2	1051	116.556	330.377	25.875	22.552	47	0.816	102.75	40.245	116.667	102.75	0	0	7	9	9	0	0	1051	0	0	0	0	0	-2	7	4	5	5	67	46	32	41	-2	48	46	47	-2	-2	-2	-2	-2	-2	61	60	77	90	108	92	158	176	-1
1006001000	-2	950	129.333	297.884	28.375	26.514	46	0.816	96.25	40.155	141.222	96.25	0	0	6	9	9	0	216	950	0	0	0	0	0	-2	5	4	5	4	70	67	35	37	-2	46	45	47	-2	-2	-2	-2	-2	-2	60	75	78	43	107	90	153	164	-1
1006001000	-2	870	117.889	272.656	28.375	26.514	46	0.816	96.25	40.155	141.222	96.25	0	0	6	9	9	0	193	870	0	0	0	0	0	-2	5	4	5	4	70	67	35	37	-2	46	45	47	-2	-2	-2	-2	-2	-2	60	75	78	43	107	90	153	164	-1
1005001000	-2	696	77.667	218.621	29.25	29.128	68.5	40.728	106.75	40.471	83.333	106.75	0	0	6	9	9	0	5	696	0	0	0	0	0	-2	5	4	4	5	73	78	36	29	-2	45	43	47	-2	-2	-2	-2	139	-2	59	56	78	89	108	143	158	163	-1
1005001000	-2	745	83.222	233.983	29.25	29.128	68.5	40.728	106.75	40.471	83.333	106.75	0	0	6	9	9	0	6	745	0	0	0	0	0	-2	5	4	4	5	73	78	36	29	-2	45	43	47	-2	-2	-2	-2	139	-2	59	56	78	89	108	143	158	163	-1
1005001000	-2	967	107.667	303.824	29.875	28.498	68.25	40.276	109.25	42.787	107.889	109.25	0	0	6	9	9	4	0	967	0	0	0	0	0	-2	6	4	5	5	75	73	41	30	-2	45	44	46	-2	-2	-2	-2	138	-2	59	58	77	89	108	161	159	163	-1
1005001000	-2	967	107.667	303.824	29.875	28.498	68.25	40.276	109.25	42.787	107.889	109.25	0	0	6	9	9	4	0	967	0	0	0	0	0	-2	6	4	5	5	75	73	41	30	-2	45	44	46	-2	-2	-2	-2	138	-2	59	58	77	89	108	161	159	163	-1
1005001000	-2	1211	206.222	393.04	33.125	33.461	69.75	39.996	112.125	40.836	218.333	112.125	0	0	5	9	9	544	103	1211	0	0	0	0	0	-2	6	4	5	5	96	73	48	28	-2	48	45	47	-2	-2	-2	-2	139	-2	78	61	79	76	121	161	158	163	-1
1005001000	-2	1211	206.222	393.04	33.125	33.461	69.75	39.996	112.125	40.836	218.333	112.125	0	0	5	9	9	544	103	1211	0	0	0	0	0	-2	6	4	5	5	96	73	48	28	-2	48	45	47	-2	-2	-2	-2	139	-2	78	61	79	76	121	161	158	163	-1
1005001000	-2	1510	448.333	603.877	28.25	28.265	63	31.209	115.25	39.745	466.111	115.25	0	0	4	9	9	855	1510	1420	0	0	0	0	252	-2	6	4	5	5	75	67	48	16	-2	47	43	45	-2	-2	-2	-2	117	-2	80	76	78	76	123	166	159	164	-1
1005001000	-2	1516	451	606.947	28.25	28.265	63	31.209	115.25	39.745	466.111	115.25	0	0	4	9	9	872	1516	1423	0	0	0	0	250	-2	6	4	5	5	75	67	48	16	-2	47	43	45	-2	-2	-2	-2	117	-2	80	76	78	76	123	166	159	164	-1
1005001000	-2	919	188.667	317.138	24.75	23.621	63	30.058	119	50.2	202.778	119	0	0	4	9	9	919	38	144	0	0	0	0	599	-2	6	5	5	5	64	55	44	14	-2	48	45	44	-2	-2	-2	-2	115	-2	78	60	68	77	141	165	192	171	-1
1005002000	-2	1015	130.111	316.616	37.286	24.915	81	40.237	135.375	69.651	1236.444	139.875	0	0	5	9	9	0	2	0	0	0	0	156	1015	-2	-2	4	4	71	66	48	38	30	-2	-2	42	42	-2	-2	-2	134	106	-2	21	62	58	175	188	189	191	199	-1
1006002000	-2	1408	156.222	442.571	25.857	26.67	47.667	0.471	68.625	36.294	470.222	112.625	0	0	7	9	9	0	0	1408	0	0	0	0	0	-2	7	4	5	5	78	48	-2	34	-2	48	48	47	-2	-2	-2	-2	-2	-2	62	61	80	43	154	59	21	69	-1
1005002000	-2	1005	111.444	315.92	17.571	16.256	65.75	33.633	97.375	48.376	117.111	116.25	0	0	7	9	9	0	0	1005	0	0	0	0	0	-2	7	4	4	5	50	26	-2	27	-2	46	46	47	-2	-2	-2	-2	124	-2	60	59	79	125	113	144	21	178	-1
1005001000	-2	1055	117	331.634	18.375	15.337	65.75	33.633	116.25	44.169	117.111	116.25	0	0	7	9	9	0	0	1055	0	0	0	0	0	-2	7	4	4	5	50	26	26	25	-2	46	46	47	-2	-2	-2	-2	124	-2	60	59	79	125	113	144	172	178	-1
1005001000	-2	834	92.778	262.064	22.375	18.439	73.5	48.788	114.375	44.922	93.111	114.375	0	0	6	9	9	0	3	834	0	0	0	0	0	-2	6	5	5	5	54	40	27	37	-2	45	45	46	-2	-2	-2	-2	158	-2	59	59	77	98	129	144	171	178	-1
1005001000	-2	834	92.778	262.064	22.375	18.439	73.5	48.788	114.375	44.922	93.111	114.375	0	0	6	9	9	0	3	834	0	0	0	0	0	-2	6	5	5	5	54	40	27	37	-2	45	45	46	-2	-2	-2	-2	158	-2	59	59	77	98	129	144	171	178	-1
1005001000	-2	652	72.222	204.983	22.75	19.492	64.25	35.668	115.125	46.865	78.667	115.125	0	0	7	9	9	0	0	652	0	0	0	0	0	-2	5	4	5	4	56	43	33	32	-2	44	42	45	-2	-2	-2	-2	126	-2	58	56	76	96	130	158	169	178	-1
1005001000	-2	632	70	198.698	22.75	19.492	64.25	35.668	115.125	46.865	78.667	115.125	0	0	7	9	9	0	0	632	0	0	0	0	0	-2	5	4	5	4	56	43	33	32	-2	44	42	45	-2	-2	-2	-2	126	-2	58	56	76	96	130	158	169	178	-1
1004001000	-2	859	102.333	268.273	22.25	19.816	77.4	42.884	108.25	41.832	112.889	108.25	0	0	6	9	9	0	0	859	0	0	0	0	64	-2	5	4	4	5	59	43	31	27	-2	42	42	44	-2	-2	-2	138	121	-2	56	56	75	91	121	144	158	165	-1
1004001000	-2	859	102.333	268.273	22.25	19.816	77.4	42.884	108.25	41.832	112.889	108.25	0	0	6	9	9	0	0	859	0	0	0	0	64	-2	5	4	4	5	59	43	31	27	-2	42	42	44	-2	-2	-2	138	121	-2	56	56	75	91	121	144	158	165	-1
1004001000	-2	99	19.444	32.16	21.25	18.666	78.4	43.251	111.625	46.195	66.667	111.625	0	0	4	9	9	8	49	21	0	0	0	0	99	-2	6	4	4	5	56	41	31	23	-2	44	42	44	-2	-2	-2	139	123	-2	58	63	57	91	136	163	160	165	-1
1004001000	-2	966	225.889	317.408	20.875	18.299	76.6	40.153	118.125	42.224	309.444	118.125	0	0	4	9	9	538	300	966	0	0	0	0	231	-2	6	4	4	5	50	48	28	22	-2	45	42	45	-2	-2	-2	132	119	-2	77	64	77	91	140	166	160	170	-1
1004001000	-2	966	225.889	317.408	20.875	18.299	76.6	40.153	118.125	42.224	309.444	118.125	0	0	4	9	9	538	300	966	0	0	0	0	231	-2	6	4	4	5	50	48	28	22	-2	45	42	45	-2	-2	-2	132	119	-2	77	64	77	91	140	166	160	170	-1
1004001000	-2	1648	304.444	545.916	18.625	16.703	75.2	39.867	116.125	44.971	311.222	116.125	0	0	4	9	9	877	46	171	0	0	0	0	1648	-2	6	4	4	6	47	43	26	13	-2	46	42	43	-2	-2	-2	138	107	-2	78	58	68	86	141	167	161	170	-1
1004001000	-2	1648	304.444	545.916	18.625	16.703	75.2	39.867	116.125	44.971	311.222	116.125	0	0	4	9	9	877	46	171	0	0	0	0	1648	-2	6	4	4	6	47	43	26	13	-2	46	42	43	-2	-2	-2	138	107	-2	78	58	68	86	141	167	161	170	-1
1006002000	-2	1888	209.556	593.42	39.857	25.447	66.667	34.884	137	72.882	901.778	141.5	0	0	7	9	9	0	0	0	0	0	0	0	1888	-2	-2	4	4	38	76	61	54	42	-2	-2	42	42	-2	-2	-2	-2	116	-2	21	56	58	210	170	192	204	185	-1
1005001000	-2	1159	224.667	420.579	20.375	16.844	59	22.528	132.5	53	773.889	132.5	0	0	5	9	9	27	0	1159	0	0	0	0	838	-2	6	4	5	5	52	34	30	27	-2	47	46	45	-2	-2	-2	-2	98	-2	61	60	77	150	165	191	171	185	-1
1005001000	-2	1554	206.444	485.911	14.875	12.673	61	27.713	111.625	57.21	225.333	127.75	0	0	6	9	9	0	0	306	0	0	0	0	1554	-2	7	5	4	5	44	22	14	18	-2	45	45	45	-2	-2	-2	-2	109	-2	58	59	72	125	155	195	44	185	-1
1005001000	-2	1514	211.444	476.41	14.875	12.673	61	27.713	111.625	57.21	225.333	127.75	0	0	6	9	9	0	0	391	0	0	0	0	1514	-2	7	5	4	5	44	22	14	18	-2	45	45	45	-2	-2	-2	-2	109	-2	58	59	72	125	155	195	44	185	-1
1003001000	-2	559	93.444	186.95	19	15.882	87.167	42.514	130	54.85	117.222	130	0	0	6	9	9	0	0	284	0	0	0	0	559	-2	5	5	4	5	49	34	23	27	-2	46	44	46	114	-2	-2	138	135	-2	59	58	71	138	155	196	179	184	-1
1005005000	-2	3999	665.111	1235.61	11	0.707	102.25	1.09	98.5	79.8	5105.333	153	0	0	4	9	9	0	0	0	0	3999	1147	594	248	-2	-2	-2	-2	-2	10	11	12	11	-2	-2	-2	-2	-2	102	102	104	101	-2	21	21	21	21	206	199	155	144	-1
1005005000	-2	3236	910.333	1207.708	13.5	1.658	102.5	8.617	112	97.631	3065.333	141	0	0	4	9	9	0	0	0	0	2759	3236	1302	898	-2	-2	-2	-2	-2	11	15	15	13	-2	-2	-2	-2	-2	115	104	100	91	-2	21	21	21	21	282	205	178	147	-1
1004004000	-2	5343	1506.778	1880.231	14.4	5.817	95.4	28.253	144.75	129.276	3362.111	169.125	0	0	4	9	9	0	0	0	0	3294	5343	3063	1863	-2	-2	4	-2	-2	12	18	19	19	-2	-2	42	-2	-2	120	113	110	92	-2	21	55	21	21	344	333	212	151	-1
1005001000	-2	3347	442.222	1032.338	36.125	31.553	69	40.447	140.375	51.708	834.444	151.375	0	0	4	9	9	3347	293	220	0	0	0	0	122	-2	5	5	5	13	90	69	58	44	-2	47	43	47	-2	-2	-2	-2	139	-2	85	77	80	122	171	194	204	190	-1
1004001000	-2	2188	440.222	741.982	20.125	16.167	79.2	40.321	140.375	57.046	452.111	140.375	0	0	5	9	9	479	0	1297	0	0	0	0	2188	-2	5	5	5	5	45	39	34	23	-2	48	47	47	143	-2	-2	-2	111	-2	66	61	79	170	172	195	172	208	-1
1004001000	-2	2123	382.444	681.183	20.125	16.167	79.2	40.321	140.375	57.046	452.111	140.375	0	0	5	9	9	423	0	898	0	0	0	0	2123	-2	5	5	5	5	45	39	34	23	-2	48	47	47	143	-2	-2	-2	111	-2	66	61	79	170	172	195	172	208	-1
1002001000	-2	2139	351.556	661.697	11.375	9.823	83.571	40.024	134.25	60.299	360.778	134.25	0	0	4	9	9	0	0	77	576	0	0	374	2139	-2	6	4	4	5	35	17	10	10	-2	43	44	44	78	-2	153	115	108	-2	57	58	63	159	156	196	176	209	-1
