1006001000	-2	993	310.889	441.781	229	292.276	102.333	4.643	289.375	266.618	2431.333	289.375	0	0	3	9	9	993	890	921	0	-2	-2	0	0	-2	39	32	22	46	886	521	158	128	-2	107	104	96	-2	-2	-2	-2	-2	-2	147	145	137	84	903	538	173	188	-1
1006002000	-2	1009	227.444	349.711	246.143	307.885	105.667	1.247	266.625	277.66	2064	291.375	0	0	3	9	9	1009	482	562	0	-2	-2	0	0	-2	44	36	25	55	886	521	156	-2	-2	104	107	106	-2	-2	-2	-2	-2	-2	145	145	144	82	897	532	167	21	-1
1007002000	-2	1184	185.333	384.828	254.571	304.578	96.5	2.5	265.875	286.071	1106.778	288.5	0	0	4	9	9	490	1184	0	0	-2	-2	0	0	-2	39	37	-2	26	888	523	159	110	-2	99	94	-2	-2	-2	-2	-2	-2	-2	132	130	21	82	912	547	182	121	-1
1007002000	-2	1184	185.333	384.828	254.571	304.578	96.5	2.5	265.875	286.071	1106.778	288.5	0	0	4	9	9	490	1184	0	0	-2	-2	0	0	-2	39	37	-2	26	888	523	159	110	-2	99	94	-2	-2	-2	-2	-2	-2	-2	132	130	21	82	912	547	182	121	-1
1007002000	-2	544	96.667	189.563	392	436.681	98.5	1.5	404.5	436.149	1103.111	425.75	0	0	3	9	9	544	334	0	0	-2	-2	-2	0	-2	36	37	-2	28	1207	842	477	117	-2	100	97	-2	-2	-2	-2	-2	-2	-2	131	132	21	82	1279	914	549	128	-1
1007002000	-2	544	96.667	189.563	392	436.681	98.5	1.5	404.5	436.149	1103.111	425.75	0	0	3	9	9	544	334	0	0	-2	-2	-2	0	-2	36	37	-2	28	1207	842	477	117	-2	100	97	-2	-2	-2	-2	-2	-2	-2	131	132	21	82	1279	914	549	128	-1
1009002000	-2	0	-0.889	0.994	394.571	439.357	-0.01	-0.01	373.5	449.874	666.111	413.25	0	0	5	9	9	0	0	0	0	-2	-2	-2	0	-2	36	29	35	-2	1213	848	483	118	-2	-2	-2	-2	-2	-2	-2	-2	-2	-2	47	37	46	21	1269	902	537	129	-1
1009002000	-2	0	-0.889	0.994	394.571	439.357	-0.01	-0.01	373.5	449.874	666.111	413.25	0	0	5	9	9	0	0	0	0	-2	-2	-2	0	-2	36	29	35	-2	1213	848	483	118	-2	-2	-2	-2	-2	-2	-2	-2	-2	-2	47	37	46	21	1269	902	537	129	-1
1007002000	-2	809	142.556	279.667	396	439.839	98	1	389.75	421.927	995.778	417	0	0	3	9	9	482	809	0	0	-2	-2	-2	0	-2	40	26	-2	36	1215	850	485	120	-2	99	97	-2	-2	-2	-2	-2	-2	-2	132	133	21	82	1262	861	496	131	-1
1008004000	-2	599	65.667	188.564	539.2	446.171	97	0	364.125	429.135	995.778	417	0	0	4	9	9	0	599	0	0	-2	-2	-2	0	-2	-2	26	-2	-2	1215	850	485	120	-2	-2	97	-2	-2	-2	-2	-2	-2	-2	21	133	21	21	1229	861	496	131	-1
1007001000	-2	1035	158.444	334.083	349.125	431.242	98.5	1.5	389.75	410.47	881.778	415.875	0	0	3	9	9	399	1035	0	0	-2	-2	-2	0	-2	38	24	36	16	1217	852	487	123	-2	100	97	-2	-2	-2	-2	-2	-2	-2	133	134	47	81	1228	863	498	134	-1
1006001000	-2	1360	369.778	534.975	226.25	293.505	108.333	2.055	289.125	262.66	3799.778	289.125	0	0	3	9	9	1052	922	1360	0	-2	-2	0	0	-2	39	30	21	29	885	520	158	128	-2	111	106	108	-2	-2	-2	-2	-2	-2	159	159	158	83	896	531	166	161	-1
1006001000	-2	731	203.889	294.031	231.625	291.551	110	6.164	288.625	264.716	2345	294.25	0	0	3	9	9	525	585	731	0	-2	-2	0	0	-2	48	35	26	51	888	523	158	124	-2	117	102	111	-2	-2	-2	-2	-2	-2	155	141	151	82	899	534	169	178	-1
1006001000	-2	2219	314.778	688.162	365.875	426.477	118.333	4.19	415	399.647	1545.667	437.625	0	0	2	9	9	176	446	2219	0	-2	-2	-2	0	-2	57	41	47	53	1227	862	497	143	-2	124	114	117	-2	-2	-2	-2	-2	-2	160	151	155	81	1238	873	508	154	-1
1006002000	-2	3450	793.111	1205.166	403.571	452.518	119.333	4.11	411.5	427.895	1468.778	436.625	0	0	2	9	9	1835	1861	3450	0	-2	-2	-2	0	-2	56	44	57	43	1240	875	510	-2	-2	124	114	120	-2	-2	-2	-2	-2	-2	159	151	157	80	1273	908	543	21	-1
1006002000	-2	3450	793.111	1205.166	403.571	452.518	119.333	4.11	411.5	427.895	1468.778	436.625	0	0	2	9	9	1835	1861	3450	0	-2	-2	-2	0	-2	56	44	57	43	1240	875	510	-2	-2	124	114	120	-2	-2	-2	-2	-2	-2	159	151	157	80	1273	908	543	21	-1
1006001000	-2	7083	1781.667	2620.755	233.875	291.425	115.667	3.859	285.625	267.247	1810.889	297.75	0	0	3	9	9	4264	7083	4694	0	-2	-2	0	0	-2	46	41	51	30	890	525	160	128	-2	121	114	112	-2	-2	-2	-2	-2	-2	157	153	148	80	901	536	171	139	-1
1007002000	-2	4602	556.778	1436.068	241.857	296.565	97.5	1.5	251.5	272.435	971.667	288.375	0	0	4	9	9	415	4602	0	0	-2	-2	0	0	-2	37	28	-2	25	863	498	133	109	-2	99	96	-2	-2	-2	-2	-2	-2	-2	131	133	21	80	874	509	144	120	-1
1007002000	-2	4602	556.778	1436.068	241.857	296.565	97.5	1.5	251.5	272.435	971.667	288.375	0	0	4	9	9	415	4602	0	0	-2	-2	0	0	-2	37	28	-2	25	863	498	133	109	-2	99	96	-2	-2	-2	-2	-2	-2	-2	131	133	21	80	874	509	144	120	-1
1007002000	-2	1647	240.333	523.594	387	437.484	97.5	2.5	405	437.196	894	424.875	0	0	3	9	9	524	1647	0	0	-2	-2	-2	0	-2	36	22	-2	25	1203	838	473	112	-2	100	95	-2	-2	-2	-2	-2	-2	-2	131	130	21	81	1281	916	551	129	-1
1007002000	-2	1648	240.444	523.893	387	437.484	97.5	2.5	405	437.196	894	424.875	0	0	3	9	9	524	1648	0	0	-2	-2	-2	0	-2	36	22	-2	25	1203	838	473	112	-2	100	95	-2	-2	-2	-2	-2	-2	-2	131	130	21	81	1281	916	551	129	-1
1007002000	-2	1213	207.778	411.645	388.429	437.9	96.5	3.5	404	437.158	929	424.625	0	0	3	9	9	665	1213	0	0	-2	-2	-2	0	-2	37	22	-2	28	1205	840	475	112	-2	100	93	-2	-2	-2	-2	-2	-2	-2	133	129	21	81	1280	915	550	123	-1
1006001000	-2	1580	371.889	565.993	342	427.677	96.667	3.3	424.625	422.221	929	424.625	0	0	2	9	9	720	1580	1055	0	-2	-2	-2	0	-2	37	22	35	10	1205	840	475	112	-2	101	93	96	-2	-2	-2	-2	-2	-2	133	129	124	81	1280	915	550	185	-1
1006001000	-2	1895	426.556	662.87	342.875	427.241	95.333	2.867	425	421.954	843.556	425	0	0	2	9	9	1195	1895	757	0	-2	-2	-2	0	-2	37	21	35	10	1205	840	475	120	-2	99	92	95	-2	-2	-2	-2	-2	-2	132	129	128	81	1280	915	550	185	-1
1006001000	-2	1346	272.889	444.838	345.875	424.972	95.667	3.3	420.5	423.625	843.556	425	0	0	2	9	9	644	1346	474	0	-2	-2	-2	0	-2	38	21	35	33	1205	840	475	120	-2	100	92	95	-2	-2	-2	-2	-2	-2	133	129	128	81	1280	915	541	157	-1
1006001000	-2	1609	430.667	656.576	344.25	428.471	96.667	2.494	406.5	415.855	926.889	423.375	0	0	2	9	9	1609	1569	706	0	-2	-2	-2	0	-2	35	21	35	10	1208	843	478	124	-2	100	94	96	-2	-2	-2	-2	-2	-2	133	130	129	81	1276	866	501	136	-1
1006001000	-2	2002	483.111	722.662	344.25	428.471	96.667	2.494	423.375	420.237	926.889	423.375	0	0	2	9	9	1282	2002	1072	0	-2	-2	-2	0	-2	35	21	35	10	1208	843	478	124	-2	100	94	96	-2	-2	-2	-2	-2	-2	133	130	129	81	1276	911	546	181	-1
1006001000	-2	1698	433.222	690.181	351.375	432.705	99.667	2.055	428.125	420.41	990	428.125	0	0	2	9	9	1676	1698	533	0	-2	-2	-2	0	-2	35	28	37	11	1221	856	491	132	-2	100	97	102	-2	-2	-2	-2	-2	-2	134	135	136	86	1281	916	551	186	-1
1006001000	-2	1798	461	720.644	351.375	432.705	99.667	2.055	428.125	420.41	990	428.125	0	0	2	9	9	1798	1714	645	0	-2	-2	-2	0	-2	35	28	37	11	1221	856	491	132	-2	100	97	102	-2	-2	-2	-2	-2	-2	134	135	136	86	1281	916	551	186	-1
1006001000	-2	2758	579.778	921.989	356.375	430.566	103	0	416	420.17	1085	416	0	0	2	9	9	1343	2758	1125	0	-2	-2	-2	0	-2	36	44	51	11	1223	858	493	135	-2	103	103	103	-2	-2	-2	-2	-2	-2	139	144	138	29	1267	902	537	172	-1
1006001000	-2	4208	953	1466.022	357.5	428.2	107.667	1.247	417.875	407.125	1210.222	417.875	0	0	2	9	9	2528	4208	1849	0	-2	-2	-2	0	-2	37	51	54	18	1221	856	491	132	-2	106	108	109	-2	-2	-2	-2	-2	-2	143	151	144	87	1252	887	522	157	-1
1006001000	-2	3502	890.222	1317.552	357.5	428.2	107.667	1.247	417.875	407.125	1210.222	417.875	0	0	2	9	9	2637	3502	1881	0	-2	-2	-2	0	-2	37	51	54	18	1221	856	491	132	-2	106	108	109	-2	-2	-2	-2	-2	-2	143	151	144	87	1252	887	522	157	-1
1006001000	-2	5060	1220	1901.799	230.375	290.45	106.333	1.7	299.125	274.317	1373.667	299.125	0	0	3	9	9	4143	5060	1783	0	-2	-2	0	0	-2	28	51	46	36	885	520	157	120	-2	104	108	107	-2	-2	-2	-2	-2	-2	144	153	142	80	926	561	196	191	-1
1006001000	-2	5218	1133.333	1780.36	228.5	289.288	104.333	3.771	298.875	274.997	1362.889	298.875	0	0	3	9	9	2952	5218	2036	0	-2	-2	0	0	-2	25	47	45	38	881	516	152	124	-2	99	107	107	-2	-2	-2	-2	-2	-2	139	151	143	81	927	562	197	191	-1
1006001000	-2	3884	985.333	1446.981	221.125	285.715	100.667	5.558	297.625	276.795	1097.667	297.625	0	0	3	9	9	2647	3884	2343	0	-2	-2	0	0	-2	25	30	42	36	867	502	146	121	-2	93	106	103	-2	-2	-2	-2	-2	-2	132	148	140	81	929	564	199	188	-1
1006001000	-2	3839	972	1428.286	221.125	285.715	100.667	5.558	297.625	276.795	1097.667	297.625	0	0	3	9	9	2610	3839	2305	0	-2	-2	0	0	-2	25	30	42	36	867	502	146	121	-2	93	106	103	-2	-2	-2	-2	-2	-2	132	148	140	81	929	564	199	188	-1
1006001000	-2	1460	324.778	501.75	223.25	291.511	107.667	5.793	288.125	263.715	3534.667	288.125	0	0	3	9	9	782	687	1460	0	-2	-2	0	0	-2	41	29	23	26	879	514	152	122	-2	109	100	114	-2	-2	-2	-2	-2	-2	154	149	162	83	897	532	167	161	-1
1006002000	-2	1018	210.222	341.636	261.286	318.63	114	6.976	281.25	287.643	2223.222	303.125	0	0	3	9	9	329	551	1018	0	-2	-2	0	0	-2	55	35	29	54	917	552	187	-2	-2	122	105	115	-2	-2	-2	-2	-2	-2	160	144	155	81	928	563	198	21	-1
1006001000	-2	1844	252	570.211	235.125	288.647	116.333	5.437	285.75	264.938	1598	295	0	0	3	9	9	265	165	1844	0	-2	-2	0	0	-2	55	37	34	51	886	521	156	141	-2	122	109	118	-2	-2	-2	-2	-2	-2	157	144	155	82	897	532	167	152	-1
1006001000	-2	1348	187	416.424	235.125	288.647	116.333	5.437	285.75	264.938	1598	295	0	0	3	9	9	179	162	1348	0	-2	-2	0	0	-2	55	37	34	51	886	521	156	141	-2	122	109	118	-2	-2	-2	-2	-2	-2	157	144	155	82	897	532	167	152	-1
1007002000	-2	6703	1380.667	2595.261	416.571	445.245	121	5	413	429.14	1939.778	436	0	0	3	9	9	5731	6703	0	0	-2	-2	-2	0	-2	56	45	-2	35	1242	877	512	149	-2	126	116	-2	-2	-2	-2	-2	-2	-2	164	157	21	52	1275	910	545	180	-1
1008002000	-2	1928	213.556	606.148	239.857	291.556	101	0	235.5	276.259	1255.667	296.5	0	0	5	9	9	1928	0	0	0	-2	-2	0	0	-2	37	38	-2	25	853	488	130	108	-2	101	-2	-2	-2	-2	-2	-2	-2	-2	138	49	21	53	864	499	141	119	-1
1008002000	-2	1928	213.556	606.148	239.857	291.556	101	0	235.5	276.259	1255.667	296.5	0	0	5	9	9	1928	0	0	0	-2	-2	0	0	-2	37	38	-2	25	853	488	130	108	-2	101	-2	-2	-2	-2	-2	-2	-2	-2	138	49	21	53	864	499	141	119	-1
1007002000	-2	3931	541.333	1234.333	244.857	299.197	98	2	255.875	274.104	473.889	277.25	0	0	4	9	9	947	3931	0	0	-2	-2	0	0	-2	35	32	-2	23	870	505	142	107	-2	100	96	-2	-2	-2	-2	-2	-2	-2	132	133	21	81	881	516	153	130	-1
1006001000	-2	4066	667.556	1318.205	218.75	288.271	99	2.16	282.375	269.504	473.889	277.25	0	0	3	9	9	1755	4066	193	0	-2	-2	0	0	-2	35	32	36	23	870	505	142	107	-2	100	96	101	-2	-2	-2	-2	-2	-2	132	133	126	81	891	556	153	187	-1
1006001000	-2	3318	730.556	1192.195	337.5	418.078	94.333	5.249	423.625	422.91	877.667	423.375	0	0	2	9	9	2425	3318	840	0	-2	-2	-2	0	-2	36	29	36	23	1187	822	457	110	-2	97	87	99	-2	-2	-2	-2	-2	-2	130	126	121	82	1280	915	550	185	-1
1006001000	-2	3318	730.556	1192.195	337.5	418.078	94.333	5.249	423.625	422.91	877.667	423.375	0	0	2	9	9	2425	3318	840	0	-2	-2	-2	0	-2	36	29	36	23	1187	822	457	110	-2	97	87	99	-2	-2	-2	-2	-2	-2	130	126	121	82	1280	915	550	185	-1
1006001000	-2	1730	537.333	763.251	339.75	425.848	91.333	5.185	422.875	422.72	986.222	422.875	0	0	2	9	9	1550	1730	1564	0	-2	-2	-2	0	-2	35	20	34	9	1200	835	470	115	-2	95	84	95	-2	-2	-2	-2	-2	-2	129	121	125	82	1279	914	549	184	-1
1006001000	-2	1730	537.333	763.251	339.75	425.848	91.333	5.185	422.875	422.72	986.222	422.875	0	0	2	9	9	1550	1730	1564	0	-2	-2	-2	0	-2	35	20	34	9	1200	835	470	115	-2	95	84	95	-2	-2	-2	-2	-2	-2	129	121	125	82	1279	914	549	184	-1
1006001000	-2	2021	515.333	755.755	339.625	424.625	91.667	4.028	423	421.148	851.444	422.875	0	0	2	9	9	2021	1333	1292	0	-2	-2	-2	0	-2	35	20	35	9	1198	833	468	119	-2	95	86	94	-2	-2	-2	-2	-2	-2	129	123	128	86	1277	912	547	182	-1
1006001000	-2	2021	515.111	755.521	339.625	424.625	91.667	4.028	423	421.148	851.444	422.875	0	0	2	9	9	2021	1332	1291	0	-2	-2	-2	0	-2	35	20	35	9	1198	833	468	119	-2	95	86	94	-2	-2	-2	-2	-2	-2	129	123	128	86	1277	912	547	182	-1
1006001000	-2	1718	517	737.771	227.5	300.079	91.333	3.3	285.625	272.632	762.778	285.625	0	0	3	9	9	1718	1589	1352	0	-2	-2	0	0	-2	31	21	36	9	897	532	167	127	-2	92	87	95	-2	-2	-2	-2	-2	-2	126	123	128	86	910	545	180	187	-1
1006001000	-2	1718	517	737.771	227.5	300.079	91.333	3.3	285.625	272.632	762.778	285.625	0	0	3	9	9	1718	1589	1352	0	-2	-2	0	0	-2	31	21	36	9	897	532	167	127	-2	92	87	95	-2	-2	-2	-2	-2	-2	126	123	128	86	910	545	180	187	-1
1007001000	-2	1966	319.222	648.526	343.625	426.229	99	4	410.5	434.511	359.778	416.375	0	0	3	9	9	1966	0	915	0	-2	-2	-2	0	-2	34	21	38	10	1204	839	474	129	-2	95	-2	103	-2	-2	-2	-2	-2	-2	129	38	136	86	1283	918	553	141	-1
1007001000	-2	2890	466.222	949.689	232.5	300.081	99.5	4.5	279.75	280.761	501.889	279.75	0	0	4	9	9	2890	0	1312	0	-2	-2	0	0	-2	34	27	46	11	902	537	172	131	-2	95	-2	104	-2	-2	-2	-2	-2	-2	131	38	139	87	915	550	185	193	-1
1007001000	-2	2890	466.222	949.689	232.5	300.081	99.5	4.5	279.75	280.761	501.889	279.75	0	0	4	9	9	2890	0	1312	0	-2	-2	0	0	-2	34	27	46	11	902	537	172	131	-2	95	-2	104	-2	-2	-2	-2	-2	-2	131	38	139	87	915	550	185	193	-1
1006001000	-2	3139	713.556	1160.6	226.375	291.233	100	3.742	284.75	279.288	974.111	284.75	0	0	3	9	9	3139	2494	795	0	-2	-2	0	0	-2	24	46	47	11	881	516	152	134	-2	95	101	104	-2	-2	-2	-2	-2	-2	133	140	125	28	917	552	187	196	-1
1006001000	-2	3139	732.222	1203.585	226.375	291.233	100	3.742	284.75	279.288	974.111	284.75	0	0	3	9	9	3139	2737	720	0	-2	-2	0	0	-2	24	46	47	11	881	516	152	134	-2	95	101	104	-2	-2	-2	-2	-2	-2	133	140	125	28	917	552	187	196	-1
1007001000	-2	2619	362.556	823.182	215.875	288.162	97	5	279.625	294.409	372.333	279.625	0	0	4	9	9	2619	0	650	0	-2	-2	0	0	-2	23	30	40	11	866	501	139	117	-2	92	-2	102	-2	-2	-2	-2	-2	-2	130	43	125	28	936	571	206	198	-1
1007001000	-2	2619	369.556	825.86	215.875	288.162	97	5	279.625	294.409	372.333	279.625	0	0	4	9	9	2619	0	713	0	-2	-2	0	0	-2	23	30	40	11	866	501	139	117	-2	92	-2	102	-2	-2	-2	-2	-2	-2	130	43	125	28	936	571	206	198	-1
1007001000	-2	2687	482.333	935.816	221.5	290.577	98.5	6.5	285	284.591	515.333	285	0	0	4	9	9	2687	0	1660	0	-2	-2	0	0	-2	23	29	46	13	875	510	154	122	-2	92	-2	105	-2	-2	-2	-2	-2	-2	130	42	139	88	927	562	197	195	-1
1006001000	-2	2282	593.222	891.311	221.75	289.927	98.333	6.018	298.625	279.751	1032.667	298.625	0	0	3	9	9	2282	1989	1074	0	-2	-2	0	0	-2	24	25	45	18	874	509	154	125	-2	90	101	104	-2	-2	-2	-2	-2	-2	128	141	138	81	935	570	205	191	-1
1006001000	-2	1429	298.667	479.746	119.75	155.101	107.667	4.11	246.875	118.481	4168.667	272.25	0	0	4	9	9	763	500	1429	0	0	-2	0	0	-2	16	17	10	21	83	497	195	119	-2	113	103	107	-2	-2	-2	-2	-2	-2	176	183	171	299	237	540	206	163	-1
1006001000	-2	1166	215.333	375.365	368.875	431.528	116.667	8.994	434.875	415.911	1744.111	437.875	0	0	2	9	9	286	494	1166	0	-2	-2	-2	0	-2	55	35	46	52	1237	872	507	147	-2	122	104	124	-2	-2	-2	-2	-2	-2	159	142	163	81	1281	916	551	186	-1
1006001000	-2	1333	164	414.575	367.125	431.493	115.333	7.318	419.875	410.802	863	439.125	0	0	2	9	9	93	58	1333	0	-2	-2	-2	0	-2	56	37	47	37	1235	870	505	150	-2	121	105	120	-2	-2	-2	-2	-2	-2	153	124	155	81	1259	894	529	164	-1
1006001000	-2	1097	128	343.158	365.75	431.801	114.333	4.497	413	405.759	330.444	436.25	0	0	2	9	9	1	62	1097	0	-2	-2	-2	0	-2	56	38	48	28	1234	869	504	149	-2	117	108	118	-2	-2	-2	-2	-2	-2	131	140	152	81	1245	880	515	160	-1
1006001000	-2	1102	128.556	344.726	365.75	431.801	114.333	4.497	413	405.759	330.444	436.25	0	0	2	9	9	1	62	1102	0	-2	-2	-2	0	-2	56	38	48	28	1234	869	504	149	-2	117	108	118	-2	-2	-2	-2	-2	-2	131	140	152	81	1245	880	515	160	-1
1007006000	-2	1464	259.556	506.968	43	9.798	117	3	476.875	475.255	870.444	493.375	0	0	2	9	9	1464	881	0	0	-2	-2	-2	-1	-2	55	43	-2	31	-2	-2	-2	-2	-2	120	114	-2	-2	-2	-2	-2	-2	-2	155	149	21	80	1400	1035	670	305	-1
1007006000	-2	1501	317.222	596.761	43	9.798	117	3	476.875	475.255	870.444	493.375	0	0	2	9	9	1501	1363	0	0	-2	-2	-2	-1	-2	55	43	-2	31	-2	-2	-2	-2	-2	120	114	-2	-2	-2	-2	-2	-2	-2	155	149	21	80	1400	1035	670	305	-1
1007002000	-2	7079	1220	2403.63	408.714	445.265	111.5	1.5	414.75	428.016	1424.111	442.875	0	0	3	9	9	3909	7079	0	0	-2	-2	-2	0	-2	45	40	-2	24	1234	869	504	145	-2	113	110	-2	-2	-2	-2	-2	-2	-2	152	151	21	80	1276	911	546	181	-1
1006001000	-2	6564	1400.444	2242.576	364.5	432.633	112.333	2.494	442.875	424.511	1424.111	442.875	0	0	2	9	9	3901	6564	2147	0	-2	-2	-2	0	-2	45	38	57	24	1234	869	504	145	-2	113	109	115	-2	-2	-2	-2	-2	-2	152	148	149	80	1301	936	571	206	-1
1007001000	-2	4772	738.444	1541.957	213.125	288.134	100	11	280.5	284.11	740.667	280.5	0	0	4	9	9	0	4772	1880	0	-2	-2	0	0	-2	19	20	42	10	863	498	135	118	-2	-2	89	111	-2	-2	-2	-2	-2	-2	29	133	144	82	921	556	191	188	-1
1007001000	-2	4772	738.444	1541.957	213.125	288.134	100	11	280.5	284.11	740.667	280.5	0	0	4	9	9	0	4772	1880	0	-2	-2	0	0	-2	19	20	42	10	863	498	135	118	-2	-2	89	111	-2	-2	-2	-2	-2	-2	29	133	144	82	921	556	191	188	-1
1005001000	-2	5395	902.111	1734.445	209	292.344	86.25	10.986	289.625	277.843	928.111	289.375	0	0	3	9	9	2250	5395	480	0	-2	-2	0	0	-2	19	12	32	8	867	502	138	94	-2	93	83	99	70	-2	-2	-2	-2	-2	127	122	122	85	923	558	193	187	-1
1006001000	-2	3408	681.333	1189.278	212.875	289.775	92.667	5.312	279.75	282.699	928.111	289.375	0	0	3	9	9	2250	3408	480	0	-2	-2	0	0	-2	19	29	32	22	867	502	138	94	-2	93	86	99	-2	-2	-2	-2	-2	-2	127	125	122	85	923	558	193	105	-1
1005001000	-2	3474	809.111	1228.465	221.125	298.751	85	8.216	289.875	277.671	958.556	289.25	0	0	3	9	9	1650	3474	2164	0	-2	-2	0	0	-2	22	21	32	8	889	524	159	114	-2	91	82	94	73	-2	-2	-2	-2	-2	125	120	129	85	923	558	193	186	-1
1005001000	-2	3474	809.111	1228.465	221.125	298.751	85	8.216	289.875	277.671	958.556	289.25	0	0	3	9	9	1650	3474	2164	0	-2	-2	0	0	-2	22	21	32	8	889	524	159	114	-2	91	82	94	73	-2	-2	-2	-2	-2	125	120	129	85	923	558	193	186	-1
1005001000	-2	2059	623.778	887.51	222	298.879	84.5	8.617	288.75	277.213	948	288.625	0	0	3	9	9	2059	1855	1706	0	-2	-2	0	0	-2	31	13	34	8	890	525	160	115	-2	92	81	93	72	-2	-2	-2	-2	-2	126	117	125	86	921	556	191	188	-1
1005001000	-2	2059	623.778	887.51	222	298.879	84.5	8.617	288.75	277.213	948	288.625	0	0	3	9	9	2059	1855	1706	0	-2	-2	0	0	-2	31	13	34	8	890	525	160	115	-2	92	81	93	72	-2	-2	-2	-2	-2	126	117	125	86	921	556	191	188	-1
1005001000	-2	2011	508.444	757.837	219	297.707	84.25	7.758	287.125	275.871	928.667	286.875	0	0	3	9	9	2011	1015	1556	0	-2	-2	0	0	-2	23	13	33	8	885	520	155	115	-2	88	82	94	73	-2	-2	-2	-2	-2	122	118	126	86	917	552	187	189	-1
1005001000	-2	2012	508.667	758.132	219	297.707	84.25	7.758	287.125	275.871	928.667	286.875	0	0	3	9	9	2012	1016	1556	0	-2	-2	0	0	-2	23	13	33	8	885	520	155	115	-2	88	82	94	73	-2	-2	-2	-2	-2	122	118	126	86	917	552	187	189	-1
1005001000	-2	2179	621.667	892.9	218.5	296.252	83.25	6.833	287.25	275.844	897.111	287.25	0	0	3	9	9	1870	2179	1552	0	-2	-2	0	0	-2	24	13	34	9	882	517	153	116	-2	87	80	92	74	-2	-2	-2	-2	-2	121	117	126	87	917	552	187	191	-1
1006001000	-2	2356	578.889	858.072	216.875	293.813	89.667	3.859	289.875	274.591	818.778	289.875	0	0	3	9	9	2356	1462	1398	0	-2	-2	0	0	-2	23	14	33	9	876	511	147	122	-2	88	86	95	-2	-2	-2	-2	-2	-2	124	123	128	87	917	552	187	201	-1
1006001000	-2	2356	578.889	858.072	216.875	293.813	89.667	3.859	289.875	274.591	818.778	289.875	0	0	3	9	9	2356	1462	1398	0	-2	-2	0	0	-2	23	14	33	9	876	511	147	122	-2	88	86	95	-2	-2	-2	-2	-2	-2	124	123	128	87	917	552	187	201	-1
1006001000	-2	2055	577	827.938	216.375	293.03	88.667	2.494	295.875	281.95	831.778	295.875	0	0	3	9	9	2055	1560	1584	0	-2	-2	0	0	-2	23	14	32	9	874	509	146	124	-2	88	86	92	-2	-2	-2	-2	-2	-2	123	123	126	87	936	571	206	195	-1
1006001000	-2	1762	505.222	734.066	214.125	289.639	92.667	4.497	298.125	281.246	695.556	298.125	0	0	3	9	9	1762	1667	1124	0	-2	-2	0	0	-2	22	15	37	9	866	501	142	121	-2	90	89	99	-2	-2	-2	-2	-2	-2	126	126	133	87	937	572	207	197	-1
1006001000	-2	2011	591.556	843.991	212.5	288.406	91.667	2.357	298.75	281.467	782.889	298.75	0	0	3	9	9	1724	2011	1595	0	-2	-2	0	0	-2	22	15	31	10	862	497	143	120	-2	90	90	95	-2	-2	-2	-2	-2	-2	127	127	131	88	938	573	208	198	-1
1006001000	-2	2011	591.556	843.991	212.5	288.406	91.667	2.357	298.75	281.467	782.889	298.75	0	0	3	9	9	1724	2011	1595	0	-2	-2	0	0	-2	22	15	31	10	862	497	143	120	-2	90	90	95	-2	-2	-2	-2	-2	-2	127	127	131	88	938	573	208	198	-1
1007001000	-2	2411	486.778	918.025	206	279.94	87.5	1.5	286.5	290.612	640.667	286.5	0	0	4	9	9	1976	2411	0	0	-2	-2	0	0	-2	21	15	26	10	839	476	145	116	-2	86	89	-2	-2	-2	-2	-2	-2	-2	123	125	34	88	938	573	208	203	-1
1007001000	-2	2411	486.778	918.025	206	279.94	87.5	1.5	286.5	290.612	640.667	286.5	0	0	4	9	9	1976	2411	0	0	-2	-2	0	0	-2	21	15	26	10	839	476	145	116	-2	86	89	-2	-2	-2	-2	-2	-2	-2	123	125	34	88	938	573	208	203	-1
1007001000	-2	2247	443.889	839.655	131.125	163.115	81.5	1.5	183.625	155.396	739.667	183.625	0	0	5	9	9	2247	1752	0	0	-2	0	0	0	-2	21	14	26	11	530	175	151	121	-2	80	83	-2	-2	-2	-2	-2	-2	-2	117	123	34	29	554	189	209	214	-1
1005001000	-2	651	116.778	227.13	56.75	47.153	117.75	41.978	229	149.059	4220.333	254.25	0	0	5	9	9	404	0	651	-2	0	0	0	0	-2	14	14	11	18	57	136	111	93	-2	98	86	97	190	-2	-2	-2	-2	-2	141	108	158	602	237	156	163	267	-1
1006001000	-2	1411	187.556	441.034	364.5	431.99	106	9.274	414.5	413.022	324.333	432	0	0	2	9	9	9	276	1411	0	-2	-2	-2	0	-2	53	36	49	26	1233	868	503	148	-2	111	93	114	-2	-2	-2	-2	-2	-2	131	119	147	81	1257	892	527	162	-1
1006001000	-2	828	118.667	255.955	376.625	440.024	114.333	1.7	433.25	419.1	427.556	433.125	0	0	2	9	9	125	123	828	0	-2	-2	-2	0	-2	49	40	58	27	1256	891	526	166	-2	115	112	116	-2	-2	-2	-2	-2	-2	147	144	149	80	1284	919	554	189	-1
1006005000	-2	5254	1091.667	1763.025	42.5	12.359	115.333	2.867	493.25	461.318	1312.778	493.25	0	0	1	9	9	2841	5254	1739	0	-2	-2	-2	-1	-2	47	39	59	25	-2	-2	-2	-2	-2	115	112	119	-2	-2	-2	-2	-2	-2	151	150	155	80	1400	1035	670	305	-1
1006005000	-2	5254	1091.667	1763.025	42.5	12.359	115.333	2.867	493.25	461.318	1312.778	493.25	0	0	1	9	9	2841	5254	1739	0	-2	-2	-2	-1	-2	47	39	59	25	-2	-2	-2	-2	-2	115	112	119	-2	-2	-2	-2	-2	-2	151	150	155	80	1400	1035	670	305	-1
1007001000	-2	6384	1124.556	2195.548	215.5	288.812	103.5	9.5	288.125	281.53	1120.556	288.125	0	0	4	9	9	0	6384	3743	0	-2	-2	0	0	-2	21	14	47	11	866	501	137	127	-2	-2	94	113	-2	-2	-2	-2	-2	-2	66	138	148	81	926	561	196	189	-1
1007001000	-2	6384	1124.556	2195.548	215.5	288.812	103.5	9.5	288.125	281.53	1120.556	288.125	0	0	4	9	9	0	6384	3743	0	-2	-2	0	0	-2	21	14	47	11	866	501	137	127	-2	-2	94	113	-2	-2	-2	-2	-2	-2	66	138	148	81	926	561	196	189	-1
1005001000	-2	4139	868.111	1427.991	156	196.973	82.5	9.124	220.25	167.432	890	231.5	0	0	3	9	9	1055	4139	2625	0	-2	-2	0	0	-2	15	10	30	8	532	446	118	89	-2	90	75	93	72	-2	-2	-2	-2	-2	125	116	129	86	549	455	202	100	-1
1005001000	-2	4139	868.111	1427.991	156	196.973	82.5	9.124	220.25	167.432	890	231.5	0	0	3	9	9	1055	4139	2625	0	-2	-2	0	0	-2	15	10	30	8	532	446	118	89	-2	90	75	93	72	-2	-2	-2	-2	-2	125	116	129	86	549	455	202	100	-1
1005001000	-2	3863	812.667	1321.488	208.875	291.886	82.25	10.009	292.25	280.994	807.778	292	0	0	3	9	9	1111	3863	2346	0	-2	-2	0	0	-2	20	12	31	7	866	501	136	98	-2	90	75	94	70	-2	-2	-2	-2	-2	123	114	128	87	931	566	201	188	-1
1005001000	-2	3863	812.667	1321.488	208.875	291.886	82.25	10.009	292.25	280.994	807.778	292	0	0	3	9	9	1111	3863	2346	0	-2	-2	0	0	-2	20	12	31	7	866	501	136	98	-2	90	75	94	70	-2	-2	-2	-2	-2	123	114	128	87	931	566	201	188	-1
1005001000	-2	3050	814.333	1198.016	212.375	293.608	81	9.487	291.5	281.496	842.556	291.5	0	0	3	9	9	2591	3050	1694	0	-2	-2	0	0	-2	22	12	31	7	872	507	142	106	-2	87	75	93	69	-2	-2	-2	-2	-2	121	112	126	86	931	566	201	189	-1
1005001000	-2	3050	814.333	1198.016	212.375	293.608	81	9.487	291.5	281.496	842.556	291.5	0	0	3	9	9	2591	3050	1694	0	-2	-2	0	0	-2	22	12	31	7	872	507	142	106	-2	87	75	93	69	-2	-2	-2	-2	-2	121	112	126	86	931	566	201	189	-1
1005001000	-2	3120	859.222	1245.745	213	294.482	77	8.485	292.25	282.587	872	292.125	0	0	3	9	9	1986	3120	2633	0	-2	-2	0	0	-2	21	12	29	8	874	509	145	106	-2	85	73	85	65	-2	-2	-2	-2	-2	118	111	119	86	933	568	203	200	-1
1005001000	-2	3120	859.222	1245.745	213	294.482	77	8.485	292.25	282.587	872	292.125	0	0	3	9	9	1986	3120	2633	0	-2	-2	0	0	-2	21	12	29	8	874	509	145	106	-2	85	73	85	65	-2	-2	-2	-2	-2	118	111	119	86	933	568	203	200	-1
1005001000	-2	3919	934.222	1399.442	211.375	295.703	75.5	6.576	291.875	283.446	958.333	291.875	0	0	3	9	9	2148	3919	2347	0	-2	-2	0	0	-2	21	10	14	8	874	509	146	109	-2	81	68	83	70	-2	-2	-2	-2	-2	115	106	118	88	934	569	204	201	-1
1005001000	-2	3919	934.222	1399.442	211.375	295.703	75.5	6.576	291.875	283.446	958.333	291.875	0	0	3	9	9	2148	3919	2347	0	-2	-2	0	0	-2	21	10	14	8	874	509	146	109	-2	81	68	83	70	-2	-2	-2	-2	-2	115	106	118	88	934	569	204	201	-1
1005001000	-2	3370	992.667	1414.25	207.875	291.82	77.75	5.449	293.5	283.706	1018.889	293.5	0	0	3	9	9	2780	3370	2790	0	-2	-2	0	0	-2	21	11	14	8	864	499	137	109	-2	81	72	85	73	-2	-2	-2	-2	-2	116	111	118	87	936	571	206	203	-1
1005001000	-2	3370	992.667	1414.25	207.875	291.82	77.75	5.449	293.5	283.706	1018.889	293.5	0	0	3	9	9	2780	3370	2790	0	-2	-2	0	0	-2	21	11	14	8	864	499	137	109	-2	81	72	85	73	-2	-2	-2	-2	-2	116	111	118	87	936	571	206	203	-1
1005001000	-2	3378	932.667	1384.764	209.75	290.843	78.75	7.562	293	283.679	959.222	293	0	0	3	9	9	3241	3378	1781	0	-2	-2	0	0	-2	21	11	24	8	864	499	141	110	-2	79	72	91	73	-2	-2	-2	-2	-2	114	111	126	87	936	571	206	193	-1
1005001000	-2	3394	934.444	1387.909	209.75	290.843	78.75	7.562	293	283.679	959.222	293	0	0	3	9	9	3241	3394	1781	0	-2	-2	0	0	-2	21	11	24	8	864	499	141	110	-2	79	72	91	73	-2	-2	-2	-2	-2	114	111	126	87	936	571	206	193	-1
1006001000	-2	3355	951.222	1372.404	211.75	290.419	84.333	5.558	297.125	283.258	983.667	297.125	0	0	3	9	9	2964	3355	2248	0	-2	-2	0	0	-2	21	12	30	8	865	500	143	115	-2	82	79	92	-2	-2	-2	-2	-2	-2	118	118	129	87	939	574	209	203	-1
1006001000	-2	3355	951.222	1372.404	211.75	290.419	84.333	5.558	297.125	283.258	983.667	297.125	0	0	3	9	9	2964	3355	2248	0	-2	-2	0	0	-2	21	12	30	8	865	500	143	115	-2	82	79	92	-2	-2	-2	-2	-2	-2	118	118	129	87	939	574	209	203	-1
1007001000	-2	2761	611.111	1144.894	210	288.742	80	2	284.375	292.86	732	284.375	0	0	4	9	9	2761	2745	0	0	-2	-2	0	0	-2	21	12	15	8	859	494	147	124	-2	82	78	-2	-2	-2	-2	-2	-2	-2	119	119	23	88	939	574	209	204	-1
1007001000	-2	2761	611.111	1144.894	210	288.742	80	2	284.375	292.86	732	284.375	0	0	4	9	9	2761	2745	0	0	-2	-2	0	0	-2	21	12	15	8	859	494	147	124	-2	82	78	-2	-2	-2	-2	-2	-2	-2	119	119	23	88	939	574	209	204	-1
1005001000	-2	3455	893.333	1304.221	167.25	204.8	80	6.595	248.75	188.463	1147.889	248.75	0	0	3	9	9	3455	2384	2207	0	-2	-2	0	0	-2	18	11	15	9	543	478	146	118	-2	77	72	90	81	-2	-2	-2	-2	-2	115	112	124	88	555	579	214	203	-1
1005001000	-2	3455	893.333	1304.221	167.25	204.8	80	6.595	248.75	188.463	1147.889	248.75	0	0	3	9	9	3455	2384	2207	0	-2	-2	0	0	-2	18	11	15	9	543	478	146	118	-2	77	72	90	81	-2	-2	-2	-2	-2	115	112	124	88	555	579	214	203	-1
1005001000	-2	293	85.556	124.715	115.75	145.705	108.5	34.333	214.375	115.556	1179	214.375	0	0	4	9	9	287	194	293	0	-2	0	0	0	-2	19	16	20	20	477	154	119	101	-2	95	79	93	167	-2	-2	-2	-2	-2	129	114	128	251	493	170	238	192	-1
1006001000	-2	979	190.111	349.867	357	424.652	104.333	6.182	434.875	426.558	529.444	437.25	0	0	2	9	9	979	58	682	0	-2	-2	-2	0	-2	45	35	56	24	1215	850	485	146	-2	101	99	113	-2	-2	-2	-2	-2	-2	134	122	147	81	1296	931	566	202	-1
1006001000	-2	4062	1297.222	1838.559	371.375	439.39	107.333	5.558	432.75	420.16	1437.222	432.75	0	0	2	9	9	3929	4062	3692	0	-2	-2	-2	0	-2	42	33	57	26	1250	885	520	158	-2	105	102	115	-2	-2	-2	-2	-2	-2	141	139	152	80	1285	920	555	190	-1
1006001000	-2	4063	1297.778	1839.319	371.375	439.39	107.333	5.558	432.75	420.16	1437.222	432.75	0	0	2	9	9	3930	4063	3695	0	-2	-2	-2	0	-2	42	33	57	26	1250	885	520	158	-2	105	102	115	-2	-2	-2	-2	-2	-2	141	139	152	80	1285	920	555	190	-1
1006001000	-2	6049	1347.444	2106.447	207	281.614	99.333	8.731	300.5	277.241	1348	300.5	0	0	3	9	9	2275	6049	3809	0	-2	-2	0	0	-2	18	13	44	10	845	480	127	119	-2	97	90	111	-2	-2	-2	-2	-2	-2	134	131	147	85	932	567	202	206	-1
1006001000	-2	6049	1347.444	2106.447	207	281.614	99.333	8.731	300.5	277.241	1348	300.5	0	0	3	9	9	2275	6049	3809	0	-2	-2	0	0	-2	18	13	44	10	845	480	127	119	-2	97	90	111	-2	-2	-2	-2	-2	-2	134	131	147	85	932	567	202	206	-1
1005001000	-2	3448	1071.778	1520.916	116.5	159.198	77.5	8.529	196.75	139.048	1276.333	196.125	0	0	4	9	9	3448	3235	2967	0	-2	0	0	0	-2	13	11	30	7	515	159	108	89	-2	74	74	92	70	-2	-2	-2	-2	-2	112	113	127	86	547	182	217	190	-1
1005001000	-2	3266	1051.556	1490.084	116.5	159.198	77.5	8.529	196.75	139.048	1276.333	196.125	0	0	4	9	9	3266	3235	2967	0	-2	0	0	0	-2	13	11	30	7	515	159	108	89	-2	74	74	92	70	-2	-2	-2	-2	-2	112	113	127	86	547	182	217	190	-1
1006001000	-2	3877	660.667	1308.453	206.125	291.042	73.333	3.682	281.625	295.1	727.556	281.125	0	0	4	9	9	2075	3877	0	0	-2	-2	0	0	-2	15	11	17	7	861	496	132	110	-2	78	73	-2	69	-2	-2	-2	-2	-2	115	110	24	86	941	576	211	190	-1
1006001000	-2	3877	660.667	1308.453	206.125	291.042	73.333	3.682	281.625	295.1	727.556	281.125	0	0	4	9	9	2075	3877	0	0	-2	-2	0	0	-2	15	11	17	7	861	496	132	110	-2	78	73	-2	69	-2	-2	-2	-2	-2	115	110	24	86	941	576	211	190	-1
1005001000	-2	3867	924.222	1382.766	206.375	290.79	75.75	6.057	290.5	283.923	963.889	290.125	0	0	3	9	9	2158	3867	2299	0	-2	-2	0	0	-2	20	12	15	7	861	496	131	109	-2	79	71	84	69	-2	-2	-2	-2	-2	113	107	120	87	934	569	204	190	-1
1005001000	-2	3867	924.222	1382.766	206.375	290.79	75.75	6.057	290.5	283.923	963.889	290.125	0	0	3	9	9	2158	3867	2299	0	-2	-2	0	0	-2	20	12	15	7	861	496	131	109	-2	79	71	84	69	-2	-2	-2	-2	-2	113	107	120	87	934	569	204	190	-1
1005001000	-2	3932	871	1352.794	202.875	287.243	72.25	5.932	291.75	284.208	939.556	291.5	0	0	3	9	9	2258	3932	1655	0	-2	-2	0	0	-2	19	12	12	7	851	486	132	104	-2	76	67	80	66	-2	-2	-2	-2	-2	111	105	117	88	935	570	205	203	-1
1005001000	-2	3932	871	1352.794	202.875	287.243	72.25	5.932	291.75	284.208	939.556	291.5	0	0	3	9	9	2258	3932	1655	0	-2	-2	0	0	-2	19	12	12	7	851	486	132	104	-2	76	67	80	66	-2	-2	-2	-2	-2	111	105	117	88	935	570	205	203	-1
1005001000	-2	4021	891	1383.654	203.375	288.23	71.25	6.722	291.375	285.072	905.556	291.25	0	0	3	9	9	2311	4021	1693	0	-2	-2	0	0	-2	14	12	13	7	853	488	134	106	-2	74	65	81	65	-2	-2	-2	-2	-2	109	102	117	87	936	571	206	203	-1
1005001000	-2	4021	891	1383.654	203.375	288.23	71.25	6.722	291.375	285.072	905.556	291.25	0	0	3	9	9	2311	4021	1693	0	-2	-2	0	0	-2	14	12	13	7	853	488	134	106	-2	74	65	81	65	-2	-2	-2	-2	-2	109	102	117	87	936	571	206	203	-1
1005001000	-2	4477	997	1539.676	202.5	288.558	73.5	6.874	293.125	284.146	1030.444	292.875	0	0	3	9	9	2479	4477	2023	0	-2	-2	0	0	-2	12	12	14	7	853	488	133	101	-2	75	69	84	66	-2	-2	-2	-2	-2	110	107	119	88	936	571	206	208	-1
1005001000	-2	4477	997	1539.676	202.5	288.558	73.5	6.874	293.125	284.146	1030.444	292.875	0	0	3	9	9	2479	4477	2023	0	-2	-2	0	0	-2	12	12	14	7	853	488	133	101	-2	75	69	84	66	-2	-2	-2	-2	-2	110	107	119	88	936	571	206	208	-1
1005001000	-2	4384	1053.444	1577.339	201.25	285.523	74.5	5.895	295.375	286.24	1077.556	295.375	0	0	3	9	9	2816	4384	2287	0	-2	-2	0	0	-2	13	13	13	7	846	481	134	103	-2	77	69	83	69	-2	-2	-2	-2	-2	112	108	120	87	942	577	212	205	-1
1005001000	-2	4384	1053.444	1577.339	201.25	285.523	74.5	5.895	295.375	286.24	1077.556	295.375	0	0	3	9	9	2816	4384	2287	0	-2	-2	0	0	-2	13	13	13	7	846	481	134	103	-2	77	69	83	69	-2	-2	-2	-2	-2	112	108	120	87	942	577	212	205	-1
1005001000	-2	3897	1110.778	1589.137	199.5	283.52	76	5.745	296.25	285.668	1111.333	296.25	0	0	3	9	9	3100	3897	3006	0	-2	-2	0	0	-2	13	10	12	7	840	476	135	103	-2	77	71	85	71	-2	-2	-2	-2	-2	113	112	121	88	942	577	212	205	-1
1005001000	-2	5474	1268.444	1935.229	162.625	203.566	74.5	4.975	248.25	189.713	1297.778	248.25	0	0	3	9	9	3490	5474	2458	0	-2	-2	0	0	-2	13	9	12	7	534	475	139	112	-2	76	70	82	70	-2	-2	-2	-2	-2	111	113	119	88	559	578	213	205	-1
1005001000	-2	5474	1268.444	1935.229	162.625	203.566	74.5	4.975	248.25	189.713	1297.778	248.25	0	0	3	9	9	3490	5474	2458	0	-2	-2	0	0	-2	13	9	12	7	534	475	139	112	-2	76	70	82	70	-2	-2	-2	-2	-2	111	113	119	88	559	578	213	205	-1
1005001000	-2	5458	1174.222	1721.846	77.875	71.217	71.5	6.265	156.875	54.006	1290	156.875	0	0	4	9	9	2194	5458	1799	1119	0	0	0	0	-2	12	9	12	7	186	162	128	107	-2	74	69	80	63	-2	-2	-2	-2	-2	109	110	115	84	200	195	232	210	-1
1005001000	-2	1934	429.667	612.441	42.25	34.065	74.75	5.847	210.5	75.043	2096.333	210.5	0	0	4	9	9	566	544	825	1934	0	0	0	0	-2	11	9	10	12	45	89	86	76	-2	82	69	79	69	-2	-2	-2	-2	-2	119	108	119	246	272	250	278	292	-1
1005001000	-2	1578	249.556	485.173	42.25	34.065	74.75	5.847	208	78.662	2096.333	210.5	0	0	4	9	9	255	70	345	1578	0	0	0	0	-2	11	9	10	12	45	89	86	76	-2	82	69	79	69	-2	-2	-2	-2	-2	119	88	119	246	272	250	278	292	-1
1006001000	-2	212	32.333	69.218	365.375	435.03	98.667	8.055	429.625	428.761	292.111	432.625	0	0	3	9	9	87	212	0	0	-2	-2	-2	0	-2	42	34	54	23	1238	873	508	151	-2	94	92	110	-2	-2	-2	-2	-2	-2	126	119	124	82	1294	929	564	199	-1
1006001000	-2	340	48	107.745	233.75	294.018	99.667	7.318	284.125	271.757	309.556	292.375	0	0	4	9	9	340	98	0	0	-2	-2	0	0	-2	36	32	54	22	893	528	163	142	-2	94	95	110	-2	-2	-2	-2	-2	-2	129	114	124	82	906	541	176	201	-1
1006001000	-2	4047	960.111	1530.357	360.5	433.979	102.667	6.018	436.125	431.384	1527	440.5	0	0	2	9	9	4047	3398	1204	0	-2	-2	-2	0	-2	32	22	54	19	1231	866	501	159	-2	97	100	111	-2	-2	-2	-2	-2	-2	135	136	149	47	1303	938	573	208	-1
1005001000	-2	4941	1225	1826.902	123.375	159.486	86.25	11.713	198.375	132.204	1256.444	201.875	0	0	4	9	9	2497	3591	4941	0	-2	0	0	0	-2	14	12	41	9	521	156	117	117	-2	88	81	104	72	-2	-2	-2	-2	-2	125	123	140	85	532	167	203	212	-1
1005001000	-2	4941	1253.333	1848.67	123.375	159.486	86.25	11.713	201.875	136.281	1256.444	201.875	0	0	4	9	9	2744	3599	4941	0	-2	0	0	0	-2	14	12	41	9	521	156	117	117	-2	88	81	104	72	-2	-2	-2	-2	-2	125	123	140	85	546	181	203	212	-1
1006002000	-2	3615	632.222	1145.564	57	56.821	63.333	2.494	106.125	60.95	729.111	130.5	0	0	5	9	9	1341	3615	0	736	0	0	0	0	-2	10	11	12	6	149	121	-2	90	-2	60	66	-2	64	-2	-2	-2	-2	-2	102	104	26	86	166	131	21	213	-1
1006002000	-2	3615	632.222	1145.564	57	56.821	63.333	2.494	106.125	60.95	729.111	130.5	0	0	5	9	9	1341	3615	0	736	0	0	0	0	-2	10	11	12	6	149	121	-2	90	-2	60	66	-2	64	-2	-2	-2	-2	-2	102	104	26	86	166	131	21	213	-1
1006001000	-2	3886	954.667	1584.951	200	286.826	66.667	2.494	285	297.379	939.222	284.625	0	0	3	9	9	3886	3874	0	838	-2	-2	0	0	-2	13	11	11	6	847	484	119	109	-2	70	66	-2	64	-2	-2	-2	-2	-2	108	104	26	86	947	582	217	210	-1
1006001000	-2	3874	953.333	1582.488	200	286.826	66.667	2.494	285	297.379	939.222	284.625	0	0	3	9	9	3874	3874	0	838	-2	-2	0	0	-2	13	11	11	6	847	484	119	109	-2	70	66	-2	64	-2	-2	-2	-2	-2	108	104	26	86	947	582	217	210	-1
1005001000	-2	4122	1026.556	1518.538	202.75	289.61	71.75	6.016	290.75	286.228	1024.889	290.625	0	0	3	9	9	2312	4122	2811	0	-2	-2	0	0	-2	12	11	11	6	855	490	129	108	-2	70	68	82	67	-2	-2	-2	-2	-2	105	105	119	87	938	573	208	191	-1
1005001000	-2	4122	1026.556	1518.538	202.75	289.61	71.75	6.016	290.75	286.228	1024.889	290.625	0	0	3	9	9	2312	4122	2811	0	-2	-2	0	0	-2	12	11	11	6	855	490	129	108	-2	70	68	82	67	-2	-2	-2	-2	-2	105	105	119	87	938	573	208	191	-1
1005001000	-2	3475	895	1226.943	122.375	169.299	68.5	6.225	196.875	147.385	932.778	196.625	0	0	3	9	9	887	3475	2577	1120	-2	0	0	0	-2	12	10	11	6	541	176	121	102	-2	70	64	78	62	-2	-2	-2	-2	-2	95	100	115	89	565	200	206	205	-1
1005001000	-2	3477	887.556	1226.197	122.375	169.299	68.5	6.225	196.875	147.385	932.778	196.625	0	0	3	9	9	887	3477	2577	1051	-2	0	0	0	-2	12	10	11	6	541	176	121	102	-2	70	64	78	62	-2	-2	-2	-2	-2	95	100	115	89	565	200	206	205	-1
1005001000	-2	3721	864.333	1246.075	121	167.114	69	5.745	195.75	147.636	840	197.75	0	0	3	9	9	802	3721	2299	961	-2	0	0	0	-2	11	10	13	7	535	171	121	100	-2	70	64	78	64	-2	-2	-2	-2	-2	95	100	114	89	565	182	212	209	-1
1005001000	-2	3721	864.333	1246.075	121	167.114	69	5.745	195.75	147.636	840	197.75	0	0	3	9	9	802	3721	2299	961	-2	0	0	0	-2	11	10	13	7	535	171	121	100	-2	70	64	78	64	-2	-2	-2	-2	-2	95	100	114	89	565	182	212	209	-1
1005001000	-2	4169	828.889	1359.478	123.75	171.257	71	5.788	199.875	146.553	819.778	199.75	0	0	4	9	9	1584	4169	1711	0	-2	0	0	0	-2	11	10	14	7	547	182	123	96	-2	72	65	80	67	-2	-2	-2	-2	-2	107	102	117	88	566	201	212	206	-1
1005001000	-2	4169	829.111	1359.602	123.75	171.257	71	5.788	199.875	146.553	819.778	199.75	0	0	4	9	9	1586	4169	1711	0	-2	0	0	0	-2	11	10	14	7	547	182	123	96	-2	72	65	80	67	-2	-2	-2	-2	-2	107	102	117	88	566	201	212	206	-1
1005001000	-2	4835	1044.667	1640.886	195.5	278.026	72.5	5.362	294.625	286.709	1057.444	294.5	0	0	3	9	9	2619	4835	1954	0	-2	-2	0	0	-2	11	10	14	7	822	470	133	97	-2	73	67	81	69	-2	-2	-2	-2	-2	109	106	118	88	942	577	212	205	-1
1005001000	-2	4835	1044.667	1640.886	195.5	278.026	72.5	5.362	294.625	286.709	1057.444	294.5	0	0	3	9	9	2619	4835	1954	0	-2	-2	0	0	-2	11	10	14	7	822	470	133	97	-2	73	67	81	69	-2	-2	-2	-2	-2	109	106	118	88	942	577	212	205	-1
1005001000	-2	5279	1068.333	1733.042	116.25	161.008	71.75	5.761	201.375	147.03	1121.111	201.25	0	0	4	9	9	2263	5279	2077	0	-2	0	0	0	-2	9	11	12	6	515	164	119	94	-2	72	68	81	66	-2	-2	-2	-2	-2	108	108	117	87	569	204	213	205	-1
1005001000	-2	5279	1068.333	1733.042	116.25	161.008	71.75	5.761	201.375	147.03	1121.111	201.25	0	0	4	9	9	2263	5279	2077	0	-2	0	0	0	-2	9	11	12	6	515	164	119	94	-2	72	68	81	66	-2	-2	-2	-2	-2	108	108	117	87	569	204	213	205	-1
1005001000	-2	5245	1281.333	1732.842	86.875	89.044	70.75	5.761	164.875	64.933	1305.667	164.875	0	0	4	9	9	2633	5245	2409	1247	0	0	0	0	-2	9	8	12	6	265	157	131	107	-2	73	67	79	64	-2	-2	-2	-2	-2	108	108	114	84	274	207	214	210	-1
1005001000	-2	5245	1281.333	1732.842	86.875	89.044	70.75	5.761	164.875	64.933	1305.667	164.875	0	0	4	9	9	2633	5245	2409	1247	0	0	0	0	-2	9	8	12	6	265	157	131	107	-2	73	67	79	64	-2	-2	-2	-2	-2	108	108	114	84	274	207	214	210	-1
1003002000	-2	698	101.667	216.025	23.714	18.972	133.833	86.115	277.5	167.745	4866.889	293.75	0	0	2	9	9	0	93	698	131	-2	0	-2	-1	-2	9	8	9	9	28	46	57	-2	-2	82	70	80	73	201	-2	297	-2	-2	103	98	137	208	548	291	530	305	-1
1004001000	-2	386	89.333	138.571	51.25	40.233	97.2	60.555	171.75	73.542	1789.222	193.25	0	0	5	9	9	149	271	386	0	0	0	0	0	-2	11	19	10	8	77	109	91	85	-2	72	65	71	60	-2	-2	-2	218	-2	107	102	110	77	231	251	248	248	-1
1006001000	-2	5404	1356.778	2049.56	225.5	300.26	94.333	5.437	296.625	275.698	1746.556	296.625	0	0	3	9	9	4397	5404	2416	0	-2	-2	0	0	-2	19	16	39	11	895	530	165	129	-2	91	90	102	-2	-2	-2	-2	-2	-2	129	129	140	83	925	560	195	212	-1
1006001000	-2	5404	1356.778	2049.56	225.5	300.26	94.333	5.437	296.625	275.698	1746.556	296.625	0	0	3	9	9	4397	5404	2416	0	-2	-2	0	0	-2	19	16	39	11	895	530	165	129	-2	91	90	102	-2	-2	-2	-2	-2	-2	129	129	140	83	925	560	195	212	-1
1005001000	-2	5649	1360.778	2029.282	114	154.484	79	8.573	203.25	140.702	1635.667	203.25	0	0	4	9	9	3194	3408	5649	0	-2	0	0	0	-2	13	11	28	8	502	140	112	98	-2	75	78	93	70	-2	-2	-2	-2	-2	116	120	132	85	556	191	212	214	-1
1005001000	-2	5649	1360.778	2029.282	114	154.484	79	8.573	203.25	140.702	1635.667	203.25	0	0	4	9	9	3194	3408	5649	0	-2	0	0	0	-2	13	11	28	8	502	140	112	98	-2	75	78	93	70	-2	-2	-2	-2	-2	116	120	132	85	556	191	212	214	-1
1005002000	-2	3944	803.556	1320.118	48	46.721	66.75	7.562	115.875	56.658	839.111	151	0	0	4	9	9	35	3944	2194	1061	0	0	0	0	-2	9	14	10	6	125	103	-2	69	-2	59	71	77	60	-2	-2	-2	-2	-2	80	108	113	97	167	114	21	227	-1
1005002000	-2	3714	768.556	1258.174	48	46.721	66.75	7.562	115.875	56.658	839.111	151	0	0	4	9	9	34	3714	2194	977	0	0	0	0	-2	9	14	10	6	125	103	-2	69	-2	59	71	77	60	-2	-2	-2	-2	-2	80	108	113	97	167	114	21	227	-1
1005001000	-2	3639	1095.444	1396.079	99.75	135.026	66.75	6.833	180.5	110.378	1126.111	180.125	0	0	3	9	9	2876	3639	2456	892	0	-2	0	0	-2	9	10	9	6	138	433	96	97	-2	60	66	78	63	-2	-2	-2	-2	-2	100	102	113	87	168	443	218	213	-1
1005001000	-2	3639	1095.444	1396.079	99.75	135.026	66.75	6.833	180.5	110.378	1126.111	180.125	0	0	3	9	9	2876	3639	2456	892	0	-2	0	0	-2	9	10	9	6	138	433	96	97	-2	60	66	78	63	-2	-2	-2	-2	-2	100	102	113	87	168	443	218	213	-1
1005001000	-2	3375	1042.444	1271.697	192.25	278.687	66.25	7.361	293.875	286.611	1069.889	294.25	0	0	2	9	9	2389	3375	2391	1233	-2	-2	0	0	-2	9	8	9	6	824	462	118	102	-2	62	62	79	62	-2	-2	-2	-2	-2	100	98	115	103	941	576	211	207	-1
1005001000	-2	3821	1163.889	1443.534	117.25	164.367	63.75	6.61	199.25	148.645	1165.111	199.125	0	0	3	9	9	1974	3202	3821	1482	-2	0	0	0	-2	9	9	10	6	524	170	117	93	-2	61	61	75	58	-2	-2	-2	-2	-2	95	96	110	98	569	204	212	210	-1
1005001000	-2	3821	1163.889	1443.534	117.25	164.367	63.75	6.61	199.25	148.645	1165.111	199.125	0	0	3	9	9	1974	3202	3821	1482	-2	0	0	0	-2	9	9	10	6	524	170	117	93	-2	61	61	75	58	-2	-2	-2	-2	-2	95	96	110	98	569	204	212	210	-1
1005001000	-2	2923	934.444	1119.405	115	162.624	65	6.964	200.375	148.471	944.222	200.25	0	0	3	9	9	1609	2923	2425	1457	-2	0	0	0	-2	8	9	11	6	520	157	114	95	-2	60	62	77	61	-2	-2	-2	-2	-2	95	97	112	98	569	204	214	214	-1
1005001000	-2	2923	934.444	1119.405	115	162.624	65	6.964	200.375	148.471	944.222	200.25	0	0	3	9	9	1609	2923	2425	1457	-2	0	0	0	-2	8	9	11	6	520	157	114	95	-2	60	62	77	61	-2	-2	-2	-2	-2	95	97	112	98	569	204	214	214	-1
1005001000	-2	3739	1091.889	1455.689	116.125	162.68	66	5.339	204.875	145.146	1124.889	204.875	0	0	3	9	9	1201	3545	3739	1346	-2	0	0	0	-2	8	9	11	6	520	159	120	96	-2	61	64	75	64	-2	-2	-2	-2	-2	97	99	111	135	568	203	214	212	-1
1005001000	-2	3739	1074.556	1454.576	116.125	162.68	66	5.339	204.875	145.146	1124.889	204.875	0	0	3	9	9	1076	3545	3739	1315	-2	0	0	0	-2	8	9	11	6	520	159	120	96	-2	61	64	75	64	-2	-2	-2	-2	-2	97	99	111	135	568	203	214	212	-1
1005001000	-2	3400	917.333	1216.134	116.875	162.11	67.75	6.18	209.125	145.894	956.778	209.125	0	0	3	9	9	1556	3400	2502	802	-2	0	0	0	-2	7	10	12	6	518	163	122	97	-2	62	64	78	67	-2	-2	-2	-2	-2	100	101	116	136	573	208	215	224	-1
1005001000	-2	3400	917.333	1216.134	116.875	162.11	67.75	6.18	209.125	145.894	956.778	209.125	0	0	3	9	9	1556	3400	2502	802	-2	0	0	0	-2	7	10	12	6	518	163	122	97	-2	62	64	78	67	-2	-2	-2	-2	-2	100	101	116	136	573	208	215	224	-1
1005001000	-2	3516	1030.556	1345.36	72	68.724	65.5	5.172	154.375	56.464	1046.333	154.5	0	0	4	9	9	1261	3191	3516	1309	0	0	0	0	-2	6	10	12	6	189	147	117	89	-2	60	64	74	64	-2	-2	-2	-2	-2	98	101	111	84	201	208	216	216	-1
1005001000	-2	3516	1030.556	1345.36	72	68.724	65.5	5.172	154.375	56.464	1046.333	154.5	0	0	4	9	9	1261	3191	3516	1309	0	0	0	0	-2	6	10	12	6	189	147	117	89	-2	60	64	74	64	-2	-2	-2	-2	-2	98	101	111	84	201	208	216	216	-1
1004001000	-2	2747	868.667	1073.79	63.75	57.521	89.2	51.043	167.125	60.346	875.111	167	0	0	4	9	9	1140	2747	2509	1424	0	0	0	0	-2	6	11	11	6	143	135	113	85	-2	60	62	71	62	-2	-2	-2	191	-2	97	99	105	137	201	225	255	218	-1
1002002000	-2	1932	696.667	712.182	31	22.207	125.714	59.148	177.375	107.654	4424.111	195.625	0	0	2	9	9	501	0	796	0	216	1044	1783	1932	-2	7	-2	7	6	42	54	62	39	-2	56	-2	62	57	193	180	174	158	-2	93	21	103	73	290	291	289	259	-1
1002002000	-2	1932	696.667	712.182	31	22.207	125.714	59.148	177.375	107.654	4424.111	195.625	0	0	2	9	9	501	0	796	0	216	1044	1783	1932	-2	7	-2	7	6	42	54	62	39	-2	56	-2	62	57	193	180	174	158	-2	93	21	103	73	290	291	289	259	-1
1005001000	-2	3044	584.778	937.39	117.5	159.365	68.75	7.462	180.875	152.153	1381.778	204.375	0	0	3	9	9	3044	915	771	537	-2	0	0	0	-2	12	11	12	7	513	148	121	116	-2	68	70	79	58	-2	-2	-2	-2	-2	106	107	107	86	573	208	132	128	-1
1004001000	-2	3985	1307.667	1625.223	59.75	54.295	89	42.993	135.125	48.23	1605.333	161.125	0	0	3	9	9	3985	3840	2711	1078	0	0	0	157	-2	9	9	10	6	152	111	95	86	-2	65	68	79	59	-2	-2	-2	174	-2	105	106	114	97	193	122	106	238	-1
1004001000	-2	4268	1286.111	1550.302	48.375	42.775	91.6	55.734	135.25	47.378	1384.778	164.5	0	0	4	9	9	1901	4268	2884	2524	0	0	0	0	-2	8	8	8	5	113	95	82	68	-2	56	64	78	58	-2	-2	-2	202	-2	97	101	114	159	173	108	93	237	-1
1004001000	-2	4125	1274	1538.874	48.375	42.775	91.6	55.734	135.375	47.307	1384.778	164.5	0	0	4	9	9	1660	4125	2868	2815	0	0	0	0	-2	8	8	8	5	113	95	82	68	-2	56	64	78	58	-2	-2	-2	202	-2	97	101	114	159	173	109	93	237	-1
1005001000	-2	3401	1323.889	1500.934	56.125	50.024	63.5	7.297	154	49.91	1328.556	154.125	0	0	4	9	9	2892	3202	3401	2422	0	0	0	0	-2	7	8	8	6	128	107	87	98	-2	58	59	76	61	-2	-2	-2	-2	-2	97	95	111	151	169	153	219	237	-1
1005001000	-2	3401	1323.889	1500.934	56.125	50.024	63.5	7.297	154	49.91	1328.556	154.125	0	0	4	9	9	2892	3202	3401	2422	0	0	0	0	-2	7	8	8	6	128	107	87	98	-2	58	59	76	61	-2	-2	-2	-2	-2	97	95	111	151	169	153	219	237	-1
1005001000	-2	3342	1139.222	1346.564	60.125	54.156	58.75	2.681	144	50.542	1190.778	144.125	0	0	4	9	9	3077	3342	1867	1969	0	0	0	0	-2	7	8	8	6	131	128	96	97	-2	57	59	63	56	-2	-2	-2	-2	-2	94	95	101	104	168	151	214	225	-1
1005001000	-2	3417	1171.111	1394.237	60.125	54.156	59	2.739	144.125	50.422	1190.778	144.125	0	0	4	9	9	3417	3276	1817	2032	0	0	0	0	-2	7	8	8	6	131	128	96	97	-2	57	60	63	56	-2	-2	-2	-2	-2	94	96	101	104	168	151	214	225	-1
1004001000	-2	3325	1145.778	1339.571	60.375	56.02	86.6	56.262	156.375	52.799	1226.556	156.375	0	0	4	9	9	2433	1725	3325	2831	0	0	0	0	-2	6	7	8	6	134	139	97	86	-2	57	59	63	55	-2	-2	-2	199	-2	93	92	100	150	169	204	219	224	-1
1004001000	-2	3481	1159.111	1368.518	60.625	55.785	86.4	56.362	156.375	52.799	1226.556	156.375	0	0	4	9	9	2254	1754	3481	2945	0	0	0	0	-2	6	9	8	6	134	139	97	86	-2	57	58	63	55	-2	-2	-2	199	-2	93	92	100	150	169	204	219	224	-1
1004001000	-2	3501	1166.556	1405.566	61.125	56.005	86.2	55.962	158.625	55.385	1208.667	158.375	0	0	4	9	9	1549	2218	3501	3233	0	0	0	0	-2	5	9	8	6	136	134	102	89	-2	57	58	63	55	-2	-2	-2	198	-2	92	93	99	150	169	222	220	224	-1
1004001000	-2	3501	1166.556	1405.566	61.125	56.005	86.2	55.962	158.625	55.385	1208.667	158.375	0	0	4	9	9	1549	2218	3501	3233	0	0	0	0	-2	5	9	8	6	136	134	102	89	-2	57	58	63	55	-2	-2	-2	198	-2	92	93	99	150	169	222	220	224	-1
1004001000	-2	2737	971.667	1142.821	64.125	60.23	87.4	55.399	159	55.642	1030.333	158.75	0	0	4	9	9	1466	1893	2737	2651	0	0	0	0	-2	5	9	8	6	157	134	109	85	-2	57	59	66	57	-2	-2	-2	198	-2	93	93	102	137	182	222	219	224	-1
1004001000	-2	2737	971.667	1142.821	64.125	60.23	87.4	55.399	159	55.642	1030.333	158.75	0	0	4	9	9	1466	1893	2737	2651	0	0	0	0	-2	5	9	8	6	157	134	109	85	-2	57	59	66	57	-2	-2	-2	198	-2	93	93	102	137	182	222	219	224	-1
1004001000	-2	2663	857.556	1029.211	58.75	54.899	83	48.137	160	56.899	1049.556	160	0	0	3	9	9	967	1662	2313	2663	0	0	0	115	-2	5	7	8	6	134	128	109	73	-2	56	57	66	57	-2	-2	-2	179	-2	94	91	102	137	184	227	220	225	-1
1004001000	-2	2972	1004	1160.481	59.125	54.554	83.4	47.927	160.125	56.748	1049.556	160	0	0	3	9	9	1791	1587	2972	2573	0	0	0	115	-2	5	10	8	6	134	128	109	73	-2	56	59	66	57	-2	-2	-2	179	-2	94	92	102	137	184	227	220	225	-1
1004001000	-2	3104	1113.222	1157.839	53	47.471	80.8	43.769	167.125	63.86	1213.111	166.875	0	0	3	9	9	1290	1257	2814	3104	0	0	0	1556	-2	5	10	9	5	106	116	104	69	-2	56	59	66	55	-2	-2	-2	168	-2	93	92	101	138	202	226	253	232	-1
1003001000	-2	889	249.222	290.615	55.625	48.77	96.667	59.163	179.625	77.79	2527.889	179.625	0	0	2	9	9	240	56	232	603	0	0	225	889	-2	9	7	8	6	119	109	97	90	-2	55	54	61	51	-2	-2	193	166	-2	85	76	95	170	249	250	252	260	-1
1005001000	-2	4576	1145	1676.531	57.75	51.676	64.25	7.049	132.5	46.757	1456	162.625	0	0	4	9	9	3444	4576	227	2060	0	0	0	0	-2	8	9	9	6	139	109	94	88	-2	61	67	74	55	-2	-2	-2	-2	-2	102	105	91	104	215	208	105	130	-1
1005001000	-2	4254	1398.222	1638.342	45.5	40.921	57.25	4.437	127.375	48.641	1490.778	166.375	0	0	4	9	9	2872	3231	2229	4254	0	0	0	0	-2	7	8	7	5	111	87	80	59	-2	55	58	64	52	-2	-2	-2	-2	-2	96	95	102	186	174	205	91	70	-1
1004001000	-2	4182	1489.222	1645.941	45.375	41.036	80.2	46.568	148.625	55.574	1490.778	166.375	0	0	3	9	9	2863	3661	2247	4182	0	0	0	452	-2	7	7	7	5	111	87	80	59	-2	55	57	64	52	-2	-2	-2	173	-2	96	95	102	186	174	205	91	240	-1
1004001000	-2	4163	1431.889	1662.624	52.5	46.856	88.2	61.988	163.875	57.891	1432.556	163.875	0	0	4	9	9	4163	2447	2752	3527	0	0	0	0	-2	5	8	7	5	115	101	88	91	-2	54	58	63	54	-2	-2	-2	212	-2	92	94	100	159	190	205	232	239	-1
1004001000	-2	4163	1431.889	1662.624	52.5	46.856	88.2	61.988	163.875	57.891	1432.556	163.875	0	0	4	9	9	4163	2447	2752	3527	0	0	0	0	-2	5	8	7	5	115	101	88	91	-2	54	58	63	54	-2	-2	-2	212	-2	92	94	100	159	190	205	232	239	-1
1004001000	-2	4076	1293.556	1570.381	54	48.265	81.4	51.902	160.375	61.749	1305.889	160.25	0	0	4	9	9	2419	1699	3450	4076	0	0	0	0	-2	5	7	7	6	117	104	94	92	-2	53	58	60	51	-2	-2	-2	185	-2	89	91	96	128	191	219	230	239	-1
1004001000	-2	3834	1238.667	1497.335	54	48.265	81.4	51.902	160.375	61.749	1305.889	160.25	0	0	4	9	9	2414	1601	3301	3834	0	0	0	0	-2	5	7	7	6	117	104	94	92	-2	53	58	60	51	-2	-2	-2	185	-2	89	91	96	128	191	219	230	239	-1
1003001000	-2	3801	1209.667	1497.423	53.125	47.651	100	64.286	153.75	56.628	1370	153.75	0	0	3	9	9	1990	1222	3661	3801	0	0	0	215	-2	5	8	7	6	120	104	92	83	-2	53	55	60	51	-2	-2	200	181	-2	88	88	96	126	182	205	219	226	-1
1003001000	-2	3801	1209.667	1497.423	53.125	47.651	100	64.286	153.75	56.628	1370	153.75	0	0	3	9	9	1990	1222	3661	3801	0	0	0	215	-2	5	8	7	6	120	104	92	83	-2	53	55	60	51	-2	-2	200	181	-2	88	88	96	126	182	205	219	226	-1
1003001000	-2	4327	1310.778	1602.93	51.5	46.433	99	63.979	157.125	61.06	1464.889	157	0	0	3	9	9	2430	1091	3551	4327	0	0	0	400	-2	5	8	7	5	117	102	91	77	-2	51	54	62	49	-2	-2	198	180	-2	87	87	98	117	197	224	221	226	-1
1003001000	-2	4105	1305.889	1529.722	50.75	45.77	98	62.18	158.25	62.811	1510.556	158.25	0	0	3	9	9	2974	1029	3049	4105	0	0	0	598	-2	5	8	7	5	110	109	88	74	-2	52	53	62	50	-2	-2	194	177	-2	88	86	97	115	201	227	221	231	-1
1003001000	-2	4105	1305.889	1529.722	50.75	45.77	98	62.18	158.25	62.811	1510.556	158.25	0	0	3	9	9	2974	1029	3049	4105	0	0	0	598	-2	5	8	7	5	110	109	88	74	-2	52	53	62	50	-2	-2	194	177	-2	88	86	97	115	201	227	221	231	-1
1003001000	-2	3905	1219.444	1306.388	48.125	43.731	95.5	60.695	158.25	63.627	1524.444	158.25	0	0	3	9	9	1925	919	2059	3905	0	0	0	2169	-2	5	7	7	5	107	103	86	65	-2	52	53	58	50	-2	-2	198	162	-2	89	85	92	117	202	228	222	231	-1
1003001000	-2	3905	1219.444	1306.388	48.125	43.731	95.5	60.695	158.25	63.627	1524.444	158.25	0	0	3	9	9	1925	919	2059	3905	0	0	0	2169	-2	5	7	7	5	107	103	86	65	-2	52	53	58	50	-2	-2	198	162	-2	89	85	92	117	202	228	222	231	-1
1004001000	-2	2242	320.222	686.058	62.625	56.158	80.4	48.405	174.5	77.453	2000.889	174.875	0	0	3	9	9	284	42	153	163	0	0	0	2242	-2	8	7	7	6	133	122	115	103	-2	55	59	60	51	-2	-2	-2	177	-2	85	76	91	149	231	253	265	246	-1
1004001000	-2	5950	1370.778	1991.643	49.375	43.872	78	37.614	174	69.998	1752.111	174	0	0	3	9	9	489	3604	328	5950	0	0	0	1968	-2	7	8	8	5	113	95	91	68	-2	53	66	68	51	-2	-2	-2	152	-2	78	103	87	168	226	252	232	246	-1
1003001000	-2	4240	1788.111	1653.055	42	38.978	92.5	57.401	168.75	70.648	1797	168.75	0	0	3	9	9	3113	2602	3271	4240	0	0	0	2869	-2	5	7	6	4	105	83	75	51	-2	51	57	55	50	-2	-2	196	146	-2	91	93	92	122	216	256	234	246	-1
1003001000	-2	4279	1774.444	1649.733	42	38.978	92.5	57.401	168.75	70.648	1797	168.75	0	0	3	9	9	3112	2516	3273	4279	0	0	0	2792	-2	5	7	6	4	105	83	75	51	-2	51	57	55	50	-2	-2	196	146	-2	91	93	92	122	216	256	234	246	-1
1003001000	-2	3610	1413.333	1471.073	47.5	43.321	98.5	65.951	167	73.543	1430.333	167	0	0	3	9	9	3021	1803	3610	3338	0	0	0	950	-2	5	6	6	5	110	95	84	69	-2	49	56	54	49	-2	-2	199	184	-2	87	91	90	110	216	257	240	245	-1
1003002000	-2	4702	1526	1809.466	10	4.342	100.833	31.509	130	83.098	6472	158.25	0	0	4	9	9	0	0	0	0	3710	4702	3098	2226	-2	6	-2	5	5	10	14	15	15	-2	55	-2	-2	58	117	123	127	125	-2	73	21	25	77	210	209	216	209	-1
1001001000	-2	3735	1452.667	1543.286	11.875	6.679	92.75	44.124	148.125	71.778	3968.556	150.375	0	0	1	9	9	209	133	0	143	3310	3735	2947	2599	-2	6	6	6	5	12	20	22	18	-2	50	49	49	47	138	140	140	129	-2	84	79	65	87	255	217	212	186	-1
1001001000	-2	4071	1641.222	1648.815	16.125	12.262	99.75	49.711	160	81.953	4563	161	0	0	0	9	9	340	376	87	210	4071	3816	3037	2836	-2	6	6	5	5	16	22	39	30	-2	51	53	50	47	151	152	155	139	-2	85	75	76	87	273	255	234	195	-1
1004001000	-2	2543	609.778	802.435	65	58.66	88.2	55.991	184.25	70.733	2034.333	184.25	0	0	3	9	9	935	2543	1033	846	0	0	0	133	-2	7	8	7	6	138	130	119	105	-2	60	65	61	55	-2	-2	-2	200	-2	98	101	99	173	232	255	265	251	-1
1004001000	-2	4574	1531.444	1793.672	49.875	43.97	78.6	43.98	176.25	74.739	1600.111	176.25	0	0	3	9	9	492	3908	1392	4574	0	0	0	3419	-2	6	9	8	5	106	100	95	70	-2	53	66	56	52	-2	-2	-2	166	-2	78	104	89	148	233	256	233	269	-1
1004001000	-2	5412	1563.111	1924.511	49.875	43.97	78.6	43.98	176.25	74.739	1600.111	176.25	0	0	3	9	9	503	3584	1170	5412	0	0	0	3401	-2	6	9	8	5	106	100	95	70	-2	53	66	56	52	-2	-2	-2	166	-2	78	104	89	148	233	256	233	269	-1
1002001000	-2	4075	1463.778	1523.362	37.75	35.947	102.143	61.627	163.25	75.219	1634.556	163.25	0	0	2	9	9	888	2267	1550	4075	0	0	529	3867	-2	4	6	5	4	96	77	70	40	-2	49	57	53	48	-2	205	173	130	-2	76	92	86	102	217	257	237	239	-1
