1009004000	-2	0	-0.222	0.629	22.8	12.023	-0.01	-0.01	47.75	29.359	-0.111	76.5	0	0	8	9	9	0	0	0	0	0	0	0	0	-2	23	-2	-2	28	7	14	42	-2	-2	-2	-2	-2	-2	-2	-2	-2	-2	-2	77	21	21	66	18	60	98	21	-1
1009005000	-2	0	-0.222	0.629	57	75.733	-0.01	-0.01	52.625	61.17	-0.111	50.875	0	0	8	9	9	0	0	0	0	0	0	0	0	-2	19	8	-2	-2	-2	13	188	-2	-2	-2	-2	-2	-2	-2	-2	-2	-2	-2	50	19	21	21	21	58	210	21	-1
1009001000	-2	0	-0.222	0.629	7.75	1.199	-0.01	-0.01	60.625	14.983	-0.111	60.625	0	0	8	9	9	0	0	0	0	0	0	0	0	-2	8	10	7	8	7	9	6	7	-2	-2	-2	-2	-2	-2	-2	-2	-2	-2	73	54	91	42	67	60	46	52	-1
1009001000	-2	0	-0.222	0.629	7.75	1.199	-0.01	-0.01	60.625	14.983	-0.111	60.625	0	0	8	9	9	0	0	0	0	0	0	0	0	-2	8	10	7	8	7	9	6	7	-2	-2	-2	-2	-2	-2	-2	-2	-2	-2	73	54	91	42	67	60	46	52	-1
1009001000	-2	0	-0.222	0.629	7.625	1.218	-0.01	-0.01	58.125	10.505	-0.111	58.125	0	0	8	9	9	0	0	0	0	0	0	0	0	-2	10	9	7	7	7	8	6	7	-2	-2	-2	-2	-2	-2	-2	-2	-2	-2	73	54	70	42	67	60	47	52	-1
1009001000	-2	0	-0.222	0.629	7.625	1.218	-0.01	-0.01	58.125	10.505	-0.111	58.125	0	0	8	9	9	0	0	0	0	0	0	0	0	-2	10	9	7	7	7	8	6	7	-2	-2	-2	-2	-2	-2	-2	-2	-2	-2	73	54	70	42	67	60	47	52	-1
1009001000	-2	0	-0.222	0.629	7.125	0.781	-0.01	-0.01	55.5	9.097	-0.111	55.5	0	0	8	9	9	0	0	0	0	0	0	0	0	-2	9	7	7	7	7	7	6	7	-2	-2	-2	-2	-2	-2	-2	-2	-2	-2	51	54	70	42	67	61	47	52	-1
1009001000	-2	0	-0.222	0.629	7.125	0.781	-0.01	-0.01	55.5	9.097	-0.111	55.5	0	0	8	9	9	0	0	0	0	0	0	0	0	-2	9	7	7	7	7	7	6	7	-2	-2	-2	-2	-2	-2	-2	-2	-2	-2	51	54	70	42	67	61	47	52	-1
1009001000	-2	0	-0.222	0.629	7.25	1.09	-0.01	-0.01	54.75	8.685	-0.111	54.75	0	0	8	9	9	0	0	0	0	0	0	0	0	-2	10	7	7	7	7	7	6	7	-2	-2	-2	-2	-2	-2	-2	-2	-2	-2	50	55	71	42	62	60	47	51	-1
1009001000	-2	0	-0.222	0.629	7.25	1.09	-0.01	-0.01	54.75	8.685	-0.111	54.75	0	0	8	9	9	0	0	0	0	0	0	0	0	-2	10	7	7	7	7	7	6	7	-2	-2	-2	-2	-2	-2	-2	-2	-2	-2	50	55	71	42	62	60	47	51	-1
1009001000	-2	0	-0.222	0.629	7.25	0.829	-0.01	-0.01	55.625	9.096	-0.111	55.625	0	0	8	9	9	0	0	0	0	0	0	0	0	-2	9	7	7	7	7	8	6	7	-2	-2	-2	-2	-2	-2	-2	-2	-2	-2	50	56	71	42	62	65	48	51	-1
1009006000	-2	0	-0.222	0.629	26	6.377	-0.01	-0.01	37.5	21.84	-0.111	73	0	0	8	9	9	0	0	0	0	0	0	0	0	-2	22	-2	-2	-2	-2	21	35	-2	-2	-2	-2	-2	-2	-2	-2	-2	-2	-2	76	21	21	21	21	58	61	21	-1
1009006000	-2	0	-0.222	0.629	75.667	73.068	-0.01	-0.01	60.125	75.217	-0.111	54.5	0	0	8	9	9	0	0	0	0	0	0	0	0	-2	24	-2	-2	-2	-2	24	179	-2	-2	-2	-2	-2	-2	-2	-2	-2	-2	-2	64	21	21	21	21	58	254	21	-1
1009001000	-2	0	-0.222	0.629	12.875	8.192	-0.01	-0.01	44.5	7.297	-0.111	44.5	0	0	8	9	9	0	0	0	0	0	0	0	0	-2	9	7	17	33	11	11	7	8	-2	-2	-2	-2	-2	-2	-2	-2	-2	-2	36	33	48	46	43	58	43	49	-1
1009001000	-2	0	-0.222	0.629	8.75	1.714	-0.01	-0.01	44.5	7.331	-0.111	44.5	0	0	8	9	9	0	0	0	0	0	0	0	0	-2	9	7	12	8	8	11	7	8	-2	-2	-2	-2	-2	-2	-2	-2	-2	-2	36	34	48	44	43	59	43	49	-1
1009001000	-2	0	-0.222	0.629	8.75	1.714	-0.01	-0.01	44.5	7.331	-0.111	44.5	0	0	8	9	9	0	0	0	0	0	0	0	0	-2	9	7	12	8	8	11	7	8	-2	-2	-2	-2	-2	-2	-2	-2	-2	-2	36	34	48	44	43	59	43	49	-1
1009001000	-2	0	-0.222	0.629	8.5	1.414	-0.01	-0.01	52.25	7.579	-0.111	52.25	0	0	8	9	9	0	0	0	0	0	0	0	0	-2	9	8	8	8	8	12	7	8	-2	-2	-2	-2	-2	-2	-2	-2	-2	-2	66	47	49	44	59	59	44	50	-1
1009001000	-2	0	-0.222	0.629	7.25	0.829	-0.01	-0.01	61.25	8.657	-0.111	61.25	0	0	8	9	9	0	0	0	0	0	0	0	0	-2	9	7	7	7	7	8	6	7	-2	-2	-2	-2	-2	-2	-2	-2	-2	-2	73	50	70	67	67	60	51	52	-1
1009001000	-2	0	-0.222	0.629	7.25	0.829	-0.01	-0.01	61.25	8.657	-0.111	61.25	0	0	8	9	9	0	0	0	0	0	0	0	0	-2	9	7	7	7	7	8	6	7	-2	-2	-2	-2	-2	-2	-2	-2	-2	-2	73	50	70	67	67	60	51	52	-1
1009001000	-2	0	-0.222	0.629	7	1.225	-0.01	-0.01	59.625	7.999	-0.111	59.625	0	0	8	9	9	0	0	0	0	0	0	0	0	-2	10	6	7	7	6	7	6	7	-2	-2	-2	-2	-2	-2	-2	-2	-2	-2	53	55	71	66	67	65	48	52	-1
1009001000	-2	0	-0.222	0.629	7	1.225	-0.01	-0.01	59.625	7.999	-0.111	59.625	0	0	8	9	9	0	0	0	0	0	0	0	0	-2	10	6	7	7	6	7	6	7	-2	-2	-2	-2	-2	-2	-2	-2	-2	-2	53	55	71	66	67	65	48	52	-1
1009001000	-2	0	-0.222	0.629	6.875	1.269	-0.01	-0.01	56	9.055	-0.111	56	0	0	8	9	9	0	0	0	0	0	0	0	0	-2	10	6	6	7	7	7	6	6	-2	-2	-2	-2	-2	-2	-2	-2	-2	-2	51	56	71	42	63	65	48	52	-1
1009001000	-2	0	-0.222	0.629	6.875	1.269	-0.01	-0.01	56	9.055	-0.111	56	0	0	8	9	9	0	0	0	0	0	0	0	0	-2	10	6	6	7	7	7	6	6	-2	-2	-2	-2	-2	-2	-2	-2	-2	-2	51	56	71	42	63	65	48	52	-1
1009001000	-2	0	-0.222	0.629	6.625	1.317	-0.01	-0.01	57	9.165	-0.111	57	0	0	8	9	9	0	0	0	0	0	0	0	0	-2	10	6	6	6	7	6	6	6	-2	-2	-2	-2	-2	-2	-2	-2	-2	-2	51	56	71	42	67	65	52	52	-1
1009001000	-2	0	-0.222	0.629	6.625	1.317	-0.01	-0.01	57	9.165	-0.111	57	0	0	8	9	9	0	0	0	0	0	0	0	0	-2	10	6	6	6	7	6	6	6	-2	-2	-2	-2	-2	-2	-2	-2	-2	-2	51	56	71	42	67	65	52	52	-1
1009001000	-2	0	-0.222	0.629	6.625	1.317	-0.01	-0.01	54.75	6.96	-0.111	54.75	0	0	8	9	9	0	0	0	0	0	0	0	0	-2	10	6	6	6	7	6	6	6	-2	-2	-2	-2	-2	-2	-2	-2	-2	-2	51	57	55	42	64	65	52	52	-1
1009001000	-2	0	-0.222	0.629	6.625	1.317	-0.01	-0.01	54.75	6.96	-0.111	54.75	0	0	8	9	9	0	0	0	0	0	0	0	0	-2	10	6	6	6	7	6	6	6	-2	-2	-2	-2	-2	-2	-2	-2	-2	-2	51	57	55	42	64	65	52	52	-1
1009001000	-2	0	-0.222	0.629	7.625	1.317	-0.01	-0.01	54.375	6.927	-0.111	54.375	0	0	8	9	9	0	0	0	0	0	0	0	0	-2	11	7	7	7	8	7	7	7	-2	-2	-2	-2	-2	-2	-2	-2	-2	-2	50	57	55	42	63	65	52	51	-1
1009001000	-2	0	-0.222	0.629	7.625	1.317	-0.01	-0.01	54.375	6.927	-0.111	54.375	0	0	8	9	9	0	0	0	0	0	0	0	0	-2	11	7	7	7	8	7	7	7	-2	-2	-2	-2	-2	-2	-2	-2	-2	-2	50	57	55	42	63	65	52	51	-1
1009001000	-2	0	-0.222	0.629	8.125	1.269	-0.01	-0.01	56.75	9.27	-0.111	56.75	0	0	8	9	9	0	0	0	0	0	0	0	0	-2	11	8	8	7	8	9	7	7	-2	-2	-2	-2	-2	-2	-2	-2	-2	-2	50	57	72	41	63	66	53	52	-1
1009001000	-2	0	-0.222	0.629	8.25	1.561	-0.01	-0.01	52.75	9.808	-0.111	52.75	0	0	8	9	9	0	0	0	0	0	0	0	0	-2	12	8	8	7	8	9	7	7	-2	-2	-2	-2	-2	-2	-2	-2	-2	-2	48	58	56	44	63	66	53	34	-1
1009001000	-2	0	-0.222	0.629	8.25	1.561	-0.01	-0.01	52.75	9.808	-0.111	52.75	0	0	8	9	9	0	0	0	0	0	0	0	0	-2	12	8	8	7	8	9	7	7	-2	-2	-2	-2	-2	-2	-2	-2	-2	-2	48	58	56	44	63	66	53	34	-1
1009001000	-2	0	-0.222	0.629	9.75	1.984	-0.01	-0.01	53.75	10.883	-0.111	53.75	0	0	8	9	9	0	0	0	0	0	0	0	0	-2	13	10	11	9	8	12	8	7	-2	-2	-2	-2	-2	-2	-2	-2	-2	-2	56	59	56	39	65	67	54	34	-1
1009001000	-2	0	-0.222	0.629	11.625	5.073	-0.01	-0.01	58.75	7.579	-0.111	58.75	0	0	8	9	9	0	0	0	0	0	0	0	0	-2	13	10	11	24	8	12	8	7	-2	-2	-2	-2	-2	-2	-2	-2	-2	-2	64	66	56	53	65	67	55	44	-1
1009001000	-2	0	-0.222	0.629	9.625	2.233	-0.01	-0.01	56.375	8.184	-0.111	56.375	0	0	8	9	9	0	0	0	0	0	0	0	0	-2	12	8	11	11	8	13	7	7	-2	-2	-2	-2	-2	-2	-2	-2	-2	-2	57	67	57	53	40	68	55	54	-1
1009001000	-2	0	-0.222	0.629	9.625	2.233	-0.01	-0.01	56.375	8.184	-0.111	56.375	0	0	8	9	9	0	0	0	0	0	0	0	0	-2	12	8	11	11	8	13	7	7	-2	-2	-2	-2	-2	-2	-2	-2	-2	-2	57	67	57	53	40	68	55	54	-1
1009006000	-2	0	-0.222	0.629	26.333	5.437	-0.01	-0.01	43.875	31.88	-0.111	75.875	0	0	8	9	9	0	0	0	0	0	0	0	0	-2	22	-2	-2	-2	-2	23	34	-2	-2	-2	-2	-2	-2	-2	-2	-2	-2	-2	74	21	21	21	21	109	63	21	-1
1009007000	-2	0	-0.222	0.629	15	0	-0.01	-0.01	27.375	12.226	-0.111	53.75	0	0	8	9	9	0	0	0	0	0	0	0	0	-2	15	-2	-2	-2	-2	15	-2	-2	-2	-2	-2	-2	-2	-2	-2	-2	-2	-2	36	21	21	21	21	57	21	21	-1
1009006000	-2	0	-0.222	0.629	12.333	2.055	-0.01	-0.01	27.625	12.619	-0.111	52.125	0	0	8	9	9	0	0	0	0	0	0	0	0	-2	12	10	-2	-2	-2	15	-2	-2	-2	-2	-2	-2	-2	-2	-2	-2	-2	-2	37	21	21	21	21	58	21	21	-1
1009006000	-2	0	-0.222	0.629	12.333	2.055	-0.01	-0.01	27.625	12.619	-0.111	52.125	0	0	8	9	9	0	0	0	0	0	0	0	0	-2	12	10	-2	-2	-2	15	-2	-2	-2	-2	-2	-2	-2	-2	-2	-2	-2	-2	37	21	21	21	21	58	21	21	-1
1009001000	-2	0	-0.222	0.629	8.125	0.781	-0.01	-0.01	51.5	5.958	-0.111	51.5	0	0	8	9	9	0	0	0	0	0	0	0	0	-2	9	7	7	8	9	9	8	8	-2	-2	-2	-2	-2	-2	-2	-2	-2	-2	53	47	49	44	59	59	44	57	-1
1009001000	-2	0	-0.222	0.629	6.875	0.599	-0.01	-0.01	61.875	6.716	-0.111	61.875	0	0	8	9	9	0	0	0	0	0	0	0	0	-2	8	6	7	7	7	7	6	7	-2	-2	-2	-2	-2	-2	-2	-2	-2	-2	66	53	70	67	67	64	51	57	-1
1009001000	-2	0	-0.222	0.629	6.875	0.599	-0.01	-0.01	61.875	6.716	-0.111	61.875	0	0	8	9	9	0	0	0	0	0	0	0	0	-2	8	6	7	7	7	7	6	7	-2	-2	-2	-2	-2	-2	-2	-2	-2	-2	66	53	70	67	67	64	51	57	-1
1009001000	-2	0	-0.222	0.629	6.625	1.111	-0.01	-0.01	61.625	8.092	-0.111	61.625	0	0	8	9	9	0	0	0	0	0	0	0	0	-2	9	5	7	7	6	6	6	7	-2	-2	-2	-2	-2	-2	-2	-2	-2	-2	67	55	71	65	69	66	48	52	-1
1009001000	-2	0	-0.222	0.629	6.625	1.111	-0.01	-0.01	61.625	8.092	-0.111	61.625	0	0	8	9	9	0	0	0	0	0	0	0	0	-2	9	5	7	7	6	6	6	7	-2	-2	-2	-2	-2	-2	-2	-2	-2	-2	67	55	71	65	69	66	48	52	-1
1009001000	-2	0	-0.222	0.629	6.375	1.111	-0.01	-0.01	59.625	9.499	-0.111	59.625	0	0	8	9	9	0	0	0	0	0	0	0	0	-2	9	6	6	6	7	5	6	6	-2	-2	-2	-2	-2	-2	-2	-2	-2	-2	67	56	71	44	70	66	51	52	-1
1009001000	-2	0	-0.222	0.629	6.375	1.111	-0.01	-0.01	59.625	9.499	-0.111	59.625	0	0	8	9	9	0	0	0	0	0	0	0	0	-2	9	6	6	6	7	5	6	6	-2	-2	-2	-2	-2	-2	-2	-2	-2	-2	67	56	71	44	70	66	51	52	-1
1009001000	-2	0	-0.222	0.629	6.25	1.199	-0.01	-0.01	62.75	7.628	-0.111	62.75	0	0	8	9	9	0	0	0	0	0	0	0	0	-2	9	5	6	6	7	5	6	6	-2	-2	-2	-2	-2	-2	-2	-2	-2	-2	67	56	72	68	70	65	52	52	-1
1009001000	-2	0	-0.222	0.629	6.25	1.199	-0.01	-0.01	62.75	7.628	-0.111	62.75	0	0	8	9	9	0	0	0	0	0	0	0	0	-2	9	5	6	6	7	5	6	6	-2	-2	-2	-2	-2	-2	-2	-2	-2	-2	67	56	72	68	70	65	52	52	-1
1009001000	-2	0	-0.222	0.629	6.375	1.111	-0.01	-0.01	63.625	7.983	-0.111	63.625	0	0	8	9	9	0	0	0	0	0	0	0	0	-2	9	6	6	6	7	5	6	6	-2	-2	-2	-2	-2	-2	-2	-2	-2	-2	68	57	72	71	70	67	52	52	-1
1009001000	-2	0	-0.222	0.629	6.375	1.111	-0.01	-0.01	63.625	7.983	-0.111	63.625	0	0	8	9	9	0	0	0	0	0	0	0	0	-2	9	6	6	6	7	5	6	6	-2	-2	-2	-2	-2	-2	-2	-2	-2	-2	68	57	72	71	70	67	52	52	-1
1009001000	-2	0	-0.222	0.629	6.625	1.218	-0.01	-0.01	66.5	7.348	-0.111	66.5	0	0	8	9	9	0	0	0	0	0	0	0	0	-2	9	6	7	6	8	5	6	6	-2	-2	-2	-2	-2	-2	-2	-2	-2	-2	70	57	72	70	71	66	74	52	-1
1009001000	-2	0	-0.222	0.629	6.625	1.218	-0.01	-0.01	66.5	7.348	-0.111	66.5	0	0	8	9	9	0	0	0	0	0	0	0	0	-2	9	6	7	6	8	5	6	6	-2	-2	-2	-2	-2	-2	-2	-2	-2	-2	70	57	72	70	71	66	74	52	-1
1009001000	-2	0	-0.222	0.629	7.125	1.615	-0.01	-0.01	58.75	9.497	-0.111	58.75	0	0	8	9	9	0	0	0	0	0	0	0	0	-2	11	6	7	6	8	6	7	6	-2	-2	-2	-2	-2	-2	-2	-2	-2	-2	51	58	73	45	71	66	53	53	-1
1009001000	-2	0	-0.222	0.629	7.75	1.299	-0.01	-0.01	63.5	7.399	-0.111	63.5	0	0	8	9	9	0	0	0	0	0	0	0	0	-2	11	7	8	7	8	7	7	7	-2	-2	-2	-2	-2	-2	-2	-2	-2	-2	71	66	56	71	71	66	53	54	-1
1009001000	-2	0	-0.222	0.629	7.75	1.299	-0.01	-0.01	63.5	7.399	-0.111	63.5	0	0	8	9	9	0	0	0	0	0	0	0	0	-2	11	7	8	7	8	7	7	7	-2	-2	-2	-2	-2	-2	-2	-2	-2	-2	71	66	56	71	71	66	53	54	-1
1009001000	-2	0	-0.222	0.629	8.25	1.561	-0.01	-0.01	62.875	7.817	-0.111	62.875	0	0	8	9	9	0	0	0	0	0	0	0	0	-2	12	9	8	7	8	8	7	7	-2	-2	-2	-2	-2	-2	-2	-2	-2	-2	71	72	57	56	72	67	54	54	-1
1009001000	-2	0	-0.222	0.629	8.25	1.561	-0.01	-0.01	62.875	7.817	-0.111	62.875	0	0	8	9	9	0	0	0	0	0	0	0	0	-2	12	9	8	7	8	8	7	7	-2	-2	-2	-2	-2	-2	-2	-2	-2	-2	71	72	57	56	72	67	54	54	-1
1009001000	-2	0	-0.222	0.629	8.25	1.561	-0.01	-0.01	62.125	6.864	-0.111	62.125	0	0	8	9	9	0	0	0	0	0	0	0	0	-2	12	8	8	7	8	9	7	7	-2	-2	-2	-2	-2	-2	-2	-2	-2	-2	71	71	57	56	66	67	55	54	-1
1009001000	-2	0	-0.222	0.629	8.25	1.561	-0.01	-0.01	62.125	6.864	-0.111	62.125	0	0	8	9	9	0	0	0	0	0	0	0	0	-2	12	8	8	7	8	9	7	7	-2	-2	-2	-2	-2	-2	-2	-2	-2	-2	71	71	57	56	66	67	55	54	-1
1009001000	-2	0	-0.222	0.629	8.5	1.581	-0.01	-0.01	58.5	10.087	-0.111	58.5	0	0	8	9	9	0	0	0	0	0	0	0	0	-2	11	8	9	7	8	11	7	7	-2	-2	-2	-2	-2	-2	-2	-2	-2	-2	56	66	57	66	66	67	55	35	-1
1009001000	-2	0	-0.222	0.629	8.75	1.561	-0.01	-0.01	61.125	6.809	-0.111	61.125	0	0	8	9	9	0	0	0	0	0	0	0	0	-2	11	8	10	8	8	11	7	7	-2	-2	-2	-2	-2	-2	-2	-2	-2	-2	72	65	58	53	66	67	55	53	-1
1009009000	-2	0	-0.222	0.629	-0.01	-0.01	-0.01	-0.01	21	0	4893.889	334.625	0	0	8	9	9	0	0	0	0	0	0	0	0	-2	-2	-2	-2	-2	-2	-2	-2	-2	-2	-2	-2	-2	-2	-2	-2	-2	-2	-2	21	21	21	21	21	21	21	21	-1
1009007000	-2	0	-0.222	0.629	19	6	-0.01	-0.01	27.5	12.53	-0.111	52.5	0	0	8	9	9	0	0	0	0	0	0	0	0	-2	13	-2	-2	-2	-2	25	-2	-2	-2	-2	-2	-2	-2	-2	-2	-2	-2	-2	36	21	21	21	21	58	21	21	-1
1009007000	-2	0	-0.222	0.629	16	3	-0.01	-0.01	27	12.258	-0.111	56	0	0	8	9	9	0	0	0	0	0	0	0	0	-2	13	-2	-2	-2	-2	19	-2	-2	-2	-2	-2	-2	-2	-2	-2	-2	-2	-2	32	21	21	21	21	58	21	21	-1
1009006000	-2	0	-0.222	0.629	16.333	9.877	-0.01	-0.01	31	15.484	-0.111	59.125	0	0	8	9	9	0	0	0	0	0	0	0	0	-2	12	-2	-2	30	-2	7	-2	-2	-2	-2	-2	-2	-2	-2	-2	-2	-2	-2	28	21	21	56	21	59	21	21	-1
1009006000	-2	0	-0.222	0.629	16.333	9.877	-0.01	-0.01	31	15.484	-0.111	59.125	0	0	8	9	9	0	0	0	0	0	0	0	0	-2	12	-2	-2	30	-2	7	-2	-2	-2	-2	-2	-2	-2	-2	-2	-2	-2	-2	28	21	21	56	21	59	21	21	-1
1009001000	-2	0	-0.222	0.629	36	77.109	-0.01	-0.01	80.75	63.778	-0.111	56.25	0	0	8	9	9	0	0	0	0	0	0	0	0	-2	7	6	6	240	8	6	8	7	-2	-2	-2	-2	-2	-2	-2	-2	-2	-2	66	52	53	249	60	60	50	56	-1
1009001000	-2	0	-0.222	0.629	36	77.109	-0.01	-0.01	80.75	63.778	-0.111	56.25	0	0	8	9	9	0	0	0	0	0	0	0	0	-2	7	6	6	240	8	6	8	7	-2	-2	-2	-2	-2	-2	-2	-2	-2	-2	66	52	53	249	60	60	50	56	-1
1009001000	-2	0	-0.222	0.629	7	0.707	-0.01	-0.01	63.125	5.51	-0.111	63.125	0	0	8	9	9	0	0	0	0	0	0	0	0	-2	8	6	6	7	8	7	7	7	-2	-2	-2	-2	-2	-2	-2	-2	-2	-2	66	52	69	63	69	65	64	57	-1
1009001000	-2	0	-0.222	0.629	7	0.707	-0.01	-0.01	63.125	5.51	-0.111	63.125	0	0	8	9	9	0	0	0	0	0	0	0	0	-2	8	6	6	7	8	7	7	7	-2	-2	-2	-2	-2	-2	-2	-2	-2	-2	66	52	69	63	69	65	64	57	-1
1009001000	-2	0	-0.222	0.629	6.75	0.829	-0.01	-0.01	60.625	7.889	-0.111	60.625	0	0	8	9	9	0	0	0	0	0	0	0	0	-2	8	5	7	7	7	6	7	7	-2	-2	-2	-2	-2	-2	-2	-2	-2	-2	67	55	71	54	70	65	51	52	-1
1009001000	-2	0	-0.222	0.629	6.75	0.829	-0.01	-0.01	60.625	7.889	-0.111	60.625	0	0	8	9	9	0	0	0	0	0	0	0	0	-2	8	5	7	7	7	6	7	7	-2	-2	-2	-2	-2	-2	-2	-2	-2	-2	67	55	71	54	70	65	51	52	-1
1009001000	-2	0	-0.222	0.629	5.875	0.599	-0.01	-0.01	71.375	8.803	-0.111	71.375	0	0	8	9	9	0	0	0	0	0	0	0	0	-2	7	5	6	6	6	5	6	6	-2	-2	-2	-2	-2	-2	-2	-2	-2	-2	78	75	84	71	70	67	74	52	-1
1009001000	-2	0	-0.222	0.629	5.875	0.599	-0.01	-0.01	71.375	8.803	-0.111	71.375	0	0	8	9	9	0	0	0	0	0	0	0	0	-2	7	5	6	6	6	5	6	6	-2	-2	-2	-2	-2	-2	-2	-2	-2	-2	78	75	84	71	70	67	74	52	-1
1009001000	-2	0	-0.222	0.629	6	0.707	-0.01	-0.01	69.625	7.14	-0.111	69.625	0	0	8	9	9	0	0	0	0	0	0	0	0	-2	7	5	6	6	7	5	6	6	-2	-2	-2	-2	-2	-2	-2	-2	-2	-2	75	79	72	71	70	67	70	53	-1
1009001000	-2	0	-0.222	0.629	6	0.707	-0.01	-0.01	69.625	7.14	-0.111	69.625	0	0	8	9	9	0	0	0	0	0	0	0	0	-2	7	5	6	6	7	5	6	6	-2	-2	-2	-2	-2	-2	-2	-2	-2	-2	75	79	72	71	70	67	70	53	-1
1009001000	-2	0	-0.222	0.629	6.125	0.927	-0.01	-0.01	62	7.969	-0.111	62	0	0	8	9	9	0	0	0	0	0	0	0	0	-2	8	5	6	6	7	5	6	6	-2	-2	-2	-2	-2	-2	-2	-2	-2	-2	70	57	72	55	70	67	52	53	-1
1009001000	-2	0	-0.222	0.629	6.125	0.927	-0.01	-0.01	62	7.969	-0.111	62	0	0	8	9	9	0	0	0	0	0	0	0	0	-2	8	5	6	6	7	5	6	6	-2	-2	-2	-2	-2	-2	-2	-2	-2	-2	70	57	72	55	70	67	52	53	-1
1009001000	-2	0	-0.222	0.629	6.375	0.857	-0.01	-0.01	66.25	9.756	-0.111	66.25	0	0	8	9	9	0	0	0	0	0	0	0	0	-2	8	6	6	6	7	5	7	6	-2	-2	-2	-2	-2	-2	-2	-2	-2	-2	70	81	72	55	71	73	53	55	-1
1009001000	-2	0	-0.222	0.629	6.375	0.857	-0.01	-0.01	66.25	9.756	-0.111	66.25	0	0	8	9	9	0	0	0	0	0	0	0	0	-2	8	6	6	6	7	5	7	6	-2	-2	-2	-2	-2	-2	-2	-2	-2	-2	70	81	72	55	71	73	53	55	-1
1009001000	-2	0	-0.222	0.629	6.5	0.866	-0.01	-0.01	71.125	10.505	-0.111	71.125	0	0	8	9	9	0	0	0	0	0	0	0	0	-2	8	6	7	6	7	5	7	6	-2	-2	-2	-2	-2	-2	-2	-2	-2	-2	76	81	73	85	71	74	53	56	-1
1009001000	-2	0	-0.222	0.629	6.875	1.269	-0.01	-0.01	77.125	10.105	-0.111	77.125	0	0	8	9	9	0	0	0	0	0	0	0	0	-2	10	6	7	6	7	6	7	6	-2	-2	-2	-2	-2	-2	-2	-2	-2	-2	77	81	92	86	71	74	80	56	-1
1009001000	-2	0	-0.222	0.629	6.875	1.269	-0.01	-0.01	77.125	10.105	-0.111	77.125	0	0	8	9	9	0	0	0	0	0	0	0	0	-2	10	6	7	6	7	6	7	6	-2	-2	-2	-2	-2	-2	-2	-2	-2	-2	77	81	92	86	71	74	80	56	-1
1009001000	-2	0	-0.222	0.629	7.125	1.269	-0.01	-0.01	67.75	11.065	-0.111	67.75	0	0	8	9	9	0	0	0	0	0	0	0	0	-2	10	6	8	6	7	6	7	7	-2	-2	-2	-2	-2	-2	-2	-2	-2	-2	72	80	57	86	71	67	54	55	-1
1009001000	-2	0	-0.222	0.629	7.5	1.414	-0.01	-0.01	67.875	10.576	-0.111	67.875	0	0	8	9	9	0	0	0	0	0	0	0	0	-2	11	7	8	7	7	6	7	7	-2	-2	-2	-2	-2	-2	-2	-2	-2	-2	72	78	58	86	72	67	55	55	-1
1009001000	-2	0	-0.222	0.629	7.625	1.317	-0.01	-0.01	65.875	8.177	-0.111	65.875	0	0	8	9	9	0	0	0	0	0	0	0	0	-2	11	7	8	7	7	7	7	7	-2	-2	-2	-2	-2	-2	-2	-2	-2	-2	72	78	58	69	72	68	55	55	-1
1009001000	-2	0	-0.222	0.629	7.625	1.317	-0.01	-0.01	65.875	8.177	-0.111	65.875	0	0	8	9	9	0	0	0	0	0	0	0	0	-2	11	7	8	7	7	7	7	7	-2	-2	-2	-2	-2	-2	-2	-2	-2	-2	72	78	58	69	72	68	55	55	-1
1009001000	-2	0	-0.222	0.629	7.625	0.992	-0.01	-0.01	69	7.632	-0.111	69	0	0	8	9	9	0	0	0	0	0	0	0	0	-2	10	7	8	7	7	8	7	7	-2	-2	-2	-2	-2	-2	-2	-2	-2	-2	78	77	58	72	72	67	56	72	-1
1009001000	-2	0	-0.222	0.629	7.625	0.992	-0.01	-0.01	69	7.632	-0.111	69	0	0	8	9	9	0	0	0	0	0	0	0	0	-2	10	7	8	7	7	8	7	7	-2	-2	-2	-2	-2	-2	-2	-2	-2	-2	78	77	58	72	72	67	56	72	-1
1009001000	-2	0	-0.222	0.629	7.625	0.696	-0.01	-0.01	68.625	10.343	-0.111	68.625	0	0	8	9	9	0	0	0	0	0	0	0	0	-2	9	7	8	8	7	8	7	7	-2	-2	-2	-2	-2	-2	-2	-2	-2	-2	58	77	58	88	73	68	56	71	-1
1009009000	-2	0	-0.222	0.629	-0.01	-0.01	-0.01	-0.01	21	0	4377.667	282.375	0	0	8	9	9	0	0	0	0	0	0	0	0	-2	-2	-2	-2	-2	-2	-2	-2	-2	-2	-2	-2	-2	-2	-2	-2	-2	-2	-2	21	21	21	21	21	21	21	21	-1
1009007000	-2	0	-0.222	0.629	17.5	11.5	-0.01	-0.01	31.375	17.972	-0.111	63.375	0	0	8	9	9	0	0	0	0	0	0	0	0	-2	-2	-2	-2	29	-2	6	-2	-2	-2	-2	-2	-2	-2	-2	-2	-2	-2	-2	21	21	21	63	21	62	21	21	-1
1009001000	-2	0	-0.222	0.629	6.375	0.857	-0.01	-0.01	59.5	5.635	-0.111	59.5	0	0	8	9	9	0	0	0	0	0	0	0	0	-2	7	6	5	6	8	6	7	6	-2	-2	-2	-2	-2	-2	-2	-2	-2	-2	66	54	53	54	69	60	63	57	-1
1009001000	-2	0	-0.222	0.629	6.875	0.927	-0.01	-0.01	59.25	6.759	-0.111	59.25	0	0	8	9	9	0	0	0	0	0	0	0	0	-2	8	6	6	6	8	6	8	7	-2	-2	-2	-2	-2	-2	-2	-2	-2	-2	66	47	53	57	69	61	64	57	-1
1009001000	-2	0	-0.222	0.629	6.875	0.927	-0.01	-0.01	59.25	6.759	-0.111	59.25	0	0	8	9	9	0	0	0	0	0	0	0	0	-2	8	6	6	6	8	6	8	7	-2	-2	-2	-2	-2	-2	-2	-2	-2	-2	66	47	53	57	69	61	64	57	-1
1009001000	-2	0	-0.222	0.629	6.75	0.661	-0.01	-0.01	62.375	7.582	-0.111	62.375	0	0	8	9	9	0	0	0	0	0	0	0	0	-2	7	6	7	6	7	6	7	8	-2	-2	-2	-2	-2	-2	-2	-2	-2	-2	69	55	71	54	69	65	66	50	-1
1009001000	-2	0	-0.222	0.629	6.75	0.661	-0.01	-0.01	62.375	7.582	-0.111	62.375	0	0	8	9	9	0	0	0	0	0	0	0	0	-2	7	6	7	6	7	6	7	8	-2	-2	-2	-2	-2	-2	-2	-2	-2	-2	69	55	71	54	69	65	66	50	-1
1009001000	-2	0	-0.222	0.629	5.5	0.5	-0.01	-0.01	71.125	8.418	-0.111	71.125	0	0	8	9	9	0	0	0	0	0	0	0	0	-2	6	5	6	5	6	5	6	5	-2	-2	-2	-2	-2	-2	-2	-2	-2	-2	74	76	84	71	70	72	70	52	-1
1009001000	-2	0	-0.222	0.629	5.5	0.5	-0.01	-0.01	71.125	8.418	-0.111	71.125	0	0	8	9	9	0	0	0	0	0	0	0	0	-2	6	5	6	5	6	5	6	5	-2	-2	-2	-2	-2	-2	-2	-2	-2	-2	74	76	84	71	70	72	70	52	-1
1009001000	-2	0	-0.222	0.629	5.375	0.484	-0.01	-0.01	78.875	14.769	-0.111	78.875	0	0	8	9	9	0	0	0	0	0	0	0	0	-2	6	5	5	5	6	5	6	5	-2	-2	-2	-2	-2	-2	-2	-2	-2	-2	76	80	107	71	70	88	86	53	-1
1009001000	-2	0	-0.222	0.629	5.375	0.484	-0.01	-0.01	78.875	14.769	-0.111	78.875	0	0	8	9	9	0	0	0	0	0	0	0	0	-2	6	5	5	5	6	5	6	5	-2	-2	-2	-2	-2	-2	-2	-2	-2	-2	76	80	107	71	70	88	86	53	-1
1009001000	-2	0	-0.222	0.629	5.75	0.829	-0.01	-0.01	78.625	15.083	-0.111	78.625	0	0	8	9	9	0	0	0	0	0	0	0	0	-2	7	5	5	5	7	5	6	6	-2	-2	-2	-2	-2	-2	-2	-2	-2	-2	70	80	108	87	71	88	71	54	-1
1009001000	-2	0	-0.222	0.629	5.75	0.829	-0.01	-0.01	78.625	15.083	-0.111	78.625	0	0	8	9	9	0	0	0	0	0	0	0	0	-2	7	5	5	5	7	5	6	6	-2	-2	-2	-2	-2	-2	-2	-2	-2	-2	70	80	108	87	71	88	71	54	-1
1009001000	-2	0	-0.222	0.629	5.75	0.661	-0.01	-0.01	74	13.36	-0.111	74	0	0	8	9	9	0	0	0	0	0	0	0	0	-2	7	5	6	5	6	5	6	6	-2	-2	-2	-2	-2	-2	-2	-2	-2	-2	80	81	92	87	71	74	53	54	-1
1009001000	-2	0	-0.222	0.629	5.75	0.661	-0.01	-0.01	74	13.36	-0.111	74	0	0	8	9	9	0	0	0	0	0	0	0	0	-2	7	5	6	5	6	5	6	6	-2	-2	-2	-2	-2	-2	-2	-2	-2	-2	80	81	92	87	71	74	53	54	-1
1009001000	-2	0	-0.222	0.629	6	0.707	-0.01	-0.01	77.5	11.489	-0.111	77.5	0	0	8	9	9	0	0	0	0	0	0	0	0	-2	7	6	6	5	6	5	7	6	-2	-2	-2	-2	-2	-2	-2	-2	-2	-2	80	92	92	85	71	74	70	56	-1
1009001000	-2	0	-0.222	0.629	6	0.707	-0.01	-0.01	77.5	11.489	-0.111	77.5	0	0	8	9	9	0	0	0	0	0	0	0	0	-2	7	6	6	5	6	5	7	6	-2	-2	-2	-2	-2	-2	-2	-2	-2	-2	80	92	92	85	71	74	70	56	-1
1009001000	-2	0	-0.222	0.629	6.125	0.781	-0.01	-0.01	78	10.44	-0.111	78	0	0	8	9	9	0	0	0	0	0	0	0	0	-2	7	6	7	5	6	5	7	6	-2	-2	-2	-2	-2	-2	-2	-2	-2	-2	79	84	93	86	71	75	80	56	-1
1009001000	-2	0	-0.222	0.629	6.125	0.781	-0.01	-0.01	78	10.44	-0.111	78	0	0	8	9	9	0	0	0	0	0	0	0	0	-2	7	6	7	5	6	5	7	6	-2	-2	-2	-2	-2	-2	-2	-2	-2	-2	79	84	93	86	71	75	80	56	-1
1009001000	-2	0	-0.222	0.629	6.375	0.857	-0.01	-0.01	73.125	10.902	-0.111	73.125	0	0	8	9	9	0	0	0	0	0	0	0	0	-2	8	6	7	6	6	5	7	6	-2	-2	-2	-2	-2	-2	-2	-2	-2	-2	79	81	81	86	72	75	55	56	-1
1009001000	-2	0	-0.222	0.629	6.375	0.857	-0.01	-0.01	73.125	10.902	-0.111	73.125	0	0	8	9	9	0	0	0	0	0	0	0	0	-2	8	6	7	6	6	5	7	6	-2	-2	-2	-2	-2	-2	-2	-2	-2	-2	79	81	81	86	72	75	55	56	-1
1009001000	-2	0	-0.222	0.629	7	0.866	-0.01	-0.01	68.375	10.827	-0.111	68.375	0	0	8	9	9	0	0	0	0	0	0	0	0	-2	9	7	7	7	6	6	7	7	-2	-2	-2	-2	-2	-2	-2	-2	-2	-2	72	81	58	86	72	67	55	56	-1
1009001000	-2	0	-0.222	0.629	7	0.866	-0.01	-0.01	68.375	10.827	-0.111	68.375	0	0	8	9	9	0	0	0	0	0	0	0	0	-2	9	7	7	7	6	6	7	7	-2	-2	-2	-2	-2	-2	-2	-2	-2	-2	72	81	58	86	72	67	55	56	-1
1009001000	-2	0	-0.222	0.629	7.25	1.09	-0.01	-0.01	64.125	8.477	-0.111	64.125	0	0	8	9	9	0	0	0	0	0	0	0	0	-2	10	7	7	7	7	6	7	7	-2	-2	-2	-2	-2	-2	-2	-2	-2	-2	57	80	58	68	72	67	56	55	-1
1009001000	-2	0	-0.222	0.629	7.25	1.09	-0.01	-0.01	64.125	8.477	-0.111	64.125	0	0	8	9	9	0	0	0	0	0	0	0	0	-2	10	7	7	7	7	6	7	7	-2	-2	-2	-2	-2	-2	-2	-2	-2	-2	57	80	58	68	72	67	56	55	-1
1009001000	-2	0	-0.222	0.629	7.375	1.218	-0.01	-0.01	73.75	11.584	-0.111	73.75	0	0	8	9	9	0	0	0	0	0	0	0	0	-2	10	7	8	8	7	6	6	7	-2	-2	-2	-2	-2	-2	-2	-2	-2	-2	78	85	58	88	85	68	56	72	-1
1009001000	-2	0	-0.222	0.629	7.375	1.218	-0.01	-0.01	73.75	11.584	-0.111	73.75	0	0	8	9	9	0	0	0	0	0	0	0	0	-2	10	7	8	8	7	6	6	7	-2	-2	-2	-2	-2	-2	-2	-2	-2	-2	78	85	58	88	85	68	56	72	-1
1009009000	-2	0	-0.222	0.629	-0.01	-0.01	-0.01	-0.01	21	0	857.222	179.5	0	0	8	9	9	0	0	0	0	0	0	0	0	-2	-2	-2	-2	-2	-2	-2	-2	-2	-2	-2	-2	-2	-2	-2	-2	-2	-2	-2	21	21	21	21	21	21	21	21	-1
1009001000	-2	0	-0.222	0.629	8.125	5.278	-0.01	-0.01	62.5	5.958	-0.111	62.5	0	0	8	9	9	0	0	0	0	0	0	0	0	-2	7	6	5	22	7	6	6	6	-2	-2	-2	-2	-2	-2	-2	-2	-2	-2	67	55	70	54	69	63	65	57	-1
1009001000	-2	0	-0.222	0.629	6.875	0.927	-0.01	-0.01	61.375	6.224	-0.111	61.375	0	0	8	9	9	0	0	0	0	0	0	0	0	-2	8	6	6	6	8	6	8	7	-2	-2	-2	-2	-2	-2	-2	-2	-2	-2	66	55	53	57	69	64	70	57	-1
1009001000	-2	0	-0.222	0.629	6.875	0.927	-0.01	-0.01	61.375	6.224	-0.111	61.375	0	0	8	9	9	0	0	0	0	0	0	0	0	-2	8	6	6	6	8	6	8	7	-2	-2	-2	-2	-2	-2	-2	-2	-2	-2	66	55	53	57	69	64	70	57	-1
1009001000	-2	0	-0.222	0.629	6.375	0.484	-0.01	-0.01	66	8.456	-0.111	66	0	0	8	9	9	0	0	0	0	0	0	0	0	-2	6	6	6	6	7	6	7	7	-2	-2	-2	-2	-2	-2	-2	-2	-2	-2	69	55	71	54	70	73	78	58	-1
1009001000	-2	0	-0.222	0.629	6.375	0.484	-0.01	-0.01	66	8.456	-0.111	66	0	0	8	9	9	0	0	0	0	0	0	0	0	-2	6	6	6	6	7	6	7	7	-2	-2	-2	-2	-2	-2	-2	-2	-2	-2	69	55	71	54	70	73	78	58	-1
1009001000	-2	0	-0.222	0.629	5.75	1.299	-0.01	-0.01	82	11.79	-0.111	82	0	0	8	9	9	0	0	0	0	0	0	0	0	-2	5	5	5	5	6	9	6	5	-2	-2	-2	-2	-2	-2	-2	-2	-2	-2	76	83	107	71	72	89	88	70	-1
1009001000	-2	0	-0.222	0.629	5.75	1.299	-0.01	-0.01	82	11.79	-0.111	82	0	0	8	9	9	0	0	0	0	0	0	0	0	-2	5	5	5	5	6	9	6	5	-2	-2	-2	-2	-2	-2	-2	-2	-2	-2	76	83	107	71	72	89	88	70	-1
1009001000	-2	0	-0.222	0.629	5.75	1.639	-0.01	-0.01	82.125	14.322	-0.111	82.125	0	0	8	9	9	0	0	0	0	0	0	0	0	-2	5	5	5	5	6	10	5	5	-2	-2	-2	-2	-2	-2	-2	-2	-2	-2	76	83	108	87	72	89	87	55	-1
1009001000	-2	0	-0.222	0.629	5.75	1.639	-0.01	-0.01	82.125	14.322	-0.111	82.125	0	0	8	9	9	0	0	0	0	0	0	0	0	-2	5	5	5	5	6	10	5	5	-2	-2	-2	-2	-2	-2	-2	-2	-2	-2	76	83	108	87	72	89	87	55	-1
1009001000	-2	0	-0.222	0.629	5.75	0.968	-0.01	-0.01	87.375	13.407	-0.111	87.375	0	0	8	9	9	0	0	0	0	0	0	0	0	-2	5	5	5	5	6	8	6	6	-2	-2	-2	-2	-2	-2	-2	-2	-2	-2	77	98	109	101	72	92	75	75	-1
1009001000	-2	0	-0.222	0.629	5.75	0.968	-0.01	-0.01	87.375	13.407	-0.111	87.375	0	0	8	9	9	0	0	0	0	0	0	0	0	-2	5	5	5	5	6	8	6	6	-2	-2	-2	-2	-2	-2	-2	-2	-2	-2	77	98	109	101	72	92	75	75	-1
1009001000	-2	0	-0.222	0.629	5.5	0.5	-0.01	-0.01	84.875	12.956	-0.111	84.875	0	0	8	9	9	0	0	0	0	0	0	0	0	-2	6	5	5	5	6	5	6	6	-2	-2	-2	-2	-2	-2	-2	-2	-2	-2	76	99	109	88	71	89	75	72	-1
1009001000	-2	0	-0.222	0.629	5.5	0.5	-0.01	-0.01	84.875	12.956	-0.111	84.875	0	0	8	9	9	0	0	0	0	0	0	0	0	-2	6	5	5	5	6	5	6	6	-2	-2	-2	-2	-2	-2	-2	-2	-2	-2	76	99	109	88	71	89	75	72	-1
1009001000	-2	0	-0.222	0.629	5.625	0.484	-0.01	-0.01	85.125	13.071	-0.111	85.125	0	0	8	9	9	0	0	0	0	0	0	0	0	-2	6	5	6	5	6	5	6	6	-2	-2	-2	-2	-2	-2	-2	-2	-2	-2	76	99	110	88	71	89	75	73	-1
1009001000	-2	0	-0.222	0.629	5.625	0.484	-0.01	-0.01	85.125	13.071	-0.111	85.125	0	0	8	9	9	0	0	0	0	0	0	0	0	-2	6	5	6	5	6	5	6	6	-2	-2	-2	-2	-2	-2	-2	-2	-2	-2	76	99	110	88	71	89	75	73	-1
1009001000	-2	0	-0.222	0.629	5.875	0.599	-0.01	-0.01	82.375	15.499	-0.111	82.375	0	0	8	9	9	0	0	0	0	0	0	0	0	-2	7	6	6	5	6	5	6	6	-2	-2	-2	-2	-2	-2	-2	-2	-2	-2	79	99	110	87	72	76	80	56	-1
1009001000	-2	0	-0.222	0.629	5.875	0.599	-0.01	-0.01	82.375	15.499	-0.111	82.375	0	0	8	9	9	0	0	0	0	0	0	0	0	-2	7	6	6	5	6	5	6	6	-2	-2	-2	-2	-2	-2	-2	-2	-2	-2	79	99	110	87	72	76	80	56	-1
1009001000	-2	0	-0.222	0.629	6.125	0.599	-0.01	-0.01	83.75	15.425	-0.111	83.75	0	0	8	9	9	0	0	0	0	0	0	0	0	-2	7	6	6	6	6	5	7	6	-2	-2	-2	-2	-2	-2	-2	-2	-2	-2	77	101	110	87	84	75	80	56	-1
1009001000	-2	0	-0.222	0.629	6.125	0.599	-0.01	-0.01	83.75	15.425	-0.111	83.75	0	0	8	9	9	0	0	0	0	0	0	0	0	-2	7	6	6	6	6	5	7	6	-2	-2	-2	-2	-2	-2	-2	-2	-2	-2	77	101	110	87	84	75	80	56	-1
1009001000	-2	0	-0.222	0.629	6.375	0.857	-0.01	-0.01	80.25	14.712	-0.111	80.25	0	0	8	9	9	0	0	0	0	0	0	0	0	-2	8	6	6	6	6	5	7	7	-2	-2	-2	-2	-2	-2	-2	-2	-2	-2	73	86	110	87	84	75	71	56	-1
1009001000	-2	0	-0.222	0.629	6.875	0.599	-0.01	-0.01	76.625	13.143	-0.111	76.625	0	0	8	9	9	0	0	0	0	0	0	0	0	-2	8	7	7	7	6	6	7	7	-2	-2	-2	-2	-2	-2	-2	-2	-2	-2	78	86	58	87	85	93	71	55	-1
1009001000	-2	0	-0.222	0.629	6.875	0.599	-0.01	-0.01	76.625	13.143	-0.111	76.625	0	0	8	9	9	0	0	0	0	0	0	0	0	-2	8	7	7	7	6	6	7	7	-2	-2	-2	-2	-2	-2	-2	-2	-2	-2	78	86	58	87	85	93	71	55	-1
1009001000	-2	0	-0.222	0.629	6.25	0.661	-0.01	-0.01	87	9.46	-0.111	87	0	0	8	9	9	0	0	0	0	0	0	0	0	-2	7	6	6	7	6	5	6	7	-2	-2	-2	-2	-2	-2	-2	-2	-2	-2	78	86	95	104	85	93	83	72	-1
1009009000	-2	0	-0.222	0.629	-0.01	-0.01	-0.01	-0.01	21	0	7293.667	205.625	0	0	8	9	9	0	0	0	0	0	0	0	0	-2	-2	-2	-2	-2	-2	-2	-2	-2	-2	-2	-2	-2	-2	-2	-2	-2	-2	-2	21	21	21	21	21	21	21	21	-1
1009009000	-2	0	-0.222	0.629	-0.01	-0.01	-0.01	-0.01	21	0	7293.667	205.625	0	0	8	9	9	0	0	0	0	0	0	0	0	-2	-2	-2	-2	-2	-2	-2	-2	-2	-2	-2	-2	-2	-2	-2	-2	-2	-2	-2	21	21	21	21	21	21	21	21	-1
1009003000	-2	0	-0.222	0.629	14.333	9.446	-0.01	-0.01	55.5	20.988	-0.111	65.75	0	0	8	9	9	0	0	0	0	0	0	0	0	-2	-2	-2	30	24	7	5	13	7	-2	-2	-2	-2	-2	-2	-2	-2	-2	-2	21	21	71	57	69	70	78	57	-1
1009001000	-2	0	-0.222	0.629	5.875	0.781	-0.01	-0.01	63.375	5.872	-0.111	63.375	0	0	8	9	9	0	0	0	0	0	0	0	0	-2	6	5	5	5	7	6	6	7	-2	-2	-2	-2	-2	-2	-2	-2	-2	-2	69	55	71	57	69	64	65	57	-1
1009001000	-2	0	-0.222	0.629	6.875	0.781	-0.01	-0.01	64.375	7.777	-0.111	64.375	0	0	8	9	9	0	0	0	0	0	0	0	0	-2	8	6	6	6	8	7	7	7	-2	-2	-2	-2	-2	-2	-2	-2	-2	-2	70	56	54	57	70	66	78	64	-1
1009001000	-2	0	-0.222	0.629	6	0.5	-0.01	-0.01	72.75	3.192	-0.111	72.75	0	0	8	9	9	0	0	0	0	0	0	0	0	-2	6	6	6	5	6	6	6	7	-2	-2	-2	-2	-2	-2	-2	-2	-2	-2	75	76	72	70	70	73	78	68	-1
1009001000	-2	0	-0.222	0.629	6	0.5	-0.01	-0.01	72.75	3.192	-0.111	72.75	0	0	8	9	9	0	0	0	0	0	0	0	0	-2	6	6	6	5	6	6	6	7	-2	-2	-2	-2	-2	-2	-2	-2	-2	-2	75	76	72	70	70	73	78	68	-1
1007001000	-2	0	-0.222	0.629	5	1.581	83	6	90	10.805	-0.111	90	0	0	8	9	9	0	0	0	0	0	0	0	0	-2	4	5	4	4	5	9	5	4	-2	77	-2	89	-2	-2	-2	-2	-2	-2	80	94	108	102	72	90	89	85	-1
1007001000	-2	0	-0.222	0.629	5	1.581	83	6	90	10.805	-0.111	90	0	0	8	9	9	0	0	0	0	0	0	0	0	-2	4	5	4	4	5	9	5	4	-2	77	-2	89	-2	-2	-2	-2	-2	-2	80	94	108	102	72	90	89	85	-1
1008001000	-2	0	-0.222	0.629	5	0.866	64	0	87.5	11.565	-0.111	87.5	0	0	8	9	9	0	0	0	0	0	0	0	0	-2	4	5	5	4	5	7	5	5	-2	-2	-2	-2	-2	64	-2	-2	-2	-2	77	98	108	88	72	93	89	75	-1
1008001000	-2	0	-0.222	0.629	5	0.866	64	0	87.5	11.565	-0.111	87.5	0	0	8	9	9	0	0	0	0	0	0	0	0	-2	4	5	5	4	5	7	5	5	-2	-2	-2	-2	-2	64	-2	-2	-2	-2	77	98	108	88	72	93	89	75	-1
1009001000	-2	0	-0.222	0.629	5.125	0.331	-0.01	-0.01	88.625	10.999	-0.111	88.625	0	0	8	9	9	0	0	0	0	0	0	0	0	-2	5	5	5	5	5	5	6	5	-2	-2	-2	-2	-2	-2	-2	-2	-2	-2	77	99	109	88	72	92	88	84	-1
1009001000	-2	0	-0.222	0.629	5.125	0.331	-0.01	-0.01	88.625	10.999	-0.111	88.625	0	0	8	9	9	0	0	0	0	0	0	0	0	-2	5	5	5	5	5	5	6	5	-2	-2	-2	-2	-2	-2	-2	-2	-2	-2	77	99	109	88	72	92	88	84	-1
1009001000	-2	0	-0.222	0.629	5	0.707	-0.01	-0.01	91.125	9.93	-0.111	91.125	0	0	8	9	9	0	0	0	0	0	0	0	0	-2	4	5	5	4	6	5	6	5	-2	-2	-2	-2	-2	-2	-2	-2	-2	-2	92	100	110	88	85	94	75	85	-1
1009001000	-2	0	-0.222	0.629	5	0.707	-0.01	-0.01	91.125	9.93	-0.111	91.125	0	0	8	9	9	0	0	0	0	0	0	0	0	-2	4	5	5	4	6	5	6	5	-2	-2	-2	-2	-2	-2	-2	-2	-2	-2	92	100	110	88	85	94	75	85	-1
1009001000	-2	0	-0.222	0.629	5.125	0.331	-0.01	-0.01	91.875	9.918	-0.111	91.875	0	0	8	9	9	0	0	0	0	0	0	0	0	-2	5	5	5	5	5	5	6	5	-2	-2	-2	-2	-2	-2	-2	-2	-2	-2	92	101	111	88	92	90	75	86	-1
1009001000	-2	0	-0.222	0.629	5.125	0.331	-0.01	-0.01	91.875	9.918	-0.111	91.875	0	0	8	9	9	0	0	0	0	0	0	0	0	-2	5	5	5	5	5	5	6	5	-2	-2	-2	-2	-2	-2	-2	-2	-2	-2	92	101	111	88	92	90	75	86	-1
1009001000	-2	0	-0.222	0.629	5.5	0.5	-0.01	-0.01	88.75	12.008	-0.111	88.75	0	0	8	9	9	0	0	0	0	0	0	0	0	-2	6	5	6	5	5	5	6	6	-2	-2	-2	-2	-2	-2	-2	-2	-2	-2	77	101	111	88	84	95	81	73	-1
1009001000	-2	0	-0.222	0.629	5.5	0.5	-0.01	-0.01	88.75	12.008	-0.111	88.75	0	0	8	9	9	0	0	0	0	0	0	0	0	-2	6	5	6	5	5	5	6	6	-2	-2	-2	-2	-2	-2	-2	-2	-2	-2	77	101	111	88	84	95	81	73	-1
1009001000	-2	0	-0.222	0.629	6	0.707	-0.01	-0.01	88.5	11.758	-0.111	88.5	0	0	8	9	9	0	0	0	0	0	0	0	0	-2	7	6	6	5	6	5	7	6	-2	-2	-2	-2	-2	-2	-2	-2	-2	-2	78	101	110	87	84	95	80	73	-1
1009001000	-2	0	-0.222	0.629	6	0.707	-0.01	-0.01	88.5	11.758	-0.111	88.5	0	0	8	9	9	0	0	0	0	0	0	0	0	-2	7	6	6	5	6	5	7	6	-2	-2	-2	-2	-2	-2	-2	-2	-2	-2	78	101	110	87	84	95	80	73	-1
1009001000	-2	0	-0.222	0.629	6.125	0.599	-0.01	-0.01	89.125	11.319	-0.111	89.125	0	0	8	9	9	0	0	0	0	0	0	0	0	-2	7	6	6	6	6	5	7	6	-2	-2	-2	-2	-2	-2	-2	-2	-2	-2	81	101	110	87	85	95	81	73	-1
1009001000	-2	0	-0.222	0.629	6.125	0.599	-0.01	-0.01	89.125	11.319	-0.111	89.125	0	0	8	9	9	0	0	0	0	0	0	0	0	-2	7	6	6	6	6	5	7	6	-2	-2	-2	-2	-2	-2	-2	-2	-2	-2	81	101	110	87	85	95	81	73	-1
1009001000	-2	0	-0.222	0.629	6.125	0.599	-0.01	-0.01	88.625	12.549	-0.111	88.625	0	0	8	9	9	0	0	0	0	0	0	0	0	-2	7	6	6	6	6	5	6	7	-2	-2	-2	-2	-2	-2	-2	-2	-2	-2	78	102	102	104	85	93	72	73	-1
1009001000	-2	0	-0.222	0.629	6.125	0.599	-0.01	-0.01	88.625	12.549	-0.111	88.625	0	0	8	9	9	0	0	0	0	0	0	0	0	-2	7	6	6	6	6	5	6	7	-2	-2	-2	-2	-2	-2	-2	-2	-2	-2	78	102	102	104	85	93	72	73	-1
1009009000	-2	0	-0.222	0.629	-0.01	-0.01	-0.01	-0.01	21	0	7844.889	193.25	0	0	8	9	9	0	0	0	0	0	0	0	0	-2	-2	-2	-2	-2	-2	-2	-2	-2	-2	-2	-2	-2	-2	-2	-2	-2	-2	-2	21	21	21	21	21	21	21	21	-1
1009009000	-2	0	-0.222	0.629	-0.01	-0.01	-0.01	-0.01	21	0	10521.556	193.75	0	0	8	9	9	0	0	0	0	0	0	0	0	-2	-2	-2	-2	-2	-2	-2	-2	-2	-2	-2	-2	-2	-2	-2	-2	-2	-2	-2	21	21	21	21	21	21	21	21	-1
1009001000	-2	0	-0.222	0.629	6.625	0.696	-0.01	-0.01	72.125	3.407	-0.111	72.125	0	0	8	9	9	0	0	0	0	0	0	0	0	-2	7	7	6	5	7	7	7	7	-2	-2	-2	-2	-2	-2	-2	-2	-2	-2	70	76	72	70	70	72	79	68	-1
1009001000	-2	0	-0.222	0.629	6.625	0.696	-0.01	-0.01	72.125	3.407	-0.111	72.125	0	0	8	9	9	0	0	0	0	0	0	0	0	-2	7	7	6	5	7	7	7	7	-2	-2	-2	-2	-2	-2	-2	-2	-2	-2	70	76	72	70	70	72	79	68	-1
1009001000	-2	0	-0.222	0.629	5.75	0.433	-0.01	-0.01	75.75	6.32	-0.111	75.75	0	0	8	9	9	0	0	0	0	0	0	0	0	-2	5	6	6	5	6	6	6	6	-2	-2	-2	-2	-2	-2	-2	-2	-2	-2	76	91	72	71	72	74	79	71	-1
1009001000	-2	0	-0.222	0.629	5.75	0.433	-0.01	-0.01	75.75	6.32	-0.111	75.75	0	0	8	9	9	0	0	0	0	0	0	0	0	-2	5	6	6	5	6	6	6	6	-2	-2	-2	-2	-2	-2	-2	-2	-2	-2	76	91	72	71	72	74	79	71	-1
1005001000	-2	0	-0.222	0.629	4.625	0.696	81	18.802	100.875	13.271	-0.111	100.875	0	0	8	9	9	0	0	0	0	0	0	0	0	-2	4	5	4	4	5	6	5	4	-2	67	-2	85	110	62	-2	-2	-2	-2	100	103	109	131	95	93	89	87	-1
1005001000	-2	0	-0.222	0.629	4.75	0.968	81	18.802	100.875	13.271	-0.111	100.875	0	0	8	9	9	0	0	0	0	0	0	0	0	-2	4	5	4	4	5	7	5	4	-2	67	-2	85	110	62	-2	-2	-2	-2	100	103	109	131	95	93	89	87	-1
1003001000	-2	223	24.556	70.163	4.5	0.5	81.667	15.019	119.25	45.367	117.778	119.25	0	0	7	9	9	0	0	0	0	0	223	0	0	-2	4	5	4	4	4	5	5	5	-2	64	-2	88	105	62	90	81	-2	-2	100	100	110	140	96	232	89	87	-1
1003001000	-2	223	24.556	70.163	4.5	0.5	81.667	15.019	119.25	45.367	117.778	119.25	0	0	7	9	9	0	0	0	0	0	223	0	0	-2	4	5	4	4	4	5	5	5	-2	64	-2	88	105	62	90	81	-2	-2	100	100	110	140	96	232	89	87	-1
1002001000	-2	79	8.556	24.914	4.75	0.433	84.714	14.028	113.875	20.551	10.667	114.375	0	0	7	9	9	0	0	0	0	0	79	0	0	-2	4	5	5	4	5	5	5	5	-2	68	82	88	94	62	95	104	-2	-2	100	100	110	141	97	144	132	87	-1
1003001000	-2	0	-0.222	0.629	4.75	0.433	82.833	13.837	115.5	22.891	-0.111	115.5	0	0	8	9	9	0	0	0	0	0	0	0	0	-2	4	5	5	4	5	5	5	5	-2	70	80	86	94	63	-2	104	-2	-2	96	100	111	134	109	96	168	110	-1
1003001000	-2	0	-0.222	0.629	4.75	0.433	82.833	13.837	115.5	22.891	-0.111	115.5	0	0	8	9	9	0	0	0	0	0	0	0	0	-2	4	5	5	4	5	5	5	5	-2	70	80	86	94	63	-2	104	-2	-2	96	100	111	134	109	96	168	110	-1
1005001000	-2	0	-0.222	0.629	4.875	0.331	88	8.276	97.625	9.027	-0.111	97.625	0	0	8	9	9	0	0	0	0	0	0	0	0	-2	4	5	5	5	5	5	5	5	-2	84	92	99	-2	77	-2	-2	-2	-2	93	101	112	88	97	95	85	110	-1
1005001000	-2	0	-0.222	0.629	4.875	0.331	88	8.276	97.625	9.027	-0.111	97.625	0	0	8	9	9	0	0	0	0	0	0	0	0	-2	4	5	5	5	5	5	5	5	-2	84	92	99	-2	77	-2	-2	-2	-2	93	101	112	88	97	95	85	110	-1
1007001000	-2	0	-0.222	0.629	5.25	0.433	99	4	97.5	9.042	-0.111	97.5	0	0	8	9	9	0	0	0	0	0	0	0	0	-2	5	5	5	5	5	5	6	6	-2	-2	95	103	-2	-2	-2	-2	-2	-2	93	101	112	88	96	95	85	110	-1
1007001000	-2	0	-0.222	0.629	5.25	0.433	99	4	97.5	9.042	-0.111	97.5	0	0	8	9	9	0	0	0	0	0	0	0	0	-2	5	5	5	5	5	5	6	6	-2	-2	95	103	-2	-2	-2	-2	-2	-2	93	101	112	88	96	95	85	110	-1
1009001000	-2	0	-0.222	0.629	5.375	0.484	-0.01	-0.01	89.75	11.476	-0.111	89.75	0	0	8	9	9	0	0	0	0	0	0	0	0	-2	5	5	5	5	6	5	6	6	-2	-2	-2	-2	-2	-2	-2	-2	-2	-2	78	101	112	88	86	95	82	76	-1
1009001000	-2	0	-0.222	0.629	5.375	0.484	-0.01	-0.01	89.75	11.476	-0.111	89.75	0	0	8	9	9	0	0	0	0	0	0	0	0	-2	5	5	5	5	6	5	6	6	-2	-2	-2	-2	-2	-2	-2	-2	-2	-2	78	101	112	88	86	95	82	76	-1
1007001000	-2	0	-0.222	0.629	5.75	0.433	113	19	99	18.668	-0.111	99	0	0	8	9	9	0	0	0	0	0	0	0	0	-2	5	6	6	6	6	5	6	6	-2	-2	94	-2	132	-2	-2	-2	-2	-2	93	102	102	145	86	95	82	87	-1
1007001000	-2	0	-0.222	0.629	5.75	0.433	113	19	99	18.668	-0.111	99	0	0	8	9	9	0	0	0	0	0	0	0	0	-2	5	6	6	6	6	5	6	6	-2	-2	94	-2	132	-2	-2	-2	-2	-2	93	102	102	145	86	95	82	87	-1
1006001000	-2	0	-0.222	0.629	5.5	0.5	95.333	9.741	95.75	13.283	-0.111	95.75	0	0	8	9	9	0	0	0	0	0	0	0	0	-2	5	6	5	6	6	5	5	6	-2	-2	82	99	-2	-2	105	-2	-2	-2	93	102	112	105	85	112	83	74	-1
1008008000	-2	700	77.556	220.068	24	0	82	0	40.625	51.923	9461	136.875	0	0	7	9	9	0	0	0	700	0	0	0	0	-2	-2	-2	-2	24	-2	-2	-2	-2	-2	-2	-2	-2	82	-2	-2	-2	-2	-2	21	21	21	178	21	21	21	21	-1
1008008000	-2	700	77.556	220.068	24	0	82	0	40.625	51.923	9461	136.875	0	0	7	9	9	0	0	0	700	0	0	0	0	-2	-2	-2	-2	24	-2	-2	-2	-2	-2	-2	-2	-2	82	-2	-2	-2	-2	-2	21	21	21	178	21	21	21	21	-1
1009001000	-2	0	-0.222	0.629	5.5	0.5	-0.01	-0.01	85.5	8.529	-0.111	85.5	0	0	8	9	9	0	0	0	0	0	0	0	0	-2	5	6	6	5	5	5	6	6	-2	-2	-2	-2	-2	-2	-2	-2	-2	-2	77	101	84	74	95	89	80	84	-1
1009001000	-2	0	-0.222	0.629	4.875	0.599	-0.01	-0.01	92	9.474	-0.111	92	0	0	8	9	9	0	0	0	0	0	0	0	0	-2	4	5	5	4	5	5	5	6	-2	-2	-2	-2	-2	-2	-2	-2	-2	-2	77	101	109	88	95	95	87	84	-1
1002001000	-2	1354	220.111	446.333	4.5	0.5	81.857	11.945	132.625	55.477	628.222	132.625	0	0	6	9	9	0	0	0	0	0	629	1354	0	-2	4	5	4	4	4	5	5	5	-2	82	84	76	-2	61	93	76	101	-2	101	100	110	88	96	230	226	110	-1
1002001000	-2	1326	201	425.558	4.75	0.661	82.143	11.457	132.625	55.477	628.222	132.625	0	0	6	9	9	0	0	0	0	0	485	1326	0	-2	4	5	4	4	6	5	5	5	-2	82	84	76	-2	63	93	76	101	-2	101	100	110	88	96	230	226	110	-1
1001001000	-2	2239	321.667	693.973	4.625	0.696	71.75	8.997	135.625	43.732	1267.667	135.625	0	0	4	9	9	0	0	25	0	156	477	2239	0	-2	4	5	4	4	6	5	5	4	-2	62	72	75	80	59	73	65	88	-2	101	104	111	125	112	209	212	111	-1
1001001000	-2	2239	321.667	693.973	4.625	0.696	71.75	8.997	135.625	43.732	1267.667	135.625	0	0	4	9	9	0	0	25	0	156	477	2239	0	-2	4	5	4	4	6	5	5	4	-2	62	72	75	80	59	73	65	88	-2	101	104	111	125	112	209	212	111	-1
1001001000	-2	1835	429.111	593.563	4.625	0.484	66.75	6.741	144.125	49.888	1047.667	145.125	0	0	3	9	9	0	451	0	1054	330	194	1835	0	-2	4	5	4	4	5	5	5	5	-2	61	64	66	69	57	73	64	80	-2	101	101	104	211	111	205	209	111	-1
1001001000	-2	1526	380.778	537.179	4.625	0.484	66.75	6.741	144.125	49.888	1047.667	145.125	0	0	3	9	9	0	446	0	1152	172	133	1526	0	-2	4	5	4	4	5	5	5	5	-2	61	64	66	69	57	73	64	80	-2	101	101	104	211	111	205	209	111	-1
1001001000	-2	984	244.556	354.654	4.875	0.331	72.5	10.724	125.5	34.655	286.111	125.5	0	0	4	9	9	0	0	289	770	160	0	984	0	-2	4	5	5	5	5	5	5	5	-2	63	70	77	71	59	80	65	95	-2	97	101	117	145	111	112	210	111	-1
1001001000	-2	977	269.889	376.071	4.875	0.331	72.5	10.724	125.5	34.655	286.111	125.5	0	0	4	9	9	0	0	339	902	213	0	977	0	-2	4	5	5	5	5	5	5	5	-2	63	70	77	71	59	80	65	95	-2	97	101	117	145	111	112	210	111	-1
1001001000	-2	935	234.667	358.087	4.875	0.331	73.5	9.975	124.375	36.66	239.222	124.375	0	0	5	9	9	0	0	389	935	0	0	790	0	-2	4	5	5	5	5	5	5	5	-2	65	71	74	70	63	83	67	95	-2	97	102	117	149	111	96	212	111	-1
1001001000	-2	935	234.667	358.087	4.875	0.331	73.5	9.975	124.375	36.66	239.222	124.375	0	0	5	9	9	0	0	389	935	0	0	790	0	-2	4	5	5	5	5	5	5	5	-2	65	71	74	70	63	83	67	95	-2	97	102	117	149	111	96	212	111	-1
1002001000	-2	384	67.111	131.744	5	0	78.143	6.854	116.625	20.347	69.556	116.625	0	0	6	9	9	0	0	0	384	0	0	222	0	-2	5	5	5	5	5	5	5	5	-2	79	71	79	88	69	87	74	-2	-2	97	101	117	151	93	113	147	114	-1
1002001000	-2	384	67.111	131.744	5	0	78.143	6.854	116.625	20.347	69.556	116.625	0	0	6	9	9	0	0	0	384	0	0	222	0	-2	5	5	5	5	5	5	5	5	-2	79	71	79	88	69	87	74	-2	-2	97	101	117	151	93	113	147	114	-1
1003001000	-2	584	97.222	194.89	5.125	0.331	81.833	10.976	112.125	27.168	97.333	112.125	0	0	6	9	9	0	0	584	293	0	0	0	0	-2	5	5	5	5	5	5	5	6	-2	82	69	83	102	70	85	-2	-2	-2	97	102	162	151	93	95	82	115	-1
1003001000	-2	584	97.222	194.89	5.125	0.331	81.833	10.976	112.125	27.168	97.333	112.125	0	0	6	9	9	0	0	584	293	0	0	0	0	-2	5	5	5	5	5	5	5	6	-2	82	69	83	102	70	85	-2	-2	-2	97	102	162	151	93	95	82	115	-1
1002001000	-2	531	129.111	205.992	5.125	0.331	75.857	5.817	126.5	36.352	129.222	126.5	0	0	5	9	9	0	0	159	531	0	0	474	0	-2	5	5	5	5	5	5	5	6	-2	81	68	73	84	69	81	75	-2	-2	97	103	117	151	99	116	213	116	-1
1005004000	-2	4712	1365.667	1680.818	10.6	8.089	65.75	15.155	120	82.336	9987.444	155.5	0	0	3	9	9	0	0	3048	1798	2736	4712	0	-1	-2	-2	-2	20	21	4	4	4	-2	-2	-2	-2	76	85	49	53	-2	-2	-2	21	21	192	205	211	174	15	121	-1
1006001000	-2	160	17.556	50.366	5.875	1.615	94.333	7.93	105.375	30.17	18.667	105.375	0	0	7	9	9	0	0	0	0	0	0	160	0	-2	9	5	5	4	8	6	5	5	-2	-2	-2	92	-2	86	-2	105	-2	-2	77	110	111	88	95	95	180	87	-1
1001001000	-2	5677	921.111	1796.338	5.625	1.867	67.125	5.622	132.125	42.019	3105	143.625	0	0	4	9	9	0	0	0	2064	412	139	5677	0	-2	4	5	10	4	7	5	5	5	-2	62	71	70	71	58	76	62	67	-2	101	105	102	211	111	120	197	110	-1
1001001000	-2	8118	1420.778	2542.717	4.875	0.927	66.375	5.743	133.75	42.186	3105	143.625	0	0	4	9	9	0	0	0	3012	775	884	8118	0	-2	4	5	7	4	4	5	5	5	-2	62	71	65	71	57	76	62	67	-2	101	105	98	211	111	137	197	110	-1
1001001000	-2	7288	1714.222	2365.481	4.875	0.781	60	3.24	135	37.145	3968.111	137	0	0	1	9	9	293	1354	0	7288	818	957	4487	233	-2	4	5	6	4	6	5	5	4	-2	57	63	64	60	55	60	57	64	-2	101	112	96	187	113	183	177	111	-1
1001001000	-2	7288	1714.222	2365.481	4.875	0.781	60	3.24	135	37.145	3968.111	137	0	0	1	9	9	293	1354	0	7288	818	957	4487	233	-2	4	5	6	4	6	5	5	4	-2	57	63	64	60	55	60	57	64	-2	101	112	96	187	113	183	177	111	-1
1002001000	-2	4989	1160	1462.683	4.625	0.484	59.714	3.411	115	45.935	3835	133.5	0	0	1	9	9	445	1788	684	4989	1401	515	0	620	-2	4	5	4	4	5	5	5	5	-2	55	59	61	61	55	65	-2	62	-2	101	107	113	171	113	183	21	111	-1
1002001000	-2	5317	981.444	1627.014	6.25	4.085	64	9.024	112.625	46.465	3835	133.5	0	0	3	9	9	0	1759	0	5317	810	368	0	581	-2	17	5	4	4	5	5	5	5	-2	85	59	61	61	55	65	-2	62	-2	101	107	94	171	113	183	21	111	-1
1001001000	-2	3910	1351.222	1305.717	4.625	0.484	62.375	4.662	144.75	35.769	2296.222	144.75	0	0	0	9	9	278	1413	3910	2876	845	404	2290	147	-2	4	5	4	4	5	5	5	5	-2	59	63	62	62	56	69	58	70	-2	101	113	187	172	112	187	174	112	-1
1001001000	-2	3910	1351.222	1305.717	4.625	0.484	62.375	4.662	144.75	35.769	2296.222	144.75	0	0	0	9	9	278	1413	3910	2876	845	404	2290	147	-2	4	5	4	4	5	5	5	5	-2	59	63	62	62	56	69	58	70	-2	101	113	187	172	112	187	174	112	-1
1001001000	-2	4108	1496.333	1366.301	5	0	63.875	5.6	140.625	36.024	1766.889	140.625	0	0	1	9	9	269	2150	4108	3284	1076	1061	1521	0	-2	5	5	5	5	5	5	5	5	-2	62	58	65	60	60	69	61	76	-2	101	102	193	172	113	147	185	112	-1
1002002000	-2	4160	1877.889	1464.424	5	0	62.143	3.603	147.125	38.391	1978.778	147.125	0	0	0	9	9	297	2195	4160	3760	1575	2213	2704	-1	-2	5	5	5	5	5	5	5	-2	-2	61	56	62	64	61	69	62	-2	-2	101	102	189	180	113	185	186	121	-1
1002002000	-2	4160	1877.889	1464.424	5	0	62.143	3.603	147.125	38.391	1978.778	147.125	0	0	0	9	9	297	2195	4160	3760	1575	2213	2704	-1	-2	5	5	5	5	5	5	5	-2	-2	61	56	62	64	61	69	62	-2	-2	101	102	189	180	113	185	186	121	-1
1001001000	-2	3465	1476.889	1167.396	5.125	0.331	67.75	9.377	149.625	39.535	1525.556	149.625	0	0	1	9	9	383	2309	3465	2822	1043	1696	1576	0	-2	5	5	5	5	5	5	5	6	-2	63	56	64	69	64	71	65	90	-2	103	103	192	189	120	185	189	116	-1
1001001000	-2	3465	1476.889	1167.396	5.125	0.331	67.75	9.377	149.625	39.535	1525.556	149.625	0	0	1	9	9	383	2309	3465	2822	1043	1696	1576	0	-2	5	5	5	5	5	5	5	6	-2	63	56	64	69	64	71	65	90	-2	103	103	192	189	120	185	189	116	-1
1003002000	-2	10433	2886.111	3603.776	5.571	2.665	61.833	5.459	145.375	62.586	7127.333	167.5	0	0	1	9	9	1813	0	1413	8069	10433	3463	787	-1	-2	5	12	4	4	5	5	4	-2	-2	60	-2	62	67	67	64	51	-2	-2	124	25	102	195	234	204	158	121	-1
1001001000	-2	1151	351.333	448.025	5.25	1.199	85.875	14.615	155.25	55.296	1462.556	163.875	0	0	4	9	9	0	768	0	285	0	1151	960	0	-2	8	5	4	4	5	6	5	5	-2	84	86	76	91	68	118	72	92	-2	128	258	112	135	111	238	150	110	-1
1001001000	-2	5836	1284.333	1750.955	7.375	6.04	62.75	10.662	122.125	29.616	5585.333	131	0	0	1	9	9	267	2272	0	5836	443	1067	387	1289	-2	8	4	23	4	6	5	4	5	-2	62	58	90	58	55	64	56	59	-2	101	117	112	169	112	172	83	111	-1
1001001000	-2	6460	1417.778	1922.491	7.125	6.133	62.625	10.758	122.125	29.616	5585.333	131	0	0	1	9	9	280	2264	0	6460	509	1498	438	1313	-2	8	4	23	4	4	5	4	5	-2	62	58	90	58	54	64	56	59	-2	101	117	112	169	112	172	83	111	-1
1002002000	-2	6307	2549.333	2149.17	4.143	0.35	53.571	2.06	136.125	16.774	6073.667	136.125	0	0	0	9	9	1526	4008	882	6307	2747	2063	5414	-1	-2	4	4	4	4	4	5	4	-2	-2	52	56	53	55	50	56	53	-2	-2	163	117	152	138	112	144	142	121	-1
1009009000	-2	0	-0.222	0.629	-0.01	-0.01	-0.01	-0.01	21	0	7446.222	108.125	0	0	8	9	9	0	0	0	0	0	0	0	0	-2	-2	-2	-2	-2	-2	-2	-2	-2	-2	-2	-2	-2	-2	-2	-2	-2	-2	-2	21	21	21	21	21	21	21	21	-1
1005003000	-2	4026	1323	1546.514	12	7.916	61.5	8.559	68.75	50.603	6691.778	100	0	0	4	9	9	0	0	2751	2974	4026	0	2158	0	-2	-2	-2	20	14	4	4	24	6	-2	-2	-2	66	64	47	-2	69	-2	-2	21	21	121	121	106	15	128	17	-1
1002002000	-2	9589	4338.778	3526.685	4.286	0.452	51.143	1.457	108.75	16.475	7221.111	114.25	0	0	1	9	9	6940	0	4940	7779	9589	6936	2868	-1	-2	4	4	4	4	5	5	4	-2	-2	52	49	51	53	52	52	49	-2	-2	119	68	107	113	120	118	104	121	-1
1002002000	-2	10321	3671.778	4041.579	5.714	0.452	80.857	8.543	174.875	54.4	3864.333	174.875	0	0	1	9	9	83	7874	0	7044	674	7053	10321	-1	-2	6	6	6	5	5	6	6	-2	-2	78	79	84	82	73	99	71	-2	-2	125	241	114	219	125	240	214	121	-1
1002002000	-2	7027	2477.889	2726.902	5.429	1.178	86.571	16.646	174.75	56.866	2587.333	174.75	0	0	2	9	9	0	5217	0	5480	698	3882	7027	-1	-2	8	5	5	4	5	6	5	-2	-2	94	86	88	78	65	121	74	-2	-2	128	244	113	226	112	236	218	121	-1
1002002000	-2	5835	2109.444	2345.365	5.571	1.498	87.714	17.376	174.75	56.866	2587.333	174.75	0	0	2	9	9	0	4508	0	5016	503	3126	5835	-1	-2	9	5	5	4	5	6	5	-2	-2	102	86	88	78	65	121	74	-2	-2	128	244	113	226	112	236	218	121	-1
1002002000	-2	6087	2571.778	2313.024	7.857	5.111	62.857	10.453	142.625	22.732	6700.778	139.375	0	0	0	9	9	1868	5822	202	6087	1214	4174	3782	-1	-2	7	4	18	13	4	5	4	-2	-2	59	55	85	71	55	60	55	-2	-2	167	164	113	168	112	155	141	121	-1
