1001001000	-2	15277	12574.111	4502.361	48.25	11.244	140.625	6.744	222.125	27.742	15574.778	222.125	0	0	0	9	9	15277	15113	13589	13815	14175	14688	13255	13257	-2	54	42	28	51	45	40	65	61	-2	136	140	127	142	147	138	150	145	-2	214	210	184	226	244	204	282	213	-1
1001001000	-2	14735	11840.444	4286.181	55.75	11.723	141.125	6.234	215.875	15.095	15542	215.875	0	0	0	9	9	14450	14735	11491	13423	13705	13342	12568	12852	-2	58	51	34	53	54	51	71	74	-2	141	138	127	141	146	145	149	142	-2	234	210	184	223	227	218	227	204	-1
1001001000	-2	13734	10943.222	4221.701	53.5	3.969	130.75	2.773	182.75	6.815	11204.111	182.75	0	0	0	9	9	13734	13218	8002	13642	11612	12386	13703	12194	-2	55	48	58	57	59	51	50	50	-2	132	128	130	132	135	134	128	127	-2	186	180	173	190	185	193	182	173	-1
1001001000	-2	13734	10943.222	4221.701	53.5	3.969	130.75	2.773	182.75	6.815	11204.111	182.75	0	0	0	9	9	13734	13218	8002	13642	11612	12386	13703	12194	-2	55	48	58	57	59	51	50	50	-2	132	128	130	132	135	134	128	127	-2	186	180	173	190	185	193	182	173	-1
1001001000	-2	13530	10570	4053.963	52.5	4.717	130.5	2.693	181.5	5.196	10624.111	181.5	0	0	0	9	9	12678	13503	8299	12720	10827	10914	13530	12661	-2	55	49	54	57	60	51	50	44	-2	131	128	130	132	135	133	129	126	-2	182	179	174	189	186	186	182	174	-1
1001001000	-2	13768	10599.444	4076.061	52.5	4.717	130.5	2.693	181.5	5.196	10624.111	181.5	0	0	0	9	9	12678	13768	8299	12720	10827	10914	13530	12661	-2	55	49	54	57	60	51	50	44	-2	131	128	130	132	135	133	129	126	-2	182	179	174	189	186	186	182	174	-1
1001001000	-2	13531	10352.444	3878.133	53.75	3.666	129.5	3.279	178.25	5.262	10375.333	178.25	0	0	0	9	9	12526	13480	9659	11452	10097	11598	13531	10831	-2	56	55	54	57	59	47	50	52	-2	131	130	127	128	134	130	133	123	-2	180	180	171	181	182	180	184	168	-1
1001001000	-2	13531	10352.444	3878.133	53.75	3.666	129.5	3.279	178.25	5.262	10375.333	178.25	0	0	0	9	9	12526	13480	9659	11452	10097	11598	13531	10831	-2	56	55	54	57	59	47	50	52	-2	131	130	127	128	134	130	133	123	-2	180	180	171	181	182	180	184	168	-1
1002001000	-2	13627	9084.889	4984.575	55.875	4.428	129.714	4.712	164.875	37.277	9210.556	164.875	0	0	1	9	9	0	13627	9757	11194	11376	11608	13358	10846	-2	57	57	55	61	61	46	56	54	-2	-2	131	127	130	135	128	136	121	-2	68	182	171	183	184	178	188	165	-1
1002001000	-2	13283	8920.444	4882.498	55.875	4.428	129.714	4.712	164.875	37.277	9210.556	164.875	0	0	1	9	9	0	13283	9638	11039	11310	11453	12972	10591	-2	57	57	55	61	61	46	56	54	-2	-2	131	127	130	135	128	136	121	-2	68	182	171	183	184	178	188	165	-1
1001001000	-2	13110	10613.778	3905.613	57.875	6.071	131.125	5.061	180.875	8.131	10742.111	180.875	0	0	0	9	9	12915	13009	9814	11068	11944	12765	13110	10901	-2	57	58	55	63	66	46	64	54	-2	134	134	129	132	135	128	137	120	-2	188	187	173	184	184	178	189	164	-1
1002001000	-2	16162	10499.667	5751.811	46.25	11.486	149.571	7.688	224.75	57.17	11672.667	224.75	0	0	1	9	9	14010	13708	16162	12545	13563	13441	11070	0	-2	54	38	28	50	43	35	63	59	-2	147	149	135	151	153	149	163	-2	-2	260	231	242	250	253	242	245	75	-1
1001001000	-2	15484	13254.333	4716.656	54.75	11.691	144.125	5.254	222.5	13.048	16237.889	222.5	0	0	0	9	9	15484	15269	15285	15286	15349	14132	14023	14463	-2	58	42	36	53	56	52	65	76	-2	141	138	137	142	151	147	152	145	-2	248	210	205	223	227	220	234	213	-1
1001001000	-2	14806	12341.333	4402.215	74.25	6.591	148.625	4.181	226.625	7.809	15115.333	226.625	0	0	0	9	9	13645	14228	14378	14350	12866	13506	13295	14806	-2	83	70	66	66	81	75	71	82	-2	149	142	148	148	152	152	155	143	-2	220	217	232	230	227	242	227	218	-1
1001001000	-2	14916	12378.111	4399.32	73.75	6.379	149.625	4.498	225.625	9.707	14737.444	225.625	0	0	0	9	9	13634	13827	14037	14292	13467	13355	13877	14916	-2	84	70	69	67	80	74	66	80	-2	150	144	152	150	151	154	155	141	-2	220	218	232	228	227	244	227	209	-1
1001001000	-2	14916	12378.111	4399.32	73.75	6.379	149.625	4.498	225.625	9.707	14737.444	225.625	0	0	0	9	9	13634	13827	14037	14292	13467	13355	13877	14916	-2	84	70	69	67	80	74	66	80	-2	150	144	152	150	151	154	155	141	-2	220	218	232	228	227	244	227	209	-1
1001001000	-2	15076	12554.222	4482.46	67.875	7.061	145.875	4.371	227.375	16.918	13331.333	227.375	0	0	0	9	9	14158	15076	14894	14194	13457	13237	13399	14575	-2	81	66	66	67	76	66	56	65	-2	147	143	143	148	152	149	148	137	-2	231	231	208	229	253	243	228	196	-1
1001001000	-2	13757	10452.333	3902.127	50	8.352	129	4.153	180.5	7.681	10506.556	180.5	0	0	0	9	9	13305	13757	9552	11533	11128	11489	12724	10585	-2	56	48	58	57	52	50	49	30	-2	132	126	129	132	134	131	128	120	-2	184	180	174	191	185	184	182	164	-1
1001001000	-2	13757	10452.333	3902.127	50	8.352	129	4.153	180.5	7.681	10506.556	180.5	0	0	0	9	9	13305	13757	9552	11533	11128	11489	12724	10585	-2	56	48	58	57	52	50	49	30	-2	132	126	129	132	134	131	128	120	-2	184	180	174	191	185	184	182	164	-1
1001001000	-2	12856	9884.111	3813.258	49	8.426	125.625	4.029	173	6.265	9976.333	173	0	0	0	9	9	12605	12856	10011	11624	8324	12806	11466	9267	-2	55	49	57	56	52	48	46	29	-2	130	124	128	126	130	127	123	117	-2	179	172	170	179	177	177	171	159	-1
1001001000	-2	13211	9939.444	3857.648	49	8.426	125.625	4.029	173	6.265	9976.333	173	0	0	0	9	9	12605	13211	10011	11624	8324	12949	11466	9267	-2	55	49	57	56	52	48	46	29	-2	130	124	128	126	130	127	123	117	-2	179	172	170	179	177	177	171	159	-1
1001001000	-2	12826	9747.444	3778.994	48.875	8.781	125.625	4.526	173.125	6.698	9785.111	173.125	0	0	0	9	9	12182	12826	9787	11634	8249	12403	11832	8816	-2	55	49	56	56	54	45	48	28	-2	130	122	125	126	130	126	130	116	-2	178	172	168	177	176	176	180	158	-1
1001001000	-2	13150	9761.667	3798.119	48.875	8.781	125.625	4.526	173.125	6.698	9785.111	173.125	0	0	0	9	9	12182	13150	9787	11634	8249	12393	11646	8816	-2	55	49	56	56	54	45	48	28	-2	130	122	125	126	130	126	130	116	-2	178	172	168	177	176	176	180	158	-1
1001001000	-2	13645	9887	3917.815	48	9.327	125	4.472	171.875	6.641	9946.333	171.875	0	0	0	9	9	12680	13645	8668	11487	8411	12489	12173	9432	-2	52	50	55	57	57	44	41	28	-2	129	123	125	125	127	125	131	115	-2	177	175	166	174	173	174	179	157	-1
1001001000	-2	13193	9783	3836.991	48	9.327	125	4.472	171.875	6.641	9946.333	171.875	0	0	0	9	9	12564	13193	8668	11487	8411	12327	11967	9432	-2	52	50	55	57	57	44	41	28	-2	129	123	125	125	127	125	131	115	-2	177	175	166	174	173	174	179	157	-1
1001001000	-2	12983	10197.444	3794.753	47.125	8.978	126.125	4.343	174.25	6.685	10326.333	174.25	0	0	0	9	9	12983	12881	9575	12006	10597	12064	11953	9720	-2	51	52	55	56	52	44	39	28	-2	129	128	125	124	130	127	130	116	-2	180	181	170	174	178	174	178	159	-1
1001001000	-2	13699	10269.667	3854.379	47.125	8.978	126.125	4.343	174.25	6.685	10326.333	174.25	0	0	0	9	9	12815	13699	9575	12006	10597	12064	11953	9720	-2	51	52	55	56	52	44	39	28	-2	129	128	125	124	130	127	130	116	-2	180	181	170	174	178	174	178	159	-1
1002001000	-2	13387	8882.444	4866.869	50.125	10.142	131.143	5.488	168.625	45.817	9269.333	168.625	0	0	1	9	9	12113	11807	10208	10287	13387	12245	0	9897	-2	52	57	59	58	60	45	40	30	-2	132	137	131	131	138	129	-2	120	-2	193	197	181	187	195	180	50	166	-1
1002001000	-2	14136	9172.222	5098.117	50.125	10.142	131.143	5.488	168.625	45.817	9269.333	168.625	0	0	1	9	9	13433	11807	10208	10287	14136	12784	0	9897	-2	52	57	59	58	60	45	40	30	-2	132	137	131	131	138	129	-2	120	-2	193	197	181	187	195	180	50	166	-1
1002001000	-2	13635	9619.667	5183.073	57.5	6.325	135.429	5.206	184.75	47.636	9942.222	184.75	0	0	1	9	9	0	13635	12089	11077	12633	12032	12265	12848	-2	57	61	65	62	65	48	51	51	-2	-2	141	137	136	139	133	138	124	-2	65	235	201	197	203	194	205	178	-1
1001001000	-2	14042	11854.444	4257.49	62.25	5.673	141	6.892	215.25	15.88	12087.889	215.25	0	0	0	9	9	13780	11465	12865	14042	13942	13757	13343	13498	-2	67	63	67	64	70	53	59	55	-2	141	153	142	143	144	136	142	127	-2	232	242	210	211	218	205	218	186	-1
1001001000	-2	14396	11888.444	4280.761	62.25	5.673	141	6.892	215.25	15.88	12087.889	215.25	0	0	0	9	9	14142	11465	12780	14396	13710	13546	13289	13670	-2	67	63	67	64	70	53	59	55	-2	141	153	142	143	144	136	142	127	-2	232	242	210	211	218	205	218	186	-1
1001001000	-2	12915	8397.667	4005.967	70.375	5.957	154.25	7.98	233.75	8.482	8418.444	233.75	0	0	0	9	9	11745	4476	12915	10646	9328	8191	5992	12288	-2	67	68	63	68	75	75	82	65	-2	151	165	146	153	154	159	165	141	-2	243	243	234	223	230	238	240	219	-1
1001001000	-2	12574	8325.556	4019.822	72	7.45	154.875	8.418	239.75	5.19	8344.667	239.75	0	0	0	9	9	12574	5097	12553	11088	9012	7763	5159	11686	-2	65	68	62	75	79	76	85	66	-2	150	164	147	152	154	162	168	142	-2	244	250	241	237	231	238	239	238	-1
1001001000	-2	14150	9149.778	3942.289	69.875	5.622	152.875	7.865	238	6.021	9174.778	238	0	0	0	9	9	14150	6970	12524	10543	10538	9500	6720	11405	-2	66	66	63	68	74	76	80	66	-2	145	162	148	150	152	158	166	142	-2	235	245	229	238	231	248	239	239	-1
1001001000	-2	13930	9125.333	3911.773	69.875	5.622	152.875	7.865	238	6.021	9174.778	238	0	0	0	9	9	13930	6970	12524	10543	10538	9500	6720	11405	-2	66	66	63	68	74	76	80	66	-2	145	162	148	150	152	158	166	142	-2	235	245	229	238	231	248	239	239	-1
1002001000	-2	15031	10680	5784.87	47.625	10.885	150.714	6.273	236.75	63.612	13251.333	236.75	0	0	1	9	9	14202	15019	15031	13146	14013	12510	12201	0	-2	55	37	28	50	42	47	61	61	-2	146	142	145	151	153	160	158	-2	-2	258	236	282	250	253	293	247	75	-1
1003001000	-2	14739	9203.889	6527.153	64	10.989	147.5	5.315	190.375	70.319	12104.889	190.375	0	0	2	9	9	0	14739	14166	13624	13927	0	12760	13621	-2	62	42	57	70	74	62	64	81	-2	-2	138	148	147	154	-2	153	145	-2	76	205	274	230	226	71	234	207	-1
1003001000	-2	15200	9689.444	6860.455	65.375	10.416	145.667	4.888	180.125	61.845	11933.556	180.125	0	0	2	9	9	0	14467	15200	14974	14331	0	14219	14016	-2	65	44	61	70	76	62	64	81	-2	-2	137	147	145	150	-2	152	143	-2	76	195	226	217	219	74	234	200	-1
1003001000	-2	14692	9411.222	6663.863	65.375	10.416	145.667	4.888	180.125	61.845	11933.556	180.125	0	0	2	9	9	0	14692	14353	14443	13998	0	13690	13527	-2	65	44	61	70	76	62	64	81	-2	-2	137	147	145	150	-2	152	143	-2	76	195	226	217	219	74	234	200	-1
1001001000	-2	14715	10821.444	4158.957	76	6.164	154.625	5.073	230.125	9.36	11457.111	230.125	0	0	0	9	9	12399	11411	13199	12541	11896	8306	12928	14715	-2	86	72	70	75	81	81	66	77	-2	155	154	160	154	152	162	156	144	-2	231	221	233	228	214	245	228	241	-1
1001001000	-2	12809	10107.333	3655.955	49.5	8.631	129.875	5.231	184	9.028	11012.778	184	0	0	0	9	9	12809	12049	10864	12225	10543	11095	10445	10938	-2	56	47	60	57	47	53	45	31	-2	136	129	132	133	134	132	123	120	-2	197	186	179	193	187	186	178	166	-1
1001001000	-2	12809	10107.333	3655.955	49.5	8.631	129.875	5.231	184	9.028	11012.778	184	0	0	0	9	9	12809	12049	10864	12225	10543	11095	10445	10938	-2	56	47	60	57	47	53	45	31	-2	136	129	132	133	134	132	123	120	-2	197	186	179	193	187	186	178	166	-1
1001001000	-2	12193	9357	3608.409	43.25	10.425	124	4.33	172.25	7.259	9829.333	172.25	0	0	0	9	9	12009	12148	10553	11024	9292	12193	9219	7777	-2	48	41	58	54	38	50	29	28	-2	130	123	128	126	124	126	119	116	-2	180	174	171	180	173	176	168	156	-1
1001001000	-2	13111	9813.222	3785.424	43.25	10.425	124	4.33	172.25	7.259	9829.333	172.25	0	0	0	9	9	13111	12536	10771	10938	10001	12841	10016	8107	-2	48	41	58	54	38	50	29	28	-2	130	123	128	126	124	126	119	116	-2	180	174	171	180	173	176	168	156	-1
1001001000	-2	13193	9229.111	3767.305	42.5	10.173	122.25	4.437	168.375	7.21	9251.444	168.375	0	0	0	9	9	13193	12344	10176	11044	8646	11482	9655	6524	-2	48	41	57	54	38	46	28	28	-2	129	121	123	124	124	125	119	113	-2	175	170	166	173	171	174	167	151	-1
1001001000	-2	13193	9229.111	3767.305	42.5	10.173	122.25	4.437	168.375	7.21	9251.444	168.375	0	0	0	9	9	13193	12344	10176	11044	8646	11482	9655	6524	-2	48	41	57	54	38	46	28	28	-2	129	121	123	124	124	125	119	113	-2	175	170	166	173	171	174	167	151	-1
1001001000	-2	12586	8852.667	3678.65	42.375	10.258	120.125	5.207	164.875	7.913	8853.333	164.875	0	0	0	9	9	12586	12377	9112	10867	9479	10240	9374	5641	-2	50	43	56	54	38	43	28	27	-2	128	119	119	124	125	119	117	110	-2	173	169	162	171	171	165	161	147	-1
1001001000	-2	12586	8852.667	3678.65	42.375	10.258	120.125	5.207	164.875	7.913	8853.333	164.875	0	0	0	9	9	12586	12377	9112	10867	9479	10240	9374	5641	-2	50	43	56	54	38	43	28	27	-2	128	119	119	124	125	119	117	110	-2	173	169	162	171	171	165	161	147	-1
1002001000	-2	13453	7710	4562.43	42.125	10.277	118.714	5.311	149.625	37.659	7710.333	149.625	0	0	1	9	9	12637	13453	8900	10212	0	7680	9458	7052	-2	50	47	54	54	39	39	27	27	-2	127	121	118	124	-2	113	117	111	-2	174	172	161	170	52	159	159	150	-1
1002001000	-2	13092	7669.889	4513.083	42.125	10.277	118.714	5.311	149.625	37.659	7710.333	149.625	0	0	1	9	9	12637	13092	8900	10212	0	7680	9458	7052	-2	50	47	54	54	39	39	27	27	-2	127	121	118	124	-2	113	117	111	-2	174	172	161	170	52	159	159	150	-1
1001001000	-2	13431	9004.444	3520.931	42.75	10.268	120.875	4.512	167.375	6.963	9073.667	167.375	0	0	0	9	9	11517	13431	9714	9855	8275	10310	9706	8234	-2	49	49	56	54	39	39	28	28	-2	126	121	121	123	127	120	117	112	-2	173	174	166	172	175	164	161	154	-1
1001001000	-2	13431	9004.444	3520.931	42.75	10.268	120.875	4.512	167.375	6.963	9073.667	167.375	0	0	0	9	9	11517	13431	9714	9855	8275	10310	9706	8234	-2	49	49	56	54	39	39	28	28	-2	126	121	121	123	127	120	117	112	-2	173	174	166	172	175	164	161	154	-1
1002001000	-2	13146	8422.111	4683.555	44.25	10.791	124	4.721	159.125	41.739	8663	159.125	0	0	1	9	9	11615	12405	9558	10087	8868	13146	0	10122	-2	50	51	58	56	39	43	29	28	-2	127	124	127	124	128	125	-2	113	-2	178	182	177	175	178	174	50	159	-1
1003001000	-2	14483	8069.333	5876.433	46.625	10.38	130.667	5.406	156.625	59.645	8131.111	156.625	0	0	2	9	9	14483	12798	10240	9982	0	13825	0	11298	-2	51	56	59	57	41	46	33	30	-2	132	138	131	133	-2	130	-2	120	-2	199	210	188	190	60	185	50	171	-1
1003001000	-2	14483	8069.333	5876.433	46.625	10.38	130.667	5.406	156.625	59.645	8131.111	156.625	0	0	2	9	9	14483	12798	10240	9982	0	13825	0	11298	-2	51	56	59	57	41	46	33	30	-2	132	138	131	133	-2	130	-2	120	-2	199	210	188	190	60	185	50	171	-1
1004001000	-2	12710	6838.889	6122.294	51	8.5	136	6.356	151.125	76.607	7201.778	151.125	0	0	3	9	9	0	12502	11801	12061	0	12478	0	12710	-2	52	59	61	59	43	53	35	46	-2	-2	146	137	136	-2	135	-2	126	-2	66	256	202	197	54	202	47	185	-1
1004001000	-2	13256	7008.111	6283.186	51	8.5	136	6.356	151.125	76.607	7201.778	151.125	0	0	3	9	9	0	12929	11806	12061	0	13256	0	13023	-2	52	59	61	59	43	53	35	46	-2	-2	146	137	136	-2	135	-2	126	-2	66	256	202	197	54	202	47	185	-1
1004001000	-2	13589	6972.444	6260.928	50.125	7.688	136.4	7.338	151.5	75.603	7186	151.5	0	0	3	9	9	0	12506	11287	12661	0	13589	0	12711	-2	51	59	56	58	42	49	35	51	-2	-2	150	133	135	-2	136	-2	128	-2	66	256	196	196	55	205	51	187	-1
1004001000	-2	13099	6849.444	6143.226	50.125	7.688	136.4	7.338	151.5	75.603	7186	151.5	0	0	3	9	9	0	12186	11287	12661	0	13099	0	12414	-2	51	59	56	58	42	49	35	51	-2	-2	150	133	135	-2	136	-2	128	-2	66	256	196	196	55	205	51	187	-1
1003001000	-2	12982	8028	5705.84	55.125	5.061	140.5	6.994	177.5	69.593	8047.222	177.5	0	0	2	9	9	0	11074	11396	11926	0	12872	12004	12982	-2	52	60	57	63	46	58	52	53	-2	-2	152	138	139	-2	140	145	129	-2	66	251	208	204	55	218	227	191	-1
1002001000	-2	14077	9290.556	5110.176	56.25	5.238	141	7.131	199.125	57.185	9821.222	199.125	0	0	1	9	9	14077	10585	11733	11589	0	12622	9830	13181	-2	52	60	57	63	47	63	54	54	-2	139	153	136	138	-2	143	148	130	-2	218	250	206	206	55	226	239	193	-1
1002002000	-2	14005	5612	6305.701	30	9.928	174.429	11.095	336.75	44.827	9474.111	336.75	0	0	0	9	9	11444	14005	12523	-2	-2	12545	-2	-1	-2	31	27	19	40	29	17	47	-2	-2	169	164	165	188	185	162	188	-2	-2	358	307	296	401	378	270	379	305	-1
1001001000	-2	15324	12905.444	4596.701	69.125	12.293	145.125	6.274	215.75	14.914	16192.778	215.75	0	0	0	9	9	14977	15096	15324	14618	14181	14261	14324	13370	-2	78	41	63	72	76	78	64	81	-2	142	133	151	146	153	149	148	139	-2	220	195	237	220	226	225	213	190	-1
1002001000	-2	13977	10242.333	5519.42	70.625	12.257	141.286	4.832	177.875	44.14	11132.333	177.875	0	0	1	9	9	13827	0	13757	13977	12018	13369	13311	11924	-2	81	43	65	73	78	80	64	81	-2	140	-2	147	135	145	146	142	134	-2	198	63	202	189	194	206	193	178	-1
1002001000	-2	12978	9311	5081.711	70.375	11.532	137.143	5.111	168.25	39.94	9544.889	168.25	0	0	1	9	9	12972	0	12503	12978	9651	11803	12876	11018	-2	82	45	66	71	77	79	63	80	-2	139	-2	146	129	140	137	137	132	-2	186	64	197	177	183	183	183	173	-1
1002001000	-2	13657	9442.889	5176.862	70.375	11.532	137.143	5.111	168.25	39.94	9544.889	168.25	0	0	1	9	9	13657	0	13005	12978	9651	11803	12876	11018	-2	82	45	66	71	77	79	63	80	-2	139	-2	146	129	140	137	137	132	-2	186	64	197	177	183	183	183	173	-1
1001001000	-2	15351	12681	4527.621	77.125	5.904	148.5	4.924	214.5	14.274	14820.333	214.5	0	0	0	9	9	13921	14264	14330	13252	14027	15214	15351	13772	-2	86	73	79	76	81	81	65	76	-2	151	151	158	146	145	149	148	140	-2	216	219	239	201	204	226	220	191	-1
1001001000	-2	15222	12721.444	4536.116	77.125	5.904	148.5	4.924	214.5	14.274	14820.333	214.5	0	0	0	9	9	13927	14036	14863	13510	14027	15142	15222	13768	-2	86	73	79	76	81	81	65	76	-2	151	151	158	146	145	149	148	140	-2	216	219	239	201	204	226	220	191	-1
1001001000	-2	15316	12861.667	4579.88	66.625	8.873	142.5	5.431	210.375	14.739	13836.667	210.375	0	0	0	9	9	15168	14025	13657	14280	14104	15316	15023	14184	-2	80	62	66	71	75	71	53	55	-2	151	141	147	146	138	145	139	133	-2	240	207	208	221	197	216	206	188	-1
1001001000	-2	14322	10942.444	4019.522	66.625	8.873	142.5	5.431	210.375	14.739	13836.667	210.375	0	0	0	9	9	10838	11849	12192	12509	14322	11507	11345	13922	-2	80	62	66	71	75	71	53	55	-2	151	141	147	146	138	145	139	133	-2	240	207	208	221	197	216	206	188	-1
1002001000	-2	11583	8068.222	4384.325	48.875	9.727	129.143	5.303	167.625	39.557	9269.111	167.625	0	0	1	9	9	0	10819	11336	9918	10519	9004	9437	11583	-2	55	45	63	57	42	55	43	31	-2	-2	128	136	132	132	133	121	122	-2	65	184	188	189	185	190	174	166	-1
1002001000	-2	11583	8068.222	4384.325	48.875	9.727	129.143	5.303	167.625	39.557	9269.111	167.625	0	0	1	9	9	0	10819	11336	9918	10519	9004	9437	11583	-2	55	45	63	57	42	55	43	31	-2	-2	128	136	132	132	133	121	122	-2	65	184	188	189	185	190	174	166	-1
1001001000	-2	10481	8169.889	3291.897	33.625	12.134	117.625	5.765	162.5	8.093	8172.111	162.5	0	0	0	9	9	10270	10481	8766	10267	8448	9711	10393	5195	-2	43	30	56	24	23	46	21	26	-2	123	113	119	123	121	121	116	105	-2	167	161	161	170	167	169	162	143	-1
1001001000	-2	10481	8171.889	3292.838	33.625	12.134	117.625	5.765	162.5	8.093	8172.111	162.5	0	0	0	9	9	10270	10481	8766	10267	8448	9729	10393	5195	-2	43	30	56	24	23	46	21	26	-2	123	113	119	123	121	121	116	105	-2	167	161	161	170	167	169	162	143	-1
1001001000	-2	10238	7803.667	2998.737	32.625	10.307	114.375	6.163	158.125	7.491	7803.778	158.125	0	0	0	9	9	9392	10238	9112	9928	8698	7723	9058	6086	-2	44	26	49	34	23	41	19	25	-2	120	111	118	123	118	113	109	103	-2	162	158	160	167	163	161	153	141	-1
1001001000	-2	10238	7803.667	2998.737	32.625	10.307	114.375	6.163	158.125	7.491	7803.778	158.125	0	0	0	9	9	9392	10238	9112	9928	8698	7723	9058	6086	-2	44	26	49	34	23	41	19	25	-2	120	111	118	123	118	113	109	103	-2	162	158	160	167	163	161	153	141	-1
1002001000	-2	9631	6688.444	3710.932	31.625	10.246	114.857	6.77	143.625	40.586	6688.778	143.625	0	0	1	9	9	9259	0	9631	9560	9316	8574	7350	6508	-2	44	29	46	34	24	38	14	24	-2	118	-2	118	123	122	112	106	105	-2	162	38	160	167	167	160	151	144	-1
1002001000	-2	9631	6688.444	3710.932	31.625	10.246	114.857	6.77	143.625	40.586	6688.778	143.625	0	0	1	9	9	9259	0	9631	9560	9316	8574	7350	6508	-2	44	29	46	34	24	38	14	24	-2	118	-2	118	123	122	112	106	105	-2	162	38	160	167	167	160	151	144	-1
1003001000	-2	10320	5843.222	4217.037	32.25	11.155	114	5.447	127.375	53.593	5843.556	127.375	0	0	2	9	9	10320	0	9584	8678	0	8312	8682	7015	-2	43	29	52	34	24	37	14	25	-2	117	-2	118	122	-2	112	108	107	-2	161	38	162	166	32	158	154	148	-1
1003001000	-2	10320	5843.222	4217.037	32.25	11.155	114	5.447	127.375	53.593	5843.556	127.375	0	0	2	9	9	10320	0	9584	8678	0	8312	8682	7015	-2	43	29	52	34	24	37	14	25	-2	117	-2	118	122	-2	112	108	107	-2	161	38	162	166	32	158	154	148	-1
1003001000	-2	10113	5887.889	4212.726	31.625	11.916	114	5.774	128	53.656	5888	128	0	0	2	9	9	10113	0	9234	9211	0	7896	8609	7930	-2	43	23	53	34	23	38	14	25	-2	117	-2	119	122	-2	112	107	107	-2	161	38	164	167	33	157	154	150	-1
1003001000	-2	11906	7176.222	5108.33	32.375	11.661	119.333	4.497	135.375	57.857	7176.444	135.375	0	0	2	9	9	11260	0	10814	10400	0	11906	9597	10611	-2	43	24	53	34	23	40	15	27	-2	121	-2	121	124	-2	123	116	111	-2	172	38	171	173	33	172	166	158	-1
1003001000	-2	11906	7176.222	5108.33	32.375	11.661	119.333	4.497	135.375	57.857	7176.444	135.375	0	0	2	9	9	11260	0	10814	10400	0	11906	9597	10611	-2	43	24	53	34	23	40	15	27	-2	121	-2	121	124	-2	123	116	111	-2	172	38	171	173	33	172	166	158	-1
1005001000	-2	11961	4814.556	5409.5	32.375	10.988	119	3.536	105.5	64.023	4845.556	105.5	0	0	4	9	9	11179	0	10283	0	0	11961	0	9910	-2	43	23	51	34	24	40	16	28	-2	120	-2	121	-2	-2	122	-2	113	-2	172	38	171	45	33	173	51	161	-1
1004001000	-2	13120	6339.667	5732.366	37.125	10.117	123.6	3.262	128.25	66.407	6404	128.25	0	0	3	9	9	11358	12129	10412	0	0	13120	0	10040	-2	43	45	52	34	25	46	23	29	-2	123	124	125	-2	-2	128	-2	118	-2	179	188	178	45	33	184	51	168	-1
1005001000	-2	13480	5086.333	5767.546	37.375	9.987	126	4.95	117	68.884	5115.111	117	0	0	4	9	9	0	12100	10321	0	0	13480	0	9878	-2	43	47	49	34	25	48	23	30	-2	-2	129	126	-2	-2	131	-2	118	-2	66	197	181	45	34	192	51	170	-1
1005001000	-2	13480	5086.333	5767.546	37.375	9.987	126	4.95	117	68.884	5115.111	117	0	0	4	9	9	0	12100	10321	0	0	13480	0	9878	-2	43	47	49	34	25	48	23	30	-2	-2	129	126	-2	-2	131	-2	118	-2	66	197	181	45	34	192	51	170	-1
1005001000	-2	13710	4949	5644.308	34.875	9.075	125.5	4.61	112	70.374	5006.556	112	0	0	4	9	9	10445	0	11257	0	0	13710	0	9131	-2	37	30	49	34	25	49	24	31	-2	125	-2	126	-2	-2	132	-2	119	-2	184	38	180	45	34	193	51	171	-1
1005001000	-2	13710	4949	5644.308	34.875	9.075	125.5	4.61	112	70.374	5006.556	112	0	0	4	9	9	10445	0	11257	0	0	13710	0	9131	-2	37	30	49	34	25	49	24	31	-2	125	-2	126	-2	-2	132	-2	119	-2	184	38	180	45	34	193	51	171	-1
1005001000	-2	11249	4625.333	5207.07	34.75	9.457	125	5.148	111.375	69.557	5000.444	111.375	0	0	4	9	9	11048	0	11249	0	0	10403	0	8930	-2	37	25	49	34	26	50	25	32	-2	123	-2	127	-2	-2	132	-2	118	-2	182	39	179	45	34	193	51	168	-1
1001001000	-2	12748	10829.556	3887.039	22.5	6.423	140.125	9.88	227.375	9.72	17278.333	227.375	0	0	0	9	9	11983	12720	12352	12522	12748	11966	12695	10482	-2	20	23	18	25	24	14	37	19	-2	133	121	133	148	145	140	148	153	-2	224	207	223	239	230	224	238	234	-1
1001001000	-2	11997	9012.556	3451.084	64.375	12.144	128.875	5.71	170	6.245	9012.667	170	0	0	0	9	9	11557	10074	10308	10200	8816	11997	10854	7309	-2	78	42	62	66	74	78	50	65	-2	132	122	140	125	131	132	122	127	-2	175	162	181	168	171	175	164	164	-1
1001001000	-2	13555	10492.222	3890.94	73	5	137.5	4.899	185.625	8.558	10548.444	185.625	0	0	0	9	9	12679	10603	12212	12176	13555	10189	12923	10095	-2	81	70	73	74	78	73	63	72	-2	136	135	149	138	137	135	139	131	-2	183	181	204	183	190	184	188	172	-1
1001001000	-2	14802	12054.111	4348.172	71.25	6.476	145.25	5.19	216.375	13.247	15164.778	216.375	0	0	0	9	9	13811	12372	12556	13527	14802	12577	14137	14707	-2	79	69	72	74	78	73	57	68	-2	148	147	156	144	141	145	144	137	-2	232	214	238	206	205	218	222	196	-1
1001001000	-2	14802	12054.111	4348.172	71.25	6.476	145.25	5.19	216.375	13.247	15164.778	216.375	0	0	0	9	9	13811	12372	12556	13527	14802	12577	14137	14707	-2	79	69	72	74	78	73	57	68	-2	148	147	156	144	141	145	144	137	-2	232	214	238	206	205	218	222	196	-1
1002001000	-2	13464	9954	5345.298	52.375	10.499	134.286	4.832	178.125	42.943	10593.556	178.125	0	0	1	9	9	0	12507	13410	12606	12806	11671	13124	13464	-2	54	50	65	60	46	66	45	33	-2	-2	135	142	137	133	137	130	126	-2	66	195	203	198	191	201	192	179	-1
1002001000	-2	13464	9954	5345.298	52.375	10.499	134.286	4.832	178.125	42.943	10593.556	178.125	0	0	1	9	9	0	12507	13410	12606	12806	11671	13124	13464	-2	54	50	65	60	46	66	45	33	-2	-2	135	142	137	133	137	130	126	-2	66	195	203	198	191	201	192	179	-1
1001001000	-2	9570	7323.222	2723.399	27.25	12.949	110.375	6.019	154.375	7.052	7323.556	154.375	0	0	0	9	9	8758	9150	8572	6872	9570	8039	7880	7070	-2	35	14	50	16	22	43	14	24	-2	113	109	119	110	110	118	104	100	-2	155	156	160	156	155	165	148	140	-1
1001001000	-2	9570	7323.222	2723.399	27.25	12.949	110.375	6.019	154.375	7.052	7323.556	154.375	0	0	0	9	9	8758	9150	8572	6872	9570	8039	7880	7070	-2	35	14	50	16	22	43	14	24	-2	113	109	119	110	110	118	104	100	-2	155	156	160	156	155	165	148	140	-1
1001001000	-2	8974	6288	2476.904	25.75	11.233	106.75	5.695	149.375	6.061	6288.444	149.375	0	0	0	9	9	7950	8974	8133	5235	7336	6438	6405	6123	-2	36	14	44	16	21	38	13	24	-2	113	105	115	108	104	111	100	98	-2	154	151	157	151	147	154	144	137	-1
1001001000	-2	8974	6288	2476.904	25.75	11.233	106.75	5.695	149.375	6.061	6288.444	149.375	0	0	0	9	9	7950	8974	8133	5235	7336	6438	6405	6123	-2	36	14	44	16	21	38	13	24	-2	113	105	115	108	104	111	100	98	-2	154	151	157	151	147	154	144	137	-1
1001001000	-2	9044	6283	2542.67	26.25	11.486	107.375	5.476	149.625	5.978	6283.333	149.625	0	0	0	9	9	7866	8728	9044	5333	7431	5727	6072	6348	-2	38	14	45	19	20	38	13	23	-2	113	107	115	109	107	110	99	99	-2	154	153	157	151	149	153	141	139	-1
1001001000	-2	9044	6283	2542.67	26.25	11.486	107.375	5.476	149.625	5.978	6283.333	149.625	0	0	0	9	9	7866	8728	9044	5333	7431	5727	6072	6348	-2	38	14	45	19	20	38	13	23	-2	113	107	115	109	107	110	99	99	-2	154	153	157	151	149	153	141	139	-1
1001001000	-2	9380	7019.778	2656.634	24.375	11.521	105.375	6.48	148.625	6.537	7020.222	148.625	0	0	0	9	9	7889	8776	9380	5788	7258	8366	7869	7854	-2	37	14	44	19	12	33	12	24	-2	113	108	113	109	105	103	93	99	-2	153	155	157	151	148	148	138	139	-1
1001001000	-2	9380	7019.778	2656.634	24.375	11.521	105.375	6.48	148.625	6.537	7020.222	148.625	0	0	0	9	9	7889	8776	9380	5788	7258	8366	7869	7854	-2	37	14	44	19	12	33	12	24	-2	113	108	113	109	105	103	93	99	-2	153	155	157	151	148	148	138	139	-1
1002001000	-2	9551	6788.444	3693.004	24.25	10.802	105.429	7.384	133.75	43.401	6788.667	133.75	0	0	1	9	9	9551	9067	9425	7600	0	8867	7499	9089	-2	36	15	42	20	12	33	12	24	-2	114	108	112	110	-2	104	92	98	-2	155	156	156	152	20	150	140	141	-1
1002001000	-2	9551	6788.444	3693.004	24.25	10.802	105.429	7.384	133.75	43.401	6788.667	133.75	0	0	1	9	9	9551	9067	9425	7600	0	8867	7499	9089	-2	36	15	42	20	12	33	12	24	-2	114	108	112	110	-2	104	92	98	-2	155	156	156	152	20	150	140	141	-1
1002001000	-2	11057	7153	3918.592	26.375	9.759	109	7.856	140.125	39.165	7153.333	140.125	0	0	1	9	9	11057	0	9519	9887	8714	8047	8238	8917	-2	35	16	44	26	20	33	13	24	-2	116	-2	115	112	116	109	94	101	-2	160	38	159	156	163	157	144	144	-1
1002001000	-2	11057	7153	3918.592	26.375	9.759	109	7.856	140.125	39.165	7153.333	140.125	0	0	1	9	9	11057	0	9519	9887	8714	8047	8238	8917	-2	35	16	44	26	20	33	13	24	-2	116	-2	115	112	116	109	94	101	-2	160	38	159	156	163	157	144	144	-1
1002001000	-2	11811	7553.889	4152.902	27.125	10.203	112.429	6.207	145.25	40.629	7554.222	145.25	0	0	1	9	9	11811	0	9522	10737	9042	9552	8289	9034	-2	29	16	46	29	20	38	14	25	-2	117	-2	119	114	117	114	104	102	-2	163	39	166	160	168	164	154	148	-1
1002001000	-2	11811	7553.889	4152.902	27.125	10.203	112.429	6.207	145.25	40.629	7554.222	145.25	0	0	1	9	9	11811	0	9522	10737	9042	9552	8289	9034	-2	29	16	46	29	20	38	14	25	-2	117	-2	119	114	117	114	104	102	-2	163	39	166	160	168	164	154	148	-1
1004001000	-2	12154	5863.444	5321.521	28.875	10.068	119.6	4.128	122.25	63.257	5886.778	122.25	0	0	3	9	9	12154	0	9772	10335	0	11651	0	8861	-2	29	22	47	29	21	42	15	26	-2	121	-2	122	119	-2	124	-2	112	-2	173	38	174	169	34	178	51	161	-1
1004001000	-2	12154	5863.444	5321.521	28.875	10.068	119.6	4.128	122.25	63.257	5886.778	122.25	0	0	3	9	9	12154	0	9772	10335	0	11651	0	8861	-2	29	22	47	29	21	42	15	26	-2	121	-2	122	119	-2	124	-2	112	-2	173	38	174	169	34	178	51	161	-1
1004001000	-2	12997	5862.667	5395.382	28.25	10.651	121.4	4.758	125	65.177	5863	125	0	0	3	9	9	11671	0	9897	10242	0	12997	0	7959	-2	25	22	47	30	18	43	15	26	-2	123	-2	124	120	-2	127	-2	113	-2	179	39	177	172	34	184	51	164	-1
1004001000	-2	12997	5862.667	5395.382	28.25	10.651	121.4	4.758	125	65.177	5863	125	0	0	3	9	9	11671	0	9897	10242	0	12997	0	7959	-2	25	22	47	30	18	43	15	26	-2	123	-2	124	120	-2	127	-2	113	-2	179	39	177	172	34	184	51	164	-1
1004001000	-2	12635	5925.444	5413.826	27.625	10.535	119.2	6.046	128.875	58.944	5965	128.875	0	0	3	9	9	11084	11431	9910	0	0	12635	0	8271	-2	24	21	46	29	17	43	16	25	-2	121	119	122	-2	-2	126	-2	108	-2	177	180	175	45	65	182	51	156	-1
1004001000	-2	12635	5925.444	5413.826	27.625	10.535	119.2	6.046	128.875	58.944	5965	128.875	0	0	3	9	9	11084	11431	9910	0	0	12635	0	8271	-2	24	21	46	29	17	43	16	25	-2	121	119	122	-2	-2	126	-2	108	-2	177	180	175	45	65	182	51	156	-1
1001001000	-2	11482	7868.889	3386.863	28.625	4.715	113	6.461	154	8.016	8155.556	154	0	0	0	9	9	6073	8690	11482	8214	8425	11312	10727	5899	-2	39	25	24	28	27	33	28	25	-2	114	98	115	113	119	121	113	111	-2	152	138	160	152	158	167	156	149	-1
1001001000	-2	13512	9623.333	3671.905	65.25	5.472	132	5.766	177.625	8.703	9735	177.625	0	0	0	9	9	11511	10496	13512	11540	11782	8926	9003	9842	-2	66	59	68	70	73	67	55	64	-2	135	127	145	133	131	132	127	126	-2	181	170	198	176	179	177	170	170	-1
1001001000	-2	14458	12083.556	4302.176	64.875	6.193	139.125	5.946	202.875	11.656	13605.889	202.875	0	0	0	9	9	14458	13454	13742	13755	13738	13570	13636	12401	-2	65	62	71	71	71	68	56	55	-2	141	138	153	140	137	136	137	131	-2	206	196	231	203	201	197	200	189	-1
1001001000	-2	15367	12750.889	4573.548	64.875	6.193	139.125	5.946	202.875	11.656	13605.889	202.875	0	0	0	9	9	15367	14341	14945	14644	14318	14285	14459	12401	-2	65	62	71	71	71	68	56	55	-2	141	138	153	140	137	136	137	131	-2	206	196	231	203	201	197	200	189	-1
1001001000	-2	14183	11410.444	4181.14	45	9.314	127.875	5.946	182.625	7.532	11864.222	182.625	0	0	0	9	9	14183	10816	13509	13627	11187	12973	13847	12554	-2	48	42	63	44	40	54	38	31	-2	132	126	140	130	123	129	120	123	-2	189	183	195	186	177	186	173	172	-1
1001001000	-2	14183	11410.444	4181.14	45	9.314	127.875	5.946	182.625	7.532	11864.222	182.625	0	0	0	9	9	14183	10816	13509	13627	11187	12973	13847	12554	-2	48	42	63	44	40	54	38	31	-2	132	126	140	130	123	129	120	123	-2	189	183	195	186	177	186	173	172	-1
1001001000	-2	9469	6836.111	2606.997	22.625	12.277	100.625	8.484	142.625	8.499	6836.444	142.625	0	0	0	9	9	6674	8311	8053	7542	8387	7146	9469	5945	-2	21	13	47	13	14	38	12	23	-2	105	98	116	96	97	110	88	95	-2	143	145	158	142	139	151	130	133	-1
1001001000	-2	9469	6836.111	2606.997	22.625	12.277	100.625	8.484	142.625	8.499	6836.444	142.625	0	0	0	9	9	6674	8311	8053	7542	8387	7146	9469	5945	-2	21	13	47	13	14	38	12	23	-2	105	98	116	96	97	110	88	95	-2	143	145	158	142	139	151	130	133	-1
1001001000	-2	8419	6253.889	2440.032	21.5	10.851	96.875	7.639	139.25	7.155	6254.111	139.25	0	0	0	9	9	4995	7910	6885	6716	6801	8419	8379	6182	-2	24	13	41	13	12	36	11	22	-2	101	97	112	93	98	100	87	87	-2	141	143	153	137	139	142	130	129	-1
1001001000	-2	8419	6253.889	2440.032	21.5	10.851	96.875	7.639	139.25	7.155	6254.111	139.25	0	0	0	9	9	4995	7910	6885	6716	6801	8419	8379	6182	-2	24	13	41	13	12	36	11	22	-2	101	97	112	93	98	100	87	87	-2	141	143	153	137	139	142	130	129	-1
1001001000	-2	8868	6141.333	2561.624	21.25	10.556	96.125	7.913	138.5	7.632	6141.667	138.5	0	0	0	9	9	4367	8607	8191	5916	6562	8868	6616	6147	-2	32	14	40	13	12	31	11	17	-2	99	97	112	94	99	97	85	86	-2	137	142	154	137	141	140	128	129	-1
1001001000	-2	8868	6141.333	2561.624	21.25	10.556	96.125	7.913	138.5	7.632	6141.667	138.5	0	0	0	9	9	4367	8607	8191	5916	6562	8868	6616	6147	-2	32	14	40	13	12	31	11	17	-2	99	97	112	94	99	97	85	86	-2	137	142	154	137	141	140	128	129	-1
1001001000	-2	9998	6760.556	2808.304	19.625	9.38	95.5	7.583	138.375	7.449	6760.889	138.375	0	0	0	9	9	5066	9551	8459	6084	7019	9998	7196	7474	-2	28	13	38	13	11	27	12	15	-2	99	98	110	93	97	97	85	85	-2	139	144	152	136	140	140	128	128	-1
1001001000	-2	9998	6760.556	2808.304	19.625	9.38	95.5	7.583	138.375	7.449	6760.889	138.375	0	0	0	9	9	5066	9551	8459	6084	7019	9998	7196	7474	-2	28	13	38	13	11	27	12	15	-2	99	98	110	93	97	97	85	85	-2	139	144	152	136	140	140	128	128	-1
1001001000	-2	9868	7310.222	2855.754	19.375	9.604	97.5	7.263	141.625	6.763	7310.556	141.625	0	0	0	9	9	7041	9868	9211	5813	7955	9318	7560	9028	-2	23	13	40	13	11	28	12	15	-2	100	99	111	97	100	99	88	86	-2	142	145	154	140	145	143	132	132	-1
1001001000	-2	9868	7310.222	2855.754	19.375	9.604	97.5	7.263	141.625	6.763	7310.556	141.625	0	0	0	9	9	7041	9868	9211	5813	7955	9318	7560	9028	-2	23	13	40	13	11	28	12	15	-2	100	99	111	97	100	99	88	86	-2	142	145	154	140	145	143	132	132	-1
1002001000	-2	9989	6529.333	3608.377	20.625	9.604	100.714	6.713	133	36	6529.778	133	0	0	1	9	9	7902	0	9025	6377	8879	8391	8203	9989	-2	23	14	42	16	12	28	12	18	-2	104	-2	112	103	102	101	91	92	-2	148	39	157	147	150	147	138	138	-1
1002001000	-2	9989	6529.333	3608.377	20.625	9.604	100.714	6.713	133	36	6529.778	133	0	0	1	9	9	7902	0	9025	6377	8879	8391	8203	9989	-2	23	14	42	16	12	28	12	18	-2	104	-2	112	103	102	101	91	92	-2	148	39	157	147	150	147	138	138	-1
1001001000	-2	10678	7922.111	3009.771	22	10.464	104.25	6.359	152.125	6.173	7923.111	152.125	0	0	0	9	9	9320	8712	8889	7769	10678	7846	7449	10638	-2	23	14	42	17	12	36	13	19	-2	108	109	113	104	103	108	93	96	-2	153	160	160	150	153	155	143	143	-1
1001001000	-2	10678	7922.111	3009.771	22	10.464	104.25	6.359	152.125	6.173	7923.111	152.125	0	0	0	9	9	9320	8712	8889	7769	10678	7846	7449	10638	-2	23	14	42	17	12	36	13	19	-2	108	109	113	104	103	108	93	96	-2	153	160	160	150	153	155	143	143	-1
1001001000	-2	10438	8044.667	2980.92	24	10.677	108.75	6.437	159.875	7.061	8045	159.875	0	0	0	9	9	10405	7603	8614	8840	10438	8227	8722	9555	-2	24	15	42	24	13	40	13	21	-2	114	113	115	107	106	116	97	102	-2	162	169	164	156	159	169	150	150	-1
1001001000	-2	10750	8296.222	2991.078	24	11.236	108.5	6.225	160.75	7.102	8296.778	160.75	0	0	0	9	9	9414	8872	9392	9054	10750	8472	9350	9364	-2	23	14	43	25	13	41	13	20	-2	110	114	116	106	106	116	98	102	-2	160	171	165	156	161	170	152	151	-1
1001001000	-2	10750	8296.222	2991.078	24	11.236	108.5	6.225	160.75	7.102	8296.778	160.75	0	0	0	9	9	9414	8872	9392	9054	10750	8472	9350	9364	-2	23	14	43	25	13	41	13	20	-2	110	114	116	106	106	116	98	102	-2	160	171	165	156	161	170	152	151	-1
1001001000	-2	11305	8531.222	3209.979	23.5	10.932	105.5	5.635	155.625	5.851	8531.444	155.625	0	0	0	9	9	10416	7582	8978	9102	11305	8634	9948	10818	-2	22	14	43	25	13	39	13	19	-2	105	110	114	105	101	112	98	99	-2	154	162	161	153	155	164	150	146	-1
1001001000	-2	14246	10499.222	3929.63	15.5	2.062	99.625	4.47	147.875	5.622	10656.667	147.875	0	0	0	9	9	10323	9939	14246	11385	10857	13078	12217	12450	-2	15	13	16	18	18	15	12	17	-2	104	91	103	99	99	106	99	96	-2	149	137	155	145	148	156	148	145	-1
1001001000	-2	12276	10013.444	3620.857	15.5	2.062	99.625	4.47	147.875	5.622	10656.667	147.875	0	0	0	9	9	10323	9939	11891	11385	10857	11235	12217	12276	-2	15	13	16	18	18	15	12	17	-2	104	91	103	99	99	106	99	96	-2	149	137	155	145	148	156	148	145	-1
1001001000	-2	12356	7902.556	3255.679	60.375	7.952	126	6.614	167.5	7.632	7903.111	167.5	0	0	0	9	9	8964	9193	10137	8438	12356	8350	7976	5711	-2	59	46	67	65	69	69	55	53	-2	127	121	141	125	123	130	123	118	-2	166	160	183	163	172	173	165	158	-1
1001001000	-2	11894	8345.889	3215.845	59.375	6.855	126.875	6.698	170.25	8.242	8346.111	170.25	0	0	0	9	9	8384	8517	11894	8065	11381	9131	9264	8479	-2	57	57	66	62	68	65	54	46	-2	131	121	141	128	124	129	123	118	-2	175	161	188	167	172	172	166	161	-1
1001001000	-2	15420	12506.111	4602.82	59.5	6.442	136.5	5.766	199	9.539	13461.556	199	0	0	0	9	9	15420	12898	15066	14910	14726	14307	14204	11026	-2	53	61	67	62	66	65	53	49	-2	140	134	149	138	131	136	135	129	-2	203	191	221	196	196	200	198	187	-1
1001001000	-2	14119	11085.222	4047.222	39.75	9.769	123.625	6.183	174.375	7.761	11085.333	174.375	0	0	0	9	9	11615	11908	13815	14119	11737	12902	12843	10830	-2	37	39	59	32	38	52	30	31	-2	122	125	136	128	117	126	116	119	-2	171	178	188	180	170	179	166	163	-1
1001001000	-2	13815	10647.444	3854.993	39.75	9.769	123.625	6.183	174.375	7.761	11085.333	174.375	0	0	0	9	9	11493	11609	13815	11444	11737	12058	12843	10830	-2	37	39	59	32	38	52	30	31	-2	122	125	136	128	117	126	116	119	-2	171	178	188	180	170	179	166	163	-1
1001001000	-2	10142	6551.556	2898.653	19.125	11.784	92.5	9.682	134.625	9.327	6551.667	134.625	0	0	0	9	9	4207	10142	7623	8937	7231	7522	8387	4917	-2	15	11	42	11	10	36	11	17	-2	97	91	112	91	88	99	78	84	-2	135	137	153	136	129	141	121	125	-1
1001001000	-2	10142	6551.556	2898.653	19.125	11.784	92.5	9.682	134.625	9.327	6551.667	134.625	0	0	0	9	9	4207	10142	7623	8937	7231	7522	8387	4917	-2	15	11	42	11	10	36	11	17	-2	97	91	112	91	88	99	78	84	-2	135	137	153	136	129	141	121	125	-1
1001001000	-2	9136	6158.444	2681.285	18	9.874	92	8.66	134.25	7.933	6158.889	134.25	0	0	0	9	9	3689	8610	6897	6413	6692	8315	9136	5676	-2	19	11	38	11	10	30	10	15	-2	97	93	107	93	91	95	75	85	-2	136	138	149	135	132	137	120	127	-1
1001001000	-2	9136	6158.444	2681.285	18	9.874	92	8.66	134.25	7.933	6158.889	134.25	0	0	0	9	9	3689	8610	6897	6413	6692	8315	9136	5676	-2	19	11	38	11	10	30	10	15	-2	97	93	107	93	91	95	75	85	-2	136	138	149	135	132	137	120	127	-1
1001001000	-2	8723	5819.222	2395.748	17.625	8.887	93.125	6.566	136.25	6.722	5819.333	136.25	0	0	0	9	9	4848	8723	6328	5476	5682	8513	6579	6226	-2	20	13	34	11	9	30	11	13	-2	94	94	106	93	91	98	84	85	-2	134	140	149	136	133	142	128	128	-1
1001001000	-2	8723	5819.222	2395.748	17.625	8.887	93.125	6.566	136.25	6.722	5819.333	136.25	0	0	0	9	9	4848	8723	6328	5476	5682	8513	6579	6226	-2	20	13	34	11	9	30	11	13	-2	94	94	106	93	91	98	84	85	-2	134	140	149	136	133	142	128	128	-1
1001001000	-2	9256	6397.111	2520.202	17	7.969	91.25	5.717	134.5	5.5	6397.333	134.5	0	0	0	9	9	6265	8420	6836	5670	5902	9256	7667	7560	-2	20	12	33	11	10	26	11	13	-2	94	89	101	93	92	95	83	83	-2	135	135	144	136	134	139	126	127	-1
1001001000	-2	9256	6397.111	2520.202	17	7.969	91.25	5.717	134.5	5.5	6397.333	134.5	0	0	0	9	9	6265	8420	6836	5670	5902	9256	7667	7560	-2	20	12	33	11	10	26	11	13	-2	94	89	101	93	92	95	83	83	-2	135	135	144	136	134	139	126	127	-1
1001001000	-2	9231	6809.778	2557.91	17.875	8.978	92	5.339	136.375	4.897	6810.222	136.375	0	0	0	9	9	6645	8064	6925	6702	7034	9231	8000	8689	-2	20	12	37	13	10	27	11	13	-2	95	90	101	91	94	96	85	84	-2	137	136	145	136	137	141	130	129	-1
1001001000	-2	9231	6809.778	2557.91	17.875	8.978	92	5.339	136.375	4.897	6810.222	136.375	0	0	0	9	9	6645	8064	6925	6702	7034	9231	8000	8689	-2	20	12	37	13	10	27	11	13	-2	95	90	101	91	94	96	85	84	-2	137	136	145	136	137	141	130	129	-1
1001001000	-2	9486	7410.444	2713.55	18.875	9.493	96	6.633	142.625	6.102	7411.222	142.625	0	0	0	9	9	7775	8371	9486	6986	8173	8772	7986	9147	-2	21	12	40	14	12	27	11	14	-2	98	97	109	94	97	99	88	86	-2	144	144	155	141	143	145	134	135	-1
1001001000	-2	9486	7410.444	2713.55	18.875	9.493	96	6.633	142.625	6.102	7411.222	142.625	0	0	0	9	9	7775	8371	9486	6986	8173	8772	7986	9147	-2	21	12	40	14	12	27	11	14	-2	98	97	109	94	97	99	88	86	-2	144	144	155	141	143	145	134	135	-1
1001001000	-2	10121	7819	2914.507	20.5	10.296	100.125	7.079	148.875	6.153	7819.444	148.875	0	0	0	9	9	8215	9587	9031	6726	9499	8634	8560	10121	-2	21	13	41	15	13	34	12	15	-2	104	102	112	98	100	105	92	88	-2	151	153	159	146	150	152	141	139	-1
1001001000	-2	10121	7819	2914.507	20.5	10.296	100.125	7.079	148.875	6.153	7819.444	148.875	0	0	0	9	9	8215	9587	9031	6726	9499	8634	8560	10121	-2	21	13	41	15	13	34	12	15	-2	104	102	112	98	100	105	92	88	-2	151	153	159	146	150	152	141	139	-1
1001001000	-2	10771	8099.778	3042.23	20.25	10.733	99.875	6.604	150.375	5.957	8100.333	150.375	0	0	0	9	9	9248	9466	9043	6774	10000	8574	9024	10771	-2	21	13	41	14	12	35	11	15	-2	103	102	111	98	99	105	92	89	-2	152	154	160	147	151	155	143	141	-1
1001001000	-2	10771	8099.778	3042.23	20.25	10.733	99.875	6.604	150.375	5.957	8100.333	150.375	0	0	0	9	9	9248	9466	9043	6774	10000	8574	9024	10771	-2	21	13	41	14	12	35	11	15	-2	103	102	111	98	99	105	92	89	-2	152	154	160	147	151	155	143	141	-1
1001001000	-2	10900	8128.222	3049.718	21.75	11.155	102.125	6.9	152.75	6.32	8128.556	152.75	0	0	0	9	9	9748	9155	8716	7164	10900	8350	8924	10199	-2	21	14	42	17	13	39	12	16	-2	104	104	113	102	101	109	93	91	-2	153	157	161	152	154	159	144	142	-1
1001001000	-2	10900	8128.222	3049.718	21.75	11.155	102.125	6.9	152.75	6.32	8128.556	152.75	0	0	0	9	9	9748	9155	8716	7164	10900	8350	8924	10199	-2	21	14	42	17	13	39	12	16	-2	104	104	113	102	101	109	93	91	-2	153	157	161	152	154	159	144	142	-1
1001001000	-2	13803	11684	4158.65	13	0.707	113.125	3.655	187.875	4.622	13574.556	187.875	0	0	0	9	9	13020	13803	12956	12834	13706	12132	13415	13292	-2	14	12	13	13	14	13	12	13	-2	117	105	116	114	110	115	113	115	-2	192	179	192	184	184	189	191	192	-1
1001001000	-2	11287	8380.333	3320.441	14.25	2.046	88.5	4.95	130.125	5.011	8380.444	130.125	0	0	0	9	9	10941	11287	9873	9637	6375	7577	10596	9139	-2	15	11	15	14	17	16	11	15	-2	91	78	94	91	86	94	88	86	-2	133	123	138	132	123	134	131	127	-1
1001001000	-2	14708	11497.556	4210.689	50.375	8.41	126.375	5.894	180.25	7.102	11563.778	180.25	0	0	0	9	9	11133	12750	14496	12784	14708	12436	13430	11743	-2	46	51	65	44	58	55	48	36	-2	124	127	141	126	122	127	122	122	-2	178	179	196	175	179	184	181	170	-1
1001001000	-2	14708	11497.556	4210.689	50.375	8.41	126.375	5.894	180.25	7.102	11563.778	180.25	0	0	0	9	9	11133	12750	14496	12784	14708	12436	13430	11743	-2	46	51	65	44	58	55	48	36	-2	124	127	141	126	122	127	122	122	-2	178	179	196	175	179	184	181	170	-1
1001001000	-2	11471	8925.111	3358.761	33.875	10.635	113.875	7.457	159.75	8.482	8925.444	159.75	0	0	0	9	9	9175	11471	11313	8411	10994	10363	10462	8139	-2	28	31	55	27	32	48	23	27	-2	105	115	129	117	112	119	106	108	-2	150	162	175	167	157	165	152	150	-1
1001001000	-2	11471	8925.111	3358.761	33.875	10.635	113.875	7.457	159.75	8.482	8925.444	159.75	0	0	0	9	9	9175	11471	11313	8411	10994	10363	10462	8139	-2	28	31	55	27	32	48	23	27	-2	105	115	129	117	112	119	106	108	-2	150	162	175	167	157	165	152	150	-1
1001001000	-2	9171	6178.333	2692.328	15.625	8.425	88	8.139	131.25	8.182	6178.556	131.25	0	0	0	9	9	5366	8865	6706	8536	4395	7048	9171	5520	-2	14	11	35	10	9	23	10	13	-2	88	88	104	89	84	94	74	83	-2	130	133	147	134	125	137	118	126	-1
1001001000	-2	9171	6178.333	2692.328	15.625	8.425	88	8.139	131.25	8.182	6178.556	131.25	0	0	0	9	9	5366	8865	6706	8536	4395	7048	9171	5520	-2	14	11	35	10	9	23	10	13	-2	88	88	104	89	84	94	74	83	-2	130	133	147	134	125	137	118	126	-1
1001001000	-2	9350	6401.667	2644.492	15	7.599	86.125	6.274	129.375	6.224	6401.778	129.375	0	0	0	9	9	6436	7930	6581	7710	4576	9350	8809	6225	-2	14	11	31	10	8	24	10	12	-2	86	84	99	86	85	91	76	82	-2	129	130	142	130	126	134	120	124	-1
1001001000	-2	9350	6401.667	2644.492	15	7.599	86.125	6.274	129.375	6.224	6401.778	129.375	0	0	0	9	9	6436	7930	6581	7710	4576	9350	8809	6225	-2	14	11	31	10	8	24	10	12	-2	86	84	99	86	85	91	76	82	-2	129	130	142	130	126	134	120	124	-1
1002001000	-2	8171	5547.333	3088.407	13	5.05	84	4.44	114.875	34.944	5743.444	114.875	0	0	1	9	9	6330	7716	0	8076	5218	8171	7375	7042	-2	14	11	15	9	8	25	10	12	-2	84	83	-2	86	84	93	78	80	-2	127	130	23	130	126	136	122	125	-1
1002001000	-2	9703	6415.889	3581.372	13	5.292	83.429	4.066	114.75	34.867	6416	114.75	0	0	1	9	9	8643	9100	0	9302	6461	9703	7674	6862	-2	13	11	15	10	8	26	10	11	-2	84	82	-2	87	82	91	78	80	-2	127	129	23	131	126	135	123	124	-1
1002001000	-2	9703	6415.889	3581.372	13	5.292	83.429	4.066	114.75	34.867	6416	114.75	0	0	1	9	9	8643	9100	0	9302	6461	9703	7674	6862	-2	13	11	15	10	8	26	10	11	-2	84	82	-2	87	82	91	78	80	-2	127	129	23	131	126	135	123	124	-1
1001001000	-2	10040	7455.778	2767.829	15.5	8.246	87.625	6.122	132.625	5.83	7456.444	132.625	0	0	0	9	9	9558	10040	8444	8078	7236	8265	7712	7771	-2	13	11	32	11	9	27	10	11	-2	85	82	99	92	85	94	83	81	-2	130	130	144	135	130	139	127	126	-1
1001001000	-2	10040	7455.778	2767.829	15.5	8.246	87.625	6.122	132.625	5.83	7456.444	132.625	0	0	0	9	9	9558	10040	8444	8078	7236	8265	7712	7771	-2	13	11	32	11	9	27	10	11	-2	85	82	99	92	85	94	83	81	-2	130	130	144	135	130	139	127	126	-1
1001001000	-2	10913	8373.111	3046.038	15.75	7.87	89.875	5.578	136.875	4.91	8378.222	136.875	0	0	0	9	9	10913	10026	8801	9367	9254	9815	8422	8762	-2	13	11	32	13	10	26	10	11	-2	87	85	100	91	90	97	86	83	-2	135	134	146	138	136	143	132	131	-1
1001001000	-2	10710	8351	3027.854	15.75	7.87	89.875	5.578	136.875	4.91	8378.222	136.875	0	0	0	9	9	10710	10026	8801	9367	9254	9815	8426	8762	-2	13	11	32	13	10	26	10	11	-2	87	85	100	91	90	97	86	83	-2	135	134	146	138	136	143	132	131	-1
1001001000	-2	10523	8024.889	2938.522	17.375	9.63	93.75	5.562	142.75	5.238	8025	142.75	0	0	0	9	9	10523	7911	8019	9046	9817	9198	8950	8762	-2	13	12	38	13	11	29	10	13	-2	92	93	103	91	96	101	88	86	-2	142	143	152	139	144	149	136	137	-1
1001001000	-2	10523	8024.889	2938.522	17.375	9.63	93.75	5.562	142.75	5.238	8025	142.75	0	0	0	9	9	10523	7911	8019	9046	9817	9198	8950	8762	-2	13	12	38	13	11	29	10	13	-2	92	93	103	91	96	101	88	86	-2	142	143	152	139	144	149	136	137	-1
1001001000	-2	10207	7944.444	2943.552	16.5	8.803	92.25	5.238	141.375	4.635	7944.667	141.375	0	0	0	9	9	9952	7300	7932	8832	10207	8653	9655	8971	-2	12	12	36	13	10	26	10	13	-2	89	92	100	90	93	101	86	87	-2	140	143	148	139	142	148	134	137	-1
1001001000	-2	10207	7944.444	2943.552	16.5	8.803	92.25	5.238	141.375	4.635	7944.667	141.375	0	0	0	9	9	9952	7300	7932	8832	10207	8653	9655	8971	-2	12	12	36	13	10	26	10	13	-2	89	92	100	90	93	101	86	87	-2	140	143	148	139	142	148	134	137	-1
1001001000	-2	10283	7787.556	2866.637	16	7.73	91.875	5.84	140.125	4.807	7787.889	140.125	0	0	0	9	9	9621	7493	8001	8944	10283	8139	8680	8929	-2	12	12	32	13	10	26	10	13	-2	89	91	101	89	91	102	86	86	-2	139	141	147	137	140	148	134	135	-1
1001001000	-2	13137	10418	3867.062	9.25	0.829	76.875	5.797	124.25	4.815	10557.778	124.25	0	0	0	9	9	11258	13137	12603	12859	9219	10516	12376	11796	-2	10	8	10	9	10	10	8	9	-2	79	70	81	80	78	86	67	74	-2	125	121	133	127	121	129	118	120	-1
1001001000	-2	13137	10418	3867.062	9.25	0.829	76.875	5.797	124.25	4.815	10557.778	124.25	0	0	0	9	9	11258	13137	12603	12859	9219	10516	12376	11796	-2	10	8	10	9	10	10	8	9	-2	79	70	81	80	78	86	67	74	-2	125	121	133	127	121	129	118	120	-1
1001001000	-2	10215	7483.111	3031.826	26.25	10.317	98.5	6.481	140.5	6.964	7483.333	140.5	0	0	0	9	9	10215	8996	8956	9725	4979	8122	9205	7152	-2	20	22	44	16	28	42	16	22	-2	98	103	109	96	95	105	95	87	-2	142	146	150	138	130	148	139	131	-1
1001001000	-2	11961	8086.333	3222.247	19.5	8.818	96.25	5.673	141	6.344	8086.778	141	0	0	0	9	9	8779	9310	9665	10614	8323	7113	11961	7014	-2	15	14	33	13	16	36	12	17	-2	97	96	106	95	95	103	87	91	-2	141	140	152	144	135	148	132	136	-1
1002001000	-2	9959	5828.889	3408.168	11.5	3.24	83	4.66	114.875	33.546	5829.111	114.875	0	0	1	9	9	6950	7756	0	9120	4773	7136	9959	6768	-2	12	11	13	9	8	19	9	11	-2	78	86	-2	85	83	91	76	82	-2	125	131	27	131	124	136	120	125	-1
1002001000	-2	9886	5587.444	3283.366	11.5	3.24	83	4.66	114.875	33.546	5829.111	114.875	0	0	1	9	9	6794	7615	0	8430	4637	6452	9886	6475	-2	12	11	13	9	8	19	9	11	-2	78	86	-2	85	83	91	76	82	-2	125	131	27	131	124	136	120	125	-1
1002001000	-2	8731	5788.333	3226.849	10.75	3.419	79.857	3.758	111.5	32.21	5788.667	111.5	0	0	1	9	9	7128	6266	0	8289	5830	8731	8474	7379	-2	11	11	11	9	7	19	8	10	-2	80	82	-2	83	77	86	75	76	-2	125	127	27	127	119	130	118	119	-1
1002001000	-2	8731	5788.333	3226.849	10.75	3.419	79.857	3.758	111.5	32.21	5788.667	111.5	0	0	1	9	9	7128	6266	0	8289	5830	8731	8474	7379	-2	11	11	11	9	7	19	8	10	-2	80	82	-2	83	77	86	75	76	-2	125	127	27	127	119	130	118	119	-1
1001001000	-2	9321	7058.333	2597.719	10.625	4.151	79.25	6.553	123.375	6.363	7058.444	123.375	0	0	0	9	9	7484	6954	7126	9321	8657	7717	7770	8498	-2	11	10	11	8	7	21	8	9	-2	78	76	93	80	75	86	73	73	-2	121	123	137	124	119	129	117	117	-1
1001001000	-2	9020	6816	2507.42	10.625	4.151	79.25	6.553	123.375	6.363	7058.444	123.375	0	0	0	9	9	7452	6711	6915	9020	8224	7180	7565	8279	-2	11	10	11	8	7	21	8	9	-2	78	76	93	80	75	86	73	73	-2	121	123	137	124	119	129	117	117	-1
1001001000	-2	10035	7447.222	2788.844	11.125	3.951	79	6.205	123.875	5.988	7673.444	123.875	0	0	0	9	9	9248	8684	7231	10035	9103	7560	7266	7900	-2	11	10	12	9	8	21	8	10	-2	79	73	92	80	75	85	74	74	-2	123	119	136	126	120	130	119	118	-1
1001001000	-2	10357	7673.222	2871.311	11.125	3.951	79	6.205	123.875	5.988	7673.444	123.875	0	0	0	9	9	9362	9054	7413	10357	9395	7970	7442	8068	-2	11	10	12	9	8	21	8	10	-2	79	73	92	80	75	85	74	74	-2	123	119	136	126	120	130	119	118	-1
1002001000	-2	10702	6952.333	3852.387	11.125	4.045	78.571	4.435	111.75	33.488	7080.778	111.75	0	0	1	9	9	10702	8157	0	10371	9205	8806	7399	7933	-2	11	10	13	9	8	21	8	9	-2	79	74	-2	83	75	87	76	76	-2	125	120	24	130	119	133	122	121	-1
1002001000	-2	10702	6952.333	3852.387	11.125	4.045	78.571	4.435	111.75	33.488	7080.778	111.75	0	0	1	9	9	10702	8157	0	10371	9205	8806	7399	7933	-2	11	10	13	9	8	21	8	9	-2	79	74	-2	83	75	87	76	76	-2	125	120	24	130	119	133	122	121	-1
1002001000	-2	11462	7127.333	3985.017	11.5	3.64	81.429	4.403	115.5	34.835	7293.667	115.5	0	0	1	9	9	10352	7635	0	11462	9366	9472	7769	8092	-2	11	10	14	11	8	20	9	9	-2	82	76	-2	85	79	90	80	78	-2	131	123	24	133	125	136	127	125	-1
1002001000	-2	11462	7127.333	3985.017	11.5	3.64	81.429	4.403	115.5	34.835	7293.667	115.5	0	0	1	9	9	10352	7635	0	11462	9366	9472	7769	8092	-2	11	10	14	11	8	20	9	9	-2	82	76	-2	85	79	90	80	78	-2	131	123	24	133	125	136	127	125	-1
1002001000	-2	11368	7298.333	4003.801	12.125	4.136	82.857	4.823	117.5	35.641	7489.111	117.5	0	0	1	9	9	9417	8670	0	11368	9505	10017	8734	7976	-2	11	10	15	11	9	22	9	10	-2	83	76	-2	87	81	92	81	80	-2	133	124	24	136	129	139	128	127	-1
1002001000	-2	11316	7399.111	4063.701	12.125	4.136	82.857	4.823	117.5	35.641	7489.111	117.5	0	0	1	9	9	10196	8670	0	11316	9505	10177	8754	7976	-2	11	10	15	11	9	22	9	10	-2	83	76	-2	87	81	92	81	80	-2	133	124	24	136	129	139	128	127	-1
1002001000	-2	10517	7440.667	4036.864	11.75	3.631	81.714	4.712	116.375	35.153	7533.667	116.375	0	0	1	9	9	10276	9197	0	10517	9867	10109	8683	8319	-2	11	10	15	11	9	20	9	9	-2	81	76	-2	86	79	91	79	80	-2	132	125	24	134	127	137	126	126	-1
1001001000	-2	8830	5748.778	2657.901	11.25	1.714	74.625	5.453	112.375	4.211	5748.889	112.375	0	0	0	9	9	5322	8830	8651	4938	4645	4361	8614	6380	-2	13	9	13	10	11	14	10	10	-2	77	69	77	74	77	85	66	72	-2	113	108	118	111	112	120	108	109	-1
1001001000	-2	11095	7533.556	3203.989	15.375	4.82	91.5	5.074	136.375	6.304	7772.444	136.375	0	0	0	9	9	8704	7807	11095	10198	4738	7610	10094	7558	-2	15	15	19	12	11	26	10	15	-2	93	95	98	91	86	98	84	87	-2	139	138	145	140	128	142	126	133	-1
1001001000	-2	9651	6945.111	2639.277	9.75	2.727	78.75	5.044	123.625	5.894	7299	123.625	0	0	0	9	9	7494	5992	7770	8587	7219	7335	9651	8460	-2	10	10	11	7	7	16	8	9	-2	76	81	89	79	74	83	74	74	-2	123	127	135	125	116	127	117	119	-1
1001001000	-2	9741	7298.667	2795.495	9.75	2.727	78.75	5.044	123.625	5.894	7299	123.625	0	0	0	9	9	7696	6109	8162	9741	7392	8037	9708	8845	-2	10	10	11	7	7	16	8	9	-2	76	81	89	79	74	83	74	74	-2	123	127	135	125	116	127	117	119	-1
1001001000	-2	8891	6865.444	2572.904	9.125	2.421	75.625	4.689	119.75	4.657	6865.667	119.75	0	0	0	9	9	7725	7341	5706	7413	8376	8274	8891	8065	-2	9	9	10	7	7	15	8	8	-2	76	74	85	76	74	80	70	70	-2	120	120	129	120	116	124	114	115	-1
1001001000	-2	8891	6865.444	2572.904	9.125	2.421	75.625	4.689	119.75	4.657	6865.667	119.75	0	0	0	9	9	7725	7341	5706	7413	8376	8274	8891	8065	-2	9	9	10	7	7	15	8	8	-2	76	74	85	76	74	80	70	70	-2	120	120	129	120	116	124	114	115	-1
1001001000	-2	9720	7515.778	2749.978	8.875	2.891	73.625	5.171	117.375	4.794	7515.889	117.375	0	0	0	9	9	8924	9720	7345	7869	9088	7806	8808	8084	-2	9	9	9	7	6	16	7	8	-2	74	70	85	76	71	76	69	68	-2	116	115	128	120	114	120	113	113	-1
1001001000	-2	9391	7316.889	2675.885	8.875	2.891	73.625	5.171	117.375	4.794	7515.889	117.375	0	0	0	9	9	8888	9391	7204	7647	8777	7568	8555	7824	-2	9	9	9	7	6	16	7	8	-2	74	70	85	76	71	76	69	68	-2	116	115	128	120	114	120	113	113	-1
1001001000	-2	10188	7699.778	2941.961	9.125	2.803	73.625	5.43	118.125	4.936	7700	118.125	0	0	0	9	9	9855	9747	6866	8203	8990	7041	10188	8410	-2	9	9	10	7	7	16	7	8	-2	73	69	85	76	71	78	68	69	-2	116	114	128	121	115	123	114	114	-1
1001001000	-2	10188	7699.778	2941.961	9.125	2.803	73.625	5.43	118.125	4.936	7700	118.125	0	0	0	9	9	9855	9747	6866	8203	8990	7041	10188	8410	-2	9	9	10	7	7	16	7	8	-2	73	69	85	76	71	78	68	69	-2	116	114	128	121	115	123	114	114	-1
1001001000	-2	9795	7594.667	2888.45	9.25	2.861	74.625	5.808	120	5.701	7595	120	0	0	0	9	9	9795	9587	6284	9454	8966	7380	8553	8335	-2	9	9	11	7	7	16	7	8	-2	74	70	87	76	70	80	70	70	-2	119	116	131	123	114	126	116	115	-1
1001001000	-2	10593	7917	3066.511	9.25	2.681	75.875	5.578	122.375	5.721	7944.889	122.375	0	0	0	9	9	10593	9609	6237	9717	9774	7504	8563	9258	-2	9	9	12	7	7	15	7	8	-2	76	71	87	77	71	82	72	71	-2	124	117	133	125	118	128	118	116	-1
1001001000	-2	10593	7917	3066.511	9.25	2.681	75.875	5.578	122.375	5.721	7944.889	122.375	0	0	0	9	9	10593	9609	6237	9717	9774	7504	8563	9258	-2	9	9	12	7	7	15	7	8	-2	76	71	87	77	71	82	72	71	-2	124	117	133	125	118	128	118	116	-1
1001001000	-2	10217	7862.667	2966.362	9.25	2.681	76.5	5.315	123.5	5.545	7863.111	123.5	0	0	0	9	9	9925	8845	7035	10217	9492	7531	8106	9615	-2	9	9	12	7	7	15	7	8	-2	76	70	86	79	73	83	72	73	-2	126	117	132	127	119	130	118	119	-1
1001001000	-2	10217	7862.667	2966.362	9.25	2.681	76.5	5.315	123.5	5.545	7863.111	123.5	0	0	0	9	9	9925	8845	7035	10217	9492	7531	8106	9615	-2	9	9	12	7	7	15	7	8	-2	76	70	86	79	73	83	72	73	-2	126	117	132	127	119	130	118	119	-1
1001001000	-2	7231	5371.889	2019.898	11	1.118	77	3.082	114.25	3.152	5391.111	114.25	0	0	0	9	9	5481	7231	6716	5979	4692	5705	6307	6238	-2	13	10	12	10	10	12	10	11	-2	76	76	79	77	76	84	75	73	-2	113	114	118	113	111	120	115	110	-1
1001001000	-2	10586	7535.333	3068.095	11.25	2.99	83.25	3.897	129.125	4.859	7818.778	129.125	0	0	0	9	9	8375	7303	10271	9336	5442	7331	10586	9176	-2	11	13	13	8	8	17	8	12	-2	76	88	87	85	81	87	81	81	-2	126	131	133	136	122	134	123	128	-1
1001001000	-2	9429	7465.444	2747.773	8.25	2.107	72.375	5.314	117	4.95	7825.778	117	0	0	0	9	9	9319	8439	8378	8812	6904	8460	9429	7450	-2	8	9	9	6	6	13	7	8	-2	72	73	83	70	70	78	67	66	-2	118	118	127	116	112	121	111	113	-1
1001001000	-2	9467	7374.222	2720.158	8.25	2.107	72.375	5.314	117	4.95	7825.778	117	0	0	0	9	9	9185	8380	8312	8601	6771	8249	9467	7405	-2	8	9	9	6	6	13	7	8	-2	72	73	83	70	70	78	67	66	-2	118	118	127	116	112	121	111	113	-1
1001001000	-2	10088	7502.111	2832.61	7.625	1.495	68.25	2.905	112.5	2.784	7502.333	112.5	0	0	0	9	9	7665	9554	7637	10088	7500	7979	9676	7422	-2	8	8	8	6	6	11	7	7	-2	68	68	75	67	67	70	66	65	-2	113	113	119	112	110	113	110	110	-1
1001001000	-2	13007	10876.556	3872.431	7.375	0.484	76.375	2.497	134.375	3.533	12453.333	134.375	0	0	0	9	9	12654	12261	11373	11974	13007	11814	12341	12467	-2	8	7	8	7	7	8	7	7	-2	78	73	80	75	76	80	74	75	-2	136	132	142	133	131	137	133	131	-1
1001001000	-2	10625	8094.556	2990.11	6.875	0.599	62.75	2.437	104.375	3.08	8101.111	104.375	0	0	0	9	9	7965	8639	10433	8129	8972	8771	10625	9319	-2	8	7	7	7	7	7	6	6	-2	60	63	66	62	61	67	63	60	-2	102	104	110	103	101	107	107	101	-1
1001001000	-2	10512	7930.667	2947.481	7.25	0.433	67.625	2.233	108.375	2.69	7949.778	108.375	0	0	0	9	9	9158	8177	9434	8813	7189	8359	10512	9736	-2	8	7	7	7	7	8	7	7	-2	65	69	69	66	67	72	68	65	-2	109	108	112	106	104	111	111	106	-1
1001001000	-2	13004	10114.889	3673.801	11.25	1.09	86.75	3.491	136.5	3.905	10755.333	136.5	0	0	0	9	9	13004	10882	11528	12173	10220	10739	10539	11951	-2	12	12	12	10	10	11	10	13	-2	85	89	90	83	85	90	91	81	-2	138	136	135	135	136	137	145	130	-1
1001001000	-2	11890	8544.778	3333.525	10.25	1.714	83.125	4.512	132	4.33	8684.222	132	0	0	0	9	9	8692	8422	11155	8648	7308	9877	11890	10913	-2	10	13	11	9	8	12	8	11	-2	77	92	87	85	79	82	83	80	-2	131	135	134	139	123	133	130	131	-1
1001001000	-2	11812	8360.778	3285.058	10.25	1.714	83.125	4.512	132	4.33	8684.222	132	0	0	0	9	9	8518	8143	10843	8157	7241	9779	11812	10756	-2	10	13	11	9	8	12	8	11	-2	77	92	87	85	79	82	83	80	-2	131	135	134	139	123	133	130	131	-1
1001001000	-2	11196	8189.444	3101.932	6.875	0.781	67.125	3.48	111.625	2.736	8273.333	111.625	0	0	0	9	9	11196	9731	8802	10819	7835	8956	8383	7985	-2	7	8	8	6	6	7	6	7	-2	66	69	74	67	68	68	63	62	-2	111	113	116	114	110	113	107	109	-1
