1001001000	-2	14381	12237.333	4343.318	17.625	4.121	90.125	4.285	187.875	16.45	14688.889	187.875	0	0	0	9	9	13472	13434	14381	13945	13998	13218	13471	14219	-2	15	13	12	17	22	19	18	25	-2	85	85	84	94	94	92	94	93	-2	200	169	196	189	183	173	221	172	-1
1001001000	-2	14183	12000.889	4270.587	19	4.123	87.875	3.982	168.25	7.172	15013.667	168.25	0	0	0	9	9	12905	13685	14183	13817	13785	13302	12548	13785	-2	19	13	14	17	24	22	18	25	-2	86	81	84	90	94	89	92	87	-2	173	161	171	182	166	170	166	157	-1
1001001000	-2	13839	11125.111	4217.139	12.75	4.684	76.75	4.521	132	9.341	12144.333	132	0	0	0	9	9	13569	13109	8484	13027	13839	12503	13462	12135	-2	21	10	8	11	16	18	7	11	-2	80	72	75	73	84	82	77	71	-2	140	127	119	131	142	145	133	119	-1
1001001000	-2	13839	11125.111	4217.139	12.75	4.684	76.75	4.521	132	9.341	12144.333	132	0	0	0	9	9	13569	13109	8484	13027	13839	12503	13462	12135	-2	21	10	8	11	16	18	7	11	-2	80	72	75	73	84	82	77	71	-2	140	127	119	131	142	145	133	119	-1
1001001000	-2	13441	10876.222	4077.099	12.5	4.416	76.25	4.176	130.875	7.607	11779.889	130.875	0	0	0	9	9	12209	13441	8638	12466	13354	12493	13078	12209	-2	20	10	8	12	15	18	7	10	-2	78	71	75	74	84	80	77	71	-2	138	124	121	132	141	139	131	121	-1
1001001000	-2	13815	11061.778	4167.535	12.5	4.416	76.25	4.176	130.875	7.607	11779.889	130.875	0	0	0	9	9	12737	13437	8638	12713	13815	12524	13466	12228	-2	20	10	8	12	15	18	7	10	-2	78	71	75	74	84	80	77	71	-2	138	124	121	132	141	139	131	121	-1
1001001000	-2	13274	10532.667	3988.491	12.625	4.581	74.625	3.706	125.5	6.5	10643.667	125.5	0	0	0	9	9	11958	13128	8114	12084	12628	11920	13274	11690	-2	21	10	8	12	15	18	8	9	-2	78	70	73	73	80	77	77	69	-2	135	121	119	126	130	129	130	114	-1
1001001000	-2	13274	10532.667	3988.491	12.625	4.581	74.625	3.706	125.5	6.5	10643.667	125.5	0	0	0	9	9	11958	13128	8114	12084	12628	11920	13274	11690	-2	21	10	8	12	15	18	8	9	-2	78	70	73	73	80	77	77	69	-2	135	121	119	126	130	129	130	114	-1
1001001000	-2	13123	10443.889	3903.798	12.25	4.493	74.625	3.935	125.375	7.017	10649.333	125.375	0	0	0	9	9	12729	13079	8830	11087	12316	11041	13123	11792	-2	21	10	8	12	14	17	8	8	-2	80	74	73	74	78	75	77	66	-2	137	124	119	127	129	125	130	112	-1
1001001000	-2	12630	10182.222	3777.714	12.25	4.493	74.625	3.935	125.375	7.017	10649.333	125.375	0	0	0	9	9	12627	12630	8695	10998	12035	10892	12163	11602	-2	21	10	8	12	14	17	8	8	-2	80	74	73	74	78	75	77	66	-2	137	124	119	127	129	125	130	112	-1
1001001000	-2	12872	10504.778	3815.415	12	4.555	75	4.123	126.5	7.697	10752.667	126.5	0	0	0	9	9	12606	12521	9913	10899	12872	11655	12059	12020	-2	22	10	8	11	14	15	8	8	-2	81	76	73	74	77	75	78	66	-2	140	130	119	127	127	127	130	112	-1
1001001000	-2	12442	8966.222	3757.882	18.5	3.808	104.25	6.22	196	28.705	9366.667	196	0	0	0	9	9	10718	9663	12377	8186	5680	11573	10059	12442	-2	18	14	14	16	22	22	17	25	-2	93	104	99	107	116	103	107	105	-2	199	170	269	189	192	181	184	184	-1
1001001000	-2	14981	12490.111	4455.15	19.625	4.357	89.625	3.935	173	8.529	15298.556	173	0	0	0	9	9	14529	14494	13821	14162	14143	13312	12971	14981	-2	20	13	17	16	25	23	17	26	-2	83	84	89	92	95	90	93	91	-2	187	175	171	183	166	171	173	158	-1
1001001000	-2	14123	11774.111	4192.28	20.875	4.226	90	4.555	165.625	7.809	14183.556	165.625	0	0	0	9	9	13478	13610	13408	13452	12544	12654	12700	14123	-2	24	14	18	16	26	24	20	25	-2	88	84	91	92	94	95	94	82	-2	159	156	171	169	166	181	166	157	-1
1001001000	-2	14386	11952.222	4259.147	20.875	3.919	91	5.315	164.625	9.707	13860.778	164.625	0	0	0	9	9	13261	14049	13587	13567	12889	12523	13310	14386	-2	25	14	22	15	25	21	23	22	-2	90	86	96	92	92	97	95	80	-2	159	157	171	167	166	183	166	148	-1
1001001000	-2	14386	11952.222	4259.147	20.875	3.919	91	5.315	164.625	9.707	13860.778	164.625	0	0	0	9	9	13261	14049	13587	13567	12889	12523	13310	14386	-2	25	14	22	15	25	21	23	22	-2	90	86	96	92	92	97	95	80	-2	159	157	171	167	166	183	166	148	-1
1001001000	-2	14847	11983.778	4336.838	16	4.123	89.5	4.848	170.25	11.987	12840.444	170.25	0	0	0	9	9	13535	13880	14847	13052	12877	11580	13396	14689	-2	24	12	11	14	20	17	13	17	-2	88	88	88	91	92	96	94	79	-2	170	170	165	168	192	182	167	148	-1
1001001000	-2	14038	11147.111	4124.172	12.25	4.38	76.625	3.498	133.125	8.594	11759.444	133.125	0	0	0	9	9	13350	13188	9521	12242	14038	12421	13323	12243	-2	21	11	7	11	16	14	7	11	-2	79	76	73	75	83	78	78	71	-2	143	134	119	135	140	139	136	119	-1
1001001000	-2	14038	11147.111	4124.172	12.25	4.38	76.625	3.498	133.125	8.594	11759.444	133.125	0	0	0	9	9	13350	13188	9521	12242	14038	12421	13323	12243	-2	21	11	7	11	16	14	7	11	-2	79	76	73	75	83	78	78	71	-2	143	134	119	135	140	139	136	119	-1
1001001000	-2	12668	9883	3738.279	11.875	4.136	73.125	3.919	122.75	7.084	10174	122.75	0	0	0	9	9	11335	12668	8154	11628	12351	10970	12090	9753	-2	20	10	8	11	15	15	7	9	-2	75	70	72	71	79	75	77	66	-2	128	120	116	125	128	127	130	108	-1
1001001000	-2	12515	9901.667	3748.489	11.875	4.136	73.125	3.919	122.75	7.084	10174	122.75	0	0	0	9	9	11335	12411	8154	11628	12351	10970	12515	9753	-2	20	10	8	11	15	15	7	9	-2	75	70	72	71	79	75	77	66	-2	128	120	116	125	128	127	130	108	-1
1001001000	-2	12387	9603.556	3746.852	11.625	4.121	72.5	4.359	121.5	8.185	9883.667	121.5	0	0	0	9	9	11158	12387	7330	11679	11760	10911	12348	8861	-2	20	9	8	11	14	15	7	9	-2	75	71	70	72	77	75	77	63	-2	128	122	113	123	126	126	130	104	-1
1001001000	-2	12719	9611.222	3755.494	11.625	4.121	72.5	4.359	121.5	8.185	9883.667	121.5	0	0	0	9	9	11158	12719	7330	11679	11760	10911	12085	8861	-2	20	9	8	11	14	15	7	9	-2	75	71	70	72	77	75	77	63	-2	128	122	113	123	126	126	130	104	-1
1001001000	-2	12417	9604.889	3776.132	11.5	4.213	72.25	3.961	120.5	7.483	9750.222	120.5	0	0	0	9	9	11894	12417	6759	11292	11083	11013	12394	9594	-2	20	9	8	11	14	15	7	8	-2	75	74	71	71	74	73	77	63	-2	128	125	113	121	121	122	129	105	-1
1001001000	-2	12326	9503.444	3708.486	11.5	4.213	72.25	3.961	120.5	7.483	9750.222	120.5	0	0	0	9	9	11713	12326	6759	11292	11083	11013	11753	9594	-2	20	9	8	11	14	15	7	8	-2	75	74	71	71	74	73	77	63	-2	128	125	113	121	121	122	129	105	-1
1001001000	-2	12684	9834.111	3665.274	11.875	4.4	73.5	4.387	123.25	8.151	10005.333	123.25	0	0	0	9	9	12122	11668	8606	10233	12684	11408	11618	10170	-2	21	10	8	10	15	15	8	8	-2	79	76	71	71	76	75	76	64	-2	137	128	116	121	127	122	127	108	-1
1001001000	-2	13169	9952.444	3744.415	11.875	4.4	73.5	4.387	123.25	8.151	10005.333	123.25	0	0	0	9	9	12135	11668	8606	10233	13169	11408	12185	10170	-2	21	10	8	10	15	15	8	8	-2	79	76	71	71	76	75	76	64	-2	137	128	116	121	127	122	127	108	-1
1001001000	-2	13658	10885.444	3923.879	12.375	4.241	77.5	4.664	137.625	12.247	11208.222	137.625	0	0	0	9	9	12099	12917	11503	11435	13658	11350	13055	11954	-2	21	10	8	11	16	15	9	9	-2	83	82	77	76	79	76	80	67	-2	157	152	131	133	137	131	144	116	-1
1001001000	-2	13978	11047.444	4004.203	12.375	4.241	77.5	4.664	137.625	12.247	11208.222	137.625	0	0	0	9	9	12982	12917	11504	11435	13978	11350	13309	11954	-2	21	10	8	11	16	15	9	9	-2	83	82	77	76	79	76	80	67	-2	157	152	131	133	137	131	144	116	-1
1001001000	-2	13803	11441	4075.952	14.375	4.241	82.625	5.566	154.125	16.105	11866.222	154.125	0	0	0	9	9	13017	12188	12145	13072	13803	12751	12651	13344	-2	20	11	9	13	17	16	20	9	-2	86	91	80	85	82	80	86	71	-2	172	180	144	155	146	145	164	127	-1
1001001000	-2	14287	11425.556	4251.471	15.125	3.855	87	5.766	168.75	15.809	11631.778	168.75	0	0	0	9	9	12891	9360	13286	13755	13553	12929	12771	14287	-2	19	13	11	14	18	16	21	9	-2	90	96	82	89	88	88	88	75	-2	171	181	152	168	187	179	176	136	-1
1001001000	-2	13770	11112.333	4115.737	15.125	3.855	87	5.766	168.75	15.809	11631.778	168.75	0	0	0	9	9	12462	9360	12594	13657	13308	12418	12444	13770	-2	19	13	11	14	18	16	21	9	-2	90	96	82	89	88	88	88	75	-2	171	181	152	168	187	179	176	136	-1
1001001000	-2	11824	7537	3620.998	18.875	3.689	96.625	8.015	173.625	8.817	7640.778	173.625	0	0	0	9	9	9301	4242	11824	10329	8100	7852	4932	11255	-2	14	22	20	19	20	18	25	13	-2	95	109	89	92	97	100	107	84	-2	182	182	180	162	169	177	179	158	-1
1001001000	-2	11937	7701.222	3695.159	19.875	4.014	96.375	6.855	178.75	5.19	7753.222	178.75	0	0	0	9	9	10264	4303	11937	10199	8651	7395	5153	11411	-2	14	22	20	20	22	20	27	14	-2	94	105	90	93	95	101	107	86	-2	183	189	180	176	170	177	178	177	-1
1001001000	-2	12886	8785.778	3867.038	19.75	4.116	95	6.595	178.75	5.117	8853.556	178.75	0	0	0	9	9	12842	6280	12886	10152	10451	8826	6252	11385	-2	14	20	19	21	19	20	29	16	-2	90	103	89	93	92	100	106	87	-2	174	184	182	177	170	187	178	178	-1
1001001000	-2	12587	8705.333	3784.441	19.75	4.116	95	6.595	178.75	5.117	8853.556	178.75	0	0	0	9	9	12417	6280	12587	10152	10451	8826	6252	11385	-2	14	20	19	21	19	20	29	16	-2	90	103	89	93	92	100	106	87	-2	174	184	182	177	170	187	178	178	-1
1001001000	-2	13491	10896.667	3959.383	18.375	3.533	100.25	4.737	198.875	21.157	11774.333	198.875	0	0	0	9	9	13162	12269	13064	10646	11611	12696	11133	13491	-2	19	13	19	15	18	23	16	24	-2	89	100	99	106	100	102	103	103	-2	197	175	236	189	192	232	186	184	-1
1001001000	-2	14798	12189.444	4368.459	21.75	4.918	90.875	5.183	172.5	17.6	15329.444	173.5	0	0	0	9	9	13706	14798	13465	13978	13961	13343	12096	14360	-2	23	14	27	16	25	27	17	25	-2	84	83	97	91	96	94	95	87	-2	159	162	213	176	165	180	173	152	-1
1001001000	-2	14699	12447.667	4441.279	20.75	3.897	88.5	5.545	166.125	16.654	15581.667	166.125	0	0	0	9	9	14084	14170	14150	14339	14699	13917	12440	14232	-2	23	14	22	16	24	24	18	25	-2	83	79	94	89	92	91	96	84	-2	160	141	190	176	165	182	173	142	-1
1001001000	-2	14681	12362.333	4399.636	20.75	3.897	88.5	5.545	166.125	16.654	15581.667	166.125	0	0	0	9	9	13959	14151	13905	14096	14681	13904	12671	13896	-2	23	14	22	16	24	24	18	25	-2	83	79	94	89	92	91	96	84	-2	160	141	190	176	165	182	173	142	-1
1001001000	-2	13432	10112.889	3851.658	21	3.571	95.5	5.315	169.125	9.36	10761.222	169.125	0	0	0	9	9	11706	9288	12264	12233	11785	8566	11744	13432	-2	26	15	25	17	21	22	23	19	-2	94	99	103	93	92	100	98	85	-2	170	160	172	167	153	184	167	180	-1
1001001000	-2	13097	10581.444	3774.219	12	4.33	77.5	2.958	135.125	7.769	12103.778	135.125	0	0	0	9	9	13097	11725	11487	12249	12033	11633	11640	11371	-2	21	11	7	11	16	12	7	11	-2	82	78	77	76	79	78	79	71	-2	149	138	125	136	133	137	140	123	-1
1001001000	-2	13097	10581.444	3774.219	12	4.33	77.5	2.958	135.125	7.769	12103.778	135.125	0	0	0	9	9	13097	11725	11487	12249	12033	11633	11640	11371	-2	21	11	7	11	16	12	7	11	-2	82	78	77	76	79	78	79	71	-2	149	138	125	136	133	137	140	123	-1
1001001000	-2	11440	9029.444	3315.23	11.25	3.767	73	3.464	123	7.45	9688.111	123	0	0	0	9	9	11440	11151	8974	10499	9901	10143	10645	8514	-2	19	10	7	11	14	13	7	9	-2	75	73	72	72	76	74	77	65	-2	130	125	117	126	125	125	130	106	-1
1001001000	-2	12136	9444.556	3516.633	11.25	3.767	73	3.464	123	7.45	9688.111	123	0	0	0	9	9	12136	11675	9117	10229	10676	10390	11959	8821	-2	19	10	7	11	14	13	7	9	-2	75	73	72	72	76	74	77	65	-2	130	125	117	126	125	125	130	106	-1
1001001000	-2	12215	9176.333	3582.414	11	3.571	71.25	3.455	119	7.089	9329.333	119	0	0	0	9	9	12215	11778	8617	10896	9974	10341	11610	7158	-2	18	9	7	11	14	13	7	9	-2	73	70	71	71	74	74	74	63	-2	122	120	115	121	122	124	126	102	-1
1001001000	-2	12215	9176.333	3582.414	11	3.571	71.25	3.455	119	7.089	9329.333	119	0	0	0	9	9	12215	11778	8617	10896	9974	10341	11610	7158	-2	18	9	7	11	14	13	7	9	-2	73	70	71	71	74	74	74	63	-2	122	120	115	121	122	124	126	102	-1
1001001000	-2	12103	9164.556	3686.878	9.875	2.571	69.875	3.822	115.375	6.927	9164.889	115.375	0	0	0	9	9	11644	12103	7532	11045	11271	11275	10829	6784	-2	14	8	7	11	13	11	7	8	-2	70	71	71	71	73	72	71	60	-2	116	120	114	117	121	120	117	98	-1
1001001000	-2	12103	9164.556	3686.878	9.875	2.571	69.875	3.822	115.375	6.927	9164.889	115.375	0	0	0	9	9	11644	12103	7532	11045	11271	11275	10829	6784	-2	14	8	7	11	13	11	7	8	-2	70	71	71	71	73	72	71	60	-2	116	120	114	117	121	120	117	98	-1
1001001000	-2	11941	9193.222	3604.438	9.875	2.713	69.875	3.756	114.875	6.508	9193.778	114.875	0	0	0	9	9	11732	11702	7400	10515	11941	11329	10185	7937	-2	14	8	7	10	14	11	7	8	-2	69	73	69	71	74	72	70	61	-2	115	122	113	117	122	117	113	100	-1
1001001000	-2	11941	9155.778	3580.551	9.875	2.713	69.875	3.756	114.875	6.508	9193.778	114.875	0	0	0	9	9	11546	11702	7400	10515	11941	11178	10185	7937	-2	14	8	7	10	14	11	7	8	-2	69	73	69	71	74	72	70	61	-2	115	122	113	117	122	117	113	100	-1
1001001000	-2	12006	9232.444	3411.571	10.125	2.571	70.875	4.106	118	7.089	9344.778	118	0	0	0	9	9	10995	11045	8825	9720	12006	10908	10675	8920	-2	13	9	7	11	14	12	7	8	-2	69	75	69	71	76	73	72	62	-2	117	126	115	119	128	119	117	103	-1
1001001000	-2	12006	9232.444	3411.571	10.125	2.571	70.875	4.106	118	7.089	9344.778	118	0	0	0	9	9	10995	11045	8825	9720	12006	10908	10675	8920	-2	13	9	7	11	14	12	7	8	-2	69	75	69	71	76	73	72	62	-2	117	126	115	119	128	119	117	103	-1
1001001000	-2	12835	9681.889	3584.707	10.75	2.487	73.25	4.841	126.75	8.743	9972.889	126.75	0	0	0	9	9	11397	10792	9223	9315	12835	11806	10924	10847	-2	12	10	8	12	15	13	8	8	-2	70	79	72	74	78	73	77	63	-2	125	140	125	127	134	124	131	108	-1
1001001000	-2	14024	11014.556	3990.453	11.75	2.278	78.125	5.231	142.25	14.122	11114.778	142.25	0	0	0	9	9	14024	12834	11375	10820	12886	12522	12607	12065	-2	13	11	8	13	15	14	11	9	-2	76	87	79	76	82	76	81	68	-2	142	174	142	134	145	135	145	121	-1
1001001000	-2	14024	11014.556	3990.453	11.75	2.278	78.125	5.231	142.25	14.122	11114.778	142.25	0	0	0	9	9	14024	12834	11375	10820	12886	12522	12607	12065	-2	13	11	8	13	15	14	11	9	-2	76	87	79	76	82	76	81	68	-2	142	174	142	134	145	135	145	121	-1
1001001000	-2	12694	10285.778	3738.927	13.75	2.222	84.875	5.533	161.625	16.733	11404.222	161.625	0	0	0	9	9	12379	9597	10762	11847	12694	11922	11518	11855	-2	13	13	12	15	15	14	18	10	-2	84	97	82	88	84	81	86	77	-2	182	195	151	150	157	149	164	145	-1
1001001000	-2	12523	10413.889	3780.169	13.75	2.222	84.875	5.533	161.625	16.733	11404.222	161.625	0	0	0	9	9	12523	9785	11271	12401	12281	12192	10948	12326	-2	13	13	12	15	15	14	18	10	-2	84	97	82	88	84	81	86	77	-2	182	195	151	150	157	149	164	145	-1
1001001000	-2	13484	10456.222	3825.214	13.75	2.537	83.5	5.679	158.625	15.968	11261.333	158.625	0	0	0	9	9	13484	9842	11048	12042	12100	12283	10949	12360	-2	12	13	12	14	15	15	19	10	-2	81	96	80	83	85	80	87	76	-2	165	195	149	147	157	151	165	140	-1
1001001000	-2	13229	10267.889	3746.088	13.75	2.537	83.5	5.679	158.625	15.968	11261.333	158.625	0	0	0	9	9	13229	9842	10425	11743	11665	12177	11373	11959	-2	12	13	12	14	15	15	19	10	-2	81	96	80	83	85	80	87	76	-2	165	195	149	147	157	151	165	140	-1
1001001000	-2	13430	10286.667	3934.175	15.125	2.976	86.875	5.302	171.125	12.937	10628.889	171.125	0	0	0	9	9	13430	7956	11797	10937	11224	12498	11671	13069	-2	13	14	15	15	15	16	22	11	-2	85	98	83	86	90	83	90	80	-2	181	190	155	155	183	169	178	158	-1
1001001000	-2	14159	10009.111	3997.08	15.25	3.382	88.25	5.953	172.625	10.908	10297.778	172.625	0	0	0	9	9	14159	7695	12278	11298	10293	12270	9196	12895	-2	12	14	13	16	15	17	23	12	-2	84	99	83	86	90	87	96	81	-2	174	189	156	162	182	179	178	161	-1
1002002000	-2	12326	5569.444	5136.365	18.571	1.591	140.714	6.111	335.125	49.574	7971.111	335.125	0	0	0	9	9	7458	12326	8947	-2	10757	10644	-2	-1	-2	17	17	18	21	21	18	18	-2	-2	142	140	138	149	144	128	144	-2	-2	355	338	315	395	356	282	396	244	-1
1001001000	-2	14450	12282.444	4366.677	22	4.796	88.5	5.123	159.75	13.709	16062.889	159.75	0	0	0	9	9	13733	14450	14112	13273	14015	14315	12953	13693	-2	24	15	29	16	24	27	18	23	-2	85	82	96	88	94	91	91	81	-2	159	149	184	159	165	170	158	134	-1
1001001000	-2	13931	11731	4178.689	20.125	5.555	82.875	6.153	138.625	13.434	13406.111	138.625	0	0	0	9	9	13839	12836	13515	13417	12586	13931	13074	12383	-2	24	14	29	15	20	24	12	23	-2	80	76	94	80	86	86	87	74	-2	137	126	165	134	138	152	138	119	-1
1001001000	-2	13043	10664.333	3892.907	18.5	5.05	77.875	6.373	125	9.028	10942.333	125	0	0	0	9	9	13043	12898	12493	12746	10132	11489	12490	10690	-2	24	12	24	14	19	22	11	22	-2	77	73	91	70	81	80	80	71	-2	124	120	145	119	124	129	127	112	-1
1001001000	-2	13504	10805.778	3973.46	18.5	5.05	77.875	6.373	125	9.028	10942.333	125	0	0	0	9	9	13504	12898	13073	12978	10132	11489	12490	10690	-2	24	12	24	14	19	22	11	22	-2	77	73	91	70	81	80	80	71	-2	124	120	145	119	124	129	127	112	-1
1001001000	-2	15187	12556.333	4494.784	20.125	5.487	88.875	6.092	156.75	17.376	14904.333	156.75	0	0	0	9	9	13040	14047	14471	13108	14171	15069	15187	13916	-2	27	14	30	17	21	21	14	17	-2	90	92	101	85	83	92	88	80	-2	155	161	178	140	142	184	163	131	-1
1001001000	-2	15105	12485.556	4453.377	20.125	5.487	88.875	6.092	156.75	17.376	14904.333	156.75	0	0	0	9	9	13050	13937	14176	13359	14180	14681	15105	13884	-2	27	14	30	17	21	21	14	17	-2	90	92	101	85	83	92	88	80	-2	155	161	178	140	142	184	163	131	-1
1001001000	-2	14972	12535.444	4455.196	15	4.69	85.75	4.893	157.75	14.228	13977.111	157.75	0	0	0	9	9	13676	14075	13363	13893	13937	14972	14428	14477	-2	25	13	14	14	19	14	8	13	-2	93	88	89	85	81	88	86	76	-2	179	164	157	154	141	172	162	133	-1
1001001000	-2	13885	10810.333	3944.486	15	4.69	85.75	4.893	157.75	14.228	13977.111	157.75	0	0	0	9	9	10627	12142	12547	12128	13885	12151	10702	13113	-2	25	13	14	14	19	14	8	13	-2	93	88	89	85	81	88	86	76	-2	179	164	157	154	141	172	162	133	-1
1001001000	-2	11598	9272.111	3355.033	12.25	4.176	77.5	3.082	134.5	7.649	11125	134.5	0	0	0	9	9	10118	9676	11060	10473	11237	9985	9304	11598	-2	21	11	8	12	16	12	7	11	-2	80	79	78	76	78	79	80	70	-2	144	137	130	134	132	140	141	118	-1
1001001000	-2	11598	9272.111	3355.033	12.25	4.176	77.5	3.082	134.5	7.649	11125	134.5	0	0	0	9	9	10118	9676	11060	10473	11237	9985	9304	11598	-2	21	11	8	12	16	12	7	11	-2	80	79	78	76	78	79	80	70	-2	144	137	130	134	132	140	141	118	-1
1001001000	-2	10831	8230.556	3358.917	8.875	2.421	69.625	3.238	114.125	6.451	8493.778	114.125	0	0	0	9	9	10831	10653	8893	9840	8052	10753	9843	5212	-2	14	8	7	7	11	9	6	9	-2	71	70	71	69	74	71	69	62	-2	115	117	113	116	119	120	115	98	-1
1001001000	-2	11751	8493.667	3543.511	8.875	2.421	69.625	3.238	114.125	6.451	8493.778	114.125	0	0	0	9	9	11751	10653	8893	10225	8052	11342	10317	5212	-2	14	8	7	7	11	9	6	9	-2	71	70	71	69	74	71	69	62	-2	115	117	113	116	119	120	115	98	-1
1001001000	-2	11601	8741.889	3500.041	8.75	1.714	68	3.122	111.25	5.517	8763.778	111.25	0	0	0	9	9	11314	10891	8289	10203	10434	11601	9974	5973	-2	12	8	7	8	11	8	7	9	-2	67	69	68	69	73	68	69	61	-2	110	115	110	113	117	115	112	98	-1
1001001000	-2	11601	8741.889	3500.041	8.75	1.714	68	3.122	111.25	5.517	8763.778	111.25	0	0	0	9	9	11314	10891	8289	10203	10434	11601	9974	5973	-2	12	8	7	8	11	8	7	9	-2	67	69	68	69	73	68	69	61	-2	110	115	110	113	117	115	112	98	-1
1001001000	-2	11449	9022.222	3495.716	8.5	1.5	68.5	3.391	112.25	5.629	9022.556	112.25	0	0	0	9	9	10973	11270	8423	10786	11166	11449	10198	6937	-2	11	8	7	8	11	8	7	8	-2	68	70	68	70	74	68	69	61	-2	112	117	111	113	119	115	112	99	-1
1001001000	-2	11449	9022.222	3495.716	8.5	1.5	68.5	3.391	112.25	5.629	9022.556	112.25	0	0	0	9	9	10973	11270	8423	10786	11166	11449	10198	6937	-2	11	8	7	8	11	8	7	8	-2	68	70	68	70	74	68	69	61	-2	112	117	111	113	119	115	112	99	-1
1001001000	-2	11583	8935	3365.112	8.875	1.452	68.625	3.199	113.5	5.148	8950	113.5	0	0	0	9	9	10457	11256	8181	10392	10840	11583	9560	8148	-2	11	8	8	11	10	8	7	8	-2	67	70	68	70	74	68	70	62	-2	112	117	112	114	121	116	114	102	-1
1001001000	-2	11713	8949.444	3376.706	8.875	1.452	68.625	3.199	113.5	5.148	8950	113.5	0	0	0	9	9	10457	11256	8181	10392	10840	11713	9560	8148	-2	11	8	8	11	10	8	7	8	-2	67	70	68	70	74	68	70	62	-2	112	117	112	114	121	116	114	102	-1
1001001000	-2	11346	8857.333	3358.954	8.875	1.452	69	3.905	115.125	5.797	8944.889	115.125	0	0	0	9	9	11102	11342	7821	9303	10851	11346	9409	8544	-2	10	8	8	11	11	8	7	8	-2	67	71	69	70	75	67	72	61	-2	113	122	115	114	124	112	117	104	-1
1001001000	-2	12008	9525.889	3571.953	10	1.225	72.625	4.608	125.25	6.759	9722.778	125.25	0	0	0	9	9	11752	10596	9461	8169	11800	12008	11510	10439	-2	11	10	8	12	11	10	9	9	-2	70	77	73	71	78	72	77	63	-2	124	134	125	120	133	124	130	112	-1
1001001000	-2	12008	9525.889	3571.953	10	1.225	72.625	4.608	125.25	6.759	9722.778	125.25	0	0	0	9	9	11752	10596	9461	8169	11800	12008	11510	10439	-2	11	10	8	12	11	10	9	9	-2	70	77	73	71	78	72	77	63	-2	124	134	125	120	133	124	130	112	-1
1001001000	-2	11639	9504.222	3468.779	10.125	1.166	73	4.555	127	8.292	10024.667	127	0	0	0	9	9	11371	10283	9606	8988	11639	11573	11063	11017	-2	11	10	8	12	11	10	10	9	-2	71	78	71	72	78	72	78	64	-2	125	141	122	122	135	125	133	113	-1
1001001000	-2	13104	10426.667	3766.495	11.125	1.763	77	5.916	138.75	13.112	10578.333	138.75	0	0	0	9	9	13104	11087	10916	10797	12491	12468	11845	11134	-2	11	11	9	12	11	11	15	9	-2	73	88	75	75	82	76	80	67	-2	137	168	135	130	143	136	142	119	-1
1001001000	-2	12604	10772.667	3823.647	12.125	2.803	79.375	5.43	148.125	20.823	10899.444	148.125	0	0	0	9	9	12604	12349	11560	11631	11954	12380	12154	12324	-2	12	12	10	12	11	12	19	9	-2	75	90	80	76	83	78	82	71	-2	142	201	143	135	147	143	146	128	-1
1001001000	-2	12604	10772.667	3823.647	12.125	2.803	79.375	5.43	148.125	20.823	10899.444	148.125	0	0	0	9	9	12604	12349	11560	11631	11954	12380	12154	12324	-2	12	12	10	12	11	12	19	9	-2	75	90	80	76	83	78	82	71	-2	142	201	143	135	147	143	146	128	-1
1001001000	-2	12974	10611.222	3798.446	12.25	3.419	79.75	5.142	148.5	20.851	10860.889	148.5	0	0	0	9	9	11629	12156	11102	11051	11952	12974	12055	12584	-2	11	11	11	10	11	13	21	10	-2	75	91	78	77	83	78	82	74	-2	142	202	139	136	146	145	147	131	-1
1001001000	-2	12974	10611.222	3798.446	12.25	3.419	79.75	5.142	148.5	20.851	10860.889	148.5	0	0	0	9	9	11629	12156	11102	11051	11952	12974	12055	12584	-2	11	11	11	10	11	13	21	10	-2	75	91	78	77	83	78	82	74	-2	142	202	139	136	146	145	147	131	-1
1001001000	-2	12251	10311.889	3694.738	11.75	2.905	78.75	5.093	144.125	12.84	10756.222	144.125	0	0	0	9	9	12251	12220	10725	11454	11939	11921	10454	11845	-2	11	10	10	10	11	13	19	10	-2	74	89	76	76	83	77	82	73	-2	141	175	135	135	145	143	148	131	-1
1001001000	-2	13364	11480	4080.815	14.125	2.027	106.875	3.407	207.375	6.061	15295.333	207.375	0	0	0	9	9	12979	13364	12554	13285	13127	11918	12962	13133	-2	15	13	14	13	13	16	11	18	-2	101	106	109	106	103	108	110	112	-2	203	202	207	215	212	200	217	203	-1
1001001000	-2	11997	9071.889	3562.532	14.875	4.428	72.125	5.418	113.25	6.098	9072	113.25	0	0	0	9	9	11953	9956	11139	10200	8913	11997	10803	6688	-2	22	11	17	12	16	20	8	13	-2	72	67	84	66	74	71	75	68	-2	115	106	126	109	114	114	116	106	-1
1001001000	-2	12985	10853.667	3891.304	17.25	5.019	78.625	4.973	127.875	9.266	11222.778	127.875	0	0	0	9	9	12375	12098	12542	11964	12965	12063	12985	10693	-2	25	12	24	16	19	18	10	14	-2	78	79	90	77	77	77	80	71	-2	125	126	148	122	131	128	130	113	-1
1001001000	-2	14248	11795.111	4222.404	16.5	4.031	87.625	4.608	162.25	13.311	14885.667	162.25	0	0	0	9	9	12954	11817	13199	13178	14040	13584	13138	14248	-2	25	13	19	16	19	14	12	14	-2	91	93	95	85	83	87	86	81	-2	179	161	177	148	146	177	163	147	-1
1001001000	-2	14248	11795.111	4222.404	16.5	4.031	87.625	4.608	162.25	13.311	14885.667	162.25	0	0	0	9	9	12954	11817	13199	13178	14040	13584	13138	14248	-2	25	13	19	16	19	14	12	14	-2	91	93	95	85	83	87	86	81	-2	179	161	177	148	146	177	163	147	-1
1001001000	-2	13484	11094.667	3981.894	12.75	3.865	82.25	4.465	147.625	10.185	12462.111	147.625	0	0	0	9	9	12923	11215	12548	12327	13484	11822	12159	13376	-2	21	11	9	13	16	12	8	12	-2	91	82	85	83	80	81	82	74	-2	171	149	147	147	140	145	149	133	-1
1001001000	-2	13484	11094.667	3981.894	12.75	3.865	82.25	4.465	147.625	10.185	12462.111	147.625	0	0	0	9	9	12923	11215	12548	12327	13484	11822	12159	13376	-2	21	11	9	13	16	12	8	12	-2	91	82	85	83	80	81	82	74	-2	171	149	147	147	140	145	149	133	-1
1001001000	-2	11030	8461.889	3515.364	8.25	2.046	67.375	2.69	110.125	5.302	8462	110.125	0	0	0	9	9	10997	10087	9699	11030	9137	10310	10319	4580	-2	13	7	7	7	9	8	6	9	-2	68	68	71	68	69	67	67	61	-2	110	114	111	112	113	115	109	97	-1
1001001000	-2	11030	8461.889	3515.364	8.25	2.046	67.375	2.69	110.125	5.302	8462	110.125	0	0	0	9	9	10997	10087	9699	11030	9137	10310	10319	4580	-2	13	7	7	7	9	8	6	9	-2	68	68	71	68	69	67	67	61	-2	110	114	111	112	113	115	109	97	-1
1001001000	-2	10391	7289.667	3267.28	8	1.5	65	2.449	105.5	4.664	7290	105.5	0	0	0	9	9	8678	9161	7054	8992	9699	8534	10391	3100	-2	11	7	7	8	9	7	6	9	-2	65	67	67	67	66	62	66	60	-2	105	111	106	107	108	106	107	94	-1
1001001000	-2	10391	7289.667	3267.28	8	1.5	65	2.449	105.5	4.664	7290	105.5	0	0	0	9	9	8678	9161	7054	8992	9699	8534	10391	3100	-2	11	7	7	8	9	7	6	9	-2	65	67	67	67	66	62	66	60	-2	105	111	106	107	108	106	107	94	-1
1001001000	-2	10401	7362	3197.888	7.875	1.364	65.25	2.385	105.75	4.493	7362.333	105.75	0	0	0	9	9	7946	9770	7499	8711	10401	8115	10041	3777	-2	10	7	7	8	10	7	6	8	-2	66	67	66	66	68	63	66	60	-2	104	111	107	106	109	107	107	95	-1
1001001000	-2	10401	7362	3197.888	7.875	1.364	65.25	2.385	105.75	4.493	7362.333	105.75	0	0	0	9	9	7946	9770	7499	8711	10401	8115	10041	3777	-2	10	7	7	8	10	7	6	8	-2	66	67	66	66	68	63	66	60	-2	104	111	107	106	109	107	107	95	-1
1001001000	-2	10486	7814.778	3187.044	8	1.225	65.75	2.107	107	4.123	7815.111	107	0	0	0	9	9	7890	10156	8027	9688	10486	8522	10394	5172	-2	10	7	7	7	10	8	7	8	-2	66	68	67	67	67	64	66	61	-2	104	113	109	107	109	108	108	98	-1
1001001000	-2	10486	7814.778	3187.044	8	1.225	65.75	2.107	107	4.123	7815.111	107	0	0	0	9	9	7890	10156	8027	9688	10486	8522	10394	5172	-2	10	7	7	7	10	8	7	8	-2	66	68	67	67	67	64	66	61	-2	104	113	109	107	109	108	108	98	-1
1001001000	-2	10557	8230.111	3133.588	8.125	1.166	66.125	2.421	109.375	4.091	8230.333	109.375	0	0	0	9	9	8368	10233	8076	9442	10557	10480	9959	6958	-2	10	7	7	8	10	8	7	8	-2	66	67	66	66	70	65	68	61	-2	107	114	109	107	114	112	111	101	-1
1001001000	-2	10557	8230.111	3133.588	8.125	1.166	66.125	2.421	109.375	4.091	8230.333	109.375	0	0	0	9	9	8368	10233	8076	9442	10557	10480	9959	6958	-2	10	7	7	8	10	8	7	8	-2	66	67	66	66	70	65	68	61	-2	107	114	109	107	114	112	111	101	-1
1001001000	-2	11413	8798	3324.008	8.375	0.992	67.875	3.37	114.125	5.302	8798.222	114.125	0	0	0	9	9	10384	10508	7829	10193	10997	11413	9922	7938	-2	10	8	8	7	10	8	8	8	-2	67	72	67	68	72	66	70	61	-2	112	123	113	111	119	115	116	104	-1
1001001000	-2	11413	8798	3324.008	8.375	0.992	67.875	3.37	114.125	5.302	8798.222	114.125	0	0	0	9	9	10384	10508	7829	10193	10997	11413	9922	7938	-2	10	8	8	7	10	8	8	8	-2	67	72	67	68	72	66	70	61	-2	112	123	113	111	119	115	116	104	-1
1001001000	-2	11003	8963.667	3298.338	8.5	0.866	70.125	3.444	119.125	5.988	8979.778	119.125	0	0	0	9	9	10626	10815	8299	9031	11003	10790	10767	9344	-2	10	8	8	8	10	8	8	8	-2	68	74	69	70	74	70	73	63	-2	116	128	117	115	125	121	123	108	-1
1001001000	-2	11146	8979.556	3308.453	8.5	0.866	70.125	3.444	119.125	5.988	8979.778	119.125	0	0	0	9	9	10626	10815	8299	9031	11146	10790	10767	9344	-2	10	8	8	8	10	8	8	8	-2	68	74	69	70	74	70	73	63	-2	116	128	117	115	125	121	123	108	-1
1001001000	-2	11219	9177	3402.435	9.375	0.857	73.625	4.442	128.875	6.99	9281.889	128.875	0	0	0	9	9	10267	10960	7835	9557	11144	10437	11219	11176	-2	10	9	9	8	11	9	10	9	-2	70	79	73	73	79	73	77	65	-2	125	140	127	125	136	129	133	116	-1
1001001000	-2	11219	9177	3402.435	9.375	0.857	73.625	4.442	128.875	6.99	9281.889	128.875	0	0	0	9	9	10267	10960	7835	9557	11144	10437	11219	11176	-2	10	9	9	8	11	9	10	9	-2	70	79	73	73	79	73	77	65	-2	125	140	127	125	136	129	133	116	-1
1001001000	-2	12109	9949.778	3621.128	10.25	2.046	76.5	4.899	136.75	9.243	10055.444	136.75	0	0	0	9	9	11955	12109	9485	11011	11254	10034	11930	11772	-2	11	10	9	8	11	9	15	9	-2	73	84	76	74	82	75	80	68	-2	136	155	134	129	143	134	141	122	-1
1001001000	-2	12109	9949.778	3621.128	10.25	2.046	76.5	4.899	136.75	9.243	10055.444	136.75	0	0	0	9	9	11955	12109	9485	11011	11254	10034	11930	11772	-2	11	10	9	8	11	9	15	9	-2	73	84	76	74	82	75	80	68	-2	136	155	134	129	143	134	141	122	-1
1001001000	-2	11970	9591	3488.983	10.25	1.714	74.625	4.414	132.875	8.177	9816.889	132.875	0	0	0	9	9	10637	11970	8780	10485	11264	10924	11179	11082	-2	11	10	9	8	11	10	14	9	-2	73	81	72	74	78	74	79	66	-2	134	148	127	127	138	133	137	119	-1
1001001000	-2	11970	9591	3488.983	10.25	1.714	74.625	4.414	132.875	8.177	9816.889	132.875	0	0	0	9	9	10637	11970	8780	10485	11264	10924	11179	11082	-2	11	10	9	8	11	10	14	9	-2	73	81	72	74	78	74	79	66	-2	134	148	127	127	138	133	137	119	-1
1001001000	-2	10836	7480.778	3077.988	11.375	3.498	67.875	5.085	108.375	6.343	7481.222	108.375	0	0	0	9	9	6403	9407	10221	8367	6298	10836	9144	6653	-2	16	9	13	10	9	17	6	11	-2	70	59	76	64	65	73	70	66	-2	108	100	118	104	105	118	111	103	-1
1001001000	-2	12337	9762.889	3697.742	14.375	3.426	74.875	5.134	121.375	7.921	9865	121.375	0	0	0	9	9	11949	8935	12337	11687	12051	8660	12061	10188	-2	21	12	17	14	16	14	9	12	-2	75	72	87	75	72	72	77	69	-2	121	116	141	119	121	118	122	113	-1
1001001000	-2	13689	11745.444	4169.875	14.375	3.199	82.875	4.807	150.375	11.532	14348.778	150.375	0	0	0	9	9	13427	12767	13026	13689	13552	12567	13630	13053	-2	21	12	16	15	16	13	10	12	-2	85	83	94	83	78	80	82	78	-2	158	144	177	149	142	143	151	139	-1
1001001000	-2	15313	12618.444	4485.08	14.375	3.199	82.875	4.807	150.375	11.532	14348.778	150.375	0	0	0	9	9	15313	13887	14405	14139	14036	13573	14247	13968	-2	21	12	16	15	16	13	10	12	-2	85	83	94	83	78	80	82	78	-2	158	144	177	149	142	143	151	139	-1
1001001000	-2	13314	11093.778	3950.281	10.625	2.446	76.375	3.314	133.5	4.664	11772.556	133.5	0	0	0	9	9	13314	11781	12673	12351	12689	12735	12584	11719	-2	16	10	9	12	11	10	7	10	-2	77	77	80	81	78	75	72	71	-2	136	135	136	140	134	133	131	123	-1
1001001000	-2	13314	11093.778	3950.281	10.625	2.446	76.375	3.314	133.5	4.664	11772.556	133.5	0	0	0	9	9	13314	11781	12673	12351	12689	12735	12584	11719	-2	16	10	9	12	11	10	7	10	-2	77	77	80	81	78	75	72	71	-2	136	135	136	140	134	133	131	123	-1
1001001000	-2	9024	5622.444	3084.728	7.625	1.654	62.125	3.789	101.125	6.313	5622.667	101.125	0	0	0	9	9	5999	8795	7017	9024	6510	8277	3682	1300	-2	11	7	7	7	8	7	5	9	-2	64	66	67	65	56	62	59	58	-2	101	110	106	106	98	104	94	90	-1
1001001000	-2	9024	5622.444	3084.728	7.625	1.654	62.125	3.789	101.125	6.313	5622.667	101.125	0	0	0	9	9	5999	8795	7017	9024	6510	8277	3682	1300	-2	11	7	7	7	8	7	5	9	-2	64	66	67	65	56	62	59	58	-2	101	110	106	106	98	104	94	90	-1
1001001000	-2	8002	4954	2556.389	7.75	1.199	61.5	2.179	98.375	6.224	4954.111	98.375	0	0	0	9	9	5975	8002	4883	5979	6740	6754	5337	918	-2	10	7	7	8	8	7	6	9	-2	64	63	64	63	58	61	60	59	-2	101	104	102	100	99	102	96	83	-1
1001001000	-2	8002	4954	2556.389	7.75	1.199	61.5	2.179	98.375	6.224	4954.111	98.375	0	0	0	9	9	5975	8002	4883	5979	6740	6754	5337	918	-2	10	7	7	8	8	7	6	9	-2	64	63	64	63	58	61	60	59	-2	101	104	102	100	99	102	96	83	-1
1001001000	-2	7830	5187	2510.399	7.375	1.111	61.25	1.984	98.375	5.957	5187.222	98.375	0	0	0	9	9	5748	7830	6069	6052	7011	6284	6379	1312	-2	9	6	7	7	9	7	6	8	-2	61	62	65	62	59	62	61	58	-2	98	103	104	100	100	102	96	84	-1
1001001000	-2	7830	5187	2510.399	7.375	1.111	61.25	1.984	98.375	5.957	5187.222	98.375	0	0	0	9	9	5748	7830	6069	6052	7011	6284	6379	1312	-2	9	6	7	7	9	7	6	8	-2	61	62	65	62	59	62	61	58	-2	98	103	104	100	100	102	96	84	-1
1001001000	-2	7807	5640.333	2551.075	7.375	1.111	61.75	1.561	99.125	6.193	5640.556	99.125	0	0	0	9	9	6787	7671	6825	6284	7807	5802	7376	2213	-2	9	6	7	7	9	7	6	8	-2	62	64	64	61	61	62	61	59	-2	100	105	103	99	102	103	97	84	-1
1001001000	-2	7807	5640.333	2551.075	7.375	1.111	61.75	1.561	99.125	6.193	5640.556	99.125	0	0	0	9	9	6787	7671	6825	6284	7807	5802	7376	2213	-2	9	6	7	7	9	7	6	8	-2	62	64	64	61	61	62	61	59	-2	100	105	103	99	102	103	97	84	-1
1001001000	-2	9139	6819.333	2756.921	7.5	1	63	1.414	103.625	3.039	6819.444	103.625	0	0	0	9	9	8353	8200	8113	8055	9139	6102	8768	4646	-2	9	6	7	7	9	7	7	8	-2	63	64	65	63	63	62	64	60	-2	102	106	107	102	106	105	104	97	-1
1001001000	-2	9139	6819.333	2756.921	7.5	1	63	1.414	103.625	3.039	6819.444	103.625	0	0	0	9	9	8353	8200	8113	8055	9139	6102	8768	4646	-2	9	6	7	7	9	7	7	8	-2	63	64	65	63	63	62	64	60	-2	102	106	107	102	106	105	104	97	-1
1001001000	-2	10223	7931.556	2937.393	7.875	1.053	65.625	1.996	109.875	3.822	7963.889	109.875	0	0	0	9	9	9123	9723	8849	8980	10223	7665	9498	7325	-2	10	7	8	7	9	7	7	8	-2	66	69	65	65	67	64	67	62	-2	109	117	110	107	113	110	110	103	-1
1001001000	-2	10223	7931.556	2937.393	7.875	1.053	65.625	1.996	109.875	3.822	7963.889	109.875	0	0	0	9	9	9123	9723	8849	8980	10223	7665	9498	7325	-2	10	7	8	7	9	7	7	8	-2	66	69	65	65	67	64	67	62	-2	109	117	110	107	113	110	110	103	-1
1001001000	-2	10511	8478.556	3110.098	8.125	0.927	67.5	1.658	114.125	3.295	8478.889	114.125	0	0	0	9	9	9167	10189	7512	9743	10115	9816	10511	9256	-2	10	7	8	7	9	8	8	8	-2	68	70	67	67	68	67	69	64	-2	114	120	114	111	115	116	115	108	-1
1001001000	-2	10511	8478.556	3110.098	8.125	0.927	67.5	1.658	114.125	3.295	8478.889	114.125	0	0	0	9	9	9167	10189	7512	9743	10115	9816	10511	9256	-2	10	7	8	7	9	8	8	8	-2	68	70	67	67	68	67	69	64	-2	114	120	114	111	115	116	115	108	-1
1001001000	-2	10887	8476.556	3158.861	8.875	0.781	71.125	2.571	122.875	4.567	8476.778	122.875	0	0	0	9	9	8310	9885	8018	8526	10123	9665	10877	10887	-2	10	8	8	8	10	9	9	9	-2	70	74	69	71	74	72	73	66	-2	122	129	119	119	127	126	126	115	-1
1001001000	-2	11051	8500.667	3207.641	9.125	1.053	71.875	3.18	125	5.196	8587.778	125	0	0	0	9	9	7641	11051	8142	8627	10278	9949	10840	9980	-2	11	8	8	8	10	9	10	9	-2	71	77	69	72	73	72	75	66	-2	126	133	120	121	128	127	129	116	-1
1001001000	-2	11051	8500.667	3207.641	9.125	1.053	71.875	3.18	125	5.196	8587.778	125	0	0	0	9	9	7641	11051	8142	8627	10278	9949	10840	9980	-2	11	8	8	8	10	9	10	9	-2	71	77	69	72	73	72	75	66	-2	126	133	120	121	128	127	129	116	-1
1001001000	-2	10511	8077.778	3028.955	9.125	0.781	70	2.784	119.875	4.484	8144.111	119.875	0	0	0	9	9	7873	9900	7231	8598	9733	9990	10511	8866	-2	10	9	8	8	10	9	10	9	-2	70	74	68	70	69	70	74	65	-2	121	127	116	116	119	122	125	113	-1
1001001000	-2	13126	10401.111	3766.969	9.375	2.546	68	4.583	112.875	6.193	10462.444	112.875	0	0	0	9	9	11137	11980	12869	11275	10596	13126	10832	11797	-2	12	8	10	9	8	14	5	9	-2	71	60	76	64	66	71	69	67	-2	114	104	124	107	110	120	114	110	-1
1001001000	-2	11980	9893.333	3536.895	9.375	2.546	68	4.583	112.875	6.193	10462.444	112.875	0	0	0	9	9	10339	11980	11422	11275	10596	11728	10554	11148	-2	12	8	10	9	8	14	5	9	-2	71	60	76	64	66	71	69	67	-2	114	104	124	107	110	120	114	110	-1
1001001000	-2	10810	7811.889	3006.549	12.625	3.08	69.125	5.533	110.5	6.538	7812.333	110.5	0	0	0	9	9	7072	9922	10067	8055	10810	7622	8871	7890	-2	18	10	17	12	12	13	9	10	-2	69	65	82	66	65	70	72	64	-2	108	104	124	105	114	113	113	103	-1
1001001000	-2	12285	8333.778	3214.028	12.5	2.646	70.75	4.789	114.375	6.613	8334	114.375	0	0	0	9	9	8274	9349	12285	8776	10729	8816	8966	7811	-2	18	10	15	13	12	12	10	10	-2	73	67	82	71	67	70	70	66	-2	117	108	130	111	115	114	112	108	-1
1001001000	-2	14737	12462.444	4446.563	12.75	2.222	80.75	4.918	145.875	10.529	14317.333	145.875	0	0	0	9	9	14657	13678	14737	13717	14558	12904	14453	13460	-2	17	11	15	14	12	12	10	11	-2	82	78	92	81	75	80	82	76	-2	146	136	171	142	142	146	149	135	-1
1001001000	-2	13518	11108.111	4083.072	9.75	2.107	73.5	3.606	125.375	5.611	11484.556	125.375	0	0	0	9	9	13412	11970	12925	13518	13049	12831	12670	9600	-2	14	8	9	12	9	9	7	10	-2	75	75	79	78	69	71	72	69	-2	127	129	131	132	120	124	126	114	-1
1001001000	-2	13381	10666.222	3938.008	9.75	2.107	73.5	3.606	125.375	5.611	11484.556	125.375	0	0	0	9	9	13381	10927	12703	11425	13250	12163	12549	9600	-2	14	8	9	12	9	9	7	10	-2	75	75	79	78	69	71	72	69	-2	127	129	131	132	120	124	126	114	-1
1001001000	-2	6564	3331.778	2318.066	7.125	1.536	58.5	4.213	90.75	10.461	3331.889	90.75	0	0	0	9	9	1361	6564	5047	4251	4409	5846	2484	26	-2	10	6	6	7	7	7	5	9	-2	58	59	65	62	55	62	51	56	-2	81	99	102	98	92	99	85	70	-1
1001001000	-2	6564	3331.778	2318.066	7.125	1.536	58.5	4.213	90.75	10.461	3331.889	90.75	0	0	0	9	9	1361	6564	5047	4251	4409	5846	2484	26	-2	10	6	6	7	7	7	5	9	-2	58	59	65	62	55	62	51	56	-2	81	99	102	98	92	99	85	70	-1
1001001000	-2	6735	3312.778	2248.471	7.375	1.317	59.5	3.24	93	8.231	3313	93	0	0	0	9	9	4640	6735	5323	2971	4645	4216	787	500	-2	9	6	7	8	8	7	5	9	-2	60	61	65	61	57	60	53	59	-2	95	100	103	96	94	96	76	84	-1
1001001000	-2	6735	3312.778	2248.471	7.375	1.317	59.5	3.24	93	8.231	3313	93	0	0	0	9	9	4640	6735	5323	2971	4645	4216	787	500	-2	9	6	7	8	8	7	5	9	-2	60	61	65	61	57	60	53	59	-2	95	100	103	96	94	96	76	84	-1
1001001000	-2	6460	4586.222	2089.887	7.25	0.968	60.875	1.965	98.125	3.822	4586.333	98.125	0	0	0	9	9	5231	6460	6378	5373	5327	6146	4518	1845	-2	9	6	7	7	8	7	6	8	-2	59	61	64	62	58	63	61	59	-2	94	101	103	99	97	103	96	92	-1
1001001000	-2	6460	4586.222	2089.887	7.25	0.968	60.875	1.965	98.125	3.822	4586.333	98.125	0	0	0	9	9	5231	6460	6378	5373	5327	6146	4518	1845	-2	9	6	7	7	8	7	6	8	-2	59	61	64	62	58	63	61	59	-2	94	101	103	99	97	103	96	92	-1
1001001000	-2	7260	5019.111	2235.72	7.125	1.053	60.125	1.269	98.125	3.219	5019.333	98.125	0	0	0	9	9	5483	6756	7260	6348	6546	4582	5764	2435	-2	9	6	7	7	8	6	6	8	-2	61	61	62	61	59	59	60	58	-2	97	101	103	99	99	99	95	92	-1
1001001000	-2	7260	5019.111	2235.72	7.125	1.053	60.125	1.269	98.125	3.219	5019.333	98.125	0	0	0	9	9	5483	6756	7260	6348	6546	4582	5764	2435	-2	9	6	7	7	8	6	6	8	-2	61	61	62	61	59	59	60	58	-2	97	101	103	99	99	99	95	92	-1
1001001000	-2	8401	6166.333	2517.459	7.375	0.857	61.25	0.661	100.75	2.437	6166.778	100.75	0	0	0	9	9	6844	6844	8158	7677	7799	5557	8401	4219	-2	9	6	7	7	8	7	7	8	-2	61	60	62	62	62	61	61	61	-2	99	102	104	101	103	102	99	96	-1
1001001000	-2	8401	6166.333	2517.459	7.375	0.857	61.25	0.661	100.75	2.437	6166.778	100.75	0	0	0	9	9	6844	6844	8158	7677	7799	5557	8401	4219	-2	9	6	7	7	8	7	7	8	-2	61	60	62	62	62	61	61	61	-2	99	102	104	101	103	102	99	96	-1
1001001000	-2	9549	7370.444	2750.111	7.625	0.857	63.625	0.857	106.875	2.204	7371	106.875	0	0	0	9	9	7954	7685	8317	9264	9549	6645	9217	7705	-2	9	6	8	8	8	7	7	8	-2	64	64	65	63	64	63	64	62	-2	106	110	109	105	109	107	106	103	-1
1001001000	-2	9549	7370.778	2750.335	7.625	0.857	63.625	0.857	106.875	2.204	7371	106.875	0	0	0	9	9	7954	7685	8317	9264	9549	6645	9220	7705	-2	9	6	8	8	8	7	7	8	-2	64	64	65	63	64	63	64	62	-2	106	110	109	105	109	107	106	103	-1
1001001000	-2	9564	7356.667	2741.387	8.25	0.829	67.125	1.536	113.875	2.666	7356.778	113.875	0	0	0	9	9	7998	7931	6790	9260	9564	7367	9189	8113	-2	10	7	8	8	9	8	8	8	-2	69	69	67	66	67	67	68	64	-2	115	118	114	111	115	116	113	109	-1
1001001000	-2	9564	7356.667	2741.387	8.25	0.829	67.125	1.536	113.875	2.666	7356.778	113.875	0	0	0	9	9	7998	7931	6790	9260	9564	7367	9189	8113	-2	10	7	8	8	9	8	8	8	-2	69	69	67	66	67	67	68	64	-2	115	118	114	111	115	116	113	109	-1
1001001000	-2	10572	7289.556	2885.785	8.25	0.829	68.375	1.867	116.75	2.99	7289.778	116.75	0	0	0	9	9	6306	7640	6687	9304	9222	7260	10572	8617	-2	10	7	8	8	9	8	8	8	-2	70	71	67	67	68	69	70	65	-2	118	121	115	113	117	120	118	112	-1
1001001000	-2	10572	7289.556	2885.785	8.25	0.829	68.375	1.867	116.75	2.99	7289.778	116.75	0	0	0	9	9	6306	7640	6687	9304	9222	7260	10572	8617	-2	10	7	8	8	9	8	8	8	-2	70	71	67	67	68	69	70	65	-2	118	121	115	113	117	120	118	112	-1
1001001000	-2	10631	7170.333	2910.655	8.375	0.696	68.625	2.497	118.25	3.231	7225.444	118.25	0	0	0	9	9	6715	7451	5413	9035	9290	7768	10631	8232	-2	10	8	8	8	9	8	8	8	-2	71	73	67	69	68	68	69	64	-2	121	123	116	116	119	120	119	112	-1
1001001000	-2	10631	7170.333	2910.655	8.375	0.696	68.625	2.497	118.25	3.231	7225.444	118.25	0	0	0	9	9	6715	7451	5413	9035	9290	7768	10631	8232	-2	10	8	8	8	9	8	8	8	-2	71	73	67	69	68	68	69	64	-2	121	123	116	116	119	120	119	112	-1
1001001000	-2	13368	11177.222	4030.466	9.875	1.269	92.25	3.345	160.875	4.166	12034.889	160.875	0	0	0	9	9	13193	12559	11518	12745	13133	13368	10908	13173	-2	11	9	11	9	9	12	8	10	-2	95	89	96	91	87	90	93	97	-2	162	159	163	156	155	159	165	168	-1
1001001000	-2	9591	6436.111	2660.864	7	1.581	59.375	3.533	97.25	4.176	6437	97.25	0	0	0	9	9	8066	6029	8159	7240	4353	9591	7588	6901	-2	8	7	8	7	6	10	5	5	-2	61	56	67	58	56	62	58	57	-2	99	93	106	95	94	101	96	94	-1
1001001000	-2	14193	11151.333	4250.158	10.25	1.92	74.5	6.727	130.125	7.339	12070	130.125	0	0	0	9	9	14193	12122	13459	12613	13162	12541	13834	8440	-2	13	9	12	13	9	9	8	9	-2	79	76	85	78	62	71	77	68	-2	135	132	141	129	120	130	136	118	-1
1001001000	-2	14193	11151.333	4250.158	10.25	1.92	74.5	6.727	130.125	7.339	12070	130.125	0	0	0	9	9	14193	12122	13459	12613	13162	12541	13834	8440	-2	13	9	12	13	9	9	8	9	-2	79	76	85	78	62	71	77	68	-2	135	132	141	129	120	130	136	118	-1
1001001000	-2	12607	8959.111	3781.586	9	1.658	70.75	4.352	114.875	6.373	9082.333	114.875	0	0	0	9	9	7283	11670	11954	12607	10682	10993	9426	6019	-2	12	8	8	11	8	8	7	10	-2	72	71	77	76	62	70	69	69	-2	112	119	123	124	107	116	112	106	-1
1001001000	-2	12607	8959.111	3781.586	9	1.658	70.75	4.352	114.875	6.373	9082.333	114.875	0	0	0	9	9	7283	11670	11954	12607	10682	10993	9426	6019	-2	12	8	8	11	8	8	7	10	-2	72	71	77	76	62	70	69	69	-2	112	119	123	124	107	116	112	106	-1
1001001000	-2	4953	2482.444	1665.744	6.875	1.452	58.25	3.382	89	9.042	2482.556	89	0	0	0	9	9	3520	4953	4614	2526	1504	2701	2507	19	-2	10	6	6	7	6	7	5	8	-2	58	57	63	62	54	61	53	58	-2	92	94	100	97	78	93	86	72	-1
1001001000	-2	4953	2482.444	1665.744	6.875	1.452	58.25	3.382	89	9.042	2482.556	89	0	0	0	9	9	3520	4953	4614	2526	1504	2701	2507	19	-2	10	6	6	7	6	7	5	8	-2	58	57	63	62	54	61	53	58	-2	92	94	100	97	78	93	86	72	-1
1001001000	-2	5045	2411.333	1678.186	6.75	1.199	58.5	2.291	89.625	6.382	2411.444	89.625	0	0	0	9	9	4368	4022	5045	1183	1395	2567	2600	524	-2	9	5	7	7	6	6	6	8	-2	59	58	63	60	55	59	56	58	-2	94	95	100	88	78	89	89	84	-1
1001001000	-2	5045	2411.333	1678.186	6.75	1.199	58.5	2.291	89.625	6.382	2411.444	89.625	0	0	0	9	9	4368	4022	5045	1183	1395	2567	2600	524	-2	9	5	7	7	6	6	6	8	-2	59	58	63	60	55	59	56	58	-2	94	95	100	88	78	89	89	84	-1
1001001000	-2	5992	3665.556	1554.484	6.75	1.199	58.5	1.323	94.5	2.828	3752	94.5	0	0	0	9	9	4693	4404	5992	3768	4371	3322	3583	2859	-2	9	5	7	7	6	6	6	8	-2	59	58	61	59	56	59	58	58	-2	94	96	101	94	92	95	92	92	-1
1001001000	-2	7193	4468.111	1932.405	6.625	0.696	58.375	1.409	95.5	2.784	4468.222	95.5	0	0	0	9	9	5655	5255	7193	4623	5714	3411	4993	3371	-2	8	6	7	7	6	6	6	7	-2	58	58	61	60	56	58	58	58	-2	94	97	102	95	94	96	93	93	-1
1001001000	-2	7193	4468.111	1932.405	6.625	0.696	58.375	1.409	95.5	2.784	4468.222	95.5	0	0	0	9	9	5655	5255	7193	4623	5714	3411	4993	3371	-2	8	6	7	7	6	6	6	7	-2	58	58	61	60	56	58	58	58	-2	94	97	102	95	94	96	93	93	-1
1001001000	-2	7831	5566.222	2218.645	7.125	0.927	60	1	98.875	2.891	5567	98.875	0	0	0	9	9	5431	6001	7744	5242	7191	5753	7831	4905	-2	9	6	7	7	7	7	6	8	-2	60	60	62	60	59	61	59	59	-2	98	101	104	97	99	101	97	94	-1
1001001000	-2	7831	5566.222	2218.645	7.125	0.927	60	1	98.875	2.891	5567	98.875	0	0	0	9	9	5431	6001	7744	5242	7191	5753	7831	4905	-2	9	6	7	7	7	7	6	8	-2	60	60	62	60	59	61	59	59	-2	98	101	104	97	99	101	97	94	-1
1001001000	-2	9676	7010.222	2692.122	7.25	0.829	62.875	1.166	105.125	2.088	7010.667	105.125	0	0	0	9	9	7324	6068	6969	9676	8095	7573	9325	8064	-2	9	6	7	7	7	7	7	8	-2	64	61	65	63	62	63	63	62	-2	106	105	109	104	105	106	105	101	-1
1001001000	-2	9676	7010	2691.931	7.25	0.829	62.875	1.166	105.125	2.088	7010.667	105.125	0	0	0	9	9	7324	6068	6969	9676	8095	7573	9323	8064	-2	9	6	7	7	7	7	7	8	-2	64	61	65	63	62	63	63	62	-2	106	105	109	104	105	106	105	101	-1
1001001000	-2	9156	6835.667	2682.255	7.75	1.09	64.875	1.364	110.75	2.165	6836	110.75	0	0	0	9	9	7599	5514	6884	9156	9119	6704	8950	7597	-2	10	6	8	8	8	7	7	8	-2	68	64	65	65	65	64	65	63	-2	114	111	112	109	113	111	109	107	-1
1001001000	-2	9156	6835.667	2682.255	7.75	1.09	64.875	1.364	110.75	2.165	6836	110.75	0	0	0	9	9	7599	5514	6884	9156	9119	6704	8950	7597	-2	10	6	8	8	8	7	7	8	-2	68	64	65	65	65	64	65	63	-2	114	111	112	109	113	111	109	107	-1
1001001000	-2	8824	6636.222	2552.822	7.625	0.857	65.375	1.111	111.125	2.147	6636.444	111.125	0	0	0	9	9	8198	6106	5713	8606	8824	7113	7986	7182	-2	9	6	8	8	8	7	7	8	-2	67	66	66	65	65	66	65	63	-2	113	113	111	109	113	113	110	107	-1
1001001000	-2	8824	6636.222	2552.822	7.625	0.857	65.375	1.111	111.125	2.147	6636.444	111.125	0	0	0	9	9	8198	6106	5713	8606	8824	7113	7986	7182	-2	9	6	8	8	8	7	7	8	-2	67	66	66	65	65	66	65	63	-2	113	113	111	109	113	113	110	107	-1
1001001000	-2	9326	6699.222	2576.476	7.625	0.857	64.125	1.053	109.25	1.714	6699.333	109.25	0	0	0	9	9	7641	5988	6861	8293	8690	6821	9326	6675	-2	9	6	7	8	8	8	7	8	-2	65	64	64	65	65	65	63	62	-2	109	111	108	108	111	112	108	107	-1
1001001000	-2	11356	8626.667	3320.528	6.125	0.781	57.25	5.093	99.5	4.69	8902.111	99.5	0	0	0	9	9	11356	9666	9591	10447	6528	11043	9175	9836	-2	7	6	7	6	6	7	5	5	-2	58	57	70	57	53	54	55	54	-2	102	99	110	101	94	96	98	96	-1
1001001000	-2	11356	8626.667	3320.528	6.125	0.781	57.25	5.093	99.5	4.69	8902.111	99.5	0	0	0	9	9	11356	9666	9591	10447	6528	11043	9175	9836	-2	7	6	7	6	6	7	5	5	-2	58	57	70	57	53	54	55	54	-2	102	99	110	101	94	96	98	96	-1
1001001000	-2	9558	6364.556	2731.981	6.875	1.166	58.25	2.773	97.75	4.176	6364.778	97.75	0	0	0	9	9	7590	6630	4707	7408	6494	9530	9558	5366	-2	9	6	8	8	6	6	6	6	-2	62	57	61	61	53	58	57	57	-2	103	96	101	101	90	98	100	93	-1
1001001000	-2	7240	5244.556	2100.441	7.125	1.053	63	3.937	100.375	4.608	5244.889	100.375	0	0	0	9	9	5404	6612	7086	6272	5605	7240	3947	5037	-2	9	6	7	8	6	7	6	8	-2	62	58	67	67	56	67	63	64	-2	99	96	107	105	94	106	98	98	-1
1001001000	-2	5750	3522.556	1910.102	6.75	1.199	58.125	3.219	92.625	5.219	3522.667	92.625	0	0	0	9	9	5750	5599	5196	3549	2074	4831	3300	1406	-2	9	5	7	7	6	6	6	8	-2	57	56	64	62	54	58	55	59	-2	92	93	102	97	83	94	89	91	-1
1001001000	-2	5526	3408.778	1820.444	6.75	1.199	58.125	3.219	92.625	5.219	3522.667	92.625	0	0	0	9	9	5526	5337	4984	3408	2067	4683	3285	1391	-2	9	5	7	7	6	6	6	8	-2	57	56	64	62	54	58	55	59	-2	92	93	102	97	83	94	89	91	-1
1001001000	-2	6135	3476.111	1817.672	6.75	0.829	56.375	2.058	91.25	4.176	3476.222	91.25	0	0	0	9	9	6135	5503	5255	2848	2950	3082	3604	1910	-2	8	6	7	7	6	6	6	8	-2	57	57	61	56	54	56	54	56	-2	92	93	101	90	87	91	88	88	-1
1001001000	-2	6135	3476.111	1817.672	6.75	0.829	56.375	2.058	91.25	4.176	3476.222	91.25	0	0	0	9	9	6135	5503	5255	2848	2950	3082	3604	1910	-2	8	6	7	7	6	6	6	8	-2	57	57	61	56	54	56	54	56	-2	92	93	101	90	87	91	88	88	-1
1001001000	-2	6306	4041.111	1760.259	6.625	0.696	55.5	2.5	91.5	4.031	4041.222	91.5	0	0	0	9	9	6306	5291	6058	3411	3679	3676	4210	3741	-2	8	6	7	7	6	6	6	7	-2	54	57	61	56	55	54	52	55	-2	90	94	101	91	90	90	87	89	-1
1001001000	-2	6278	3984	1721.488	6.625	0.696	55.5	2.5	91.5	4.031	4041.222	91.5	0	0	0	9	9	6278	5239	5793	3402	3676	3614	4148	3708	-2	8	6	7	7	6	6	6	7	-2	54	57	61	56	55	54	52	55	-2	90	94	101	91	90	90	87	89	-1
1001001000	-2	7633	5567	2139.815	6.375	0.857	55.625	1.218	93.75	2.385	5672.333	93.75	0	0	0	9	9	7633	6630	7444	5682	5959	5002	6423	5332	-2	8	5	6	7	6	6	6	7	-2	56	55	57	57	55	56	53	56	-2	94	94	99	94	93	94	90	92	-1
1001001000	-2	7931	5672.111	2208.683	6.375	0.857	55.625	1.218	93.75	2.385	5672.333	93.75	0	0	0	9	9	7706	6746	7931	5689	5965	5088	6563	5363	-2	8	5	6	7	6	6	6	7	-2	56	55	57	57	55	56	53	56	-2	94	94	99	94	93	94	90	92	-1
1001001000	-2	7978	6022.111	2316.026	6.625	0.696	56.75	0.968	95.75	2.278	6022.444	95.75	0	0	0	9	9	7358	7583	7932	5552	5758	5998	7978	6042	-2	8	6	7	7	6	6	6	7	-2	56	56	58	58	55	57	57	57	-2	95	96	101	95	93	97	95	94	-1
1001001000	-2	7978	6022.111	2316.026	6.625	0.696	56.75	0.968	95.75	2.278	6022.444	95.75	0	0	0	9	9	7358	7583	7932	5552	5758	5998	7978	6042	-2	8	6	7	7	6	6	6	7	-2	56	56	58	58	55	57	57	57	-2	95	96	101	95	93	97	95	94	-1
1001001000	-2	9156	6741.778	2550.986	6.625	0.696	58.125	1.053	100.125	1.691	6742.222	100.125	0	0	0	9	9	7429	8237	8197	7652	6440	5914	9156	7653	-2	8	6	7	7	6	6	6	7	-2	59	57	59	60	58	57	58	57	-2	102	99	103	100	101	98	100	98	-1
1001001000	-2	9156	6741.778	2550.986	6.625	0.696	58.125	1.053	100.125	1.691	6742.222	100.125	0	0	0	9	9	7429	8237	8197	7652	6440	5914	9156	7653	-2	8	6	7	7	6	6	6	7	-2	59	57	59	60	58	57	58	57	-2	102	99	103	100	101	98	100	98	-1
1001001000	-2	9754	6937.444	2585.325	7.125	0.599	60	2.236	103.125	2.315	6937.667	103.125	0	0	0	9	9	7695	7302	7864	7813	6487	7469	9754	8055	-2	8	6	7	7	7	7	7	8	-2	64	57	60	63	59	58	59	60	-2	108	101	104	105	103	101	101	102	-1
1001001000	-2	9754	6937.444	2585.325	7.125	0.599	60	2.236	103.125	2.315	6937.667	103.125	0	0	0	9	9	7695	7302	7864	7813	6487	7469	9754	8055	-2	8	6	7	7	7	7	7	8	-2	64	57	60	63	59	58	59	60	-2	108	101	104	105	103	101	101	102	-1
1001001000	-2	9360	6968.667	2600.809	7	0.5	59.125	1.965	102	1.871	6969.111	102	0	0	0	9	9	6335	7153	8831	7730	7453	7871	9360	7987	-2	7	6	7	8	7	7	7	7	-2	60	57	60	63	60	59	57	57	-2	104	101	102	105	103	102	99	100	-1
1001001000	-2	3703	2562.556	1104.128	5.25	0.433	48.75	1.854	81.75	1.785	2563.222	81.75	0	0	0	9	9	2904	3009	3669	3703	2596	2940	2837	1407	-2	6	5	5	5	5	6	5	5	-2	51	48	52	46	47	49	49	48	-2	84	81	85	80	80	82	82	80	-1
1001001000	-2	6883	4669.222	1785.149	7.125	1.053	60.375	3.276	96.625	3.967	4814.889	96.625	0	0	0	9	9	5871	4971	6883	4589	4953	5182	4940	4636	-2	9	6	7	8	6	6	7	8	-2	60	58	66	64	55	61	58	61	-2	97	94	104	101	91	97	93	96	-1
1001001000	-2	5587	3251.444	1571.951	6.5	1	55.625	2.395	90.625	3.638	3323.667	90.625	0	0	0	9	9	5587	4361	4918	2792	2270	3386	3626	2325	-2	8	5	6	7	6	6	6	8	-2	56	55	60	56	52	55	53	58	-2	92	91	98	92	85	89	87	91	-1
1001001000	-2	5698	3323.556	1623.846	6.5	1	55.625	2.395	90.625	3.638	3323.667	90.625	0	0	0	9	9	5698	4612	5043	2828	2279	3486	3626	2342	-2	8	5	6	7	6	6	6	8	-2	56	55	60	56	52	55	53	58	-2	92	91	98	92	85	89	87	91	-1
1001001000	-2	6973	4233.111	1859.248	6.375	0.857	54.5	0.866	90.375	2.233	4233.444	90.375	0	0	0	9	9	6973	5296	5695	2873	3948	4523	4804	3988	-2	8	6	7	6	6	5	6	7	-2	55	54	56	55	53	54	54	55	-2	92	91	95	90	87	90	89	89	-1
1001001000	-2	6973	4233.111	1859.248	6.375	0.857	54.5	0.866	90.375	2.233	4233.444	90.375	0	0	0	9	9	6973	5296	5695	2873	3948	4523	4804	3988	-2	8	6	7	6	6	5	6	7	-2	55	54	56	55	53	54	54	55	-2	92	91	95	90	87	90	89	89	-1
1001001000	-2	7421	5402.667	2075.685	6.125	0.781	54.125	1.269	90.875	2.571	5402.778	90.875	0	0	0	9	9	7421	6626	7120	5490	5344	4749	6070	5806	-2	7	6	7	6	5	5	6	7	-2	54	53	56	56	53	53	53	55	-2	90	90	97	92	88	90	89	91	-1
1001001000	-2	7361	5333.556	2039.021	6.125	0.781	54.125	1.269	90.875	2.571	5402.778	90.875	0	0	0	9	9	7361	6518	6854	5485	5342	4659	5998	5787	-2	7	6	7	6	5	5	6	7	-2	54	53	56	56	53	53	53	55	-2	90	90	97	92	88	90	89	91	-1
1001001000	-2	7533	5701.333	2158.858	5.875	0.781	54.625	1.218	92.5	2.398	5701.556	92.5	0	0	0	9	9	7533	7061	7356	5963	5219	5934	6742	5506	-2	7	5	6	6	6	5	5	7	-2	54	54	56	57	53	54	54	55	-2	91	91	98	94	90	93	91	92	-1
1001001000	-2	7533	5701.333	2158.858	5.875	0.781	54.625	1.218	92.5	2.398	5701.556	92.5	0	0	0	9	9	7533	7061	7356	5963	5219	5934	6742	5506	-2	7	5	6	6	6	5	5	7	-2	54	54	56	57	53	54	54	55	-2	91	91	98	94	90	93	91	92	-1
1001001000	-2	8407	6090.667	2400.484	6.125	0.599	55.25	1.561	94.125	2.315	6091.222	94.125	0	0	0	9	9	8407	7800	8084	6267	4907	6438	7031	5884	-2	7	6	6	6	6	5	6	7	-2	55	54	57	58	53	54	56	55	-2	94	93	99	96	91	94	94	92	-1
1001001000	-2	9095	6868.111	2556.171	6.125	0.599	56.5	1.5	98	1.936	6868.333	98	0	0	0	9	9	7395	9095	8151	7036	6311	7323	8670	7834	-2	7	5	6	6	6	6	6	7	-2	58	55	58	59	56	55	56	55	-2	100	97	101	100	97	97	97	95	-1
1001001000	-2	9095	6868.111	2556.171	6.125	0.599	56.5	1.5	98	1.936	6868.333	98	0	0	0	9	9	7395	9095	8151	7036	6311	7323	8670	7834	-2	7	5	6	6	6	6	6	7	-2	58	55	58	59	56	55	56	55	-2	100	97	101	100	97	97	97	95	-1
1001001000	-2	9726	7094.444	2652.373	6.375	0.484	57.125	1.269	99.375	1.728	7095.111	99.375	0	0	0	9	9	6995	8689	8581	7368	6964	7391	9726	8138	-2	7	6	6	7	6	6	6	7	-2	58	56	59	59	56	56	56	57	-2	101	98	101	102	98	98	97	100	-1
1001001000	-2	9726	7094.444	2652.373	6.375	0.484	57.125	1.269	99.375	1.728	7095.111	99.375	0	0	0	9	9	6995	8689	8581	7368	6964	7391	9726	8138	-2	7	6	6	7	6	6	6	7	-2	58	56	59	59	56	56	56	57	-2	101	98	101	102	98	98	97	100	-1
1001001000	-2	6941	3257.556	1780.959	5.75	0.433	48.875	1.536	82.875	2.147	3259.444	82.875	0	0	0	9	9	3460	2693	3977	6941	2225	4602	2659	2763	-2	6	6	6	6	5	6	6	5	-2	49	49	51	49	47	50	50	46	-2	83	82	86	85	80	85	82	80	-1
1001001000	-2	5514	3750.889	1564.588	6.625	0.857	58.5	2.784	93.625	3.806	3921.778	93.625	0	0	0	9	9	4780	3023	5514	4108	3378	4448	5252	3257	-2	8	6	7	7	6	5	7	7	-2	58	56	61	63	54	57	58	61	-2	94	90	99	99	87	93	93	94	-1
1001001000	-2	4827	2953.222	1378.747	6	0.866	54.25	1.714	88.5	2.915	2992.111	88.5	0	0	0	9	9	4827	3695	4465	2879	1653	2876	3472	2714	-2	8	6	6	6	5	5	6	6	-2	56	54	56	55	51	53	53	56	-2	91	89	93	90	83	87	86	89	-1
1001001000	-2	4826	2945.111	1374.928	6	0.866	54.25	1.714	88.5	2.915	2992.111	88.5	0	0	0	9	9	4826	3661	4450	2872	1653	2861	3472	2713	-2	8	6	6	6	5	5	6	6	-2	56	54	56	55	51	53	53	56	-2	91	89	93	90	83	87	86	89	-1
1001001000	-2	6730	4879.222	1887.697	5.875	0.599	53	1.414	89.125	2.088	4879.556	89.125	0	0	0	9	9	6730	5867	5936	3678	5430	5376	5654	5244	-2	7	6	6	6	5	5	6	6	-2	54	54	55	52	51	51	53	54	-2	91	90	93	88	86	87	89	89	-1
1001001000	-2	11378	9679.111	3436.426	7.125	0.599	67.5	1.871	117.25	3.269	11147.889	117.25	0	0	0	9	9	11287	11129	11378	10912	10714	10458	10725	10511	-2	8	7	7	7	7	8	6	7	-2	69	67	71	68	65	68	67	65	-2	118	118	125	116	114	116	117	114	-1
1001001000	-2	6167	4788.333	1767.28	5.125	0.331	49.25	1.392	84.25	1.639	4788.778	84.25	0	0	0	9	9	5532	6167	5386	5250	5753	5571	5260	4178	-2	6	5	5	5	5	5	5	5	-2	52	48	51	48	48	49	49	49	-2	87	83	87	83	83	84	84	83	-1
1001001000	-2	7465	5611.333	2070.574	5.25	0.433	50	2.062	85.875	2.803	5612.333	85.875	0	0	0	9	9	6894	6119	6792	7465	5711	5800	6155	5568	-2	6	5	5	5	5	6	5	5	-2	54	47	52	50	48	50	49	50	-2	91	82	89	87	83	85	85	85	-1
1001001000	-2	11581	9627.667	3438.109	6.75	0.661	60.5	2.739	111.875	3.586	10019	111.875	0	0	0	9	9	10646	11465	10851	10995	10838	10332	9943	11581	-2	8	7	7	6	6	7	7	6	-2	63	58	61	61	59	57	66	59	-2	116	110	112	114	111	105	117	110	-1
1001001000	-2	8367	5463.444	2196.22	6.875	1.166	61.5	2.693	98.875	3.295	5466.333	98.875	0	0	0	9	9	6763	5452	8367	5305	6019	7097	4829	5341	-2	7	7	7	8	6	5	9	6	-2	61	59	63	66	57	60	62	64	-2	100	95	104	103	94	97	99	99	-1
1001001000	-2	8284	5216.444	2123.499	6.875	1.166	61.5	2.693	98.875	3.295	5466.333	98.875	0	0	0	9	9	6059	5187	8284	4673	5925	6707	4774	5341	-2	7	7	7	8	6	5	9	6	-2	61	59	63	66	57	60	62	64	-2	100	95	104	103	94	97	99	99	-1
1001001000	-2	4296	2932.111	1288.839	5.75	0.661	53.5	1.732	87.375	2.781	2932.333	87.375	0	0	0	9	9	4296	3409	4287	3825	1850	2828	3416	2480	-2	7	5	6	6	5	5	6	6	-2	53	52	56	56	51	52	54	54	-2	87	85	92	91	83	86	88	87	-1
