1002001000	-2	15141	10670.111	5773.589	97.625	9.499	196.143	7.772	252.125	63.052	13484.333	252.125	0	0	1	9	9	15141	14420	13384	13505	0	14613	11903	13067	-2	97	90	84	109	89	94	108	110	-2	190	189	185	202	-2	197	208	202	-2	265	252	242	285	103	262	341	267	-1
1002001000	-2	14086	9841.333	5338.082	111.875	11.516	199	6.969	257	49.78	13410.333	257	0	0	1	9	9	13591	14086	11117	13118	12474	12866	11322	0	-2	117	97	93	112	113	110	130	123	-2	199	191	187	200	204	204	208	-2	-2	293	257	243	282	286	277	286	132	-1
1001001000	-2	13683	10971.556	4236.325	110.625	5.337	189.125	2.891	240.75	6.778	11121.333	240.75	0	0	0	9	9	13500	13608	8002	13675	11512	12386	13683	12380	-2	110	100	117	115	117	110	108	108	-2	190	184	189	190	193	193	187	187	-2	242	236	232	248	244	252	240	232	-1
1001001000	-2	13683	10971.556	4236.325	110.625	5.337	189.125	2.891	240.75	6.778	11121.333	240.75	0	0	0	9	9	13500	13608	8002	13675	11512	12386	13683	12380	-2	110	100	117	115	117	110	108	108	-2	190	184	189	190	193	193	187	187	-2	242	236	232	248	244	252	240	232	-1
1001001000	-2	13721	10526	4032.764	110.375	5.999	189.125	2.891	240	5.292	10594.556	240	0	0	0	9	9	12752	13167	8299	12232	10827	10914	13721	12824	-2	114	104	113	115	119	110	109	99	-2	190	185	189	189	194	192	189	185	-2	241	235	233	247	245	245	241	233	-1
1001001000	-2	13916	10594	4079.097	110.375	5.999	189.125	2.891	240	5.292	10594.556	240	0	0	0	9	9	12752	13366	8299	12232	10827	10914	13916	13042	-2	114	104	113	115	119	110	109	99	-2	190	185	189	189	194	192	189	185	-2	241	235	233	247	245	245	241	233	-1
1001001000	-2	13578	10362.444	3869.276	112.375	3.672	188	3.464	236.875	5.158	10362.667	236.875	0	0	0	9	9	12548	13167	9659	11786	10097	11598	13578	10831	-2	115	111	113	116	118	106	109	111	-2	190	187	186	185	193	189	192	182	-2	239	237	230	239	241	239	243	227	-1
1001001000	-2	13578	10362.444	3869.276	112.375	3.672	188	3.464	236.875	5.158	10362.667	236.875	0	0	0	9	9	12548	13167	9659	11786	10097	11598	13578	10831	-2	115	111	113	116	118	106	109	111	-2	190	187	186	185	193	189	192	182	-2	239	237	230	239	241	239	243	227	-1
1002001000	-2	13770	9109.778	5006.808	114.75	4.409	188.714	4.712	223.875	37.277	9200.778	223.875	0	0	1	9	9	0	13770	9757	11197	11376	11608	13436	10846	-2	116	115	114	120	120	105	115	113	-2	-2	190	186	189	194	187	195	180	-2	127	241	230	242	243	237	247	224	-1
1002001000	-2	13215	8921.889	4880.42	114.75	4.409	188.714	4.712	223.875	37.277	9200.778	223.875	0	0	1	9	9	0	13215	9667	11047	11307	11464	13007	10592	-2	116	115	114	120	120	105	115	113	-2	-2	190	186	189	194	187	195	180	-2	127	241	230	242	243	237	247	224	-1
1001001000	-2	13213	10642.222	3922.296	116.875	6.071	190.125	5.061	239.875	8.131	10742.111	239.875	0	0	0	9	9	12920	13213	9814	11068	11985	12765	13116	10901	-2	116	117	114	122	125	105	123	113	-2	193	193	188	191	194	187	196	179	-2	247	246	232	243	243	237	248	223	-1
1006001000	-2	15912	4654.222	6643.019	74.75	19.753	202.333	6.65	165.625	107.081	5558.222	165.625	0	0	5	9	9	0	0	15912	12122	0	13856	0	0	-2	54	54	80	105	63	84	56	102	-2	-2	-2	193	208	-2	206	-2	-2	-2	63	78	296	309	70	299	76	134	-1
1002001000	-2	15895	11728.444	6317.423	111.25	9.846	202.143	6.664	262.875	51.469	14271.333	262.875	0	0	1	9	9	15895	15837	15708	15020	15451	14314	13333	0	-2	116	97	95	112	114	110	123	123	-2	201	191	196	201	208	206	212	-2	-2	307	259	264	282	286	280	293	132	-1
1001001000	-2	15324	12523.889	4483.842	133.25	6.591	207.625	4.181	285.625	7.809	15116.222	285.625	0	0	0	9	9	13823	14243	14722	14706	12998	13566	13335	15324	-2	142	129	125	125	140	134	130	141	-2	208	201	207	207	211	211	214	202	-2	279	276	291	289	286	301	286	277	-1
1001001000	-2	15131	12506.556	4448.154	132.75	6.379	208.625	4.498	284.625	9.707	14738.889	284.625	0	0	0	9	9	13989	13900	14355	14334	13468	13477	13907	15131	-2	143	129	128	126	139	133	125	139	-2	209	203	211	209	210	213	214	200	-2	279	277	291	287	286	303	286	268	-1
1001001000	-2	15131	12506.556	4448.154	132.75	6.379	208.625	4.498	284.625	9.707	14738.889	284.625	0	0	0	9	9	13989	13900	14355	14334	13468	13477	13907	15131	-2	143	129	128	126	139	133	125	139	-2	209	203	211	209	210	213	214	200	-2	279	277	291	287	286	303	286	268	-1
1001001000	-2	15193	12665.444	4525.713	126.25	7.412	204.75	4.323	286.375	16.918	13363.778	286.375	0	0	0	9	9	14453	15193	14976	14302	13497	13301	13478	14791	-2	140	120	125	126	135	125	115	124	-2	206	202	202	207	211	208	206	196	-2	290	290	267	288	312	302	287	255	-1
1001001000	-2	13624	10220.667	3819.844	107	8.86	186.875	4.343	238.375	7.582	10249	238.375	0	0	0	9	9	13346	13624	9552	10542	11009	11489	11812	10614	-2	115	100	117	114	107	109	106	88	-2	191	184	188	188	192	190	184	178	-2	244	237	233	247	244	243	237	222	-1
1001001000	-2	13624	10220.667	3819.844	107	8.86	186.875	4.343	238.375	7.582	10249	238.375	0	0	0	9	9	13346	13624	9552	10542	11009	11489	11812	10614	-2	115	100	117	114	107	109	106	88	-2	191	184	188	188	192	190	184	178	-2	244	237	233	247	244	243	237	222	-1
1001001000	-2	12948	9843.556	3751.754	106.625	8.717	184.25	4.657	231.875	6.827	9858.889	231.875	0	0	0	9	9	12558	12634	10011	11374	8695	12948	10904	9470	-2	113	102	116	114	110	107	104	87	-2	189	181	187	185	190	186	181	175	-2	239	230	229	238	237	236	229	217	-1
1001001000	-2	13055	9855.444	3761.729	106.625	8.717	184.25	4.657	231.875	6.827	9858.889	231.875	0	0	0	9	9	12558	12634	10011	11374	8695	13055	10904	9470	-2	113	102	116	114	110	107	104	87	-2	189	181	187	185	190	186	181	175	-2	239	230	229	238	237	236	229	217	-1
1001001000	-2	13126	9866.889	3868.559	107.125	8.795	184.5	4.416	231.75	6.572	9886.333	231.75	0	0	0	9	9	12960	13126	9787	11587	8249	12415	11854	8826	-2	113	104	115	115	113	104	106	87	-2	188	181	184	185	189	185	189	175	-2	235	230	227	236	235	235	239	217	-1
1001001000	-2	13287	9807.889	3834.195	107.125	8.795	184.5	4.416	231.75	6.572	9886.333	231.75	0	0	0	9	9	12591	13287	9787	11587	8249	12354	11592	8826	-2	113	104	115	115	113	104	106	87	-2	188	181	184	185	189	185	189	175	-2	235	230	227	236	235	235	239	217	-1
1001001000	-2	13755	9904.778	3934.004	106.875	9.212	184.125	4.428	230.875	6.641	9956.556	230.875	0	0	0	9	9	12720	13755	8668	11472	8411	12514	12173	9432	-2	111	109	114	115	116	103	100	87	-2	188	183	184	184	186	184	190	174	-2	236	234	225	233	232	233	238	216	-1
1001001000	-2	13081	9792	3839.919	106.875	9.212	184.125	4.428	230.875	6.641	9956.556	230.875	0	0	0	9	9	12616	13081	8668	11472	8411	12344	12106	9432	-2	111	109	114	115	116	103	100	87	-2	188	183	184	184	186	184	190	174	-2	236	234	225	233	232	233	238	216	-1
1001001000	-2	13105	10206.778	3806.564	106.125	8.978	185.25	4.294	233.25	6.685	10308.667	233.25	0	0	0	9	9	13002	13105	9575	11847	10597	12064	11953	9720	-2	110	111	114	115	111	103	98	87	-2	188	187	184	184	189	186	189	175	-2	239	240	229	233	237	233	237	218	-1
1001001000	-2	13699	10160.889	3797.088	106.125	8.978	185.25	4.294	233.25	6.685	10308.667	233.25	0	0	0	9	9	12283	13699	9575	11847	10597	12064	11665	9720	-2	110	111	114	115	111	103	98	87	-2	188	187	184	184	189	186	189	175	-2	239	240	229	233	237	233	237	218	-1
1002001000	-2	12543	8713.222	4730.903	109	10.05	190.143	5.488	227.625	45.817	9297	227.625	0	0	1	9	9	11429	11807	10208	10536	12543	12042	0	9856	-2	111	116	118	116	119	104	99	89	-2	191	196	190	190	197	188	-2	179	-2	252	256	240	246	254	239	109	225	-1
1002001000	-2	13560	9058.556	4984.252	109	10.05	190.143	5.488	227.625	45.817	9297	227.625	0	0	1	9	9	12738	11807	10208	10536	13560	12783	0	9897	-2	111	116	118	116	119	104	99	89	-2	191	196	190	190	197	188	-2	179	-2	252	256	240	246	254	239	109	225	-1
1002001000	-2	13626	9406.222	5065.826	116.5	6.325	194.429	5.206	243.75	47.636	9970.444	243.75	0	0	1	9	9	0	13626	12020	11199	11764	11848	11901	12300	-2	116	120	124	121	124	107	110	110	-2	-2	200	196	195	198	192	197	183	-2	124	294	260	256	262	253	264	237	-1
1001001000	-2	13683	11640.556	4166.109	121.25	5.673	200	6.892	274.25	15.88	12087.889	274.25	0	0	0	9	9	13082	11465	12699	13683	13443	13555	13343	13497	-2	126	122	126	123	129	112	118	114	-2	200	212	201	202	203	195	201	186	-2	291	301	269	270	277	264	277	245	-1
1001001000	-2	14678	12023.889	4341.783	121.25	5.673	200	6.892	274.25	15.88	12087.889	274.25	0	0	0	9	9	14233	11465	12875	14678	13950	14003	13343	13670	-2	126	122	126	123	129	112	118	114	-2	200	212	201	202	203	195	201	186	-2	291	301	269	270	277	264	277	245	-1
1001001000	-2	12962	8375.778	3985.957	129.375	5.957	213.25	7.98	292.75	8.482	8421.444	292.75	0	0	0	9	9	11790	4476	12962	10646	9328	8191	5992	11999	-2	126	127	122	127	134	134	141	124	-2	210	224	205	212	213	218	224	200	-2	302	302	293	282	289	297	299	278	-1
1001001000	-2	12607	8354.889	4008.034	130.875	7.524	213.875	8.418	298.75	5.19	8369.222	298.75	0	0	0	9	9	12607	5094	12563	11088	9012	7763	5372	11697	-2	124	126	121	134	138	135	144	125	-2	209	223	206	211	213	221	227	201	-2	303	309	300	296	290	297	298	297	-1
1001001000	-2	14229	9168.556	3969.632	128.25	6.418	212	8.016	297.75	5.166	9184.778	297.75	0	0	0	9	9	14229	6902	12623	10543	10538	9500	6730	11454	-2	125	124	118	127	133	135	139	125	-2	204	222	207	209	211	217	225	201	-2	294	304	294	297	290	307	298	298	-1
1001001000	-2	14025	9145.889	3941.152	128.25	6.418	212	8.016	297.75	5.166	9184.778	297.75	0	0	0	9	9	14025	6902	12623	10543	10538	9500	6730	11454	-2	125	124	118	127	133	135	139	125	-2	204	222	207	209	211	217	225	201	-2	294	304	294	297	290	307	298	298	-1
1005001000	-2	14916	5855	6580.817	79.625	18.357	207	6.745	201.625	122.606	7941.667	201.625	0	0	4	9	9	12611	0	14916	12536	0	12634	0	0	-2	97	55	84	105	61	93	56	86	-2	202	-2	201	207	-2	218	-2	-2	-2	317	78	316	309	70	352	77	94	-1
1003001000	-2	15124	9011.889	6409.184	121.75	12.039	206.167	5.698	248.75	70.062	12138.556	248.875	0	0	2	9	9	0	15124	13735	13497	13276	0	12364	13113	-2	121	99	109	129	133	121	123	139	-2	-2	196	207	206	213	-2	212	203	-2	135	263	332	289	285	130	293	263	-1
1003001000	-2	15301	9547.333	6766.308	124.375	10.416	204.667	4.888	239.125	61.845	11933	239.125	0	0	2	9	9	0	14622	15301	14227	14343	0	13813	13622	-2	124	103	120	129	135	121	123	140	-2	-2	196	206	204	209	-2	211	202	-2	135	254	285	276	278	133	293	259	-1
1003001000	-2	15131	9187.667	6524.12	124.375	10.416	204.667	4.888	239.125	61.845	11933	239.125	0	0	2	9	9	0	15131	14098	13668	13744	0	12822	13228	-2	124	103	120	129	135	121	123	140	-2	-2	196	206	204	209	-2	211	202	-2	135	254	285	276	278	133	293	259	-1
1001001000	-2	14734	10890.778	4190.634	135	6.164	213.625	5.073	289.125	9.36	11457.111	289.125	0	0	0	9	9	12399	11411	13337	12596	12096	8306	13140	14734	-2	145	131	129	134	140	140	125	136	-2	214	213	219	213	211	221	215	203	-2	290	280	292	287	273	304	287	300	-1
1001001000	-2	13154	10228	3695.289	106.5	9.631	188	5.05	242.25	8.258	11018.889	242.25	0	0	0	9	9	13154	12301	10863	11862	10673	11098	11038	11065	-2	115	101	119	114	100	112	103	88	-2	195	186	191	188	192	191	182	179	-2	256	244	238	248	244	245	237	226	-1
1001001000	-2	13154	10228	3695.289	106.5	9.631	188	5.05	242.25	8.258	11018.889	242.25	0	0	0	9	9	13154	12301	10863	11862	10673	11098	11038	11065	-2	115	101	119	114	100	112	103	88	-2	195	186	191	188	192	191	182	179	-2	256	244	238	248	244	245	237	226	-1
1002001000	-2	12410	8278.111	4657.267	97	11.832	182.429	5.067	212	46.653	8732.556	212	0	0	1	9	9	12165	12362	10603	0	9826	12410	9374	7765	-2	106	96	117	82	95	109	86	85	-2	189	182	187	-2	183	185	178	173	-2	238	233	230	90	231	235	226	213	-1
1002001000	-2	13367	8723.889	4910.484	97	11.832	182.429	5.067	212	46.653	8732.556	212	0	0	1	9	9	13367	12692	10779	0	10569	12903	10124	8083	-2	106	96	117	82	95	109	86	85	-2	189	182	187	-2	183	185	178	173	-2	238	233	230	90	231	235	226	213	-1
1003001000	-2	13442	6637.667	5036.207	96.625	10.897	181	5.745	194.5	55.075	6637.889	194.5	0	0	2	9	9	13442	0	10176	0	8397	11482	9894	6350	-2	107	85	116	93	96	105	86	85	-2	188	-2	182	-2	184	184	178	170	-2	234	96	225	104	230	233	225	209	-1
1003001000	-2	13442	6637.667	5036.207	96.625	10.897	181	5.745	194.5	55.075	6637.889	194.5	0	0	2	9	9	13442	0	10176	0	8397	11482	9894	6350	-2	107	85	116	93	96	105	86	85	-2	188	-2	182	-2	184	184	178	170	-2	234	96	225	104	230	233	225	209	-1
1002001000	-2	12586	7639.556	4454.632	98.75	9.47	178.429	5.602	207.875	40.409	7639.889	207.875	0	0	1	9	9	12586	12052	9112	0	9389	10243	9404	5972	-2	109	99	115	96	97	102	87	85	-2	187	178	178	-2	184	178	176	168	-2	232	228	221	103	230	224	220	205	-1
1002001000	-2	12586	7639.556	4454.632	98.75	9.47	178.429	5.602	207.875	40.409	7639.889	207.875	0	0	1	9	9	12586	12052	9112	0	9389	10243	9404	5972	-2	109	99	115	96	97	102	87	85	-2	187	178	178	-2	184	178	176	168	-2	232	228	221	103	230	224	220	205	-1
1002001000	-2	12843	7607.444	4455.313	100.625	9.823	177	5.529	208.375	37.586	7607.667	208.375	0	0	1	9	9	12637	12843	8900	9809	0	7680	9458	7142	-2	109	105	113	110	98	98	86	86	-2	186	178	177	182	-2	172	176	168	-2	233	230	220	229	111	218	218	208	-1
1002001000	-2	12843	7607.444	4455.313	100.625	9.823	177	5.529	208.375	37.586	7607.667	208.375	0	0	1	9	9	12637	12843	8900	9809	0	7680	9458	7142	-2	109	105	113	110	98	98	86	86	-2	186	178	177	182	-2	172	176	168	-2	233	230	220	229	111	218	218	208	-1
1001001000	-2	13007	8884.778	3481.453	101.375	9.899	180	4.583	226.375	6.963	9057.333	226.375	0	0	0	9	9	11260	13007	9714	10208	8275	10310	9706	7485	-2	108	108	115	110	98	98	87	87	-2	185	180	180	183	186	179	176	171	-2	232	233	225	231	234	223	220	213	-1
1001001000	-2	13007	8884.778	3481.453	101.375	9.899	180	4.583	226.375	6.963	9057.333	226.375	0	0	0	9	9	11260	13007	9714	10208	8275	10310	9706	7485	-2	108	108	115	110	98	98	87	87	-2	185	180	180	183	186	179	176	171	-2	232	233	225	231	234	223	220	213	-1
1002001000	-2	13324	8490.556	4730.727	103.125	10.659	183.143	4.734	218.125	41.739	8703.333	218.125	0	0	1	9	9	11607	12559	9537	10414	8858	13324	0	10118	-2	109	110	117	114	98	102	88	87	-2	186	183	186	184	187	184	-2	172	-2	237	241	236	234	237	233	109	218	-1
1003001000	-2	14013	7994.778	5791.579	105.625	10.38	189.5	5.737	215.375	59.588	8150.111	215.375	0	0	2	9	9	14013	12798	10240	9995	0	13452	0	11457	-2	110	115	118	116	100	105	92	89	-2	191	197	190	192	-2	189	-2	178	-2	258	269	247	249	119	244	109	228	-1
1003001000	-2	14013	7994.778	5791.579	105.625	10.38	189.5	5.737	215.375	59.588	8150.111	215.375	0	0	2	9	9	14013	12798	10240	9995	0	13452	0	11457	-2	110	115	118	116	100	105	92	89	-2	191	197	190	192	-2	189	-2	178	-2	258	269	247	249	119	244	109	228	-1
1005001000	-2	13038	5533.444	6195.649	109.125	9.034	197.5	4.387	193.125	82.323	5759	193.125	0	0	4	9	9	0	12815	11851	12099	0	13038	0	0	-2	111	118	120	117	102	112	94	99	-2	-2	205	196	195	-2	194	-2	-2	-2	125	315	261	257	113	261	106	107	-1
1005001000	-2	13478	5560.667	6231.621	109.125	9.034	197.5	4.387	193.125	82.323	5759	193.125	0	0	4	9	9	0	12649	11846	12075	0	13478	0	0	-2	111	118	120	117	102	112	94	99	-2	-2	205	196	195	-2	194	-2	-2	-2	125	315	261	257	113	261	106	107	-1
1004001000	-2	13562	6880.444	6178.435	108.625	7.745	195	7.616	210.25	75.471	7133.778	210.25	0	0	3	9	9	0	12175	11287	12372	0	13562	0	12530	-2	110	118	115	117	101	108	94	106	-2	-2	209	192	193	-2	195	-2	186	-2	125	315	255	254	114	264	110	245	-1
1004001000	-2	13555	6901.889	6196.929	108.625	7.745	195	7.616	210.25	75.471	7133.778	210.25	0	0	3	9	9	0	12376	11287	12372	0	13555	0	12529	-2	110	118	115	117	101	108	94	106	-2	-2	209	192	193	-2	195	-2	186	-2	125	315	255	254	114	264	110	245	-1
1003001000	-2	13188	8068.556	5740.884	114.125	5.061	199.5	6.994	236.5	69.593	8071.222	236.5	0	0	2	9	9	0	11074	11396	11937	0	13020	12004	13188	-2	111	119	116	122	105	117	111	112	-2	-2	211	197	198	-2	199	204	188	-2	125	310	267	263	114	277	286	250	-1
1002001000	-2	13604	8712.778	4844.666	114.875	5.11	200	6.347	258.25	57.201	9785.778	258.25	0	0	1	9	9	13604	10521	10794	11484	0	11889	8268	11857	-2	110	118	116	121	106	122	113	113	-2	198	210	196	197	-2	202	207	190	-2	277	309	265	266	114	285	298	252	-1
1002002000	-2	13013	7780.444	5558.283	22.286	5.75	205.286	10.859	341.75	33.973	10503.111	341.75	0	0	0	9	9	10127	12582	10957	-2	13013	11688	11662	-1	-2	31	22	23	13	29	18	20	-2	-2	196	199	195	223	213	195	216	-2	-2	322	318	314	408	358	295	355	364	-1
1001001000	-2	15802	13087.889	4676.905	128.125	12.293	204.125	6.274	274.75	14.914	16192.778	274.75	0	0	0	9	9	15802	15670	15294	14661	14177	14292	14056	13841	-2	137	100	122	131	135	137	123	140	-2	201	192	210	205	212	208	207	198	-2	279	254	296	279	285	284	272	249	-1
1002001000	-2	14084	10248.222	5527.334	129.625	12.257	200.286	4.832	236.875	44.14	11132.333	236.875	0	0	1	9	9	13814	0	14084	13983	12011	13339	13081	11924	-2	140	102	124	132	137	139	123	140	-2	199	-2	206	194	204	205	201	193	-2	257	122	261	248	253	265	252	237	-1
1002001000	-2	12978	9336.333	5098.103	129.375	11.532	196.143	5.111	227.25	39.94	9544.889	227.25	0	0	1	9	9	12972	0	12731	12978	9651	11803	12876	11018	-2	141	104	125	130	136	138	122	139	-2	198	-2	205	188	199	196	196	191	-2	245	123	256	236	242	242	242	232	-1
1002001000	-2	13891	9493.556	5215.722	129.375	11.532	196.143	5.111	227.25	39.94	9544.889	227.25	0	0	1	9	9	13891	0	13227	12978	9651	11803	12876	11018	-2	141	104	125	130	136	138	122	139	-2	198	-2	205	188	199	196	196	191	-2	245	123	256	236	242	242	242	232	-1
1001001000	-2	15665	12778.556	4577.231	136.125	5.904	207.5	4.924	273.5	14.274	14820.333	273.5	0	0	0	9	9	13954	14345	14496	13252	14027	15479	15665	13791	-2	145	132	138	135	140	140	124	135	-2	210	210	217	205	204	208	207	199	-2	275	278	298	260	263	285	279	250	-1
1001001000	-2	15568	12869.556	4596.989	136.125	5.904	207.5	4.924	273.5	14.274	14820.333	273.5	0	0	0	9	9	13970	14369	14996	13734	14027	15388	15568	13776	-2	145	132	138	135	140	140	124	135	-2	210	210	217	205	204	208	207	199	-2	275	278	298	260	263	285	279	250	-1
1001001000	-2	15513	13030.889	4641.85	125.625	8.873	201.5	5.431	269.375	14.739	13837.556	269.375	0	0	0	9	9	15384	14025	13829	14514	14347	15513	15226	14442	-2	139	121	125	130	134	130	112	114	-2	210	200	206	205	197	204	198	192	-2	299	266	267	280	256	275	265	247	-1
1001001000	-2	14555	10915.667	4047.23	125.625	8.873	201.5	5.431	269.375	14.739	13837.556	269.375	0	0	0	9	9	10610	11836	12158	12640	14555	11423	11065	13956	-2	139	121	125	130	134	130	112	114	-2	210	200	206	205	197	204	198	192	-2	299	266	267	280	256	275	265	247	-1
1002001000	-2	11316	7861.667	4278.431	104.75	11.486	187.286	5.338	225.75	39.22	9114.333	225.75	0	0	1	9	9	0	10657	11316	9713	10115	8618	9266	11072	-2	109	100	122	115	100	114	91	87	-2	-2	186	195	188	190	192	181	179	-2	124	241	247	245	242	249	235	223	-1
1002001000	-2	11316	7861.667	4278.431	104.75	11.486	187.286	5.338	225.75	39.22	9114.333	225.75	0	0	1	9	9	0	10657	11316	9713	10115	8618	9266	11072	-2	109	100	122	115	100	114	91	87	-2	-2	186	195	188	190	192	181	179	-2	124	241	247	245	242	249	235	223	-1
1001001000	-2	10402	8059.333	3058.881	86.125	15.839	174	6.782	218.875	8.313	8065.667	218.875	0	0	0	9	9	9693	10402	8766	9574	8747	9683	9427	6244	-2	95	70	115	71	79	105	73	81	-2	181	171	178	178	175	180	170	159	-2	224	219	220	225	220	228	216	199	-1
1001001000	-2	10402	8065.333	3062.111	86.125	15.839	174	6.782	218.875	8.313	8065.667	218.875	0	0	0	9	9	9693	10402	8766	9574	8747	9737	9427	6244	-2	95	70	115	71	79	105	73	81	-2	181	171	178	178	175	180	170	159	-2	224	219	220	225	220	228	216	199	-1
1002001000	-2	10110	6620	3660.795	86.5	13.143	170.857	6.01	199.375	41.94	6620.111	199.375	0	0	1	9	9	8867	10110	9112	0	8772	7723	8525	6473	-2	100	71	108	79	79	100	73	82	-2	177	169	177	-2	175	172	167	159	-2	220	217	219	90	220	220	211	198	-1
1002001000	-2	10110	6620	3660.795	86.5	13.143	170.857	6.01	199.375	41.94	6620.111	199.375	0	0	1	9	9	8867	10110	9112	0	8772	7723	8525	6473	-2	100	71	108	79	79	100	73	82	-2	177	169	177	-2	175	172	167	159	-2	220	217	219	90	220	220	211	198	-1
1002001000	-2	9631	6649.889	3646.886	87.625	11.521	172.571	7.028	201.875	40.319	6650.222	201.875	0	0	1	9	9	8996	0	9631	9183	9121	8574	7354	6992	-2	102	74	105	86	82	97	73	82	-2	176	-2	177	180	179	171	165	160	-2	220	97	219	224	225	219	210	201	-1
1002001000	-2	9631	6649.889	3646.886	87.625	11.521	172.571	7.028	201.875	40.319	6650.222	201.875	0	0	1	9	9	8996	0	9631	9183	9121	8574	7354	6992	-2	102	74	105	86	82	97	73	82	-2	176	-2	177	180	179	171	165	160	-2	220	97	219	224	225	219	210	201	-1
1003001000	-2	10362	5850.111	4232.272	90.375	11.247	172.5	5.346	186	53.378	5850.444	186	0	0	2	9	9	10362	0	9584	8869	0	8312	8691	6835	-2	101	85	111	91	82	96	73	84	-2	175	-2	177	180	-2	171	167	165	-2	219	97	221	224	91	217	213	206	-1
1003001000	-2	10362	5850.111	4232.272	90.375	11.247	172.5	5.346	186	53.378	5850.444	186	0	0	2	9	9	10362	0	9584	8869	0	8312	8691	6835	-2	101	85	111	91	82	96	73	84	-2	175	-2	177	180	-2	171	167	165	-2	219	97	221	224	91	217	213	206	-1
1003001000	-2	10017	5786.111	4147.623	89.625	11.575	172.667	5.907	187	53.656	5786.222	187	0	0	2	9	9	10017	0	9234	8824	0	7896	8609	7497	-2	97	81	112	92	81	97	73	84	-2	175	-2	178	181	-2	171	166	165	-2	220	97	223	226	92	216	213	209	-1
1003001000	-2	11906	7087.333	5074.376	90.25	11.267	178	4.472	194	57.65	7087.556	194	0	0	2	9	9	11249	0	10814	10845	0	11906	8794	10180	-2	96	83	112	92	81	99	74	85	-2	179	-2	180	183	-2	182	173	171	-2	230	97	230	232	92	231	223	217	-1
1003001000	-2	11906	7087.333	5074.376	90.25	11.267	178	4.472	194	57.65	7087.556	194	0	0	2	9	9	11249	0	10814	10845	0	11906	8794	10180	-2	96	83	112	92	81	99	74	85	-2	179	-2	180	183	-2	182	173	171	-2	230	97	230	232	92	231	223	217	-1
1005001000	-2	12239	4838.444	5448.391	90.25	10.545	178	3.536	164.375	63.894	4838.556	164.375	0	0	4	9	9	11313	0	10283	0	0	12239	0	9713	-2	96	82	110	92	82	99	75	86	-2	179	-2	180	-2	-2	181	-2	172	-2	230	97	230	104	92	232	110	220	-1
1004001000	-2	13453	6493.333	5873.416	93.25	10.86	182	4	186.75	66.071	6520.667	186.75	0	0	3	9	9	12082	12129	10461	0	0	13453	0	10317	-2	94	104	107	92	82	105	75	87	-2	181	183	184	-2	-2	187	-2	175	-2	236	247	237	104	92	243	110	225	-1
1005001000	-2	13738	5151.444	5840.444	92.5	11.747	185	4.95	172	73.051	5151.556	172	0	0	4	9	9	0	12100	10341	0	0	13738	0	10186	-2	83	106	107	91	84	107	75	87	-2	-2	188	185	-2	-2	190	-2	177	-2	91	256	241	104	93	251	110	230	-1
1005001000	-2	13738	5151.444	5840.444	92.5	11.747	185	4.95	172	73.051	5151.556	172	0	0	4	9	9	0	12100	10341	0	0	13738	0	10186	-2	83	106	107	91	84	107	75	87	-2	-2	188	185	-2	-2	190	-2	177	-2	91	256	241	104	93	251	110	230	-1
1005001000	-2	13982	4903.111	5624.335	90.125	10.856	184	4.637	170.5	69.895	4928.556	170.5	0	0	4	9	9	10433	0	10948	0	0	13982	0	8767	-2	83	84	107	92	84	108	76	87	-2	183	-2	184	-2	-2	191	-2	178	-2	241	97	238	104	93	252	110	229	-1
1005001000	-2	13982	4903.111	5624.335	90.125	10.856	184	4.637	170.5	69.895	4928.556	170.5	0	0	4	9	9	10433	0	10948	0	0	13982	0	8767	-2	83	84	107	92	84	108	76	87	-2	183	-2	184	-2	-2	191	-2	178	-2	241	97	238	104	93	252	110	229	-1
1006001000	-2	10007	3186.222	4513.537	90.25	10.825	184.333	5.735	151.75	68.086	3792.889	151.75	0	0	5	9	9	0	0	10007	0	0	9705	0	8966	-2	83	83	106	91	85	109	76	89	-2	-2	-2	185	-2	-2	191	-2	177	-2	92	98	238	104	93	252	110	227	-1
1001001000	-2	14268	9863.889	3867.67	19.25	4.684	171.5	8.337	260.125	7.096	19034	260.125	0	0	0	9	9	9090	14268	9789	11309	12141	10375	12852	8953	-2	27	20	20	12	25	15	19	16	-2	163	157	171	181	178	170	169	183	-2	251	247	262	271	262	262	262	264	-1
1001001000	-2	11997	8993.333	3443.608	123.125	12.374	187.75	5.868	228.875	6.412	8993.556	228.875	0	0	0	9	9	11557	9877	10308	10200	8816	11997	10854	7333	-2	137	100	121	125	133	137	109	123	-2	191	180	199	184	190	191	181	186	-2	234	220	240	227	230	234	223	223	-1
1001001000	-2	13555	10507.333	3903.762	132	5	196.5	4.899	244.625	8.558	10548.444	244.625	0	0	0	9	9	12491	10603	12208	12176	13555	10189	13251	10095	-2	140	129	132	133	137	132	122	131	-2	195	194	208	197	196	194	198	190	-2	242	240	263	242	249	243	247	231	-1
1001001000	-2	14999	11998.556	4360.669	130.25	6.476	204.25	5.19	275.375	13.247	15166.222	275.375	0	0	0	9	9	13723	12334	12325	13528	14979	12186	13915	14999	-2	138	128	131	133	137	132	116	127	-2	207	206	215	203	200	204	203	196	-2	291	273	297	265	264	277	281	255	-1
1001001000	-2	14999	11998.556	4360.669	130.25	6.476	204.25	5.19	275.375	13.247	15166.222	275.375	0	0	0	9	9	13723	12334	12325	13528	14979	12186	13915	14999	-2	138	128	131	133	137	132	116	127	-2	207	206	215	203	200	204	203	196	-2	291	273	297	265	264	277	281	255	-1
1002001000	-2	13444	9887.222	5317.515	110.125	11.152	192.857	5.111	236.625	42.793	10445.111	236.625	0	0	1	9	9	0	12406	13444	12789	12328	11450	13173	13397	-2	111	107	124	118	102	125	104	90	-2	-2	193	201	196	191	196	189	184	-2	125	253	262	257	247	260	251	238	-1
1002001000	-2	13444	9887.222	5317.515	110.125	11.152	192.857	5.111	236.625	42.793	10445.111	236.625	0	0	1	9	9	0	12406	13444	12789	12328	11450	13173	13397	-2	111	107	124	118	102	125	104	90	-2	-2	193	201	196	191	196	189	184	-2	125	253	262	257	247	260	251	238	-1
1003001000	-2	8848	5474.556	3898.84	73.75	18.873	166.5	8.578	176	60.359	5475	176	0	0	2	9	9	8848	7781	8585	0	0	7385	7856	8818	-2	74	60	108	54	65	102	66	61	-2	171	160	178	-2	-2	175	160	155	-2	213	209	219	67	78	223	204	195	-1
1003001000	-2	8848	5474.556	3898.84	73.75	18.873	166.5	8.578	176	60.359	5475	176	0	0	2	9	9	8848	7781	8585	0	0	7385	7856	8818	-2	74	60	108	54	65	102	66	61	-2	171	160	178	-2	-2	175	160	155	-2	213	209	219	67	78	223	204	195	-1
1003001000	-2	8140	4785.556	3431.814	75.125	16.027	162	7.528	174.75	53.164	4786.111	174.75	0	0	2	9	9	0	8033	8140	7216	0	6438	6832	6413	-2	80	62	103	54	65	97	69	71	-2	-2	157	174	161	-2	170	157	153	-2	89	204	216	204	78	213	201	193	-1
1003001000	-2	8140	4785.556	3431.814	75.125	16.027	162	7.528	174.75	53.164	4786.111	174.75	0	0	2	9	9	0	8033	8140	7216	0	6438	6832	6413	-2	80	62	103	54	65	97	69	71	-2	-2	157	174	161	-2	170	157	153	-2	89	204	216	204	78	213	201	193	-1
1003001000	-2	9049	5092.333	3715.393	77.625	14.309	162.5	7.182	175.125	53.349	5092.556	175.125	0	0	2	9	9	0	8869	9049	7067	0	5727	7468	7653	-2	81	66	104	63	66	97	70	74	-2	-2	161	174	162	-2	169	153	156	-2	89	208	216	205	78	212	197	196	-1
1003001000	-2	9049	5092.333	3715.393	77.625	14.309	162.5	7.182	175.125	53.349	5092.556	175.125	0	0	2	9	9	0	8869	9049	7067	0	5727	7468	7653	-2	81	66	104	63	66	97	70	74	-2	-2	161	174	162	-2	169	153	156	-2	89	208	216	205	78	212	197	196	-1
1002001000	-2	9564	6400.333	3553.512	77.375	12.845	161	6.325	190.75	38.606	6401.111	190.75	0	0	1	9	9	0	9564	9491	6093	7702	8366	8051	8338	-2	81	70	103	64	66	92	70	73	-2	-2	164	173	161	160	162	151	156	-2	90	212	216	203	205	207	196	197	-1
1002001000	-2	9564	6400.333	3553.512	77.375	12.845	161	6.325	190.75	38.606	6401.111	190.75	0	0	1	9	9	0	9564	9491	6093	7702	8366	8051	8338	-2	81	70	103	64	66	92	70	73	-2	-2	164	173	161	160	162	151	156	-2	90	212	216	203	205	207	196	197	-1
1002001000	-2	9801	6628.889	3655.395	77.5	11.737	162.571	6.366	191.25	42.816	6629.111	191.25	0	0	1	9	9	7362	9801	9451	7065	0	8867	7803	9313	-2	81	72	100	65	67	92	70	73	-2	170	164	171	162	-2	163	152	156	-2	212	213	215	204	79	209	199	199	-1
1002001000	-2	9801	6628.889	3655.395	77.5	11.737	162.571	6.366	191.25	42.816	6629.111	191.25	0	0	1	9	9	7362	9801	9451	7065	0	8867	7803	9313	-2	81	72	100	65	67	92	70	73	-2	170	164	171	162	-2	163	152	156	-2	212	213	215	204	79	209	199	199	-1
1002001000	-2	10469	7358	4008.655	79	11.705	165.857	6.379	197.625	38.461	7358.333	197.625	0	0	1	9	9	10469	0	9398	10325	10239	8047	8482	9264	-2	81	74	103	70	67	92	70	75	-2	172	-2	172	170	166	168	154	159	-2	216	97	218	214	215	216	203	202	-1
1002001000	-2	10469	7358	4008.655	79	11.705	165.857	6.379	197.625	38.461	7358.333	197.625	0	0	1	9	9	10469	0	9398	10325	10239	8047	8482	9264	-2	81	74	103	70	67	92	70	75	-2	172	-2	172	170	166	168	154	159	-2	216	97	218	214	215	216	203	202	-1
1002001000	-2	10868	7379.556	4002.356	80.5	12.339	169.571	7.346	202.75	40.146	7379.778	202.75	0	0	1	9	9	10102	0	9637	10868	8418	9552	8904	8937	-2	81	74	104	72	67	97	71	78	-2	173	-2	178	172	174	173	156	161	-2	219	98	225	219	224	223	207	207	-1
1002001000	-2	10868	7379.556	4002.356	80.5	12.339	169.571	7.346	202.75	40.146	7379.778	202.75	0	0	1	9	9	10102	0	9637	10868	8418	9552	8904	8937	-2	81	74	104	72	67	97	71	78	-2	173	-2	178	172	174	173	156	161	-2	219	98	225	219	224	223	207	207	-1
1005001000	-2	11651	4534.889	5129.356	83.625	11.989	176.5	6.801	162.625	65.378	4535.222	162.625	0	0	4	9	9	0	0	10122	10608	0	11651	0	8435	-2	81	81	105	76	71	101	71	83	-2	-2	-2	182	175	-2	183	-2	166	-2	91	97	233	226	93	237	110	214	-1
1005001000	-2	11651	4534.889	5129.356	83.625	11.989	176.5	6.801	162.625	65.378	4535.222	162.625	0	0	4	9	9	0	0	10122	10608	0	11651	0	8435	-2	81	81	105	76	71	101	71	83	-2	-2	-2	182	175	-2	183	-2	166	-2	91	97	233	226	93	237	110	214	-1
1004001000	-2	13006	6009.667	5502.456	84.625	11.51	179.2	5.636	183.125	64.557	6010.111	183.125	0	0	3	9	9	12096	0	9785	10592	0	13006	0	8610	-2	81	80	104	84	72	102	71	83	-2	181	-2	183	176	-2	186	-2	170	-2	236	98	236	228	93	243	110	221	-1
1004001000	-2	13006	6009.667	5502.456	84.625	11.51	179.2	5.636	183.125	64.557	6010.111	183.125	0	0	3	9	9	12096	0	9785	10592	0	13006	0	8610	-2	81	80	104	84	72	102	71	83	-2	181	-2	183	176	-2	186	-2	170	-2	236	98	236	228	93	243	110	221	-1
1004001000	-2	12658	5902.333	5392.212	81.375	11.757	176.2	6.431	183.375	62.444	5946.556	183.375	0	0	3	9	9	11447	11136	8755	0	0	12658	0	9127	-2	80	75	101	72	73	101	70	79	-2	178	177	176	-2	-2	185	-2	165	-2	232	238	228	80	124	241	110	214	-1
1004001000	-2	12658	5902.333	5392.212	81.375	11.757	176.2	6.431	183.375	62.444	5946.556	183.375	0	0	3	9	9	11447	11136	8755	0	0	12658	0	9127	-2	80	75	101	72	73	101	70	79	-2	178	177	176	-2	-2	185	-2	165	-2	232	238	228	80	124	241	110	214	-1
1002001000	-2	10736	7323	3985.424	33.25	9.107	161.714	7.722	185.875	53.055	7924.333	185.875	0	0	1	9	9	7673	9478	9276	9876	9469	9401	10736	0	-2	39	32	53	27	36	32	24	23	-2	166	146	172	163	158	167	160	-2	-2	205	189	217	205	205	214	205	47	-1
1001001000	-2	13784	9695.333	3716.126	124	5.788	190.875	5.883	236.5	8.818	9776.778	236.5	0	0	0	9	9	11511	10872	13784	11540	11782	8926	9003	9842	-2	125	116	127	129	132	126	114	123	-2	194	185	204	192	190	191	186	185	-2	240	228	257	235	238	236	229	229	-1
1001001000	-2	14485	12161.778	4331.428	123.875	6.193	198.125	5.946	261.875	11.656	13611.333	261.875	0	0	0	9	9	14485	13489	13842	13763	13740	13760	13961	12418	-2	124	121	130	130	130	127	115	114	-2	200	197	212	199	196	195	196	190	-2	265	255	290	262	260	256	259	248	-1
1001001000	-2	15640	12928	4650.11	123.875	6.193	198.125	5.946	261.875	11.656	13611.333	261.875	0	0	0	9	9	15640	14362	15230	14901	14667	14285	14851	12418	-2	124	121	130	130	130	127	115	114	-2	200	197	212	199	196	195	196	190	-2	265	255	290	262	260	256	259	248	-1
1002001000	-2	14480	10064.222	5451.65	101	11.034	188	5.398	224.875	48.035	10462.333	224.875	0	0	1	9	9	14480	11440	13514	13656	11714	12843	0	12933	-2	106	97	122	95	97	113	91	87	-2	190	186	199	189	183	188	-2	181	-2	247	242	254	245	237	245	99	230	-1
1002001000	-2	14480	10064.222	5451.65	101	11.034	188	5.398	224.875	48.035	10462.333	224.875	0	0	1	9	9	14480	11440	13514	13656	11714	12843	0	12933	-2	106	97	122	95	97	113	91	87	-2	190	186	199	189	183	188	-2	181	-2	247	242	254	245	237	245	99	230	-1
1004001000	-2	9750	4424	4084.896	57.875	24.817	161	9.143	149.125	71.595	4424.222	149.125	0	0	3	9	9	5634	9750	8652	8142	0	7640	0	0	-2	51	52	102	38	47	96	48	29	-2	160	150	175	153	-2	167	-2	-2	-2	199	199	216	199	60	209	58	53	-1
1004001000	-2	9750	4424	4084.896	57.875	24.817	161	9.143	149.125	71.595	4424.222	149.125	0	0	3	9	9	5634	9750	8652	8142	0	7640	0	0	-2	51	52	102	38	47	96	48	29	-2	160	150	175	153	-2	167	-2	-2	-2	199	199	216	199	60	209	58	53	-1
1003001000	-2	10064	5261.444	3914.72	59.625	22.293	154.833	9.788	162.375	62.4	5261.667	162.375	0	0	2	9	9	5231	8776	7289	7576	0	8419	10064	0	-2	57	53	99	38	47	95	42	46	-2	159	149	172	148	-2	159	142	-2	-2	199	197	213	193	55	201	186	55	-1
1003001000	-2	10064	5261.444	3914.72	59.625	22.293	154.833	9.788	162.375	62.4	5261.667	162.375	0	0	2	9	9	5231	8776	7289	7576	0	8419	10064	0	-2	57	53	99	38	47	95	42	46	-2	159	149	172	148	-2	159	142	-2	-2	199	197	213	193	55	201	186	55	-1
1002001000	-2	8985	5834.889	3256.369	63.75	18.492	153.143	8.526	180.125	43.383	5835.222	180.125	0	0	1	9	9	0	8985	8100	6271	6509	8868	7199	6584	-2	57	55	97	39	62	90	50	60	-2	-2	151	171	151	155	156	143	145	-2	67	197	212	195	197	199	186	188	-1
1002001000	-2	8985	5834.889	3256.369	63.75	18.492	153.143	8.526	180.125	43.383	5835.222	180.125	0	0	1	9	9	0	8985	8100	6271	6509	8868	7199	6584	-2	57	55	97	39	62	90	50	60	-2	-2	151	171	151	155	156	143	145	-2	67	197	212	195	197	199	186	188	-1
1002001000	-2	9998	5996.778	3464.052	63.5	16.217	154.571	6.863	180.25	46.583	5996.889	180.25	0	0	1	9	9	5056	8740	8346	6455	7394	9998	0	7984	-2	57	60	93	43	63	86	49	57	-2	157	150	167	152	157	156	-2	143	-2	197	198	209	195	200	199	58	186	-1
1002001000	-2	9998	5996.778	3464.052	63.5	16.217	154.571	6.863	180.25	46.583	5996.889	180.25	0	0	1	9	9	5056	8740	8346	6455	7394	9998	0	7984	-2	57	60	93	43	63	86	49	57	-2	157	150	167	152	157	156	-2	143	-2	197	198	209	195	200	199	58	186	-1
1002001000	-2	10120	6347.333	3609.366	65.625	16.324	156.857	6.599	182.625	48.603	6347.556	182.625	0	0	1	9	9	6984	10120	9421	5924	7665	9318	7696	0	-2	58	62	97	50	63	87	61	47	-2	157	154	170	155	158	158	146	-2	-2	199	201	213	198	203	202	190	55	-1
1002001000	-2	10120	6347.333	3609.366	65.625	16.324	156.857	6.599	182.625	48.603	6347.556	182.625	0	0	1	9	9	6984	10120	9421	5924	7665	9318	7696	0	-2	58	62	97	50	63	87	61	47	-2	157	154	170	155	158	158	146	-2	-2	199	201	213	198	203	202	190	55	-1
1002001000	-2	9689	6600.556	3621.774	68.25	15.106	157	8.124	190.25	35.545	6600.889	190.25	0	0	1	9	9	8244	0	9555	6662	8408	8394	8455	9689	-2	59	67	98	51	64	87	65	55	-2	161	-2	171	155	159	160	149	144	-2	205	98	217	200	207	206	196	193	-1
1002001000	-2	9689	6600.556	3621.774	68.25	15.106	157	8.124	190.25	35.545	6600.889	190.25	0	0	1	9	9	8244	0	9555	6662	8408	8394	8455	9689	-2	59	67	98	51	64	87	65	55	-2	161	-2	171	155	159	160	149	144	-2	205	98	217	200	207	206	196	193	-1
1001001000	-2	10885	8004.111	3109.802	70.5	15.851	159.875	7.557	208.5	7.053	8004.444	208.5	0	0	0	9	9	8942	10289	8979	7076	10540	7846	7482	10885	-2	60	70	98	51	64	95	65	61	-2	162	163	172	155	161	167	151	148	-2	208	215	219	202	211	214	201	198	-1
1001001000	-2	10885	8004.111	3109.802	70.5	15.851	159.875	7.557	208.5	7.053	8004.444	208.5	0	0	0	9	9	8942	10289	8979	7076	10540	7846	7482	10885	-2	60	70	98	51	64	95	65	61	-2	162	163	172	155	161	167	151	148	-2	208	215	219	202	211	214	201	198	-1
1001001000	-2	11156	7249.444	3997.859	72.5	14.56	164.5	7.365	212.5	14.116	7250.111	212.5	0	0	1	9	9	9762	7452	9028	0	11156	8367	9377	10105	-2	62	71	95	60	65	99	61	67	-2	164	171	174	160	163	174	157	153	-2	214	226	222	181	217	227	210	203	-1
1002001000	-2	11227	6439.667	4651.724	66.625	14.142	162.429	6.905	195.125	45.118	6440	195.125	0	0	2	9	9	9285	7831	0	0	11227	8871	9864	10881	-2	60	68	74	51	66	99	53	62	-2	165	168	-2	156	164	174	157	153	-2	216	223	82	178	219	228	211	204	-1
1002001000	-2	11227	6439.667	4651.724	66.625	14.142	162.429	6.905	195.125	45.118	6440	195.125	0	0	2	9	9	9285	7831	0	0	11227	8871	9864	10881	-2	60	68	74	51	66	99	53	62	-2	165	168	-2	156	164	174	157	153	-2	216	223	82	178	219	228	211	204	-1
1003001000	-2	11725	6490.222	4779.322	59.875	16.937	160.333	5.991	173.875	66.307	6490.778	173.875	0	0	2	9	9	11101	9147	0	7667	11725	7760	0	11014	-2	59	64	71	48	66	92	32	47	-2	163	165	-2	154	161	168	-2	151	-2	212	218	82	204	215	220	40	200	-1
1001001000	-2	14705	11724.222	4236.007	14.75	3.897	131.5	10.392	187.5	7.089	11867.222	187.5	0	0	0	9	9	12433	12420	13214	12091	12668	13463	14526	14705	-2	15	13	17	9	22	10	17	15	-2	138	107	140	134	132	142	126	133	-2	191	171	196	187	188	194	186	187	-1
1001001000	-2	14129	10339.778	3865.4	14.75	3.897	131.5	10.392	187.5	7.089	11867.222	187.5	0	0	0	9	9	10695	12420	10807	12091	12409	9504	14129	11005	-2	15	13	17	9	22	10	17	15	-2	138	107	140	134	132	142	126	133	-2	191	171	196	187	188	194	186	187	-1
1001001000	-2	12084	7866.333	3212.788	119.375	7.952	185.125	6.566	226.5	7.632	7866.778	226.5	0	0	0	9	9	8964	9139	10137	8438	12084	8350	7976	5711	-2	118	105	126	124	128	128	114	112	-2	186	180	200	184	183	189	182	177	-2	225	219	242	222	231	232	224	217	-1
1001001000	-2	11894	8388.333	3220.512	118.125	6.972	186	6.595	229.25	8.242	8388.667	229.25	0	0	0	9	9	8384	8897	11894	8065	11383	9131	9264	8479	-2	116	114	125	121	127	124	113	105	-2	190	181	200	187	183	188	182	177	-2	234	220	247	226	231	231	225	220	-1
1001001000	-2	15684	12672	4736.372	118.25	6.418	195.375	5.83	257.625	9.924	13404.889	257.625	0	0	0	9	9	15684	12875	15145	15152	15170	15121	14395	10508	-2	112	118	126	121	125	124	112	108	-2	199	192	208	197	190	195	194	188	-2	262	248	280	255	255	259	257	245	-1
1002001000	-2	13815	9626.556	5226.529	93	13.82	180.714	7.225	213.5	47.799	9626.667	213.5	0	0	1	9	9	11938	0	13815	12829	12003	12903	12869	10284	-2	94	73	118	86	91	111	88	83	-2	180	-2	195	183	174	185	175	173	-2	229	89	247	236	226	238	225	218	-1
1002001000	-2	13561	9188.444	4998.412	93	13.82	180.714	7.225	213.5	47.799	9626.667	213.5	0	0	1	9	9	11849	0	13561	11222	12003	10910	12869	10284	-2	94	73	118	86	91	111	88	83	-2	180	-2	195	183	174	185	175	173	-2	229	89	247	236	226	238	225	218	-1
1004001000	-2	11989	4557.333	4352.228	44.75	23.784	140.6	8.452	139	63.048	4557.667	139	0	0	3	9	9	6772	8052	0	11989	6083	8122	0	0	-2	47	42	71	27	39	92	17	23	-2	136	133	-2	138	139	157	-2	-2	-2	182	184	85	187	182	199	38	55	-1
1004001000	-2	11989	4557.333	4352.228	44.75	23.784	140.6	8.452	139	63.048	4557.667	139	0	0	3	9	9	6772	8052	0	11989	6083	8122	0	0	-2	47	42	71	27	39	92	17	23	-2	136	133	-2	138	139	157	-2	-2	-2	182	184	85	187	182	199	38	55	-1
1005001000	-2	9957	3578.111	4154.736	46.875	22.212	142.5	6.837	123.375	66.007	3578.444	123.375	0	0	4	9	9	5349	8592	0	9957	0	8307	0	0	-2	50	49	71	33	43	88	15	26	-2	140	136	-2	140	-2	154	-2	-2	-2	185	186	79	187	60	196	38	56	-1
1005001000	-2	9957	3578.111	4154.736	46.875	22.212	142.5	6.837	123.375	66.007	3578.444	123.375	0	0	4	9	9	5349	8592	0	9957	0	8307	0	0	-2	50	49	71	33	43	88	15	26	-2	140	136	-2	140	-2	154	-2	-2	-2	185	186	79	187	60	196	38	56	-1
1004001000	-2	8964	4109.778	3857.122	53.25	22.078	148.4	8.8	140.125	70.233	4110	140.125	0	0	3	9	9	6142	8964	4958	8413	0	8513	0	0	-2	51	51	88	38	45	89	22	42	-2	141	143	161	140	-2	157	-2	-2	-2	185	192	205	188	55	201	39	56	-1
1004001000	-2	8964	4109.778	3857.122	53.25	22.078	148.4	8.8	140.125	70.233	4110	140.125	0	0	3	9	9	6142	8964	4958	8413	0	8513	0	0	-2	51	51	88	38	45	89	22	42	-2	141	143	161	140	-2	157	-2	-2	-2	185	192	205	188	55	201	39	56	-1
1004001000	-2	10243	5072.444	4564.706	48	20.718	140.8	7.359	137.75	65.463	5072.889	137.75	0	0	3	9	9	8313	9241	0	10243	0	9274	0	8583	-2	51	49	71	37	42	85	13	36	-2	143	136	-2	138	-2	154	-2	133	-2	187	185	80	187	60	198	26	179	-1
1004001000	-2	10243	5072.444	4564.706	48	20.718	140.8	7.359	137.75	65.463	5072.889	137.75	0	0	3	9	9	8313	9241	0	10243	0	9274	0	8583	-2	51	49	71	37	42	85	13	36	-2	143	136	-2	138	-2	154	-2	133	-2	187	185	80	187	60	198	26	179	-1
1004001000	-2	10033	5061.222	4542.958	48.5	21.708	142.2	7.222	138.75	66.929	5061.889	138.75	0	0	3	9	9	8928	8736	0	10033	0	9231	0	8625	-2	52	52	73	39	38	86	11	37	-2	145	137	-2	139	-2	155	-2	135	-2	189	187	81	188	60	200	23	182	-1
1004001000	-2	10033	5061.222	4542.958	48.5	21.708	142.2	7.222	138.75	66.929	5061.889	138.75	0	0	3	9	9	8928	8736	0	10033	0	9231	0	8625	-2	52	52	73	39	38	86	11	37	-2	145	137	-2	139	-2	155	-2	135	-2	189	187	81	188	60	200	23	182	-1
1005001000	-2	10602	4137.111	4688.904	50.5	21.325	151	4.743	126.375	73.571	4137.333	126.375	0	0	4	9	9	9590	10602	0	7451	0	9593	0	0	-2	57	54	73	44	39	85	10	42	-2	149	145	-2	152	-2	158	-2	-2	-2	196	195	81	199	56	204	24	56	-1
1005001000	-2	10602	4137.111	4688.904	50.5	21.325	151	4.743	126.375	73.571	4137.333	126.375	0	0	4	9	9	9590	10602	0	7451	0	9593	0	0	-2	57	54	73	44	39	85	10	42	-2	149	145	-2	152	-2	158	-2	-2	-2	196	195	81	199	56	204	24	56	-1
1005001000	-2	8953	3733.667	4206	52.25	21.111	156	4.183	130.25	76.684	3733.889	130.25	0	0	4	9	9	8938	8953	0	7093	0	8621	0	0	-2	58	56	73	46	46	86	10	43	-2	152	154	-2	155	-2	163	-2	-2	-2	203	205	82	203	56	211	24	58	-1
1005001000	-2	8953	3733.667	4206	52.25	21.111	156	4.183	130.25	76.684	3733.889	130.25	0	0	4	9	9	8938	8953	0	7093	0	8621	0	0	-2	58	56	73	46	46	86	10	43	-2	152	154	-2	155	-2	163	-2	-2	-2	203	205	82	203	56	211	24	58	-1
1004001000	-2	10107	4738.556	4358.97	49.875	21.098	152.8	6.431	148.375	74.096	4738.889	148.375	0	0	3	9	9	10107	7487	0	6645	0	8410	0	10000	-2	54	53	71	40	45	85	9	42	-2	151	152	-2	153	-2	164	-2	144	-2	203	207	82	203	57	213	25	197	-1
1004001000	-2	10107	4738.556	4358.97	49.875	21.098	152.8	6.431	148.375	74.096	4738.889	148.375	0	0	3	9	9	10107	7487	0	6645	0	8410	0	10000	-2	54	53	71	40	45	85	9	42	-2	151	152	-2	153	-2	164	-2	144	-2	203	207	82	203	57	213	25	197	-1
1004001000	-2	10291	4888	4466.165	51	21.296	154.4	6.771	149.75	74.861	4888.333	149.75	0	0	3	9	9	10178	7585	0	7479	0	8461	0	10291	-2	53	51	72	45	47	88	10	42	-2	152	154	-2	155	-2	166	-2	145	-2	205	208	82	206	57	216	26	198	-1
1004001000	-2	10291	4888	4466.165	51	21.296	154.4	6.771	149.75	74.861	4888.333	149.75	0	0	3	9	9	10178	7585	0	7479	0	8461	0	10291	-2	53	51	72	45	47	88	10	42	-2	152	154	-2	155	-2	166	-2	145	-2	205	208	82	206	57	216	26	198	-1
1001001000	-2	16374	12229.444	4659.636	12.125	3.1	128.125	6.173	213.125	5.6	17149	213.125	0	0	0	9	9	11809	15801	12554	14190	15233	10900	16374	13206	-2	12	11	12	8	19	9	13	13	-2	135	116	133	128	129	135	122	127	-2	219	202	221	211	210	216	211	215	-1
1001001000	-2	13431	9838.111	3784.878	18.25	4.63	124.5	10.642	173.25	7.084	9885.444	173.25	0	0	0	9	9	10263	13431	9531	10027	12105	8720	12945	11523	-2	23	20	20	10	25	13	18	17	-2	134	105	135	126	123	138	113	122	-2	180	161	184	171	172	180	168	170	-1
1001001000	-2	15303	11463.889	4279.708	108.25	8.729	185.5	5.809	239.375	6.927	11486.444	239.375	0	0	0	9	9	11133	12461	14691	12852	15303	12436	13436	10865	-2	105	105	124	103	115	114	107	93	-2	183	186	200	185	181	186	181	182	-2	237	238	255	234	238	243	240	230	-1
1001001000	-2	15303	11463.889	4279.708	108.25	8.729	185.5	5.809	239.375	6.927	11486.444	239.375	0	0	0	9	9	11133	12461	14691	12852	15303	12436	13436	10865	-2	105	105	124	103	115	114	107	93	-2	183	186	200	185	181	186	181	182	-2	237	238	255	234	238	243	240	230	-1
1003001000	-2	11694	6698.556	4847.902	82.875	16.534	172.167	7.733	184.375	60.116	6698.778	184.375	0	0	2	9	9	9133	0	11056	7838	11694	10244	10324	0	-2	79	69	114	70	81	107	72	71	-2	166	-2	186	171	169	178	163	-2	-2	210	84	232	223	214	224	210	78	-1
1003001000	-2	11694	6698.556	4847.902	82.875	16.534	172.167	7.733	184.375	60.116	6698.778	184.375	0	0	2	9	9	9133	0	11056	7838	11694	10244	10324	0	-2	79	69	114	70	81	107	72	71	-2	166	-2	186	171	169	178	163	-2	-2	210	84	232	223	214	224	210	78	-1
1003001000	-2	11730	6373.667	4734.616	36.75	17.275	128.833	4.22	152.25	42.854	6373.889	152.25	0	0	2	9	9	10726	8532	0	11285	8134	0	11730	6958	-2	45	39	59	19	35	63	13	21	-2	133	132	-2	131	131	-2	124	122	-2	180	181	85	181	175	72	170	174	-1
1003001000	-2	11730	6373.667	4734.616	36.75	17.275	128.833	4.22	152.25	42.854	6373.889	152.25	0	0	2	9	9	10726	8532	0	11285	8134	0	11730	6958	-2	45	39	59	19	35	63	13	21	-2	133	132	-2	131	131	-2	124	122	-2	180	181	85	181	175	72	170	174	-1
1002001000	-2	11908	6997.889	4014.565	39.125	20.515	130.714	7.535	165.875	32.96	7012.889	165.875	0	0	1	9	9	7122	9104	0	10444	7832	9433	11908	7140	-2	46	41	59	21	35	78	12	21	-2	133	129	-2	129	131	147	124	122	-2	180	178	80	179	176	191	171	172	-1
1002001000	-2	11908	6997.889	4014.565	39.125	20.515	130.714	7.535	165.875	32.96	7012.889	165.875	0	0	1	9	9	7122	9104	0	10444	7832	9433	11908	7140	-2	46	41	59	21	35	78	12	21	-2	133	129	-2	129	131	147	124	122	-2	180	178	80	179	176	191	171	172	-1
1003001000	-2	8984	5343.556	3851.134	39.875	20.454	131	8.775	147.75	56.211	5589.778	147.75	0	0	2	9	9	6108	8050	0	8984	8056	8401	0	8495	-2	46	43	55	27	35	81	11	21	-2	133	128	-2	128	127	149	-2	121	-2	179	178	82	178	174	193	26	172	-1
1004001000	-2	9402	4982.556	4470.37	37.125	21.814	131.2	9.516	130.125	64.491	4983.667	130.125	0	0	3	9	9	8199	9162	0	0	9402	8689	0	9393	-2	45	43	55	19	25	80	8	22	-2	134	128	-2	-2	126	148	-2	120	-2	179	178	82	27	173	192	39	171	-1
1004001000	-2	9402	4982.556	4470.37	37.125	21.814	131.2	9.516	130.125	64.491	4983.667	130.125	0	0	3	9	9	8199	9162	0	0	9402	8689	0	9393	-2	45	43	55	19	25	80	8	22	-2	134	128	-2	-2	126	148	-2	120	-2	179	178	82	27	173	192	39	171	-1
1003001000	-2	10742	6396.889	4559.651	37.375	24.062	133.333	8.957	149	59.359	6398.222	149	0	0	2	9	9	9701	8658	0	10155	0	9025	10742	9293	-2	46	44	63	27	8	80	8	23	-2	135	131	-2	134	-2	151	126	123	-2	182	181	82	184	19	196	175	173	-1
1003001000	-2	10742	6396.889	4559.651	37.375	24.062	133.333	8.957	149	59.359	6398.222	149	0	0	2	9	9	9701	8658	0	10155	0	9025	10742	9293	-2	46	44	63	27	8	80	8	23	-2	135	131	-2	134	-2	151	126	123	-2	182	181	82	184	19	196	175	173	-1
1005001000	-2	12030	4568.667	5162.231	37.375	22.045	140	6.364	117.375	74.418	4568.778	117.375	0	0	4	9	9	12030	8994	0	9770	0	10326	0	0	-2	46	45	56	29	11	78	8	26	-2	137	136	-2	136	-2	151	-2	-2	-2	188	186	82	187	23	199	40	34	-1
1005001000	-2	11873	4551.222	5137.193	37.375	22.045	140	6.364	117.375	74.418	4568.778	117.375	0	0	4	9	9	11873	8994	0	9770	0	10326	0	0	-2	46	45	56	29	11	78	8	26	-2	137	136	-2	136	-2	151	-2	-2	-2	188	186	82	187	23	199	40	34	-1
1004001000	-2	11957	5563.556	5032.489	40.875	22.054	141.2	9.261	137.375	74.5	5565.444	137.375	0	0	3	9	9	11957	9516	0	9985	0	9378	0	9238	-2	45	49	63	35	16	80	9	30	-2	139	139	-2	137	-2	159	-2	132	-2	193	192	83	190	24	207	25	185	-1
1004001000	-2	11957	5563.556	5032.489	40.875	22.054	141.2	9.261	137.375	74.5	5565.444	137.375	0	0	3	9	9	11957	9516	0	9985	0	9378	0	9238	-2	45	49	63	35	16	80	9	30	-2	139	139	-2	137	-2	159	-2	132	-2	193	192	83	190	24	207	25	185	-1
1004001000	-2	12262	5567.222	5067.637	38.375	19.773	139.4	8.163	136.625	73.336	5567.444	136.625	0	0	3	9	9	12262	9201	0	9374	0	8763	0	10507	-2	43	45	52	29	18	77	9	34	-2	139	139	-2	136	-2	154	-2	129	-2	193	192	83	189	25	203	26	182	-1
1004001000	-2	12262	5567.222	5067.637	38.375	19.773	139.4	8.163	136.625	73.336	5567.444	136.625	0	0	3	9	9	12262	9201	0	9374	0	8763	0	10507	-2	43	45	52	29	18	77	9	34	-2	139	139	-2	136	-2	154	-2	129	-2	193	192	83	189	25	203	26	182	-1
1004001000	-2	10459	5209.667	4704.667	33.5	19.013	137.6	10.327	131.375	75.444	5210.222	131.375	0	0	3	9	9	10256	9318	0	8369	0	8487	0	10459	-2	34	42	31	27	17	77	9	31	-2	132	138	-2	134	-2	157	-2	127	-2	185	191	55	187	24	204	26	179	-1
1001001000	-2	14240	11018.778	3974.385	10.75	3.152	95.875	7.339	153.5	7.697	11097.333	153.5	0	0	0	9	9	12701	12649	14240	12045	11163	12330	11887	12156	-2	11	9	11	7	18	8	12	10	-2	102	86	107	94	93	105	88	92	-2	156	142	167	152	150	163	147	151	-1
1001001000	-2	14240	11018.778	3974.385	10.75	3.152	95.875	7.339	153.5	7.697	11097.333	153.5	0	0	0	9	9	12701	12649	14240	12045	11163	12330	11887	12156	-2	11	9	11	7	18	8	12	10	-2	102	86	107	94	93	105	88	92	-2	156	142	167	152	150	163	147	151	-1
1002001000	-2	11111	7122.778	4262.36	67.875	22.464	156	6.37	180.625	47.615	7122.889	180.625	0	0	1	9	9	10717	10370	8985	10689	4628	7607	11111	0	-2	76	53	102	57	61	98	67	29	-2	157	154	168	151	149	162	151	-2	-2	201	199	209	194	185	206	195	56	-1
1003001000	-2	12048	6186.111	4663.18	49.75	16.177	147.333	5.706	164	53.891	6186.222	164	0	0	2	9	9	8167	9274	0	11746	7179	7263	12048	0	-2	52	46	73	39	44	76	44	24	-2	142	148	-2	147	146	159	142	-2	-2	192	195	87	199	190	205	187	57	-1
1003001000	-2	12767	6932.667	5053.762	31.625	12.549	124.333	5.217	148.25	45.356	6932.778	148.25	0	0	2	9	9	11161	9767	0	11348	8924	0	12767	8429	-2	43	38	47	18	29	45	13	20	-2	129	131	-2	123	126	-2	122	115	-2	177	180	86	176	172	56	170	169	-1
1003001000	-2	12122	6746.667	4897.57	31.625	12.549	124.333	5.217	148.25	45.356	6932.778	148.25	0	0	2	9	9	11039	9498	0	10975	8729	0	12122	8359	-2	43	38	47	18	29	45	13	20	-2	129	131	-2	123	126	-2	122	115	-2	177	180	86	176	172	56	170	169	-1
1004001000	-2	10676	4815.222	4384.375	28.375	11.968	118.4	7.838	124.625	57.968	4815.333	124.625	0	0	3	9	9	7950	10676	0	0	8184	0	8943	7586	-2	42	35	42	18	27	38	9	16	-2	126	126	-2	-2	122	-2	110	108	-2	174	175	86	27	169	45	160	161	-1
1004001000	-2	10676	4815.222	4384.375	28.375	11.968	118.4	7.838	124.625	57.968	4815.333	124.625	0	0	3	9	9	7950	10676	0	0	8184	0	8943	7586	-2	42	35	42	18	27	38	9	16	-2	126	126	-2	-2	122	-2	110	108	-2	174	175	86	27	169	45	160	161	-1
1003001000	-2	10735	5629.667	4117.421	26.5	12.845	118.5	12.738	135.125	57.979	5630.222	135.125	0	0	2	9	9	7210	10735	7117	0	7822	0	9442	8343	-2	41	37	41	17	17	37	8	14	-2	123	124	138	-2	121	-2	106	99	-2	171	173	183	27	169	45	158	155	-1
1003001000	-2	10245	5350	3887.242	26.5	12.845	118.5	12.738	135.125	57.979	5630.222	135.125	0	0	2	9	9	7141	10245	6984	0	7513	0	8338	7931	-2	41	37	41	17	17	37	8	14	-2	123	124	138	-2	121	-2	106	99	-2	171	173	183	27	169	45	158	155	-1
1004001000	-2	9923	4812.556	4347.359	24.875	13.642	116.6	13.366	116.25	66.213	5044.333	116.25	0	0	3	9	9	8670	9923	7390	0	0	0	8885	8447	-2	39	35	41	17	7	37	7	16	-2	124	121	135	-2	-2	-2	105	98	-2	172	169	181	27	23	45	159	154	-1
1004001000	-2	10358	5044.222	4567.173	24.875	13.642	116.6	13.366	116.25	66.213	5044.333	116.25	0	0	3	9	9	8817	10358	7614	0	0	0	9827	8784	-2	39	35	41	17	7	37	7	16	-2	124	121	135	-2	-2	-2	105	98	-2	172	169	181	27	23	45	159	154	-1
1004001000	-2	10374	5350	4801.706	24.75	12.527	112.2	9.02	122.875	56.913	5350.333	122.875	0	0	3	9	9	9432	9308	0	10374	0	0	10096	8942	-2	35	36	38	18	7	37	7	20	-2	123	121	-2	112	-2	-2	106	99	-2	172	170	83	168	27	46	161	156	-1
1004001000	-2	10374	5350	4801.706	24.75	12.527	112.2	9.02	122.875	56.913	5350.333	122.875	0	0	3	9	9	9432	9308	0	10374	0	0	10096	8942	-2	35	36	38	18	7	37	7	20	-2	123	121	-2	112	-2	-2	106	99	-2	172	170	83	168	27	46	161	156	-1
1005001000	-2	10798	4091.778	4693.004	23.875	11.185	118.25	6.61	107.125	66.322	4092	107.125	0	0	4	9	9	9361	10798	0	10030	0	0	0	6639	-2	33	37	37	18	8	29	8	21	-2	125	124	-2	115	-2	-2	-2	109	-2	177	174	83	170	28	36	25	164	-1
1005001000	-2	10798	4091.778	4693.004	23.875	11.185	118.25	6.61	107.125	66.322	4092	107.125	0	0	4	9	9	9361	10798	0	10030	0	0	0	6639	-2	33	37	37	18	8	29	8	21	-2	125	124	-2	115	-2	-2	-2	109	-2	177	174	83	170	28	36	25	164	-1
1005001000	-2	10671	3844.111	4378.708	23.75	10.744	118.25	5.309	109	65.624	3844.444	109	0	0	4	9	9	7749	10671	0	8704	0	0	0	7475	-2	24	39	31	19	10	37	8	22	-2	118	126	-2	118	-2	-2	-2	111	-2	175	176	83	173	28	46	25	166	-1
1005001000	-2	10671	3844.111	4378.708	23.75	10.744	118.25	5.309	109	65.624	3844.444	109	0	0	4	9	9	7749	10671	0	8704	0	0	0	7475	-2	24	39	31	19	10	37	8	22	-2	118	126	-2	118	-2	-2	-2	111	-2	175	176	83	173	28	46	25	166	-1
1004001000	-2	10580	3908.556	4480.452	20.625	8.703	116.2	7.359	121.875	57.137	3908.778	121.875	0	0	4	9	9	7286	10580	0	9935	0	0	0	7378	-2	18	36	24	20	9	28	8	22	-2	118	125	-2	115	120	-2	-2	103	-2	174	175	83	169	141	46	26	161	-1
1001001000	-2	11841	8077.556	3275.492	17.125	5.158	108.75	10.533	154.375	7.921	8077.778	154.375	0	0	0	9	9	7627	9669	10437	8409	6884	7203	11841	10630	-2	22	17	22	10	25	12	17	12	-2	113	101	122	104	104	127	106	93	-2	156	149	168	148	150	166	153	145	-1
1002001000	-2	11692	6566.778	3911.299	43.5	12.952	141.714	7.478	173.5	44.32	6742.667	173.5	0	0	1	9	9	8328	7131	11692	9535	5914	6406	10097	0	-2	50	42	66	40	39	57	31	23	-2	137	139	156	137	139	150	134	-2	-2	189	188	204	191	181	198	179	58	-1
1002001000	-2	9266	6005.667	3404.848	23.625	10.049	113	10.212	149.125	43.455	6171.778	149.125	0	0	1	9	9	8185	9266	8393	4857	8201	0	7699	7452	-2	38	32	36	16	20	24	9	14	-2	117	118	131	107	117	-2	100	101	-2	171	169	179	164	165	36	152	157	-1
1002001000	-2	9764	6172.556	3510.624	23.625	10.049	113	10.212	149.125	43.455	6171.778	149.125	0	0	1	9	9	8219	9764	8536	4981	8357	0	8173	7525	-2	38	32	36	16	20	24	9	14	-2	117	118	131	107	117	-2	100	101	-2	171	169	179	164	165	36	152	157	-1
1003001000	-2	9142	5401.556	3850.941	19.5	8.846	103.167	6.067	128.875	48.3	5401.778	128.875	0	0	2	9	9	7784	7635	0	7515	8681	0	9142	7859	-2	32	31	24	15	11	24	8	11	-2	108	112	-2	104	104	-2	95	96	-2	161	162	36	160	156	56	150	150	-1
1003001000	-2	9142	5401.556	3850.941	19.5	8.846	103.167	6.067	128.875	48.3	5401.778	128.875	0	0	2	9	9	7784	7635	0	7515	8681	0	9142	7859	-2	32	31	24	15	11	24	8	11	-2	108	112	-2	104	104	-2	95	96	-2	161	162	36	160	156	56	150	150	-1
1002001000	-2	9119	6291.444	3418.903	17.125	7.079	101.571	9.752	142.375	33.328	6292.333	142.375	0	0	1	9	9	8690	8462	6913	7607	7644	0	8190	9119	-2	23	27	22	15	9	23	7	11	-2	107	106	121	95	98	-2	92	92	-2	158	156	169	155	152	56	147	146	-1
1002001000	-2	8772	6012	3281.122	17.125	7.079	101.571	9.752	142.375	33.328	6292.333	142.375	0	0	1	9	9	8551	8275	6654	7412	7012	0	7434	8772	-2	23	27	22	15	9	23	7	11	-2	107	106	121	95	98	-2	92	92	-2	158	156	169	155	152	56	147	146	-1
1002001000	-2	10166	6693.778	3676.407	16.875	7.557	103.143	8.983	143.375	33.623	6694.222	143.375	0	0	1	9	9	9851	7937	7823	8351	7474	0	10166	8644	-2	22	28	22	15	6	23	7	12	-2	108	105	122	96	100	-2	97	94	-2	159	154	170	156	154	56	151	147	-1
1002001000	-2	10166	6693.778	3676.407	16.875	7.557	103.143	8.983	143.375	33.623	6694.222	143.375	0	0	1	9	9	9851	7937	7823	8351	7474	0	10166	8644	-2	22	28	22	15	6	23	7	12	-2	108	105	122	96	100	-2	97	94	-2	159	154	170	156	154	56	151	147	-1
1002001000	-2	11289	6840.889	3833.453	16.625	7.21	107.857	12.171	143.25	45.417	6841.222	143.25	0	0	1	9	9	11289	8241	7999	9347	6735	8746	0	9213	-2	20	27	22	16	6	23	7	12	-2	107	105	127	96	100	125	-2	95	-2	159	155	174	157	155	172	25	149	-1
1002001000	-2	11505	7119.222	4036.39	15.625	6.594	103.143	9.172	144	37.57	7119.889	144	0	0	1	9	9	11505	8334	8975	9670	6251	0	10306	9034	-2	16	27	17	16	7	23	7	12	-2	104	105	124	97	100	-2	96	96	-2	160	155	173	158	156	46	153	151	-1
1002001000	-2	11505	7119.222	4036.39	15.625	6.594	103.143	9.172	144	37.57	7119.889	144	0	0	1	9	9	11505	8334	8975	9670	6251	0	10306	9034	-2	16	27	17	16	7	23	7	12	-2	104	105	124	97	100	-2	96	96	-2	160	155	173	158	156	46	153	151	-1
1002001000	-2	11445	6687.556	3901.159	16.375	6.945	103.429	10.055	144.5	37.845	6690	144.5	0	0	1	9	9	11445	7618	8238	9542	5229	0	8869	9249	-2	15	28	20	17	8	24	7	12	-2	103	107	126	98	100	-2	94	96	-2	160	156	175	158	157	46	151	153	-1
1002001000	-2	11445	6687.556	3901.159	16.375	6.945	103.429	10.055	144.5	37.845	6690	144.5	0	0	1	9	9	11445	7618	8238	9542	5229	0	8869	9249	-2	15	28	20	17	8	24	7	12	-2	103	107	126	98	100	-2	94	96	-2	160	156	175	158	157	46	151	153	-1
1001001000	-2	10805	7998.111	3090.448	19.25	4.465	113.875	9.198	158.75	7.137	8072	158.75	0	0	0	9	9	7984	10643	8756	8438	6566	8977	10805	9816	-2	22	19	28	15	23	16	17	14	-2	116	112	126	110	110	127	114	96	-2	160	158	169	155	153	168	161	146	-1
1001001000	-2	13863	9989.778	3866.177	29.25	8.422	126.375	8.184	177.125	6.173	10428.889	177.125	0	0	0	9	9	13863	8784	12810	11157	9541	10746	10171	12838	-2	35	36	41	35	28	24	15	20	-2	126	134	140	126	125	128	122	110	-2	178	181	186	182	170	181	171	168	-1
1001001000	-2	10904	8208.222	3205.397	15.375	4.82	100.375	10.653	153.125	8.609	8497.889	153.125	0	0	0	9	9	10904	9710	8497	5929	9785	9037	10563	9451	-2	20	19	20	15	11	20	7	11	-2	104	108	115	93	97	113	89	84	-2	158	160	164	152	149	161	142	139	-1
1001001000	-2	10884	8230.222	3216.352	15.375	4.82	100.375	10.653	153.125	8.609	8497.889	153.125	0	0	0	9	9	10884	9734	8451	5924	9715	9185	10650	9531	-2	20	19	20	15	11	20	7	11	-2	104	108	115	93	97	113	89	84	-2	158	160	164	152	149	161	142	139	-1
1001001000	-2	9941	7430.667	2900.646	12.75	3.631	92.875	9.089	145.75	7.013	7493.222	145.75	0	0	0	9	9	9941	9809	9533	6019	7551	7155	8419	8451	-2	16	17	15	13	9	16	7	9	-2	93	100	108	88	89	102	82	81	-2	148	151	158	144	142	150	138	135	-1
1001001000	-2	13743	11451.778	4111.842	7.5	1.225	72.625	4.948	141.875	7.167	12701.778	141.875	0	0	0	9	9	13743	12928	13084	11019	13131	13334	12750	13079	-2	8	7	8	6	10	6	8	7	-2	77	71	81	68	71	77	71	65	-2	148	138	154	136	139	150	137	133	-1
1001001000	-2	11620	9179.333	3409.21	7.625	1.317	72.125	4.484	125.875	5.689	9429.444	125.875	0	0	0	9	9	11620	10764	11557	8019	10503	10785	9674	9694	-2	8	7	9	6	10	6	8	7	-2	76	70	79	69	69	77	72	65	-2	129	124	133	123	121	135	125	117	-1
1001001000	-2	11994	9553.778	3441.278	8.5	1.225	80	5.339	134.75	5.426	9760.778	134.75	0	0	0	9	9	10455	10224	11472	9671	11131	10463	10576	11994	-2	8	8	10	7	11	8	8	8	-2	83	75	86	77	78	90	77	74	-2	138	133	142	132	131	143	133	126	-1
1001001000	-2	12787	10600.667	3856.732	20.875	3.257	126.5	6.285	178.625	6.836	10938.111	178.625	0	0	0	9	9	12787	9614	12008	12124	12593	11892	12777	11613	-2	22	24	25	19	24	20	18	15	-2	128	130	134	124	120	131	131	114	-2	181	179	183	176	174	181	190	165	-1
1001001000	-2	13066	10135.111	3754.263	23.125	8.054	122.5	7.124	177	4.743	10868.556	177	0	0	0	9	9	12361	9075	10838	11375	11693	12337	10473	13066	-2	23	34	24	37	14	21	13	19	-2	119	136	129	122	123	122	119	110	-2	177	185	178	183	172	176	175	170	-1
1001001000	-2	13233	10287.667	3914.64	23.125	8.054	122.5	7.124	177	4.743	10868.556	177	0	0	0	9	9	13150	8781	10627	11153	12209	13233	10261	13177	-2	23	34	24	37	14	21	13	19	-2	119	136	129	122	123	122	119	110	-2	177	185	178	183	172	176	175	170	-1
1001001000	-2	11815	8630.778	3178.229	11.625	3.16	90.375	8.41	143.125	7.096	8654.333	143.125	0	0	0	9	9	8377	9855	9675	9325	9650	10035	11815	8947	-2	11	15	14	14	9	15	6	9	-2	91	99	102	88	88	98	80	77	-2	144	151	152	145	141	147	135	130	-1
