1009008000	-2	0	-0.222	0.629	21	0	-0.01	-0.01	35.75	39.025	1417.556	138.5	0	0	8	9	9	0	0	0	0	0	0	0	0	-2	21	-2	-2	-2	-2	-2	-2	-2	-2	-2	-2	-2	-2	-2	-2	-2	-2	-2	139	21	21	21	21	21	21	21	-1
1006006000	-2	0	-0.222	0.629	8.333	4.028	76	8.641	54	42.641	789.889	112.875	0	0	8	9	9	0	0	0	0	0	0	0	0	-2	5	-2	14	-2	-2	-2	6	-2	-2	80	-2	84	-2	-2	-2	64	-2	-2	112	21	110	21	21	21	105	21	-1
1001001000	-2	3269	1619.556	1080.551	5.25	0.433	62.5	3.841	119.875	15.504	3543.667	119.875	0	0	0	9	9	3269	615	3213	1301	2355	1420	664	1741	-2	5	5	6	5	6	5	5	5	-2	57	64	56	67	65	66	64	61	-2	109	116	155	104	131	122	108	114	-1
1001001000	-2	3269	1619.556	1080.551	5.25	0.433	62.5	3.841	119.875	15.504	3543.667	119.875	0	0	0	9	9	3269	615	3213	1301	2355	1420	664	1741	-2	5	5	6	5	6	5	5	5	-2	57	64	56	67	65	66	64	61	-2	109	116	155	104	131	122	108	114	-1
1001001000	-2	4517	2075.667	1364.377	5.125	0.331	61.875	2.934	116.25	10.072	3381.111	117.125	0	0	0	9	9	1844	1334	4517	2111	4030	2566	963	1318	-2	5	5	5	5	6	5	5	5	-2	58	63	58	67	65	61	61	62	-2	109	109	132	104	131	122	109	114	-1
1001001000	-2	4489	2062.444	1360.369	5.125	0.331	61.875	2.934	116.25	10.072	3381.111	117.125	0	0	0	9	9	1845	1291	4489	2117	4023	2537	964	1298	-2	5	5	5	5	6	5	5	5	-2	58	63	58	67	65	61	61	62	-2	109	109	132	104	131	122	109	114	-1
1001001000	-2	4559	2193.111	1241.623	5.375	0.484	59.5	2.55	115.375	10.988	4578.111	117.25	0	0	0	9	9	1605	2236	3600	2710	4559	1722	1479	1829	-2	5	6	5	6	6	5	5	5	-2	57	60	57	64	63	59	59	57	-2	109	105	132	104	131	123	105	114	-1
1001001000	-2	4559	2193.111	1241.623	5.375	0.484	59.5	2.55	115.375	10.988	4578.111	117.25	0	0	0	9	9	1605	2236	3600	2710	4559	1722	1479	1829	-2	5	6	5	6	6	5	5	5	-2	57	60	57	64	63	59	59	57	-2	109	105	132	104	131	123	105	114	-1
1001001000	-2	3461	1771.667	918.669	5.375	0.484	59.25	2.634	114.75	10.329	4510.444	116.625	0	0	0	9	9	1322	1648	3461	2039	2735	1783	1157	1802	-2	5	6	5	6	6	5	5	5	-2	56	59	57	63	64	58	59	58	-2	109	102	133	104	125	123	109	113	-1
1001001000	-2	2722	1392.333	766.625	5.375	0.484	59.25	2.634	113.375	11.554	4510.444	116.625	0	0	0	9	9	1029	1410	2722	1839	2190	1353	613	1377	-2	5	6	5	6	6	5	5	5	-2	56	59	57	63	64	58	59	58	-2	109	102	133	101	125	123	101	113	-1
1001001000	-2	2600	1612.222	717.085	5.375	0.484	59.375	2.118	115.875	10.822	4377.667	117.75	0	0	0	9	9	1068	2135	2600	1701	1404	2098	1479	2027	-2	5	6	5	6	6	5	5	5	-2	58	60	58	62	63	59	59	56	-2	110	105	133	102	125	129	110	113	-1
1008008000	-2	0	-0.222	0.629	14	0	151	0	44.375	61.844	108.333	135	0	0	8	9	9	0	0	0	0	0	0	0	0	-2	-2	-2	14	-2	-2	-2	-2	-2	-2	-2	-2	151	-2	-2	-2	-2	-2	-2	21	21	208	21	21	21	21	21	-1
1008008000	-2	0	-0.222	0.629	15	0	97	0	32.125	29.434	1032.889	116.5	0	0	8	9	9	0	0	0	0	0	0	0	0	-2	-2	-2	15	-2	-2	-2	-2	-2	-2	-2	-2	97	-2	-2	-2	-2	-2	-2	21	21	110	21	21	21	21	21	-1
1001001000	-2	207	22.778	65.135	5.625	0.484	72.25	4.116	105	7.28	170.444	106.375	0	0	7	9	9	0	0	0	0	0	207	0	0	-2	5	6	6	5	6	6	6	5	-2	72	73	71	80	71	73	74	64	-2	98	95	109	108	105	120	105	100	-1
1001001000	-2	257	28.333	80.848	5.875	0.599	72.25	5.068	105.25	7.31	196.667	106.5	0	0	7	9	9	0	0	257	0	0	0	0	0	-2	5	6	6	6	6	7	6	5	-2	72	72	67	79	71	77	77	63	-2	98	96	110	106	105	121	105	101	-1
1001001000	-2	257	28.333	80.848	5.875	0.599	72.25	5.068	105.25	7.31	196.667	106.5	0	0	7	9	9	0	0	257	0	0	0	0	0	-2	5	6	6	6	6	7	6	5	-2	72	72	67	79	71	77	77	63	-2	98	96	110	106	105	121	105	101	-1
1001001000	-2	1881	208.778	591.22	6.125	0.781	75.5	6.519	115.25	8.828	231.889	115.25	0	0	7	9	9	0	0	1881	0	0	0	0	0	-2	5	7	6	6	7	7	6	5	-2	74	76	66	88	74	81	77	68	-2	128	109	111	106	129	121	106	112	-1
1001001000	-2	6545	3596.444	1872.804	5.5	0.5	62.875	3.982	120.25	8.555	4106.444	120.25	0	0	0	9	9	3408	1950	6545	2648	6006	3652	4069	4092	-2	5	6	5	6	6	6	5	5	-2	59	65	56	70	65	63	64	61	-2	109	112	132	129	130	122	114	114	-1
1001001000	-2	6545	3596.444	1872.804	5.5	0.5	62.875	3.982	120.25	8.555	4106.444	120.25	0	0	0	9	9	3408	1950	6545	2648	6006	3652	4069	4092	-2	5	6	5	6	6	6	5	5	-2	59	65	56	70	65	63	64	61	-2	109	112	132	129	130	122	114	114	-1
1001001000	-2	7227	4255.889	1839.091	5.25	0.433	58.875	3.444	121.125	9.048	5651.333	121.125	0	0	0	9	9	3711	5171	5486	4015	7227	4933	4019	3743	-2	5	6	5	5	6	5	5	5	-2	57	59	53	65	62	59	60	56	-2	109	117	133	129	130	127	110	114	-1
1001001000	-2	7276	4271.778	1848.251	5.25	0.433	58.875	3.444	121.125	9.048	5651.333	121.125	0	0	0	9	9	3721	5173	5480	4015	7276	4975	4058	3750	-2	5	6	5	5	6	5	5	5	-2	57	59	53	65	62	59	60	56	-2	109	117	133	129	130	127	110	114	-1
1001001000	-2	6407	3651.667	1821.793	5.25	0.433	58.75	3.072	117.875	9.584	5117.333	117.875	0	0	0	9	9	1391	4679	6407	3438	5058	4258	4216	3420	-2	5	6	5	5	6	5	5	5	-2	56	60	54	63	63	59	59	56	-2	110	118	133	104	125	129	110	114	-1
1001001000	-2	8093	4257.444	2090.154	5.25	0.433	58.75	3.072	117.875	9.584	5117.333	117.875	0	0	0	9	9	2376	4745	8093	3423	5190	5110	4786	4596	-2	5	6	5	5	6	5	5	5	-2	56	60	54	63	63	59	59	56	-2	110	118	133	104	125	129	110	114	-1
1001001000	-2	8036	4020	1967.189	5.25	0.433	58.25	2.385	119.625	9.205	5814.778	119.625	0	0	0	9	9	2819	4554	8036	3814	3765	4731	4448	4015	-2	5	6	5	5	6	5	5	5	-2	57	60	54	60	62	58	59	56	-2	114	118	133	104	130	128	115	115	-1
1001001000	-2	6648	2948.333	1699.433	5.25	0.433	58.25	2.385	119.625	9.205	5814.778	119.625	0	0	0	9	9	1655	3736	6648	3398	2013	3403	2866	2818	-2	5	6	5	5	6	5	5	5	-2	57	60	54	60	62	58	59	56	-2	114	118	133	104	130	128	115	115	-1
1001001000	-2	6630	2722.444	1681.267	5.25	0.433	59	2.784	117.125	7.043	5379.222	117.125	0	0	0	9	9	2132	3262	6630	2446	2133	2313	3662	1926	-2	5	6	5	5	6	5	5	5	-2	59	62	54	61	63	57	59	57	-2	114	119	117	104	126	128	114	115	-1
1001001000	-2	7544	3495.222	1905.022	5.25	0.433	59	2.784	117.125	7.043	5379.222	117.125	0	0	0	9	9	2614	3922	7544	2764	3326	3592	4911	2786	-2	5	6	5	5	6	5	5	5	-2	59	62	54	61	63	57	59	57	-2	114	119	117	104	126	128	114	115	-1
1001001000	-2	3609	1939.778	1303.698	5.375	0.696	65	2.739	116.75	7.276	2491	116.75	0	0	0	9	9	789	508	3073	2046	3185	3609	3232	1018	-2	5	7	5	5	6	5	5	5	-2	68	68	63	65	68	60	65	63	-2	111	119	117	104	126	128	114	115	-1
1001001000	-2	3885	2081.889	1394.764	5.375	0.696	65	2.739	116.75	7.276	2491	116.75	0	0	0	9	9	828	508	3074	2341	3527	3885	3437	1139	-2	5	7	5	5	6	5	5	5	-2	68	68	63	65	68	60	65	63	-2	111	119	117	104	126	128	114	115	-1
1001001000	-2	2812	1126.111	1084.673	5.625	0.696	71.375	8.321	119.625	9.246	1344	119.625	0	0	2	9	9	0	0	2812	1633	1059	2253	2285	95	-2	6	7	5	6	6	5	5	5	-2	78	90	67	65	73	63	68	67	-2	112	119	134	104	126	130	116	116	-1
1002001000	-2	1498	595.889	621.116	6	0.866	74	5.904	115.125	10.005	733.333	115.125	0	0	3	9	9	0	0	1498	1236	479	1495	657	0	-2	6	8	5	6	6	5	6	6	-2	87	-2	73	68	75	68	74	73	-2	110	120	118	107	126	129	115	96	-1
1002001000	-2	1282	424.222	475.11	6.125	0.927	74.143	5.938	115.125	10.005	733.333	115.125	0	0	3	9	9	0	0	1282	818	118	945	657	0	-2	6	8	5	6	7	5	6	6	-2	87	-2	73	68	76	68	74	73	-2	110	120	118	107	126	129	115	96	-1
1002001000	-2	0	-0.222	0.629	6.625	1.218	87	8.435	115.75	10.837	-0.111	115.75	0	0	8	9	9	0	0	0	0	0	0	0	0	-2	7	9	6	5	6	6	8	6	-2	102	-2	88	76	76	86	92	89	-2	118	120	118	101	127	129	117	96	-1
1002001000	-2	0	-0.222	0.629	6.75	1.392	87.571	8.432	121.875	5.487	-0.111	121.875	0	0	8	9	9	0	0	0	0	0	0	0	0	-2	7	9	6	5	6	6	9	6	-2	102	-2	91	79	74	87	92	88	-2	126	127	118	115	127	129	117	116	-1
1002001000	-2	0	-0.222	0.629	6.625	1.495	82.857	6.958	118.75	8.12	-0.111	118.75	0	0	8	9	9	0	0	0	0	0	0	0	0	-2	7	9	6	5	5	6	9	6	-2	90	-2	87	78	73	85	92	75	-2	119	129	120	116	102	130	117	117	-1
1002001000	-2	0	-0.222	0.629	6.625	1.495	82.857	6.958	118.75	8.12	-0.111	118.75	0	0	8	9	9	0	0	0	0	0	0	0	0	-2	7	9	6	5	5	6	9	6	-2	90	-2	87	78	73	85	92	75	-2	119	129	120	116	102	130	117	117	-1
1008008000	-2	0	-0.222	0.629	14	0	127	0	40.25	50.931	485.444	137.875	0	0	8	9	9	0	0	0	0	0	0	0	0	-2	-2	-2	14	-2	-2	-2	-2	-2	-2	-2	-2	127	-2	-2	-2	-2	-2	-2	21	21	175	21	21	21	21	21	-1
1008007000	-2	0	-0.222	0.629	17	3	84	0	49.625	50.953	1622.778	118.125	0	0	8	9	9	0	0	0	0	0	0	0	0	-2	-2	-2	14	-2	-2	-2	20	-2	-2	-2	-2	84	-2	-2	-2	-2	-2	-2	21	21	159	21	21	21	112	21	-1
1007006000	-2	618	80.333	193.016	9.667	5.907	65	1	52.125	41.58	2376.333	114.625	0	0	6	9	9	0	0	107	0	0	618	0	0	-2	-2	-2	5	-2	-2	6	18	-2	-2	-2	-2	66	-2	-2	64	-2	-2	-2	21	21	111	21	21	121	80	21	-1
1007006000	-2	585	80.778	183.86	9.667	5.907	65	1	54.625	