1001001000	-2	765	449.667	215.042	48.25	11.244	140.625	6.744	222.125	27.742	15574.778	222.125	0	0	0	9	9	377	278	374	552	525	496	682	765	-2	54	42	28	51	45	40	65	61	-2	136	140	127	142	147	138	150	145	-2	214	210	184	226	244	204	282	213	-1
1001001000	-2	762	504.889	200.532	55.75	11.723	141.125	6.234	215.875	15.095	15542	215.875	0	0	0	9	9	578	526	510	445	674	762	522	529	-2	58	51	34	53	54	51	71	74	-2	141	138	127	141	146	145	149	142	-2	234	210	184	223	227	218	227	204	-1
1002002000	-2	10136	5846.667	3904.382	54.143	5.111	131.286	2.814	164.25	54.456	11204.111	182.75	0	0	1	9	9	3931	3376	0	8889	10070	9394	10136	6826	-2	55	48	-2	63	60	51	52	50	-2	132	128	-2	133	135	134	130	127	-2	186	180	21	191	186	193	184	173	-1
1002002000	-2	10136	5846.667	3904.382	54.143	5.111	131.286	2.814	164.25	54.456	11204.111	182.75	0	0	1	9	9	3931	3376	0	8889	10070	9394	10136	6826	-2	55	48	-2	63	60	51	52	50	-2	132	128	-2	133	135	134	130	127	-2	186	180	21	191	186	193	184	173	-1
1001001000	-2	10909	6774.444	3781.784	54.25	3.992	131	2.5	182.125	5.11	10624.111	181.5	0	0	0	9	9	2748	2814	6840	10909	10084	7547	9225	10805	-2	55	49	54	61	60	51	52	52	-2	131	128	130	133	135	133	131	127	-2	182	179	174	190	186	186	184	176	-1
1001001000	-2	10909	6777.778	3789.547	54.25	3.992	131	2.5	182.125	5.11	10624.111	181.5	0	0	0	9	9	2748	2796	6840	10909	10086	7547	9225	10851	-2	55	49	54	61	60	51	52	52	-2	131	128	130	133	135	133	131	127	-2	182	179	174	190	186	186	184	176	-1
1002001000	-2	8678	3904	2999.37	54.75	4.235	130.429	3.58	165.875	38.498	10375.333	178.25	0	0	1	9	9	1281	2440	0	8678	6290	4490	4565	7394	-2	56	55	54	62	59	47	53	52	-2	131	130	-2	130	134	130	135	123	-2	180	180	65	184	182	180	188	168	-1
1002001000	-2	8678	3904	2999.37	54.75	4.235	130.429	3.58	165.875	38.498	10375.333	178.25	0	0	1	9	9	1281	2440	0	8678	6290	4490	4565	7394	-2	56	55	54	62	59	47	53	52	-2	131	130	-2	130	134	130	135	123	-2	180	180	65	184	182	180	188	168	-1
1004002000	-2	6328	2341.111	2344.023	56.286	5.006	130.2	5.418	131.625	63.669	9210.556	164.875	0	0	3	9	9	0	2231	0	0	4392	3197	4924	6328	-2	59	57	55	-2	61	46	62	54	-2	-2	131	-2	-2	135	128	136	121	-2	68	182	66	21	184	178	189	165	-1
1004002000	-2	4234	1497	1540.208	56.286	5.006	130.2	5.418	129.375	62.294	9210.556	164.875	0	0	3	9	9	0	1985	0	0	3420	1371	2465	4234	-2	59	57	55	-2	61	46	62	54	-2	-2	131	-2	-2	135	128	136	121	-2	68	182	66	21	184	160	189	165	-1
1003002000	-2	7678	2862.111	2416.575	57.143	6.151	131.333	5.764	147.125	61.34	10742.111	180.875	0	0	2	9	9	4513	2746	0	0	3340	4105	3379	7678	-2	57	58	55	-2	66	46	64	54	-2	134	134	-2	-2	135	128	137	120	-2	188	187	66	21	184	178	189	164	-1
1002001000	-2	446	126.889	185.527	46.25	11.486	149.571	7.688	191.375	55	11672.667	224.75	0	0	5	9	9	0	0	446	271	427	0	0	0	-2	54	38	28	50	43	35	63	59	-2	147	149	135	151	153	149	163	-2	-2	174	176	242	250	253	174	187	75	-1
1001001000	-2	801	417.111	256.521	54.75	11.691	144.125	5.254	214.875	23.866	16237.889	222.5	0	0	1	9	9	671	364	398	0	462	524	801	536	-2	58	42	36	53	56	52	65	76	-2	141	138	137	142	151	147	152	145	-2	248	210	205	162	227	220	234	213	-1
1001001000	-2	7676	1716.222	2181.583	74.25	6.591	148.625	4.181	219.125	19.342	15115.333	226.625	0	0	0	9	9	804	1761	251	1658	733	7676	1415	1150	-2	83	70	66	66	81	75	71	82	-2	149	142	148	148	152	152	155	143	-2	220	217	172	230	227	242	227	218	-1
1001001000	-2	13354	3873.111	3720.334	73.75	6.379	149.625	4.498	212.875	17.424	14737.444	225.625	0	0	0	9	9	1725	4784	1442	4143	2649	13354	5150	1613	-2	84	70	69	67	80	74	66	80	-2	150	144	152	150	151	154	155	141	-2	220	211	179	224	214	244	202	209	-1
1001001000	-2	13354	3873.111	3720.334	73.75	6.379	149.625	4.498	212.875	17.424	14737.444	225.625	0	0	0	9	9	1725	4784	1442	4143	2649	13354	5150	1613	-2	84	70	69	67	80	74	66	80	-2	150	144	152	150	151	154	155	141	-2	220	211	179	224	214	244	202	209	-1
1001001000	-2	14799	11950.111	4296.614	68.5	7.176	146.125	4.54	227.375	16.918	13331.333	227.375	0	0	0	9	9	14111	14799	11751	13744	13474	13210	13399	13065	-2	81	66	66	72	76	66	56	65	-2	147	143	143	150	152	149	148	137	-2	231	231	208	229	253	243	228	196	-1
1004004000	-2	13468	5808.444	5601.412	55.2	5.492	130.4	2.871	122.5	78.78	10506.556	180.5	0	0	3	9	9	7167	13468	6982	11861	0	0	12800	0	-2	57	48	58	63	-2	-2	50	-2	-2	133	126	129	134	-2	-2	130	-2	-2	186	180	174	193	21	21	184	21	-1
1004004000	-2	13468	5808.444	5601.412	55.2	5.492	130.4	2.871	122.5	78.78	10506.556	180.5	0	0	3	9	9	7167	13468	6982	11861	0	0	12800	0	-2	57	48	58	63	-2	-2	50	-2	-2	133	126	129	134	-2	-2	130	-2	-2	186	180	174	193	21	21	184	21	-1
1001001000	-2	11421	6680.111	3778.947	50	9.042	125.75	4.054	173.375	6.688	9976.333	173	0	0	0	9	9	7974	2193	3227	11421	7460	8278	11401	8169	-2	56	49	57	62	52	48	46	30	-2	130	124	127	128	130	127	123	117	-2	179	172	170	182	177	177	171	159	-1
1001001000	-2	11423	6678.889	3781.035	50	9.042	125.75	4.054	173.375	6.688	9976.333	173	0	0	0	9	9	7974	2179	3228	11423	7464	8262	11403	8179	-2	56	49	57	62	52	48	46	30	-2	130	124	127	128	130	127	123	117	-2	179	172	170	182	177	177	171	159	-1
1001001000	-2	11475	5496.222	3679.866	49	8.888	125.625	4.526	173.125	6.698	9785.111	173.125	0	0	0	9	9	5558	2433	1760	11475	6333	4057	10694	7158	-2	55	49	56	57	54	45	48	28	-2	130	122	125	126	130	126	130	116	-2	178	172	168	177	176	176	180	158	-1
1001001000	-2	11634	6038.778	3370.975	48.875	8.781	125.625	4.526	173.125	6.698	9785.111	173.125	0	0	0	9	9	7392	3257	2880	11634	6800	5481	9543	7364	-2	55	49	56	56	54	45	48	28	-2	130	122	125	126	130	126	130	116	-2	178	172	168	177	176	176	180	158	-1
1001001000	-2	11487	5500.556	3197.453	48	9.327	125	4.472	171.875	6.641	9946.333	171.875	0	0	0	9	9	7493	3278	2862	11487	6301	3699	6742	7645	-2	52	50	55	57	57	44	41	28	-2	129	123	125	125	127	125	131	115	-2	177	175	166	174	173	174	179	157	-1
1001001000	-2	10929	4706.444	3225.131	49.25	8.969	125.125	4.649	172.25	6.978	9946.333	171.875	0	0	0	9	9	6581	2935	1649	10929	4457	2061	6509	7239	-2	52	50	55	57	57	44	51	28	-2	129	123	125	125	127	125	132	115	-2	177	175	166	175	173	174	181	157	-1
1001001000	-2	10087	5116.778	3266.112	47.25	8.941	126.125	4.343	174.25	6.685	10326.333	174.25	0	0	0	9	9	10087	4626	2788	9776	5389	2397	3262	7728	-2	51	52	55	56	52	45	39	28	-2	129	128	125	124	130	127	130	116	-2	180	181	170	174	178	174	178	159	-1
1001001000	-2	10993	5580.889	3209.796	47.125	8.978	126.125	4.343	174.25	6.685	10326.333	174.25	0	0	0	9	9	9284	5424	3619	10993	6603	3558	3200	7549	-2	51	52	55	56	52	44	39	28	-2	129	128	125	124	130	127	130	116	-2	180	181	170	174	178	174	178	159	-1
1002001000	-2	10004	4910	3425.995	50.125	10.142	131.143	5.488	168.625	45.817	9269.333	168.625	0	0	1	9	9	8562	3331	4540	10004	5711	3535	0	8509	-2	52	57	59	58	60	45	40	30	-2	132	137	131	131	138	129	-2	120	-2	193	197	181	187	195	180	50	166	-1
1002001000	-2	10209	5243.889	3571.076	50.125	10.142	131.143	5.488	168.625	45.817	9269.333	168.625	0	0	1	9	9	9436	3353	5096	10209	6351	4124	0	8628	-2	52	57	59	58	60	45	40	30	-2	132	137	131	131	138	129	-2	120	-2	193	197	181	187	195	180	50	166	-1
1002001000	-2	11154	5997	3585.743	57.5	6.325	135.429	5.206	184.75	47.636	9942.222	184.75	0	0	1	9	9	0	7087	7490	8216	7521	4468	8039	11154	-2	57	61	65	62	65	48	51	51	-2	-2	141	137	136	139	133	138	124	-2	65	235	201	197	203	194	205	178	-1
1001001000	-2	11956	8109.889	3257.573	62.25	5.673	141	6.892	215.25	15.88	12087.889	215.25	0	0	0	9	9	7622	9974	8882	7937	8562	6946	11112	11956	-2	67	63	67	64	70	53	59	55	-2	141	153	142	143	144	136	142	127	-2	232	242	210	211	218	205	218	186	-1
1002002000	-2	13140	7230.444	4152.55	63.571	4.777	141.714	7.085	192.25	66.533	12087.889	215.25	0	0	1	9	9	8227	8400	9481	8258	7697	0	9873	13140	-2	67	63	67	64	70	-2	59	55	-2	141	153	142	143	144	-2	142	127	-2	232	242	210	211	218	21	218	186	-1
1001001000	-2	11747	6922.556	3238.418	70.375	5.957	154.25	7.98	233.75	8.482	8418.444	233.75	0	0	0	9	9	8060	4476	11747	5513	8332	8191	5992	9994	-2	67	68	63	68	75	75	82	65	-2	151	165	146	153	154	159	165	141	-2	243	243	234	223	230	238	240	219	-1
1001001000	-2	10590	6245	2764.074	72	7.45	154.875	8.418	239.75	5.19	8344.667	239.75	0	0	0	9	9	7762	5097	10590	6047	6964	6805	4701	8241	-2	65	68	62	75	79	76	85	66	-2	150	164	147	152	154	162	168	142	-2	244	250	241	237	231	238	239	238	-1
1001001000	-2	11476	7530.111	3088.737	69.875	5.622	152.875	7.865	238	6.021	9174.778	238	0	0	0	9	9	9667	6875	11476	7105	9876	7141	6684	8949	-2	66	66	63	68	74	76	80	66	-2	145	162	148	150	152	158	166	142	-2	235	245	229	238	231	248	239	239	-1
1001001000	-2	11336	7456.222	3052.231	69.875	5.622	152.875	7.865	238	6.021	9174.778	238	0	0	0	9	9	9470	6787	11336	7105	9849	7015	6673	8873	-2	66	66	63	68	74	76	80	66	-2	145	162	148	150	152	158	166	142	-2	235	245	229	238	231	248	239	239	-1
1002001000	-2	400	44.222	125.788	47.625	10.885	150.714	6.273	176.625	52.007	13251.333	236.75	0	0	7	9	9	0	0	400	0	0	0	0	0	-2	55	37	28	50	42	47	61	61	-2	146	142	145	151	153	160	158	-2	-2	171	167	282	179	174	183	182	75	-1
1003001000	-2	1080	395.333	337	64	10.989	147.5	5.315	189.25	69.032	12104.889	190.375	0	0	2	9	9	0	464	1080	359	536	0	525	596	-2	62	42	57	70	74	62	64	81	-2	-2	138	148	147	154	-2	153	145	-2	76	205	265	230	226	71	234	207	-1
1003001000	-2	1289	385.333	399.566	65.375	10.416	145.667	4.888	180.125	61.845	11933.556	180.125	0	0	2	9	9	0	91	1289	434	566	0	563	527	-2	65	44	61	70	76	62	64	81	-2	-2	137	147	145	150	-2	152	143	-2	76	195	226	217	219	74	234	200	-1
1003001000	-2	382	165.333	142.839	65.375	10.416	145.667	4.888	165.25	55.229	11933.556	180.125	0	0	2	9	9	0	69	179	292	297	0	271	382	-2	65	44	61	70	76	62	64	81	-2	-2	137	147	145	150	-2	152	143	-2	76	162	172	214	219	74	205	200	-1
1003003000	-2	13908	8202.889	5866.163	76.167	6.362	152.333	3.944	175.625	89.566	11457.111	230.125	0	0	2	9	9	11894	11411	0	12735	10741	0	13139	13908	-2	86	72	-2	75	81	-2	66	77	-2	155	154	-2	153	152	-2	156	144	-2	231	221	21	228	214	21	228	241	-1
1005005000	-2	13191	5456.333	6122.799	55.5	5.408	133	2.739	106.375	85.452	11012.778	184	0	0	4	9	9	13191	12107	0	12705	0	11106	0	0	-2	57	48	-2	63	-2	54	-2	-2	-2	137	130	-2	134	-2	131	-2	-2	-2	199	188	21	194	21	186	21	21	-1
1005005000	-2	13191	5456.333	6122.799	55.5	5.408	133	2.739	106.375	85.452	11012.778	184	0	0	4	9	9	13191	12107	0	12705	0	11106	0	0	-2	57	48	-2	63	-2	54	-2	-2	-2	137	130	-2	134	-2	131	-2	-2	-2	199	188	21	194	21	186	21	21	-1
1003003000	-2	12294	6743.556	5008.399	46.167	8.295	123.333	5.055	134.625	66.015	9829.333	172.25	0	0	2	9	9	12294	10317	0	10922	0	11477	9155	6529	-2	50	46	-2	57	-2	50	44	30	-2	130	123	-2	127	-2	126	119	115	-2	180	174	21	181	21	176	168	156	-1
1001001000	-2	13065	8710.333	4164.909	45.125	10.373	124.375	4.768	172.5	7.45	9829.333	172.25	0	0	0	9	9	13065	12259	3550	10808	9198	12355	10007	7153	-2	50	46	58	57	41	50	29	30	-2	130	123	128	126	128	126	119	115	-2	180	174	171	180	176	176	167	156	-1
1001001000	-2	12731	7498.444	3616.343	44.125	9.752	123	4.33	168.875	6.79	9251.444	168.375	0	0	0	9	9	12731	7590	4004	11044	8182	8384	9760	5793	-2	49	47	57	54	42	46	29	29	-2	129	121	123	124	128	125	119	115	-2	174	171	166	173	174	174	166	153	-1
1001001000	-2	12731	7498.444	3616.343	44.125	9.752	123	4.33	168.875	6.79	9251.444	168.375	0	0	0	9	9	12731	7590	4004	11044	8182	8384	9760	5793	-2	49	47	57	54	42	46	29	29	-2	129	121	123	124	128	125	119	115	-2	174	171	166	173	174	174	166	153	-1
1001001000	-2	10867	5821.222	3345.489	43.125	10.13	120	5.099	164.75	7.822	8853.333	164.875	0	0	0	9	9	8290	4976	3290	10867	8581	3685	9127	3577	-2	50	43	56	54	44	43	28	27	-2	128	119	119	124	124	119	117	110	-2	173	169	162	171	170	165	161	147	-1
1001001000	-2	10867	5821.222	3345.489	43.125	10.13	120	5.099	164.75	7.822	8853.333	164.875	0	0	0	9	9	8290	4976	3290	10867	8581	3685	9127	3577	-2	50	43	56	54	44	43	28	27	-2	128	119	119	124	124	119	117	110	-2	173	169	162	171	170	165	161	147	-1
1002001000	-2	10212	4610.556	3560.626	42.125	10.277	118.714	5.311	149.625	37.659	7710.333	149.625	0	0	1	9	9	8688	5884	3014	10212	0	1748	7909	4042	-2	50	47	54	54	39	39	27	27	-2	127	121	118	124	-2	113	117	111	-2	174	172	161	170	52	159	159	150	-1
1002001000	-2	10212	4598.889	3555.606	42.125	10.277	118.714	5.311	149.625	37.659	7710.333	149.625	0	0	1	9	9	8641	5883	2989	10212	0	1748	7902	4017	-2	50	47	54	54	39	39	27	27	-2	127	121	118	124	-2	113	117	111	-2	174	172	161	170	52	159	159	150	-1
1001001000	-2	10456	5729.556	3206.262	42.75	10.268	120.875	4.512	167.375	6.963	9073.667	167.375	0	0	0	9	9	10456	6975	4976	9855	6792	1685	5918	4911	-2	49	49	56	54	39	39	28	28	-2	126	121	121	123	127	120	117	112	-2	173	174	166	172	175	164	161	154	-1
1001001000	-2	10456	5729.556	3206.262	42.75	10.268	120.875	4.512	167.375	6.963	9073.667	167.375	0	0	0	9	9	10456	6975	4976	9855	6792	1685	5918	4911	-2	49	49	56	54	39	39	28	28	-2	126	121	121	123	127	120	117	112	-2	173	174	166	172	175	164	161	154	-1
1002001000	-2	10133	5054.444	3904.524	44.25	10.791	124	4.721	157.75	41.406	8663	159.125	0	0	1	9	9	9786	3625	6086	10133	5780	901	0	9181	-2	50	51	58	56	39	43	29	28	-2	127	124	127	124	128	125	-2	113	-2	178	182	177	175	178	163	50	159	-1
1003001000	-2	10394	4660.889	3751.496	46.625	10.38	130.667	5.406	156.625	59.645	8131.111	156.625	0	0	2	9	9	10394	6197	6496	9133	0	3683	0	6047	-2	51	56	59	57	41	46	33	30	-2	132	138	131	133	-2	130	-2	120	-2	199	210	188	190	60	185	50	171	-1
1003001000	-2	10394	4660.889	3751.496	46.625	10.38	130.667	5.406	156.625	59.645	8131.111	156.625	0	0	2	9	9	10394	6197	6496	9133	0	3683	0	6047	-2	51	56	59	57	41	46	33	30	-2	132	138	131	133	-2	130	-2	120	-2	199	210	188	190	60	185	50	171	-1
1004001000	-2	8423	3989.444	3658.209	51	8.5	136	6.356	151.125	76.607	7201.778	151.125	0	0	3	9	9	0	8423	6755	7161	0	5409	0	8159	-2	52	59	61	59	43	53	35	46	-2	-2	146	137	136	-2	135	-2	126	-2	66	256	202	197	54	202	47	185	-1
1004001000	-2	10099	4478.333	4117.376	51	8.5	136	6.356	151.125	76.607	7201.778	151.125	0	0	3	9	9	0	10099	6654	7012	0	7630	0	8912	-2	52	59	61	59	43	53	35	46	-2	-2	146	137	136	-2	135	-2	126	-2	66	256	202	197	54	202	47	185	-1
1004001000	-2	9967	4606.111	4279.998	50.125	7.688	136.4	7.338	151.5	75.603	7186	151.5	0	0	3	9	9	0	9916	6406	6566	0	9967	0	8602	-2	51	59	56	58	42	49	35	51	-2	-2	150	133	135	-2	136	-2	128	-2	66	256	196	196	55	205	51	187	-1
1004001000	-2	9064	4166.667	3818.887	50.125	7.688	136.4	7.338	151.5	75.603	7186	151.5	0	0	3	9	9	0	9064	6307	6197	0	8300	0	7634	-2	51	59	56	58	42	49	35	51	-2	-2	150	133	135	-2	136	-2	128	-2	66	256	196	196	55	205	51	187	-1
1003001000	-2	12004	6441.667	4713.346	55.125	5.061	140.5	6.994	177.5	69.593	8047.222	177.5	0	0	2	9	9	0	10451	8033	7765	0	9256	12004	10468	-2	52	60	57	63	46	58	52	53	-2	-2	152	138	139	-2	140	145	129	-2	66	251	208	204	55	218	227	191	-1
1002001000	-2	9130	5992.111	3414.381	56.25	5.238	141	7.131	197.5	57.151	9821.222	199.125	0	0	1	9	9	7513	8241	5838	5645	0	9130	9064	8500	-2	52	60	57	63	47	63	54	54	-2	139	153	136	138	-2	143	148	130	-2	218	250	206	193	55	226	239	193	-1
1002001000	-2	403	43.889	126.968	29.625	9.34	179	12.375	278.625	91.662	9474.111	336.75	0	0	4	9	9	0	0	403	-2	-2	0	-2	0	-2	31	27	19	40	29	17	47	27	-2	169	-2	165	188	185	162	188	196	-2	203	150	296	401	378	194	379	228	-1
1001001000	-2	1854	758.778	532.4	69.125	12.293	145.125	6.274	215.75	14.914	16192.778	215.75	0	0	0	9	9	709	510	1450	381	475	1854	675	777	-2	78	41	63	72	76	78	64	81	-2	142	133	151	146	153	149	148	139	-2	220	195	237	220	226	225	213	190	-1
1002001000	-2	1291	510.111	383.716	70.625	12.257	141.286	4.832	177.875	44.14	11132.333	177.875	0	0	1	9	9	622	0	846	556	259	1291	475	544	-2	81	43	65	73	78	80	64	81	-2	140	-2	147	135	145	146	142	134	-2	198	63	202	189	194	206	193	178	-1
1002001000	-2	826	289.778	261.35	70.375	11.532	137.143	5.111	168.25	39.94	9544.889	168.25	0	0	1	9	9	453	0	476	138	119	826	150	448	-2	82	45	66	71	77	79	63	80	-2	139	-2	146	129	140	137	137	132	-2	186	64	197	177	183	183	183	173	-1
1002001000	-2	825	287.111	261.533	70.375	11.532	137.143	5.111	168.25	39.94	9544.889	168.25	0	0	1	9	9	450	0	469	130	126	825	135	451	-2	82	45	66	71	77	79	63	80	-2	139	-2	146	129	140	137	137	132	-2	186	64	197	177	183	183	183	173	-1
1002002000	-2	6520	1568.222	2108.8	76.857	6.266	147.143	3.603	170.75	59.577	14820.333	214.5	0	0	2	9	9	413	1541	0	789	3960	6520	893	0	-2	86	73	-2	76	81	81	65	76	-2	151	151	-2	146	145	149	148	140	-2	180	197	21	177	204	209	220	158	-1
1002002000	-2	7287	1806.667	2346.108	76.857	6.266	147.143	3.603	172.125	59.337	14820.333	214.5	0	0	1	9	9	456	1559	0	834	4582	7287	1155	389	-2	86	73	-2	76	81	81	65	76	-2	151	151	-2	146	145	149	148	140	-2	180	196	21	177	204	209	220	170	-1
1002002000	-2	15164	10463.333	5864.162	66	9.32	142.143	5.718	186	64.047	13836.667	210.375	0	0	1	9	9	15164	14025	8844	14276	12859	0	14810	14194	-2	80	62	66	71	75	-2	53	55	-2	151	141	147	146	138	-2	139	133	-2	240	207	208	221	197	21	206	188	-1
1001001000	-2	14036	10663.667	3962.991	66.625	8.873	142.5	5.431	210.375	14.739	13836.667	210.375	0	0	0	9	9	11212	11829	9461	12707	13195	11984	11551	14036	-2	80	62	66	71	75	71	53	55	-2	151	141	147	146	138	145	139	133	-2	240	207	208	221	197	216	206	188	-1
1002001000	-2	11270	8036	4360.21	48.875	9.727	129.143	5.303	167.625	39.557	9269.111	167.625	0	0	1	9	9	0	10969	11192	10029	10522	8888	9456	11270	-2	55	45	63	57	42	55	43	31	-2	-2	128	136	132	132	133	121	122	-2	65	184	188	189	185	190	174	166	-1
1002001000	-2	11270	8036	4360.21	48.875	9.727	129.143	5.303	167.625	39.557	9269.111	167.625	0	0	1	9	9	0	10969	11192	10029	10522	8888	9456	11270	-2	55	45	63	57	42	55	43	31	-2	-2	128	136	132	132	133	121	122	-2	65	184	188	189	185	190	174	166	-1
1001001000	-2	10393	7847.667	3281.763	34	12.062	117.875	5.6	162.75	8.074	8172.111	162.5	0	0	0	9	9	10270	8857	8284	10267	8448	9729	10393	4383	-2	43	33	56	24	23	46	21	26	-2	123	115	119	123	121	121	116	105	-2	167	163	161	170	167	169	162	143	-1
1001001000	-2	10393	7873.444	3348.397	35.375	12.318	118.625	4.897	163.5	7.583	8172.111	162.5	0	0	0	9	9	10270	9158	8610	10267	8448	9729	10393	3988	-2	43	43	56	24	23	46	21	27	-2	123	119	119	123	121	121	116	107	-2	167	167	161	170	167	169	162	145	-1
1001001000	-2	9928	7083	3185.633	34.625	10.012	115	5.385	158.75	6.666	7803.778	158.125	0	0	0	9	9	8921	9005	9112	9928	8698	5548	9058	3479	-2	44	40	49	34	23	41	19	27	-2	120	113	118	123	118	113	109	106	-2	162	160	160	167	163	161	153	144	-1
1001001000	-2	9928	7083	3185.633	34.625	10.012	115	5.385	158.75	6.666	7803.778	158.125	0	0	0	9	9	8921	9005	9112	9928	8698	5548	9058	3479	-2	44	40	49	34	23	41	19	27	-2	120	113	118	123	118	113	109	106	-2	162	160	160	167	163	161	153	144	-1
1002001000	-2	9560	5789.333	3729.364	31.75	10.219	114.857	6.77	143.625	40.586	6688.778	143.625	0	0	1	9	9	8573	0	9534	9560	9316	3969	7350	3804	-2	44	30	46	34	24	38	14	24	-2	118	-2	118	123	122	112	106	105	-2	162	38	160	167	167	160	151	144	-1
1002001000	-2	9560	5789.333	3729.364	31.75	10.219	114.857	6.77	143.625	40.586	6688.778	143.625	0	0	1	9	9	8573	0	9534	9560	9316	3969	7350	3804	-2	44	30	46	34	24	38	14	24	-2	118	-2	118	123	122	112	106	105	-2	162	38	160	167	167	160	151	144	-1
1003001000	-2	9953	4774.778	4096.396	32.375	11.124	114	5.447	127.375	53.593	5843.556	127.375	0	0	2	9	9	9953	0	9272	8678	0	2998	8682	3392	-2	43	30	52	34	24	37	14	25	-2	117	-2	118	122	-2	112	108	107	-2	161	38	162	166	32	158	154	148	-1
1003001000	-2	9950	4776.889	4097.864	32.375	11.124	114	5.447	127.375	53.593	5843.556	127.375	0	0	2	9	9	9950	0	9289	8678	0	2998	8682	3397	-2	43	30	52	34	24	37	14	25	-2	117	-2	118	122	-2	112	108	107	-2	161	38	162	166	32	158	154	148	-1
1003001000	-2	10113	4884.778	4186.936	31.625	11.916	114	5.774	128	53.656	5888	128	0	0	2	9	9	10113	0	9045	9211	0	1901	8609	5086	-2	43	23	53	34	23	38	14	25	-2	117	-2	119	122	-2	112	107	107	-2	161	38	164	167	33	157	154	150	-1
1003001000	-2	11260	5571.222	4626.269	32.375	11.661	119.333	4.497	135.375	57.857	7176.444	135.375	0	0	2	9	9	11260	0	10814	10032	0	2739	8890	6408	-2	43	24	53	34	23	40	15	27	-2	121	-2	121	124	-2	123	116	111	-2	172	38	171	173	33	172	166	158	-1
1003001000	-2	11260	5571.222	4626.269	32.375	11.661	119.333	4.497	135.375	57.857	7176.444	135.375	0	0	2	9	9	11260	0	10814	10032	0	2739	8890	6408	-2	43	24	53	34	23	40	15	27	-2	121	-2	121	124	-2	123	116	111	-2	172	38	171	173	33	172	166	158	-1
1005001000	-2	11179	3597.111	4381.638	32.375	10.988	119	3.536	105.5	64.023	4845.556	105.5	0	0	4	9	9	11179	0	10174	0	0	5575	0	5448	-2	43	23	51	34	24	40	16	28	-2	120	-2	121	-2	-2	122	-2	113	-2	172	38	171	45	33	173	51	161	-1
1004001000	-2	11358	4307.333	4331.063	37.125	10.117	123.6	3.262	128.25	66.407	6404	128.25	0	0	3	9	9	11358	7277	10046	0	0	6055	0	4032	-2	43	45	52	34	25	46	23	29	-2	123	124	125	-2	-2	128	-2	118	-2	179	188	178	45	33	184	51	168	-1
1005001000	-2	9891	3113.333	3684.336	37.375	9.987	126	4.95	117	68.884	5115.111	117	0	0	4	9	9	0	6750	9891	0	0	6480	0	4901	-2	43	47	49	34	25	48	23	30	-2	-2	129	126	-2	-2	131	-2	118	-2	66	197	181	45	34	192	51	170	-1
1005001000	-2	9891	3113.333	3684.336	37.375	9.987	126	4.95	117	68.884	5115.111	117	0	0	4	9	9	0	6750	9891	0	0	6480	0	4901	-2	43	47	49	34	25	48	23	30	-2	-2	129	126	-2	-2	131	-2	118	-2	66	197	181	45	34	192	51	170	-1
1005001000	-2	9493	3572.111	4103.471	34.875	9.075	125.5	4.61	112	70.374	5006.556	112	0	0	4	9	9	9382	0	9493	0	0	6884	0	6392	-2	37	30	49	34	25	49	24	31	-2	125	-2	126	-2	-2	132	-2	119	-2	184	38	180	45	34	193	51	171	-1
1005001000	-2	9493	3572.111	4103.471	34.875	9.075	125.5	4.61	112	70.374	5006.556	112	0	0	4	9	9	9382	0	9493	0	0	6884	0	6392	-2	37	30	49	34	25	49	24	31	-2	125	-2	126	-2	-2	132	-2	119	-2	184	38	180	45	34	193	51	171	-1
1005001000	-2	6332	2348.556	2715.462	34.75	9.457	125	5.148	111.375	69.557	5000.444	111.375	0	0	4	9	9	4371	0	6302	0	0	4134	0	6332	-2	37	25	49	34	26	50	25	32	-2	123	-2	127	-2	-2	132	-2	118	-2	182	39	179	45	34	193	51	168	-1
1001001000	-2	280	94.111	97.698	22.5	6.423	140.125	9.88	184.75	27.757	17278.333	227.375	0	0	3	9	9	102	0	280	131	0	128	0	208	-2	20	23	18	25	24	14	37	19	-2	133	121	133	148	145	140	148	153	-2	160	149	223	188	168	179	177	234	-1
1001001000	-2	554	263.889	169.123	64.375	12.144	128.875	5.71	170	6.245	9012.667	170	0	0	0	9	9	323	250	554	84	217	493	160	296	-2	78	42	62	66	74	78	50	65	-2	132	122	140	125	131	132	122	127	-2	175	162	181	168	171	175	164	164	-1
1001001000	-2	4281	1418.444	1255.409	73	5	137.5	4.899	181.625	12.185	10548.444	185.625	0	0	0	9	9	241	1518	2539	339	4281	1028	1449	1373	-2	81	70	73	74	78	73	63	72	-2	136	135	149	138	137	135	139	131	-2	162	181	204	172	190	184	188	172	-1
1001001000	-2	14964	11447.556	4388.795	71.25	6.476	145.25	5.19	216.375	13.247	15164.778	216.375	0	0	0	9	9	14393	12744	9655	10573	13190	12788	14723	14964	-2	79	69	72	74	78	73	57	68	-2	148	147	156	144	141	145	144	137	-2	232	214	238	206	205	218	222	196	-1
1001001000	-2	14964	11447.556	4388.795	71.25	6.476	145.25	5.19	216.375	13.247	15164.778	216.375	0	0	0	9	9	14393	12744	9655	10573	13190	12788	14723	14964	-2	79	69	72	74	78	73	57	68	-2	148	147	156	144	141	145	144	137	-2	232	214	238	206	205	218	222	196	-1
1002001000	-2	13468	10003.556	5371.164	52.75	10.317	134.571	4.806	178.375	43.023	10593.556	178.125	0	0	1	9	9	0	12476	13430	12754	13053	11719	13134	13468	-2	54	50	65	60	49	66	45	33	-2	-2	135	142	137	135	137	130	126	-2	66	195	203	198	193	201	192	179	-1
1002001000	-2	13468	10003.556	5371.164	52.75	10.317	134.571	4.806	178.375	43.023	10593.556	178.125	0	0	1	9	9	0	12476	13430	12754	13053	11719	13134	13468	-2	54	50	65	60	49	66	45	33	-2	-2	135	142	137	135	137	130	126	-2	66	195	203	198	193	201	192	179	-1
1001001000	-2	9596	7310.556	2720.542	29.25	12.784	110.5	6.021	154.375	7.33	7323.556	154.375	0	0	0	9	9	8758	9069	8572	6872	9596	8039	7880	7011	-2	35	15	50	16	35	43	14	26	-2	113	109	119	110	111	118	104	100	-2	155	156	160	156	156	165	148	139	-1
1001001000	-2	9596	7310.556	2720.542	29.25	12.784	110.5	6.021	154.375	7.33	7323.556	154.375	0	0	0	9	9	8758	9069	8572	6872	9596	8039	7880	7011	-2	35	15	50	16	35	43	14	26	-2	113	109	119	110	111	118	104	100	-2	155	156	160	156	156	165	148	139	-1
1001001000	-2	9072	6107.667	2560.135	25.875	11.107	106.875	5.667	149.375	6.061	6288.444	149.375	0	0	0	9	9	7950	9072	8133	5235	7336	6438	6405	4402	-2	36	15	44	16	21	38	13	24	-2	113	106	115	108	104	111	100	98	-2	154	151	157	151	147	154	144	137	-1
1001001000	-2	9072	6107.667	2560.135	25.875	11.107	106.875	5.667	149.375	6.061	6288.444	149.375	0	0	0	9	9	7950	9072	8133	5235	7336	6438	6405	4402	-2	36	15	44	16	21	38	13	24	-2	113	106	115	108	104	111	100	98	-2	154	151	157	151	147	154	144	137	-1
1001001000	-2	9044	5805.778	2650.177	27.125	10.764	107.5	5.477	149.875	6.153	6283.333	149.625	0	0	0	9	9	7260	8476	9044	5068	7431	5640	6072	3263	-2	38	21	45	19	20	38	13	23	-2	113	108	115	109	107	110	99	99	-2	154	155	157	151	149	153	141	139	-1
1001001000	-2	9044	5805.778	2650.177	27.125	10.764	107.5	5.477	149.875	6.153	6283.333	149.625	0	0	0	9	9	7260	8476	9044	5068	7431	5640	6072	3263	-2	38	21	45	19	20	38	13	23	-2	113	108	115	109	107	110	99	99	-2	154	155	157	151	149	153	141	139	-1
1001001000	-2	9380	5670.111	2903.422	25.25	10.952	105.5	6.538	148.75	6.666	7020.222	148.625	0	0	0	9	9	6895	8222	9380	5052	7258	4118	7869	2239	-2	37	21	44	19	12	33	12	24	-2	113	109	113	109	105	103	93	99	-2	153	156	157	151	148	148	138	139	-1
1001001000	-2	9380	5670.111	2903.422	25.25	10.952	105.5	6.538	148.75	6.666	7020.222	148.625	0	0	0	9	9	6895	8222	9380	5052	7258	4118	7869	2239	-2	37	21	44	19	12	33	12	24	-2	113	109	113	109	105	103	93	99	-2	153	156	157	151	148	148	138	139	-1
1002001000	-2	9425	5771.556	3442.148	24.25	10.802	105.429	7.384	133.75	43.401	6788.667	133.75	0	0	1	9	9	9289	7773	9425	7112	0	7043	7499	3805	-2	36	15	42	20	12	33	12	24	-2	114	108	112	110	-2	104	92	98	-2	155	156	156	152	20	150	140	141	-1
1002001000	-2	9425	5768.222	3441.887	24.25	10.802	105.429	7.384	133.75	43.401	6788.667	133.75	0	0	1	9	9	9285	7774	9425	7103	0	7037	7499	3793	-2	36	15	42	20	12	33	12	24	-2	114	108	112	110	-2	104	92	98	-2	155	156	156	152	20	150	140	141	-1
1002001000	-2	11057	6369.222	3837.154	26.375	9.759	109	7.856	140.125	39.165	7153.333	140.125	0	0	1	9	9	11057	0	9519	9321	8068	6798	8238	4324	-2	35	16	44	26	20	33	13	24	-2	116	-2	115	112	116	109	94	101	-2	160	38	159	156	163	157	144	144	-1
1002001000	-2	11057	6369.222	3837.154	26.375	9.759	109	7.856	140.125	39.165	7153.333	140.125	0	0	1	9	9	11057	0	9519	9321	8068	6798	8238	4324	-2	35	16	44	26	20	33	13	24	-2	116	-2	115	112	116	109	94	101	-2	160	38	159	156	163	157	144	144	-1
1002001000	-2	11811	6767.444	4034.345	27.125	10.203	112.429	6.207	145.25	40.629	7554.222	145.25	0	0	1	9	9	11811	0	9522	9939	7532	9010	8289	4806	-2	29	16	46	29	20	38	14	25	-2	117	-2	119	114	117	114	104	102	-2	163	39	166	160	168	164	154	148	-1
1002001000	-2	11811	6787.444	4037.171	27.125	10.203	112.429	6.207	145.25	40.629	7554.222	145.25	0	0	1	9	9	11811	0	9522	10000	7563	9023	8289	4881	-2	29	16	46	29	20	38	14	25	-2	117	-2	119	114	117	114	104	102	-2	163	39	166	160	168	164	154	148	-1
1004001000	-2	12162	5625	5172.031	28.875	10.068	119.6	4.128	122.25	63.257	5886.778	122.25	0	0	3	9	9	12162	0	9772	10106	0	11196	0	7391	-2	29	22	47	29	21	42	15	26	-2	121	-2	122	119	-2	124	-2	112	-2	173	38	174	169	34	178	51	161	-1
1004001000	-2	12162	5625	5172.031	28.875	10.068	119.6	4.128	122.25	63.257	5886.778	122.25	0	0	3	9	9	12162	0	9772	10106	0	11196	0	7391	-2	29	22	47	29	21	42	15	26	-2	121	-2	122	119	-2	124	-2	112	-2	173	38	174	169	34	178	51	161	-1
1004001000	-2	11671	5131.222	4718.861	28.25	10.651	121.4	4.758	125	65.177	5863	125	0	0	3	9	9	11671	0	9897	7994	0	9078	0	7543	-2	25	22	47	30	18	43	15	26	-2	123	-2	124	120	-2	127	-2	113	-2	179	39	177	172	34	184	51	164	-1
1004001000	-2	11671	5131.222	4718.861	28.25	10.651	121.4	4.758	125	65.177	5863	125	0	0	3	9	9	11671	0	9897	7994	0	9078	0	7543	-2	25	22	47	30	18	43	15	26	-2	123	-2	124	120	-2	127	-2	113	-2	179	39	177	172	34	184	51	164	-1
1004001000	-2	9510	4328.222	4045.396	27.625	10.535	119.2	6.046	128.875	58.944	5965	128.875	0	0	3	9	9	9374	6266	9510	0	0	5676	0	8130	-2	24	21	46	29	17	43	16	25	-2	121	119	122	-2	-2	126	-2	108	-2	177	180	175	45	65	182	51	156	-1
1004001000	-2	9510	4328.222	4045.396	27.625	10.535	119.2	6.046	128.875	58.944	5965	128.875	0	0	3	9	9	9374	6266	9510	0	0	5676	0	8130	-2	24	21	46	29	17	43	16	25	-2	121	119	122	-2	-2	126	-2	108	-2	177	180	175	45	65	182	51	156	-1
1001001000	-2	690	292.889	249.048	28.625	4.715	113	6.461	148.125	15.358	8155.556	154	0	0	2	9	9	312	0	645	422	0	690	305	264	-2	39	25	24	28	27	33	28	25	-2	114	98	115	113	119	121	113	111	-2	152	115	160	152	134	167	156	149	-1
1001001000	-2	2073	792.444	571.22	65.25	5.472	132	5.766	172.875	12.494	9735	177.625	0	0	0	9	9	792	1129	1155	333	660	587	405	2073	-2	66	59	68	70	73	67	55	64	-2	135	127	145	133	131	132	127	126	-2	156	170	198	176	179	177	157	170	-1
1001001000	-2	14429	10945.111	4082.501	64.875	6.193	139.125	5.946	202.875	11.656	13605.889	202.875	0	0	0	9	9	14429	13096	13086	9816	12568	12566	10546	12401	-2	65	62	71	71	71	68	56	55	-2	141	138	153	140	137	136	137	131	-2	206	196	231	203	201	197	200	189	-1
1001001000	-2	14984	11172.667	4232.419	64.875	6.193	139.125	5.946	202.875	11.656	13605.889	202.875	0	0	0	9	9	14984	13767	13910	9821	12567	12560	10546	12401	-2	65	62	71	71	71	68	56	55	-2	141	138	153	140	137	136	137	131	-2	206	196	231	203	201	197	200	189	-1
1001001000	-2	14184	11391.556	4191.79	45.25	9.203	127.875	5.946	182.625	7.532	11864.222	182.625	0	0	0	9	9	14184	10816	13509	13648	10857	13111	13847	12554	-2	48	42	63	44	42	54	38	31	-2	132	126	140	130	123	129	120	123	-2	189	183	195	186	177	186	173	172	-1
1001001000	-2	14184	11391.556	4191.79	45.25	9.203	127.875	5.946	182.625	7.532	11864.222	182.625	0	0	0	9	9	14184	10816	13509	13648	10857	13111	13847	12554	-2	48	42	63	44	42	54	38	31	-2	132	126	140	130	123	129	120	123	-2	189	183	195	186	177	186	173	172	-1
1001001000	-2	8624	6455.889	2430.985	24.75	11.893	101.75	8.303	143.75	8.599	6836.444	142.625	0	0	0	9	9	6674	8624	8053	7542	7748	7146	6743	5575	-2	21	14	47	13	30	38	12	23	-2	105	103	116	96	101	110	88	95	-2	143	149	158	142	144	151	130	133	-1
1001001000	-2	8624	6369.333	2428.176	24.75	11.893	101.75	8.303	143.75	8.599	6836.444	142.625	0	0	0	9	9	6674	8624	7894	7541	7748	7146	6375	5324	-2	21	14	47	13	30	38	12	23	-2	105	103	116	96	101	110	88	95	-2	143	149	158	142	144	151	130	133	-1
1001001000	-2	8419	5960.111	2433.961	21.75	10.674	97.25	7.71	139.375	7.227	6254.111	139.25	0	0	0	9	9	4669	7159	6885	6716	6801	8419	8216	4778	-2	24	15	41	13	12	36	11	22	-2	101	100	112	93	98	100	87	87	-2	141	144	153	137	139	142	130	129	-1
1001001000	-2	8419	5960.111	2433.961	21.75	10.674	97.25	7.71	139.375	7.227	6254.111	139.25	0	0	0	9	9	4669	7159	6885	6716	6801	8419	8216	4778	-2	24	15	41	13	12	36	11	22	-2	101	100	112	93	98	100	87	87	-2	141	144	153	137	139	142	130	129	-1
1001001000	-2	8868	5698.889	2701.863	21.375	10.475	96.5	8.016	138.75	7.774	6141.667	138.5	0	0	0	9	9	3310	8100	8191	5907	6562	8868	6616	3738	-2	32	15	40	13	12	31	11	17	-2	99	100	112	94	99	97	85	86	-2	137	144	154	137	141	140	128	129	-1
1001001000	-2	8868	5698.889	2701.863	21.375	10.475	96.5	8.016	138.75	7.774	6141.667	138.5	0	0	0	9	9	3310	8100	8191	5907	6562	8868	6616	3738	-2	32	15	40	13	12	31	11	17	-2	99	100	112	94	99	97	85	86	-2	137	144	154	137	141	140	128	129	-1
1001001000	-2	10046	5902.222	3189.853	19.875	9.225	95.5	7.583	138.375	7.449	6760.889	138.375	0	0	0	9	9	2874	9367	8459	5394	6876	10046	7196	2910	-2	28	15	38	13	11	27	12	15	-2	99	98	110	93	97	97	85	85	-2	139	144	152	136	140	140	128	128	-1
1001001000	-2	10046	5902.222	3189.853	19.875	9.225	95.5	7.583	138.375	7.449	6760.889	138.375	0	0	0	9	9	2874	9367	8459	5394	6876	10046	7196	2910	-2	28	15	38	13	11	27	12	15	-2	99	98	110	93	97	97	85	85	-2	139	144	152	136	140	140	128	128	-1
1001001000	-2	9924	6520.556	2890.926	19.625	9.46	97.5	7.263	141.625	6.763	7310.556	141.625	0	0	0	9	9	4989	9924	9211	5442	7638	8914	7560	5009	-2	23	15	40	13	11	28	12	15	-2	100	99	111	97	100	99	88	86	-2	142	145	154	140	145	143	132	132	-1
1001001000	-2	9924	6520.556	2890.926	19.625	9.46	97.5	7.263	141.625	6.763	7310.556	141.625	0	0	0	9	9	4989	9924	9211	5442	7638	8914	7560	5009	-2	23	15	40	13	11	28	12	15	-2	100	99	111	97	100	99	88	86	-2	142	145	154	140	145	143	132	132	-1
1002001000	-2	9025	5695.222	3196.198	20.75	9.523	100.714	6.713	133	36	6529.778	133	0	0	1	9	9	6214	0	9025	6267	8313	6110	8203	7127	-2	23	15	42	16	12	28	12	18	-2	104	-2	112	103	102	101	91	92	-2	148	39	157	147	150	147	138	138	-1
1002001000	-2	9025	5695.222	3196.198	20.75	9.523	100.714	6.713	133	36	6529.778	133	0	0	1	9	9	6214	0	9025	6267	8313	6110	8203	7127	-2	23	15	42	16	12	28	12	18	-2	104	-2	112	103	102	101	91	92	-2	148	39	157	147	150	147	138	138	-1
1001001000	-2	8889	6955.111	2572.121	22.25	10.293	104.25	6.359	152.125	6.173	7923.111	152.125	0	0	0	9	9	7967	8511	8889	7568	8750	6820	7449	6644	-2	23	16	42	17	12	36	13	19	-2	108	109	113	104	103	108	93	96	-2	153	160	160	150	153	155	143	143	-1
1001001000	-2	8889	6955.111	2572.121	22.25	10.293	104.25	6.359	152.125	6.173	7923.111	152.125	0	0	0	9	9	7967	8511	8889	7568	8750	6820	7449	6644	-2	23	16	42	17	12	36	13	19	-2	108	109	113	104	103	108	93	96	-2	153	160	160	150	153	155	143	143	-1
1001001000	-2	10405	7409	2808.943	24	10.677	108.75	6.437	159.875	7.061	8045	159.875	0	0	0	9	9	10405	7603	8614	8840	7888	8200	8722	6411	-2	24	15	42	24	13	40	13	21	-2	114	113	115	107	106	116	97	102	-2	162	169	164	156	159	169	150	150	-1
1001001000	-2	9414	7144.333	2899.703	24	11.236	108.5	6.225	160.75	7.102	8296.778	160.75	0	0	0	9	9	9414	8872	9392	7622	6420	8234	9350	4997	-2	23	14	43	25	13	41	13	20	-2	110	114	116	106	106	116	98	102	-2	160	171	165	156	161	170	152	151	-1
1001001000	-2	9414	7144.333	2899.703	24	11.236	108.5	6.225	160.75	7.102	8296.778	160.75	0	0	0	9	9	9414	8872	9392	7622	6420	8234	9350	4997	-2	23	14	43	25	13	41	13	20	-2	110	114	116	106	106	116	98	102	-2	160	171	165	156	161	170	152	151	-1
1001001000	-2	9948	6697.222	2751.664	23.5	10.932	105.5	5.635	155.625	5.851	8531.444	155.625	0	0	0	9	9	8337	7582	8978	5713	6592	7790	9948	5337	-2	22	14	43	25	13	39	13	19	-2	105	110	114	105	101	112	98	99	-2	154	162	161	153	155	164	150	146	-1
1001001000	-2	527	235.667	221.282	15.5	2.062	99.625	4.47	137.625	16.552	10656.667	147.875	0	0	3	9	9	294	0	362	512	0	428	0	527	-2	15	13	16	18	18	15	12	17	-2	104	91	103	99	99	106	99	96	-2	149	112	155	145	120	156	119	145	-1
1001001000	-2	351	138	146.132	15.5	2.062	99.625	4.47	131.25	14.184	10656.667	147.875	0	0	3	9	9	0	0	179	320	0	316	78	351	-2	15	13	16	18	18	15	12	17	-2	104	91	103	99	99	106	99	96	-2	123	112	132	142	120	156	120	145	-1
1001001000	-2	1157	496	416.483	60.375	7.952	126	6.614	167.5	7.632	7903.111	167.5	0	0	0	9	9	453	96	1157	40	1058	475	301	886	-2	59	46	67	65	69	69	55	53	-2	127	121	141	125	123	130	123	118	-2	166	160	183	163	172	173	165	158	-1
1001001000	-2	2665	1002.889	869.703	59.375	6.855	126.875	6.698	167.75	9.377	8346.111	170.25	0	0	0	9	9	807	494	2665	233	1616	667	404	2142	-2	57	57	66	62	68	65	54	46	-2	131	121	141	128	124	129	123	118	-2	155	161	188	167	172	172	166	161	-1
1001001000	-2	14739	10597.889	4337.221	59.5	6.442	136.5	5.766	199	9.539	13461.556	199	0	0	0	9	9	14538	11492	14739	7439	11462	13232	12819	9662	-2	53	61	67	62	66	65	53	49	-2	140	134	149	138	131	136	135	129	-2	203	191	221	196	196	200	198	187	-1
1001001000	-2	14119	10974.333	4045.19	40	9.747	124.125	5.776	174.75	7.612	11085.333	174.375	0	0	0	9	9	11615	11908	13514	14119	11925	12902	12843	9945	-2	37	39	59	32	40	52	30	31	-2	122	125	136	128	121	126	116	119	-2	171	178	188	180	173	179	166	163	-1
1001001000	-2	12903	10392.889	3809.2	39.75	9.769	123.625	6.183	174.375	7.761	11085.333	174.375	0	0	0	9	9	11541	11618	12903	11477	11650	12236	12843	9270	-2	37	39	59	32	38	52	30	31	-2	122	125	136	128	117	126	116	119	-2	171	178	188	180	170	179	166	163	-1
1001001000	-2	9616	5847.333	2854.154	19.5	11.565	92.75	9.666	134.875	9.413	6551.667	134.625	0	0	0	9	9	3934	9616	7584	8825	6824	7496	3967	4382	-2	15	14	42	11	10	36	11	17	-2	97	93	112	91	88	99	78	84	-2	135	139	153	136	129	141	121	125	-1
1001001000	-2	9616	5847.333	2854.154	19.5	11.565	92.75	9.666	134.875	9.413	6551.667	134.625	0	0	0	9	9	3934	9616	7584	8825	6824	7496	3967	4382	-2	15	14	42	11	10	36	11	17	-2	97	93	112	91	88	99	78	84	-2	135	139	153	136	129	141	121	125	-1
1001001000	-2	8413	5641.667	2499.275	18.375	9.656	92.125	8.681	134.375	7.999	6158.889	134.25	0	0	0	9	9	3355	8413	6897	6413	6633	8315	6088	4663	-2	19	14	38	11	10	30	10	15	-2	97	94	107	93	91	95	75	85	-2	136	139	149	135	132	137	120	127	-1
1001001000	-2	8413	5633.222	2499.735	18.375	9.656	92.125	8.681	134.375	7.999	6158.889	134.25	0	0	0	9	9	3354	8413	6897	6413	6629	8315	6047	4633	-2	19	14	38	11	10	30	10	15	-2	97	94	107	93	91	95	75	85	-2	136	139	149	135	132	137	120	127	-1
1001001000	-2	8682	5458.444	2455.386	17.875	8.781	93.125	6.566	136.125	6.66	5819.333	136.25	0	0	0	9	9	3869	8682	6325	5168	5431	8513	6387	4753	-2	20	15	34	11	9	30	11	13	-2	94	94	106	93	91	98	84	85	-2	134	139	149	136	133	142	128	128	-1
1001001000	-2	8682	5458.444	2455.386	17.875	8.781	93.125	6.566	136.125	6.66	5819.333	136.25	0	0	0	9	9	3869	8682	6325	5168	5431	8513	6387	4753	-2	20	15	34	11	9	30	11	13	-2	94	94	106	93	91	98	84	85	-2	134	139	149	136	133	142	128	128	-1
1001001000	-2	9204	5370.111	2645.567	17.125	7.897	91.375	5.678	134.625	5.521	6397.333	134.5	0	0	0	9	9	3347	7877	6836	3781	5271	9204	7342	4675	-2	20	13	33	11	10	26	11	13	-2	94	90	101	93	92	95	83	83	-2	135	136	144	136	134	139	126	127	-1
1001001000	-2	9208	5386.778	2645.321	17.125	7.897	91.375	5.678	134.625	5.521	6397.333	134.5	0	0	0	9	9	3398	7925	6836	3782	5291	9208	7335	4708	-2	20	13	33	11	10	26	11	13	-2	94	90	101	93	92	95	83	83	-2	135	136	144	136	134	139	126	127	-1
1001001000	-2	9141	5944	2748.852	18.125	8.838	92.375	5.29	136.75	4.969	6810.222	136.375	0	0	0	9	9	3407	8682	6925	4343	6751	9141	8000	6249	-2	20	14	37	13	10	27	11	13	-2	95	93	101	91	94	96	85	84	-2	137	139	145	136	137	141	130	129	-1
1001001000	-2	9141	5944	2748.852	18.125	8.838	92.375	5.29	136.75	4.969	6810.222	136.375	0	0	0	9	9	3407	8682	6925	4343	6751	9141	8000	6249	-2	20	14	37	13	10	27	11	13	-2	95	93	101	91	94	96	85	84	-2	137	139	145	136	137	141	130	129	-1
1001001000	-2	9486	6872.444	2670.211	19.125	9.333	96	6.633	142.75	6.139	7411.222	142.625	0	0	0	9	9	5265	8339	9486	6677	8122	7913	7986	8066	-2	21	14	40	14	12	27	11	14	-2	98	97	109	94	97	99	88	86	-2	144	145	155	141	143	145	134	135	-1
1001001000	-2	9486	6895.111	2673.975	19.125	9.333	96	6.633	142.75	6.139	7411.222	142.625	0	0	0	9	9	5309	8339	9486	6699	8122	7942	7986	8175	-2	21	14	40	14	12	27	11	14	-2	98	97	109	94	97	99	88	86	-2	144	145	155	141	143	145	134	135	-1
1001001000	-2	9322	7461.556	2823.989	20.625	10.21	100.25	7.12	149	6.245	7819.444	148.875	0	0	0	9	9	6658	9322	9031	6560	9292	8565	8560	9168	-2	21	14	41	15	13	34	12	15	-2	104	103	112	98	100	105	92	88	-2	151	154	159	146	150	152	141	139	-1
1001001000	-2	9322	7461.556	2823.989	20.625	10.21	100.25	7.12	149	6.245	7819.444	148.875	0	0	0	9	9	6658	9322	9031	6560	9292	8565	8560	9168	-2	21	14	41	15	13	34	12	15	-2	104	103	112	98	100	105	92	88	-2	151	154	159	146	150	152	141	139	-1
1001001000	-2	9283	7171.444	2749.797	20.5	10.583	100.25	6.796	150.625	6.143	8100.333	150.375	0	0	0	9	9	7718	9283	9043	5952	8404	8453	9024	6668	-2	21	15	41	14	12	35	11	15	-2	103	105	111	98	99	105	92	89	-2	152	156	160	147	151	155	143	141	-1
1001001000	-2	9283	7171.444	2749.797	20.5	10.583	100.25	6.796	150.625	6.143	8100.333	150.375	0	0	0	9	9	7718	9283	9043	5952	8404	8453	9024	6668	-2	21	15	41	14	12	35	11	15	-2	103	105	111	98	99	105	92	89	-2	152	156	160	147	151	155	143	141	-1
1001001000	-2	9155	6911.444	2710.523	21.75	11.155	102.125	6.9	152.75	6.32	8128.556	152.75	0	0	0	9	9	8320	9155	8716	6545	7807	7482	8924	5256	-2	21	14	42	17	13	39	12	16	-2	104	104	113	102	101	109	93	91	-2	153	157	161	152	154	159	144	142	-1
1001001000	-2	9155	6911.444	2710.523	21.75	11.155	102.125	6.9	152.75	6.32	8128.556	152.75	0	0	0	9	9	8320	9155	8716	6545	7807	7482	8924	5256	-2	21	14	42	17	13	39	12	16	-2	104	104	113	102	101	109	93	91	-2	153	157	161	152	154	159	144	142	-1
1002001000	-2	91	16	31.633	13.5	0.866	114.286	2.05	141.5	23.543	13574.556	187.875	0	0	6	9	9	0	0	0	0	0	91	55	0	-2	14	12	13	13	14	13	14	15	-2	117	-2	116	114	110	115	114	114	-2	143	99	142	140	133	142	192	141	-1
1001001000	-2	311	158.444	108.763	15.875	2.571	89.5	3.354	124.375	7.983	8380.444	130.125	0	0	1	9	9	221	153	110	113	219	311	0	301	-2	15	22	15	14	17	16	13	15	-2	91	85	94	91	86	94	89	86	-2	133	128	118	126	121	134	108	127	-1
1001001000	-2	13004	9329.333	3897.229	50.375	8.41	126.375	5.894	180.25	7.102	11563.778	180.25	0	0	0	9	9	11133	12750	13004	9289	6071	9926	12521	9272	-2	46	51	65	44	58	55	48	36	-2	124	127	141	126	122	127	122	122	-2	178	179	196	175	179	184	181	170	-1
1001001000	-2	13004	9329.333	3897.229	50.375	8.41	126.375	5.894	180.25	7.102	11563.778	180.25	0	0	0	9	9	11133	12750	13004	9289	6071	9926	12521	9272	-2	46	51	65	44	58	55	48	36	-2	124	127	141	126	122	127	122	122	-2	178	179	196	175	179	184	181	170	-1
1001001000	-2	11471	8122	3187.451	34.125	10.612	113.75	7.496	159.625	8.528	8925.444	159.75	0	0	0	9	9	8807	11471	10069	8411	7907	10341	9612	6482	-2	28	31	55	27	34	48	23	27	-2	105	115	129	117	111	119	106	108	-2	150	162	175	167	156	165	152	150	-1
1001001000	-2	11471	8122	3187.451	34.125	10.612	113.75	7.496	159.625	8.528	8925.444	159.75	0	0	0	9	9	8807	11471	10069	8411	7907	10341	9612	6482	-2	28	31	55	27	34	48	23	27	-2	105	115	129	117	111	119	106	108	-2	150	162	175	167	156	165	152	150	-1
1001001000	-2	8816	5378	2602.69	16.5	8.139	88.75	8.242	131.75	8.227	6178.556	131.25	0	0	0	9	9	4682	8816	6701	8536	3802	7030	3733	5104	-2	14	17	35	10	10	23	10	13	-2	88	93	104	89	85	94	74	83	-2	130	136	147	134	126	137	118	126	-1
1001001000	-2	8816	5212.778	2637.923	16.5	8.139	88.75	8.242	131.75	8.227	6178.556	131.25	0	0	0	9	9	4512	8816	6542	8536	3594	6763	3198	4956	-2	14	17	35	10	10	23	10	13	-2	88	93	104	89	85	94	74	83	-2	130	136	147	134	126	137	118	126	-1
1001001000	-2	9232	5562.556	2407.234	15.25	7.496	86.5	6.225	129.625	6.284	6401.778	129.375	0	0	0	9	9	5730	7169	6581	6466	3758	9232	5616	5513	-2	14	13	31	10	8	24	10	12	-2	86	87	99	86	85	91	76	82	-2	129	132	142	130	126	134	120	124	-1
1001001000	-2	9232	5562.556	2407.234	15.25	7.496	86.5	6.225	129.625	6.284	6401.778	129.375	0	0	0	9	9	5730	7169	6581	6466	3758	9232	5616	5513	-2	14	13	31	10	8	24	10	12	-2	86	87	99	86	85	91	76	82	-2	129	132	142	130	126	134	120	124	-1
1002001000	-2	8040	4292.333	2788.035	13	5.05	84	4.44	114.875	34.944	5743.444	114.875	0	0	1	9	9	4716	7098	0	2114	4591	8040	6230	5844	-2	14	11	15	9	8	25	10	12	-2	84	83	-2	86	84	93	78	80	-2	127	130	23	130	126	136	122	125	-1
1002001000	-2	9148	4303.111	3313.181	13.125	5.254	83.571	4.03	114.875	34.919	6416	114.75	0	0	1	9	9	2501	8817	0	1530	4525	9148	6562	5647	-2	13	12	15	10	8	26	10	11	-2	84	83	-2	87	82	91	78	80	-2	127	130	23	131	126	135	123	124	-1
1002001000	-2	9148	4303.111	3313.181	13.125	5.254	83.571	4.03	114.875	34.919	6416	114.75	0	0	1	9	9	2501	8817	0	1530	4525	9148	6562	5647	-2	13	12	15	10	8	26	10	11	-2	84	83	-2	87	82	91	78	80	-2	127	130	23	131	126	135	123	124	-1
1001001000	-2	9809	5631	3167.638	15.75	8.136	87.75	6.016	132.75	5.783	7456.444	132.625	0	0	0	9	9	2492	9809	8444	1942	5997	7976	7401	6620	-2	13	13	32	11	9	27	10	11	-2	85	83	99	92	85	94	83	81	-2	130	131	144	135	130	139	127	126	-1
1001001000	-2	9809	5631	3167.638	15.75	8.136	87.75	6.016	132.75	5.783	7456.444	132.625	0	0	0	9	9	2492	9809	8444	1942	5997	7976	7401	6620	-2	13	13	32	11	9	27	10	11	-2	85	83	99	92	85	94	83	81	-2	130	131	144	135	130	139	127	126	-1
1001001000	-2	9809	6120.333	3346.2	15.875	7.801	90.25	5.333	137.25	4.789	8378.222	136.875	0	0	0	9	9	2840	9809	8801	2194	6164	8886	8025	8366	-2	13	12	32	13	10	26	10	11	-2	87	88	100	91	90	97	86	83	-2	135	137	146	138	136	143	132	131	-1
1001001000	-2	9809	5891.333	3354.516	15.875	7.801	90.25	5.333	137.25	4.789	8378.222	136.875	0	0	0	9	9	2717	9809	8801	2008	4986	8567	7825	8311	-2	13	12	32	13	10	26	10	11	-2	87	88	100	91	90	97	86	83	-2	135	137	146	138	136	143	132	131	-1
1001001000	-2	8773	6462.111	2847.235	17.625	9.512	94	5.568	143	5.292	8025	142.75	0	0	0	9	9	5155	8282	8019	3434	7595	8344	8773	8559	-2	13	14	38	13	11	29	10	13	-2	92	95	103	91	96	101	88	86	-2	142	145	152	139	144	149	136	137	-1
1001001000	-2	8773	6462.111	2847.235	17.625	9.512	94	5.568	143	5.292	8025	142.75	0	0	0	9	9	5155	8282	8019	3434	7595	8344	8773	8559	-2	13	14	38	13	11	29	10	13	-2	92	95	103	91	96	101	88	86	-2	142	145	152	139	144	149	136	137	-1
1001001000	-2	9005	5847.111	2813.758	16.75	8.7	92.5	5.268	141.5	4.69	7944.667	141.375	0	0	0	9	9	3652	7063	7932	3027	6160	7913	9005	7874	-2	12	14	36	13	10	26	10	13	-2	89	94	100	90	93	101	86	87	-2	140	144	148	139	142	148	134	137	-1
1001001000	-2	9005	5847.111	2813.758	16.75	8.7	92.5	5.268	141.5	4.69	7944.667	141.375	0	0	0	9	9	3652	7063	7932	3027	6160	7913	9005	7874	-2	12	14	36	13	10	26	10	13	-2	89	94	100	90	93	101	86	87	-2	140	144	148	139	142	148	134	137	-1
1001001000	-2	8328	6324.667	2527.462	16.375	7.598	92.25	5.868	140.375	4.897	7787.889	140.125	0	0	0	9	9	5469	7098	8001	4721	8328	8262	7765	7280	-2	12	15	32	13	10	26	10	13	-2	89	94	101	89	91	102	86	86	-2	139	143	147	137	140	148	134	135	-1
1004003000	-2	661	167.111	219.991	10.333	1.247	79.8	3.655	92.625	45.116	10557.778	124.25	0	0	3	9	9	175	0	661	0	322	340	0	8	-2	10	-2	10	9	10	10	-2	13	-2	79	-2	81	-2	78	86	-2	75	-2	125	21	133	71	121	129	21	120	-1
1004003000	-2	661	167.111	219.991	10.333	1.247	79.8	3.655	92.625	45.116	10557.778	124.25	0	0	3	9	9	175	0	661	0	322	340	0	8	-2	10	-2	10	9	10	10	-2	13	-2	79	-2	81	-2	78	86	-2	75	-2	125	21	133	71	121	129	21	120	-1
1001001000	-2	6963	3007	2313.223	26.375	10.343	98.625	6.421	138.625	10.606	7483.333	140.5	0	0	0	9	9	6963	5009	1323	2264	95	5709	2512	3190	-2	20	22	44	16	29	42	16	22	-2	98	103	109	96	96	105	95	87	-2	142	146	150	138	115	148	139	131	-1
1001001000	-2	10614	6056.111	3297.723	20.5	8.818	96.125	5.71	141	6.344	8086.778	141	0	0	0	9	9	7223	9040	8387	10614	5120	6909	1251	5963	-2	15	14	33	13	24	36	12	17	-2	97	96	106	95	94	103	87	91	-2	141	140	152	144	135	148	132	136	-1
1002001000	-2	9120	5134.778	3055.941	11.75	3.112	83.286	4.772	114.875	33.546	5829.111	114.875	0	0	1	9	9	6566	7708	0	9120	3953	7136	5496	6236	-2	12	12	13	9	9	19	9	11	-2	78	87	-2	85	84	91	76	82	-2	125	131	27	131	124	136	120	125	-1
1002001000	-2	8452	4573.556	2804.246	11.75	3.112	83.286	4.772	114.875	33.546	5829.111	114.875	0	0	1	9	9	5755	7157	0	8452	3398	6517	4508	5377	-2	12	12	13	9	9	19	9	11	-2	78	87	-2	85	84	91	76	82	-2	125	131	27	131	124	136	120	125	-1
1002001000	-2	8545	4833.222	2777.373	10.75	3.419	80	3.854	111.625	32.272	5788.667	111.5	0	0	1	9	9	5766	6632	0	5538	4804	8545	5382	6834	-2	11	11	11	9	7	19	8	10	-2	80	83	-2	83	77	86	75	76	-2	125	128	27	127	119	130	118	119	-1
1002001000	-2	8545	4833.222	2777.373	10.75	3.419	80	3.854	111.625	32.272	5788.667	111.5	0	0	1	9	9	5766	6632	0	5538	4804	8545	5382	6834	-2	11	11	11	9	7	19	8	10	-2	80	83	-2	83	77	86	75	76	-2	125	128	27	127	119	130	118	119	-1
1001001000	-2	7156	4591.889	2454.729	10.75	4.146	79.5	6.461	123.5	6.364	7058.444	123.375	0	0	0	9	9	2373	6821	7126	2226	4807	6686	4134	7156	-2	11	11	11	8	7	21	8	9	-2	78	78	93	80	75	86	73	73	-2	121	124	137	124	119	129	117	117	-1
1001001000	-2	6976	4196.333	2523.726	10.75	4.146	79.5	6.461	120.625	9.772	7058.444	123.375	0	0	0	9	9	2367	6247	6976	399	4743	6027	4296	6714	-2	11	11	11	8	7	21	8	9	-2	78	78	93	80	75	86	73	73	-2	121	124	137	101	119	129	117	117	-1
1001001000	-2	7332	4445.222	2378.904	11.25	3.929	79.125	6.092	123.75	6.119	7673.444	123.875	0	0	0	9	9	2517	6802	7332	2016	4609	6962	4215	5556	-2	11	11	12	9	8	21	8	10	-2	79	74	92	80	75	85	74	74	-2	123	119	136	126	120	130	119	117	-1
1001001000	-2	7739	4710.556	2552.017	11.25	3.929	79.125	6.092	123.875	5.988	7673.444	123.875	0	0	0	9	9	2113	7739	7413	2867	4565	7049	3995	6656	-2	11	11	12	9	8	21	8	10	-2	79	74	92	80	75	85	74	74	-2	123	119	136	126	120	130	119	118	-1
1002001000	-2	7641	4077.222	2816.53	11.25	4.023	78.571	4.435	111.75	33.488	7080.778	111.75	0	0	1	9	9	2422	7603	0	2390	4796	7641	5714	6131	-2	11	11	13	9	8	21	8	9	-2	79	74	-2	83	75	87	76	76	-2	125	120	24	130	119	133	122	121	-1
1002001000	-2	7641	4077.222	2816.53	11.25	4.023	78.571	4.435	111.75	33.488	7080.778	111.75	0	0	1	9	9	2422	7603	0	2390	4796	7641	5714	6131	-2	11	11	13	9	8	21	8	9	-2	79	74	-2	83	75	87	76	76	-2	125	120	24	130	119	133	122	121	-1
1002001000	-2	8514	4410.111	3117.866	11.625	3.603	81.286	4.589	115.5	34.835	7293.667	115.5	0	0	1	9	9	2425	7501	0	2078	5576	8514	6696	6903	-2	11	11	14	11	8	20	9	9	-2	82	75	-2	85	79	90	80	78	-2	131	123	24	133	125	136	127	125	-1
1002001000	-2	8514	4410.111	3117.866	11.625	3.603	81.286	4.589	115.5	34.835	7293.667	115.5	0	0	1	9	9	2425	7501	0	2078	5576	8514	6696	6903	-2	11	11	14	11	8	20	9	9	-2	82	75	-2	85	79	90	80	78	-2	131	123	24	133	125	136	127	125	-1
1002001000	-2	8325	4290.111	3000.614	12.125	4.136	82.857	4.823	117.5	35.641	7489.111	117.5	0	0	1	9	9	1858	7146	0	3002	4883	8325	6358	7041	-2	11	10	15	11	9	22	9	10	-2	83	76	-2	87	81	92	81	80	-2	133	124	24	136	129	139	128	127	-1
1002001000	-2	10014	5213.556	3497.379	12.375	4.06	83	4.629	117.75	35.692	7489.111	117.5	0	0	1	9	9	3986	8733	0	2623	6737	10014	7283	7548	-2	11	12	15	11	9	22	9	10	-2	83	77	-2	87	81	92	81	80	-2	133	126	24	136	129	139	128	127	-1
1002001000	-2	10143	5537.778	3634.162	12	3.571	82.429	4.135	116.875	35.3	7533.667	116.375	0	0	1	9	9	5431	10143	0	2704	7149	9927	6708	7780	-2	11	12	15	11	9	20	9	9	-2	81	81	-2	86	79	91	79	80	-2	132	129	24	134	127	137	126	126	-1
1001001000	-2	637	226.667	193.529	11.25	1.714	74.625	5.453	110.125	8.536	5748.889	112.375	0	0	0	9	9	185	109	461	234	219	179	637	18	-2	13	9	13	10	11	14	10	10	-2	77	69	77	74	77	85	66	72	-2	113	90	118	111	112	120	108	109	-1
1001001000	-2	10373	5008.222	3073.539	17.25	5.607	92.375	4.635	136.875	5.754	7772.444	136.375	0	0	0	9	9	6678	6371	5976	10373	2908	6025	656	6089	-2	15	15	19	12	26	26	10	15	-2	93	95	98	91	93	98	84	87	-2	139	138	145	140	132	142	126	133	-1
1001001000	-2	8564	5900.333	2617.768	10	2.646	79	5	123.75	5.739	7299	123.625	0	0	0	9	9	7139	5490	7925	8564	5675	7421	3083	7808	-2	10	11	11	7	8	16	8	9	-2	76	82	89	79	75	83	74	74	-2	123	127	135	125	117	127	117	119	-1
1001001000	-2	9675	6528.556	2729.6	9.875	2.619	78.875	4.936	123.75	5.739	7299	123.625	0	0	0	9	9	7529	6103	8162	9675	6295	8037	4439	8519	-2	10	10	11	7	8	16	8	9	-2	76	81	89	79	75	83	74	74	-2	123	127	135	125	117	127	117	119	-1
1001001000	-2	7401	5401.778	2196.876	9.25	2.437	75.75	4.657	119.75	4.657	6865.667	119.75	0	0	0	9	9	5986	6902	5706	3779	5001	7401	6656	7187	-2	9	10	10	7	7	15	8	8	-2	76	75	85	76	74	80	70	70	-2	120	120	129	120	116	124	114	115	-1
1001001000	-2	7401	5401.778	2196.876	9.25	2.437	75.75	4.657	119.75	4.657	6865.667	119.75	0	0	0	9	9	5986	6902	5706	3779	5001	7401	6656	7187	-2	9	10	10	7	7	15	8	8	-2	76	75	85	76	74	80	70	70	-2	120	120	129	120	116	124	114	115	-1
1001001000	-2	7253	4246.333	2724.578	9	2.915	73.625	5.171	117.375	4.794	7515.889	117.375	0	0	0	9	9	2081	6982	7253	1271	2876	7156	3549	7051	-2	9	10	9	7	6	16	7	8	-2	74	70	85	76	71	76	69	68	-2	116	115	128	120	114	120	113	113	-1
1001001000	-2	7027	3860	2566.054	9	2.915	73.625	5.171	114.75	7.579	7515.889	117.375	0	0	0	9	9	1765	5773	7027	545	2419	6316	4418	6479	-2	9	10	9	7	6	16	7	8	-2	74	70	85	76	71	76	69	68	-2	116	115	128	99	114	120	113	113	-1
1001001000	-2	6866	3587.111	2460.054	9.375	2.87	73.875	5.254	115.75	7.31	7700	118.125	0	0	0	9	9	1743	5114	6866	594	2369	6816	3180	5604	-2	9	11	10	7	7	16	7	8	-2	73	71	85	76	71	78	68	69	-2	116	115	128	101	115	123	114	114	-1
1001001000	-2	6866	3587.111	2460.054	9.375	2.87	73.875	5.254	115.75	7.31	7700	118.125	0	0	0	9	9	1743	5114	6866	594	2369	6816	3180	5604	-2	9	11	10	7	7	16	7	8	-2	73	71	85	76	71	78	68	69	-2	116	115	128	101	115	123	114	114	-1
1001001000	-2	7184	3428	2192.272	9.375	2.87	74.75	5.717	120	5.701	7595	120	0	0	0	9	9	2019	3897	6231	1241	2600	7184	2972	4710	-2	9	10	11	7	7	16	7	8	-2	74	71	87	76	70	80	70	70	-2	119	116	131	123	114	126	116	115	-1
1001001000	-2	6979	3733.111	2106.426	9.375	2.69	76	5.477	122.5	5.612	7944.889	122.375	0	0	0	9	9	3208	3731	6187	1394	3241	6979	3320	5540	-2	9	10	12	7	7	15	7	8	-2	76	72	87	77	71	82	72	71	-2	124	118	133	125	118	128	118	116	-1
1001001000	-2	6979	3733.111	2106.426	9.375	2.69	76	5.477	122.5	5.612	7944.889	122.375	0	0	0	9	9	3208	3731	6187	1394	3241	6979	3320	5540	-2	9	10	12	7	7	15	7	8	-2	76	72	87	77	71	82	72	71	-2	124	118	133	125	118	128	118	116	-1
1001001000	-2	6931	4385.444	1960.295	9.25	2.681	76.5	5.315	123.5	5.545	7863.111	123.5	0	0	0	9	9	4929	3618	6931	4205	4888	6630	3012	5258	-2	9	9	12	7	7	15	7	8	-2	76	70	86	79	73	83	72	73	-2	126	117	132	127	119	130	118	119	-1
1001001000	-2	6931	4385.444	1960.295	9.25	2.681	76.5	5.315	123.5	5.545	7863.111	123.5	0	0	0	9	9	4929	3618	6931	4205	4888	6630	3012	5258	-2	9	9	12	7	7	15	7	8	-2	76	70	86	79	73	83	72	73	-2	126	117	132	127	119	130	118	119	-1
1001001000	-2	264	137.667	89.205	11.125	1.053	77.125	3.059	109.125	10.13	5391.111	114.25	0	0	1	9	9	210	100	143	179	116	264	229	0	-2	13	10	12	10	11	12	10	11	-2	76	76	79	77	77	84	75	73	-2	113	95	118	110	112	120	115	90	-1
1001001000	-2	9432	5532	3103.238	13.125	4.622	83.5	3.808	129.25	4.684	7818.778	129.125	0	0	0	9	9	8145	6686	7127	9432	2270	5388	2255	8487	-2	11	13	13	8	23	17	8	12	-2	76	88	87	85	83	87	81	81	-2	126	131	133	136	123	134	123	128	-1
1001001000	-2	9101	6193.667	2818.513	8.375	1.996	72.625	5.243	116.875	5.085	7825.778	117	0	0	0	9	9	9101	8016	7041	8660	4659	7718	3254	7296	-2	8	9	9	6	7	13	7	8	-2	72	73	83	70	72	78	67	66	-2	118	118	127	116	111	121	111	113	-1
1001001000	-2	9191	6387.778	2784.813	8.375	1.996	72.625	5.243	117.125	4.833	7825.778	117	0	0	0	9	9	9191	8106	7325	8593	5327	7983	3598	7369	-2	8	9	9	6	7	13	7	8	-2	72	73	83	70	72	78	67	66	-2	118	118	127	116	113	121	111	113	-1
1001001000	-2	8277	4850.556	2415.964	7.625	1.495	68.25	2.905	112.5	2.784	7502.333	112.5	0	0	0	9	9	4524	8277	7381	4179	3294	6781	3193	6028	-2	8	8	8	6	6	11	7	7	-2	68	68	75	67	67	70	66	65	-2	113	113	119	112	110	113	110	110	-1
1005003000	-2	0	-0.222	0.629	7.5	0.5	76.75	2.385	65.25	34.799	12453.333	134.375	0	0	8	9	9	0	0	0	0	0	0	0	0	-2	8	-2	8	7	7	8	7	-2	-2	78	-2	-2	75	-2	80	74	-2	-2	99	21	30	96	56	102	97	21	-1
1004001000	-2	201	41.111	77.771	7	0.707	63	2.28	76.125	17.624	8101.111	104.375	0	0	6	9	9	201	0	0	0	0	171	0	0	-2	8	7	7	7	8	7	6	6	-2	60	63	-2	62	-2	67	63	-2	-2	102	81	59	80	55	98	81	53	-1
1001001000	-2	1082	277.556	344.4	7.5	0.707	67.625	2.233	99.375	11.456	7949.778	108.375	0	0	3	9	9	351	338	0	0	156	573	1082	0	-2	8	7	7	7	9	8	7	7	-2	65	69	69	66	67	72	68	65	-2	109	108	89	84	100	111	111	83	-1
1001001000	-2	6745	2820.222	2126.86	11.25	1.09	86.75	3.491	136.5	3.905	10755.333	136.5	0	0	0	9	9	6745	2477	550	5114	3176	2558	4147	617	-2	12	12	12	10	10	11	10	13	-2	85	89	90	83	85	90	91	81	-2	138	136	135	135	136	137	145	130	-1
1001001000	-2	9911	6770.444	2975.757	10.25	1.714	83.125	4.512	132	4.33	8684.222	132	0	0	0	9	9	7390	6981	7137	8680	3325	8789	8723	9911	-2	10	13	11	9	8	12	8	11	-2	77	92	87	85	79	82	83	80	-2	131	135	134	139	123	133	130	131	-1
1001001000	-2	9219	6288.889	2853.979	10.875	1.691	83.625	4.241	132.375	3.603	8684.222	132	0	0	0	9	9	7404	7078	5161	8216	3032	8360	8132	9219	-2	10	13	11	9	13	12	8	11	-2	77	92	87	85	83	82	83	80	-2	131	135	134	139	126	133	130	131	-1
1001001000	-2	10563	6814.333	2889.933	6.875	0.781	67.125	3.48	111.625	2.736	8273.333	111.625	0	0	0	9	9	9126	8607	7651	10563	5779	7549	4900	7156	-2	7	8	8	6	6	7	6	7	-2	66	69	74	67	68	68	63	62	-2	111	113	116	114	110	113	107	109	-1
