1006001000	-2	909	271.778	392.504	278.875	298.496	160	5.354	348	266.83	2482.778	348	0	0	3	9	9	903	640	909	0	-2	-2	0	0	-2	64	75	66	97	945	580	217	187	-2	166	161	153	-2	-2	-2	-2	-2	-2	206	203	194	143	962	597	232	247	-1
1006002000	-2	929	218.667	329.771	303.286	309.166	162.333	1.886	317.5	285.084	2074.111	349.625	0	0	3	9	9	929	520	525	0	-2	-2	0	0	-2	101	84	84	114	945	580	215	-2	-2	161	161	165	-2	-2	-2	-2	-2	-2	203	199	203	141	956	591	226	21	-1
1007002000	-2	1318	240.222	464.313	297.143	314.67	154.5	4.5	307.75	298.665	1097	347.25	0	0	4	9	9	0	1318	850	0	-2	-2	0	0	-2	90	68	94	81	947	582	218	-2	-2	-2	150	159	-2	-2	-2	-2	-2	-2	101	187	194	141	971	606	241	21	-1
1007002000	-2	1318	240.222	464.313	297.143	314.67	154.5	4.5	307.75	298.665	1097	347.25	0	0	4	9	9	0	1318	850	0	-2	-2	0	0	-2	90	68	94	81	947	582	218	-2	-2	-2	150	159	-2	-2	-2	-2	-2	-2	101	187	194	141	971	606	241	21	-1
1008003000	-2	1444	159.556	454.121	495	457.45	159	0	424.875	465.228	1139	484.375	0	0	4	9	9	0	0	1444	0	-2	-2	-2	0	-2	92	-2	94	81	1266	901	536	-2	-2	-2	-2	159	-2	-2	-2	-2	-2	-2	103	21	194	141	1338	973	608	21	-1
1008003000	-2	1445	159.667	454.435	495	457.45	159	0	424.875	465.228	1139	484.375	0	0	4	9	9	0	0	1445	0	-2	-2	-2	0	-2	92	-2	94	81	1266	901	536	-2	-2	-2	-2	159	-2	-2	-2	-2	-2	-2	103	21	194	141	1338	973	608	21	-1
1008003000	-2	1786	197.556	561.601	512	448.72	156	0	430.75	454.497	650.778	472.25	0	0	4	9	9	0	0	1786	0	-2	-2	-2	0	-2	-2	-2	94	80	1272	907	542	177	-2	-2	-2	156	-2	-2	-2	-2	-2	-2	21	21	190	140	1329	961	596	188	-1
1008003000	-2	1786	197.556	561.601	512	448.72	156	0	430.75	454.497	650.778	472.25	0	0	4	9	9	0	0	1786	0	-2	-2	-2	0	-2	-2	-2	94	80	1272	907	542	177	-2	-2	-2	156	-2	-2	-2	-2	-2	-2	21	21	190	140	1329	961	596	188	-1
1006001000	-2	1219	259.333	413.504	406.625	430.837	156	1.633	462.25	411.511	1017.222	475.75	0	0	2	9	9	444	679	1219	0	-2	-2	-2	0	-2	96	80	94	77	1274	909	544	179	-2	158	154	156	-2	-2	-2	-2	-2	-2	191	190	190	141	1321	920	555	190	-1
1007001000	-2	921	137.444	294.998	406.625	430.837	157	1	446.75	417.605	1017.222	475.75	0	0	3	9	9	324	0	921	0	-2	-2	-2	0	-2	96	80	94	77	1274	909	544	179	-2	158	-2	156	-2	-2	-2	-2	-2	-2	191	91	190	132	1305	920	555	190	-1
1006001000	-2	1126	266.222	408.311	407.5	431.728	157	1.414	459.375	402.503	881.778	474.875	0	0	2	9	9	475	1126	803	0	-2	-2	-2	0	-2	97	83	95	70	1276	911	546	182	-2	159	156	156	-2	-2	-2	-2	-2	-2	192	193	184	140	1287	922	557	200	-1
1007001000	-2	1338	223.222	447.23	271.375	303.088	158	3	326.625	277.69	2426.778	326.625	0	0	4	9	9	0	677	1338	0	-2	-2	0	0	-2	46	53	63	82	944	579	217	187	-2	-2	155	161	-2	-2	-2	-2	-2	-2	64	206	211	142	955	590	225	220	-1
1006001000	-2	787	221.111	318.804	288.875	292.712	166.333	8.179	348.375	264.603	2173.222	352.125	0	0	3	9	9	557	652	787	0	-2	-2	0	0	-2	101	86	85	110	947	582	217	183	-2	174	155	170	-2	-2	-2	-2	-2	-2	211	194	210	141	958	593	228	252	-1
1006002000	-2	2329	388.556	734.046	456.571	447.055	176.667	4.922	449.75	419.998	1515.778	496.375	0	0	2	9	9	373	803	2329	0	-2	-2	-2	0	-2	116	99	106	112	1286	921	556	-2	-2	183	171	176	-2	-2	-2	-2	-2	-2	219	208	214	140	1297	932	567	21	-1
1006002000	-2	3348	816.333	1213.165	462.286	452.745	178.333	4.11	463.125	435.012	1467.889	495.625	0	0	2	9	9	2060	1947	3348	0	-2	-2	-2	0	-2	115	101	116	102	1299	934	569	-2	-2	183	173	179	-2	-2	-2	-2	-2	-2	218	210	216	139	1332	967	602	21	-1
1006002000	-2	3348	816.333	1213.165	462.286	452.745	178.333	4.11	463.125	435.012	1467.889	495.625	0	0	2	9	9	2060	1947	3348	0	-2	-2	-2	0	-2	115	101	116	102	1299	934	569	-2	-2	183	173	179	-2	-2	-2	-2	-2	-2	218	210	216	139	1332	967	602	21	-1
1006002000	-2	7319	1809.333	2675.63	307.143	309.19	174	4.243	322.25	285.292	1837.556	356.5	0	0	3	9	9	4277	7319	4694	0	-2	-2	0	0	-2	105	97	110	86	949	584	219	-2	-2	180	171	171	-2	-2	-2	-2	-2	-2	216	210	207	139	960	595	230	21	-1
1008004000	-2	1028	113.556	323.306	367	327.868	161	0	259.875	305.655	630.111	334.125	0	0	5	9	9	0	0	1028	0	-2	-2	0	0	-2	-2	-2	94	70	922	557	192	-2	-2	-2	-2	161	-2	-2	-2	-2	-2	-2	21	21	197	115	933	568	203	21	-1
1008004000	-2	1028	113.556	323.306	367	327.868	161	0	259.875	305.655	630.111	334.125	0	0	5	9	9	0	0	1028	0	-2	-2	0	0	-2	-2	-2	94	70	922	557	192	-2	-2	-2	-2	161	-2	-2	-2	-2	-2	-2	21	21	197	115	933	568	203	21	-1
1008005000	-2	1055	116.333	331.87	696	433.377	157	0	398.875	484.82	564	470.375	0	0	4	9	9	0	0	1055	0	-2	-2	-2	0	-2	-2	-2	93	-2	1262	897	532	-2	-2	-2	-2	157	-2	-2	-2	-2	-2	-2	21	21	182	21	1340	975	610	21	-1
1008005000	-2	1057	116.556	332.499	696	433.377	157	0	398.875	484.82	564	470.375	0	0	4	9	9	0	0	1057	0	-2	-2	-2	0	-2	-2	-2	93	-2	1262	897	532	-2	-2	-2	-2	157	-2	-2	-2	-2	-2	-2	21	21	182	21	1340	975	610	21	-1
1006002000	-2	1472	372	549.91	431.857	449.245	152.667	5.558	455	444.378	920.444	482.875	0	0	2	9	9	829	1472	1055	0	-2	-2	-2	0	-2	94	70	94	68	1264	899	534	-2	-2	158	145	155	-2	-2	-2	-2	-2	-2	191	183	183	140	1339	974	609	21	-1
1006002000	-2	1910	475.333	704.148	431.857	449.245	152.667	5.558	455	444.378	920.444	482.875	0	0	2	9	9	1076	1910	1300	0	-2	-2	-2	0	-2	94	70	94	68	1264	899	534	-2	-2	158	145	155	-2	-2	-2	-2	-2	-2	191	183	183	140	1339	974	609	21	-1
1006001000	-2	2064	471.556	720.104	401.5	427.527	154	4.082	483.875	422.042	824.111	483.875	0	0	2	9	9	1179	2064	1009	0	-2	-2	-2	0	-2	96	78	94	68	1264	899	534	179	-2	159	149	154	-2	-2	-2	-2	-2	-2	191	187	187	140	1339	974	609	244	-1
1006001000	-2	1520	423.333	628.09	401.5	427.527	154	4.082	479.25	423.796	824.111	483.875	0	0	2	9	9	1475	1520	823	0	-2	-2	-2	0	-2	96	78	94	68	1264	899	534	179	-2	159	149	154	-2	-2	-2	-2	-2	-2	191	187	187	140	1339	974	600	216	-1
1006001000	-2	1614	454.667	671.793	403.125	428.569	155	3.266	465.375	415.938	872.222	482.25	0	0	2	9	9	1614	1580	906	0	-2	-2	-2	0	-2	94	80	94	68	1267	902	537	183	-2	159	151	155	-2	-2	-2	-2	-2	-2	192	188	188	140	1335	925	560	195	-1
1006001000	-2	2271	523.333	795.694	403.125	428.569	155	3.266	482.25	420.325	872.222	482.25	0	0	2	9	9	1300	2271	1147	0	-2	-2	-2	0	-2	94	80	94	68	1267	902	537	183	-2	159	151	155	-2	-2	-2	-2	-2	-2	192	188	188	140	1335	970	605	240	-1
1006001000	-2	1838	414.333	663.894	410.125	432.902	159	2.16	487.125	420.41	953.889	487.125	0	0	2	9	9	1356	1838	543	0	-2	-2	-2	0	-2	94	87	96	68	1280	915	550	191	-2	160	156	161	-2	-2	-2	-2	-2	-2	193	194	195	145	1340	975	610	245	-1
1006001000	-2	2037	462.556	733.979	410.125	432.902	159	2.16	487.125	420.41	953.889	487.125	0	0	2	9	9	1484	2037	650	0	-2	-2	-2	0	-2	94	87	96	68	1280	915	550	191	-2	160	156	161	-2	-2	-2	-2	-2	-2	193	194	195	145	1340	975	610	245	-1
1006001000	-2	2943	605	974.259	415.25	430.666	162	0	475	420.17	1085	475	0	0	2	9	9	1368	2943	1142	0	-2	-2	-2	0	-2	95	103	110	69	1282	917	552	194	-2	162	162	162	-2	-2	-2	-2	-2	-2	198	203	197	88	1326	961	596	231	-1
1006001000	-2	4302	965.333	1490.358	415.75	428.799	166.667	1.247	476.875	407.125	1210.222	476.875	0	0	2	9	9	2526	4302	1868	0	-2	-2	-2	0	-2	96	110	113	71	1280	915	550	191	-2	165	167	168	-2	-2	-2	-2	-2	-2	202	210	203	146	1311	946	581	216	-1
1006001000	-2	4323	1012.111	1530.732	415.75	428.799	166.667	1.247	476.875	407.125	1210.222	476.875	0	0	2	9	9	2650	4323	2144	0	-2	-2	-2	0	-2	96	110	113	71	1280	915	550	191	-2	165	167	168	-2	-2	-2	-2	-2	-2	202	210	203	146	1311	946	581	216	-1
1006001000	-2	5188	1233.444	1923.43	289.375	290.45	165.333	1.7	358.125	274.317	1362.222	358.125	0	0	3	9	9	4090	5188	1829	0	-2	-2	0	0	-2	87	110	105	95	944	579	216	179	-2	163	167	166	-2	-2	-2	-2	-2	-2	203	212	201	139	985	620	255	250	-1
1006001000	-2	4799	1097.333	1685.105	287.5	289.288	163	3.559	357.625	275.132	1309	357.625	0	0	3	9	9	3013	4799	2070	0	-2	-2	0	0	-2	84	106	104	97	940	575	211	183	-2	158	165	166	-2	-2	-2	-2	-2	-2	198	208	202	140	986	621	256	250	-1
1006001000	-2	3997	1012	1486.426	280.125	285.715	159.667	5.558	356.625	276.795	1097.222	356.625	0	0	3	9	9	2690	3997	2427	0	-2	-2	0	0	-2	84	89	101	95	926	561	205	180	-2	152	165	162	-2	-2	-2	-2	-2	-2	191	207	199	140	988	623	258	247	-1
1006001000	-2	3982	1006.667	1479.503	280.125	285.715	159.667	5.558	356.625	276.795	1097.222	356.625	0	0	3	9	9	2685	3982	2399	0	-2	-2	0	0	-2	84	89	101	95	926	561	205	180	-2	152	165	162	-2	-2	-2	-2	-2	-2	191	207	199	140	988	623	258	247	-1
1007001000	-2	1447	230.667	473.542	269	300.574	162.5	6.5	327.5	277.914	2379.333	327.5	0	0	4	9	9	0	635	1447	0	-2	-2	0	0	-2	48	53	66	82	938	573	211	181	-2	-2	156	169	-2	-2	-2	-2	-2	-2	63	205	217	142	956	591	226	220	-1
1006001000	-2	1036	219.778	358.11	304.25	301.305	171.667	7.93	355.75	276.316	2236	361.5	0	0	3	9	9	292	656	1036	0	-2	-2	0	0	-2	113	90	87	113	976	611	246	198	-2	180	161	174	-2	-2	-2	-2	-2	-2	217	200	214	140	987	622	257	209	-1
1006002000	-2	2445	316.333	757.713	307.429	306.322	174.333	5.735	320.25	284.025	1603.222	353.75	0	0	3	9	9	261	147	2445	0	-2	-2	0	0	-2	114	95	93	110	945	580	215	-2	-2	181	167	175	-2	-2	-2	-2	-2	-2	216	198	213	141	956	591	226	21	-1
1006002000	-2	1845	233.111	572.421	307.429	306.322	174.333	5.735	319.625	284.273	1603.222	353.75	0	0	3	9	9	145	114	1845	0	-2	-2	0	0	-2	114	95	93	110	945	580	215	-2	-2	181	167	175	-2	-2	-2	-2	-2	-2	213	196	213	141	956	591	226	21	-1
1007003000	-2	6346	1342.778	2518.206	519.833	466.527	180	5	440.875	453.453	1900.778	495	0	0	3	9	9	5747	6346	0	0	-2	-2	-2	0	-2	115	104	-2	92	1301	936	571	-2	-2	185	175	-2	-2	-2	-2	-2	-2	-2	223	216	21	139	1334	969	604	21	-1
1008005000	-2	1777	196.778	558.694	435.5	322.827	165	0	245.625	308.708	1252.889	355.125	0	0	5	9	9	0	0	1777	0	-2	-2	0	0	-2	-2	-2	94	-2	912	547	189	-2	-2	-2	-2	165	-2	-2	-2	-2	-2	-2	21	21	200	21	923	558	200	21	-1
1008005000	-2	1777	196.778	558.694	435.5	322.827	165	0	245.625	308.708	1252.889	355.125	0	0	5	9	9	0	0	1777	0	-2	-2	0	0	-2	-2	-2	94	-2	912	547	189	-2	-2	-2	-2	165	-2	-2	-2	-2	-2	-2	21	21	200	21	923	558	200	21	-1
1008005000	-2	675	74.333	212.37	446.5	328.844	157	0	249.5	315.665	851.444	335.75	0	0	5	9	9	0	0	675	0	-2	-2	0	0	-2	-2	-2	92	-2	929	564	201	-2	-2	-2	-2	157	-2	-2	-2	-2	-2	-2	21	21	185	21	940	575	212	21	-1
1008005000	-2	794	87.556	249.767	446.5	328.844	157	0	259.5	331.82	851.444	335.75	0	0	5	9	9	0	0	794	0	-2	-2	0	0	-2	-2	-2	92	-2	929	564	201	-2	-2	-2	-2	157	-2	-2	-2	-2	-2	-2	21	21	185	21	980	615	212	21	-1
1007002000	-2	3918	585.556	1252.307	418.143	445.934	147	9	441.25	453.737	788.222	469.125	0	0	3	9	9	0	3918	1360	0	-2	-2	-2	0	-2	72	54	93	65	1246	881	516	-2	-2	-2	138	156	-2	-2	-2	-2	-2	-2	88	178	180	141	1339	974	609	21	-1
1007002000	-2	3918	585.556	1252.307	418.143	445.934	147	9	441.25	453.737	788.222	469.125	0	0	3	9	9	0	3918	1360	0	-2	-2	-2	0	-2	72	54	93	65	1246	881	516	-2	-2	-2	138	156	-2	-2	-2	-2	-2	-2	88	178	180	141	1339	974	609	21	-1
1005001000	-2	2180	681.667	971.577	396.875	427.274	145.75	9.121	481.875	422.72	1047.222	481.875	0	0	2	9	9	2180	1791	2172	0	-2	-2	-2	0	-2	93	68	93	65	1259	894	529	174	-2	154	143	154	132	-2	-2	-2	-2	-2	188	180	184	141	1338	973	608	243	-1
1005001000	-2	2180	681.667	971.577	396.875	427.274	145.75	9.121	481.875	422.72	1047.222	481.875	0	0	2	9	9	2180	1791	2172	0	-2	-2	-2	0	-2	93	68	93	65	1259	894	529	174	-2	154	143	154	132	-2	-2	-2	-2	-2	188	180	184	141	1338	973	608	243	-1
1005001000	-2	2099	584.556	840.48	397.5	425.483	145.5	9.233	481.75	421.326	894.222	481.75	0	0	2	9	9	2099	1548	1622	0	-2	-2	-2	0	-2	94	72	94	66	1257	892	527	178	-2	154	144	153	131	-2	-2	-2	-2	-2	188	180	187	145	1336	971	606	241	-1
1005001000	-2	2099	582.889	838.525	397.5	425.483	145.5	9.233	481.75	421.326	894.222	481.75	0	0	2	9	9	2099	1538	1617	0	-2	-2	-2	0	-2	94	72	94	66	1257	892	527	178	-2	154	144	153	131	-2	-2	-2	-2	-2	188	180	187	145	1336	971	606	241	-1
1006002000	-2	1729	521.222	744.224	300.286	318.626	150.333	3.3	316.5	292.255	777.778	344.625	0	0	3	9	9	1729	1618	1350	0	-2	-2	0	0	-2	90	78	95	66	956	591	226	-2	-2	151	146	154	-2	-2	-2	-2	-2	-2	185	182	187	145	969	604	239	21	-1
1006002000	-2	1729	521.222	744.224	300.286	318.626	150.333	3.3	316.5	292.255	777.778	344.625	0	0	3	9	9	1729	1618	1350	0	-2	-2	0	0	-2	90	78	95	66	956	591	226	-2	-2	151	146	154	-2	-2	-2	-2	-2	-2	185	182	187	145	969	604	239	21	-1
1007001000	-2	2019	345.667	684.025	402.375	426.425	158	4	469.625	434.434	359.889	475.375	0	0	3	9	9	2019	0	1100	0	-2	-2	-2	0	-2	93	80	97	67	1263	898	533	188	-2	154	-2	162	-2	-2	-2	-2	-2	-2	188	97	195	145	1342	977	612	201	-1
1007001000	-2	2894	467.556	951.617	291.125	300.36	158.5	4.5	338.75	280.761	502.333	338.75	0	0	4	9	9	2894	0	1320	0	-2	-2	0	0	-2	93	86	105	67	961	596	231	190	-2	154	-2	163	-2	-2	-2	-2	-2	-2	190	97	198	146	974	609	244	252	-1
1007001000	-2	2894	467.556	951.617	291.125	300.36	158.5	4.5	338.75	280.761	502.333	338.75	0	0	4	9	9	2894	0	1320	0	-2	-2	0	0	-2	93	86	105	67	961	596	231	190	-2	154	-2	163	-2	-2	-2	-2	-2	-2	190	97	198	146	974	609	244	252	-1
1006001000	-2	3151	746.667	1212.894	285.125	291.419	159	3.742	343.75	279.288	975.444	343.75	0	0	3	9	9	3151	2772	803	0	-2	-2	0	0	-2	83	105	106	68	940	575	211	193	-2	154	160	163	-2	-2	-2	-2	-2	-2	192	199	184	87	976	611	246	255	-1
1006001000	-2	3151	746.889	1228.393	285.125	291.419	159	3.742	343.75	279.288	975.444	343.75	0	0	3	9	9	3151	2855	722	0	-2	-2	0	0	-2	83	105	106	68	940	575	211	193	-2	154	160	163	-2	-2	-2	-2	-2	-2	192	199	184	87	976	611	246	255	-1
1007001000	-2	2530	352.778	796.147	274.75	288.252	156	6	338.5	294.473	361.333	338.5	0	0	4	9	9	2530	0	651	0	-2	-2	0	0	-2	82	89	99	69	925	560	198	176	-2	150	-2	162	-2	-2	-2	-2	-2	-2	188	102	184	87	995	630	265	257	-1
1007001000	-2	2530	360	799.108	274.75	288.252	156	6	338.5	294.473	361.333	338.5	0	0	4	9	9	2530	0	716	0	-2	-2	0	0	-2	82	89	99	69	925	560	198	176	-2	150	-2	162	-2	-2	-2	-2	-2	-2	188	102	184	87	995	630	265	257	-1
1007001000	-2	2589	473.778	913.388	280.375	290.667	157.5	6.5	344.125	284.523	502.667	344.125	0	0	4	9	9	2589	0	1681	0	-2	-2	0	0	-2	82	88	105	71	934	569	213	181	-2	151	-2	164	-2	-2	-2	-2	-2	-2	190	101	198	147	986	621	256	254	-1
1006001000	-2	2133	584.444	869.941	280.625	290.013	157.667	5.558	357.75	279.68	1024.889	357.75	0	0	3	9	9	2133	2029	1104	0	-2	-2	0	0	-2	82	84	104	77	933	568	213	184	-2	150	160	163	-2	-2	-2	-2	-2	-2	187	200	198	140	994	629	264	250	-1
1005001000	-2	2369	455.889	766.793	151.25	173.645	163.5	48.895	292.125	128.151	4589.444	320.75	0	0	4	9	9	1010	728	2369	0	0	-2	0	0	-2	27	18	19	29	129	556	254	178	-2	138	130	138	248	-2	-2	-2	-2	-2	171	215	211	358	296	599	265	222	-1
1006001000	-2	1180	244.444	408.534	427.5	431.815	174.667	10.403	493.5	416.177	1680.778	496.5	0	0	2	9	9	270	758	1180	0	-2	-2	-2	0	-2	114	92	104	111	1296	931	566	206	-2	181	160	183	-2	-2	-2	-2	-2	-2	218	198	222	140	1340	975	610	245	-1
1006002000	-2	1407	172.778	437.666	457	452.979	174.333	7.318	453.75	431.364	865.222	498.25	0	0	2	9	9	98	58	1407	0	-2	-2	-2	0	-2	115	95	106	96	1294	929	564	-2	-2	180	164	179	-2	-2	-2	-2	-2	-2	212	184	214	140	1318	953	588	21	-1
1006002000	-2	1082	128.333	338.093	455.714	453.231	173	4.967	447.125	426.045	319.111	495.125	0	0	2	9	9	2	79	1082	0	-2	-2	-2	0	-2	115	97	107	87	1293	928	563	-2	-2	176	166	177	-2	-2	-2	-2	-2	-2	190	198	211	140	1304	939	574	21	-1
1006002000	-2	1085	128.778	339.017	455.714	453.231	173	4.967	447.125	426.045	319.111	495.125	0	0	2	9	9	2	80	1085	0	-2	-2	-2	0	-2	115	97	107	87	1293	928	563	-2	-2	176	166	177	-2	-2	-2	-2	-2	-2	190	198	211	140	1304	939	574	21	-1
1007006000	-2	1481	250	498.287	102	9.798	176	3	485.625	509.849	870.444	552.375	0	0	3	9	9	1481	777	0	0	-2	-2	-2	0	-2	114	102	-2	90	-2	-2	-2	-2	-2	179	173	-2	-2	-2	-2	-2	-2	-2	214	208	21	139	1459	1094	729	21	-1
1007006000	-2	1508	306.333	578.27	102	9.798	176	3	485.625	509.849	870.444	552.375	0	0	3	9	9	1508	1257	0	0	-2	-2	-2	0	-2	114	102	-2	90	-2	-2	-2	-2	-2	179	173	-2	-2	-2	-2	-2	-2	-2	214	208	21	139	1459	1094	729	21	-1
1007004000	-2	5695	880.111	1839.458	599.2	464.213	168.5	5.5	423	466.84	1304.778	501.375	0	0	3	9	9	0	5695	2234	0	-2	-2	-2	0	-2	-2	96	116	-2	1293	928	563	-2	-2	-2	163	174	-2	-2	-2	-2	-2	-2	21	203	208	21	1335	970	605	21	-1
1006002000	-2	5702	1281.889	1999.31	454.571	454.15	169.667	4.784	470.875	448.817	1304.778	501.375	0	0	2	9	9	3690	5702	2153	0	-2	-2	-2	0	-2	104	96	116	82	1293	928	563	-2	-2	172	163	174	-2	-2	-2	-2	-2	-2	211	203	208	139	1360	995	630	21	-1
1007003000	-2	5673	829.667	1802.092	295.167	331.599	157	13	282.125	317.594	832	339	0	0	4	9	9	0	5673	1800	0	-2	-2	0	0	-2	71	59	97	65	922	557	-2	-2	-2	-2	144	170	-2	-2	-2	-2	-2	-2	88	188	203	141	980	615	21	21	-1
1007003000	-2	5673	829.667	1802.092	295.167	331.599	157	13	282.125	317.594	832	339	0	0	4	9	9	0	5673	1800	0	-2	-2	0	0	-2	71	59	97	65	922	557	-2	-2	-2	-2	144	170	-2	-2	-2	-2	-2	-2	88	188	203	141	980	615	21	21	-1
1005002000	-2	5682	1062.333	1819.685	278.857	312.935	141	12.268	319	298.222	1063	347.125	0	0	3	9	9	2194	5682	1691	0	-2	-2	0	0	-2	66	52	91	59	926	561	197	-2	-2	150	127	156	131	-2	-2	-2	-2	-2	185	170	181	144	982	617	252	21	-1
1007004000	-2	1691	187.222	531.667	366.8	331.68	143.5	12.5	279.875	323.399	1063	347.125	0	0	5	9	9	0	0	1691	0	-2	-2	0	0	-2	-2	-2	91	59	926	561	197	-2	-2	-2	-2	156	131	-2	-2	-2	-2	-2	21	21	181	144	982	617	252	21	-1
1005001000	-2	5060	1017.111	1657.44	274.5	302.659	139	12.104	347.25	278.689	1063.333	347.25	0	0	3	9	9	1936	5060	2164	0	-2	-2	0	0	-2	70	54	91	59	948	583	218	173	-2	149	126	153	128	-2	-2	-2	-2	-2	183	167	188	144	982	617	252	245	-1
1005001000	-2	5060	1017.111	1657.44	274.5	302.659	139	12.104	347.25	278.689	1063.333	347.25	0	0	3	9	9	1936	5060	2164	0	-2	-2	0	0	-2	70	54	91	59	948	583	218	173	-2	149	126	153	128	-2	-2	-2	-2	-2	183	167	188	144	982	617	252	245	-1
1005002000	-2	3322	851.333	1264.595	292.286	319.369	139.5	10.966	318.5	297.337	884.778	346.75	0	0	3	9	9	2640	3322	1706	0	-2	-2	0	0	-2	80	62	93	59	949	584	219	-2	-2	148	133	152	125	-2	-2	-2	-2	-2	182	171	184	145	980	615	250	21	-1
1005002000	-2	3322	851.333	1264.595	292.286	319.369	139.5	10.966	318.5	297.337	884.778	346.75	0	0	3	9	9	2640	3322	1706	0	-2	-2	0	0	-2	80	62	93	59	949	584	219	-2	-2	148	133	152	125	-2	-2	-2	-2	-2	182	171	184	145	980	615	250	21	-1
1005002000	-2	3672	837.889	1289.312	290.857	316.899	139.75	10.94	317	295.841	868.222	345.375	0	0	3	9	9	2317	3672	1558	0	-2	-2	0	0	-2	80	69	92	58	944	579	214	-2	-2	147	134	153	125	-2	-2	-2	-2	-2	180	172	185	145	976	611	246	21	-1
1005002000	-2	3688	840	1293.605	290.857	316.899	139.75	10.94	317	295.841	868.222	345.375	0	0	3	9	9	2320	3688	1558	0	-2	-2	0	0	-2	80	69	92	58	944	579	214	-2	-2	147	134	153	125	-2	-2	-2	-2	-2	180	172	185	145	976	611	246	21	-1
1005002000	-2	3536	774.778	1205.79	290.429	315.208	140	9.513	317.375	295.647	841.889	346	0	0	3	9	9	1891	3536	1552	0	-2	-2	0	0	-2	81	71	93	59	941	576	212	-2	-2	146	137	151	126	-2	-2	-2	-2	-2	180	174	185	146	976	611	246	21	-1
1005002000	-2	2529	684.333	1005.812	287.286	313.25	144.75	8.348	319	294.872	900.111	348.875	0	0	3	9	9	2214	2529	1422	0	-2	-2	0	0	-2	80	72	90	58	935	570	206	-2	-2	148	144	155	132	-2	-2	-2	-2	-2	183	181	187	147	976	611	246	21	-1
1005002000	-2	2529	684.333	1005.812	287.286	313.25	144.75	8.348	319	294.872	900.111	348.875	0	0	3	9	9	2214	2529	1422	0	-2	-2	0	0	-2	80	72	90	58	935	570	206	-2	-2	148	144	155	132	-2	-2	-2	-2	-2	183	181	187	147	976	611	246	21	-1
1006001000	-2	2150	647.222	921.293	273.75	294.155	147	2.16	354.875	281.95	823.333	354.875	0	0	3	9	9	2150	1917	1764	0	-2	-2	0	0	-2	80	72	89	60	933	568	205	183	-2	146	145	150	-2	-2	-2	-2	-2	-2	182	182	185	146	995	630	265	254	-1
1006001000	-2	1903	558.333	797.665	270.875	291.151	149.667	2.357	356.75	281.467	723.778	356.75	0	0	3	9	9	1660	1903	1468	0	-2	-2	0	0	-2	78	73	90	60	925	560	201	180	-2	148	148	153	-2	-2	-2	-2	-2	-2	185	185	189	146	996	631	266	256	-1
1006001000	-2	2223	599.444	867.504	268.75	290.252	149.667	1.7	357.25	281.769	767.111	357.25	0	0	3	9	9	1677	2223	1501	0	-2	-2	0	0	-2	72	74	84	62	921	556	202	179	-2	148	149	152	-2	-2	-2	-2	-2	-2	185	186	187	147	997	632	267	257	-1
1006001000	-2	2223	599.444	867.504	268.75	290.252	149.667	1.7	357.25	281.769	767.111	357.25	0	0	3	9	9	1677	2223	1501	0	-2	-2	0	0	-2	72	74	84	62	921	556	202	179	-2	148	149	152	-2	-2	-2	-2	-2	-2	185	186	187	147	997	632	267	257	-1
1007001000	-2	2922	605.444	1137.986	262.625	281.531	144.5	3.5	345.25	290.755	746	345.25	0	0	4	9	9	2922	2533	0	0	-2	-2	0	0	-2	78	73	74	64	898	535	204	175	-2	141	148	-2	-2	-2	-2	-2	-2	-2	179	185	93	147	997	632	267	262	-1
1007001000	-2	2922	605.444	1137.986	262.625	281.531	144.5	3.5	345.25	290.755	746	345.25	0	0	4	9	9	2922	2533	0	0	-2	-2	0	0	-2	78	73	74	64	898	535	204	175	-2	141	148	-2	-2	-2	-2	-2	-2	-2	179	185	93	147	997	632	267	262	-1
1007001000	-2	2505	412.333	830.593	185.375	165.8	138	1	241.875	155.704	772.222	241.875	0	0	5	9	9	2505	1210	0	0	-2	0	0	0	-2	71	71	71	62	589	229	210	180	-2	137	139	-2	-2	-2	-2	-2	-2	-2	174	178	93	88	613	248	268	273	-1
1005001000	-2	1877	301.333	582.923	84.25	72.544	133.5	24.875	267.125	145.832	3379.111	298.25	0	0	4	9	9	1877	432	407	-2	0	0	0	0	-2	15	14	17	23	89	195	170	151	-2	123	109	127	175	-2	-2	-2	-2	-2	158	148	155	617	296	215	222	326	-1
1006002000	-2	1317	173.556	411.182	453.857	453.913	165.333	8.807	448.5	433.113	326	491	0	0	2	9	9	12	241	1317	0	-2	-2	-2	0	-2	112	92	108	84	1292	927	562	-2	-2	170	153	173	-2	-2	-2	-2	-2	-2	190	178	206	140	1316	951	586	21	-1
1006002000	-2	833	124.667	257.929	465.714	462.643	173	2.16	463.625	441.896	428.333	491.875	0	0	2	9	9	131	166	833	0	-2	-2	-2	0	-2	108	99	117	86	1315	950	585	-2	-2	174	170	175	-2	-2	-2	-2	-2	-2	206	201	208	139	1343	978	613	21	-1
1006005000	-2	4954	1051.111	1677.342	101.5	12.359	174.333	2.867	509.375	491.756	1241.444	552.25	0	0	2	9	9	2774	4954	1740	0	-2	-2	-2	0	-2	106	98	118	84	-2	-2	-2	-2	-2	174	171	178	-2	-2	-2	-2	-2	-2	210	209	214	139	1459	1094	729	21	-1
1006005000	-2	4954	1051.111	1677.342	101.5	12.359	174.333	2.867	509.375	491.756	1241.444	552.25	0	0	2	9	9	2774	4954	1740	0	-2	-2	-2	0	-2	106	98	118	84	-2	-2	-2	-2	-2	174	171	178	-2	-2	-2	-2	-2	-2	210	209	214	139	1459	1094	729	21	-1
1008005000	-2	6796	754.444	2136.013	402.75	363.439	151	0	253.125	335.75	1194.333	347.125	0	0	5	9	9	0	6796	0	0	-2	-2	0	0	-2	-2	60	-2	66	925	560	-2	-2	-2	-2	151	-2	-2	-2	-2	-2	-2	-2	21	196	21	140	985	620	21	21	-1
1008005000	-2	6796	754.444	2136.013	402.75	363.439	151	0	253.125	335.75	1194.333	347.125	0	0	5	9	9	0	6796	0	0	-2	-2	0	0	-2	-2	60	-2	66	925	560	-2	-2	-2	-2	151	-2	-2	-2	-2	-2	-2	-2	21	196	21	140	985	620	21	21	-1
1007003000	-2	1947	215.667	612.119	236.667	223.931	131.5	8.5	215.75	208.133	840.222	274.5	0	0	5	9	9	1947	0	0	0	-2	-2	0	0	-2	46	-2	74	56	591	505	-2	148	-2	140	-2	-2	123	-2	-2	-2	-2	-2	177	21	81	145	608	514	21	159	-1
1007003000	-2	1947	215.667	612.119	236.667	223.931	131.5	8.5	215.75	208.133	840.222	274.5	0	0	5	9	9	1947	0	0	0	-2	-2	0	0	-2	46	-2	74	56	591	505	-2	148	-2	140	-2	-2	123	-2	-2	-2	-2	-2	177	21	81	145	608	514	21	159	-1
1005001000	-2	4208	1004.667	1425.302	260	297.254	131	13.874	348.25	282.895	1058.333	348.25	0	0	2	9	9	2114	4208	2222	504	-2	-2	0	0	-2	49	50	88	56	925	560	195	157	-2	135	118	152	119	-2	-2	-2	-2	-2	172	158	187	147	990	625	260	247	-1
1005001000	-2	4208	1004.667	1425.302	260	297.254	131	13.874	348.25	282.895	1058.333	348.25	0	0	2	9	9	2114	4208	2222	504	-2	-2	0	0	-2	49	50	88	56	925	560	195	157	-2	135	118	152	119	-2	-2	-2	-2	-2	172	158	187	147	990	625	260	247	-1
1005001000	-2	3920	978.333	1344.811	263.875	298.763	134	12.728	348.75	282.6	1049.667	348.75	0	0	2	9	9	2466	3920	1714	711	-2	-2	0	0	-2	51	51	89	57	931	566	201	165	-2	140	122	152	122	-2	-2	-2	-2	-2	175	161	185	146	990	625	260	248	-1
1005001000	-2	3920	978.333	1344.811	263.875	298.763	134	12.728	348.75	282.6	1049.667	348.75	0	0	2	9	9	2466	3920	1714	711	-2	-2	0	0	-2	51	51	89	57	931	566	201	165	-2	140	122	152	122	-2	-2	-2	-2	-2	175	161	185	146	990	625	260	248	-1
1005002000	-2	4186	1134.444	1479.927	278.714	317.728	130.25	9.148	319.75	303.422	1212.111	349.5	0	0	2	9	9	2390	4186	2667	973	-2	-2	0	0	-2	54	53	82	57	933	568	204	-2	-2	133	123	144	121	-2	-2	-2	-2	-2	169	162	179	146	992	627	262	21	-1
1005002000	-2	4186	1134.444	1479.927	278.714	317.728	130.25	9.148	319.75	303.422	1212.111	349.5	0	0	2	9	9	2390	4186	2667	973	-2	-2	0	0	-2	54	53	82	57	933	568	204	-2	-2	133	123	144	121	-2	-2	-2	-2	-2	169	162	179	146	992	627	262	21	-1
1005001000	-2	4508	1118.889	1521.533	264	300.034	131.25	7.693	350.25	283.837	1156.444	350.25	0	0	2	9	9	2347	4508	2347	874	-2	-2	0	0	-2	56	55	72	55	933	568	205	168	-2	133	126	143	123	-2	-2	-2	-2	-2	168	164	178	148	993	628	263	260	-1
1005001000	-2	4502	1118.222	1520.048	264	300.034	131.25	7.693	350.25	283.837	1156.444	350.25	0	0	2	9	9	2347	4502	2347	874	-2	-2	0	0	-2	56	55	72	55	933	568	205	168	-2	133	126	143	123	-2	-2	-2	-2	-2	168	164	178	148	993	628	263	260	-1
1005001000	-2	4441	1198.444	1586.119	261.375	295.525	132.5	7.89	351.125	284.628	1205.222	351.125	0	0	2	9	9	2671	4441	2825	855	-2	-2	0	0	-2	59	62	71	54	923	558	196	168	-2	135	128	144	123	-2	-2	-2	-2	-2	171	167	177	142	995	630	265	262	-1
1005001000	-2	4441	1198.444	1586.119	261.375	295.525	132.5	7.89	351.125	284.628	1205.222	351.125	0	0	2	9	9	2671	4441	2825	855	-2	-2	0	0	-2	59	62	71	54	923	558	196	168	-2	135	128	144	123	-2	-2	-2	-2	-2	171	167	177	142	995	630	265	262	-1
1006001000	-2	3750	736.222	1394.044	262.875	294.787	129	4.082	338.625	293.432	752.222	338.625	0	0	4	9	9	2882	3750	0	0	-2	-2	0	0	-2	60	66	72	55	923	558	200	169	-2	134	129	-2	124	-2	-2	-2	-2	-2	170	169	82	146	995	630	265	252	-1
1006001000	-2	3761	737.444	1396.688	262.875	294.787	129	4.082	338.625	293.432	752.222	338.625	0	0	4	9	9	2882	3761	0	0	-2	-2	0	0	-2	60	66	72	55	923	558	200	169	-2	134	129	-2	124	-2	-2	-2	-2	-2	170	169	82	146	995	630	265	252	-1
1006001000	-2	3965	821.889	1544.221	264.75	294.425	132.333	4.11	342	293.618	836.333	342	0	0	4	9	9	3438	3965	0	0	-2	-2	0	0	-2	61	68	72	58	924	559	202	174	-2	137	133	-2	127	-2	-2	-2	-2	-2	174	173	82	146	998	633	268	262	-1
1006001000	-2	3965	821.889	1544.221	264.75	294.425	132.333	4.11	342	293.618	836.333	342	0	0	4	9	9	3438	3965	0	0	-2	-2	0	0	-2	61	68	72	58	924	559	202	174	-2	137	133	-2	127	-2	-2	-2	-2	-2	174	173	82	146	998	633	268	262	-1
1006001000	-2	3883	817.889	1534.618	264.5	291.82	132	4.082	342.5	293.359	902.333	342.5	0	0	4	9	9	3484	3883	0	0	-2	-2	0	0	-2	61	65	72	58	918	553	206	183	-2	137	132	-2	127	-2	-2	-2	-2	-2	176	173	82	147	998	633	268	263	-1
1006001000	-2	3883	817.889	1534.618	264.5	291.82	132	4.082	342.5	293.359	902.333	342.5	0	0	4	9	9	3484	3883	0	0	-2	-2	0	0	-2	61	65	72	58	918	553	206	183	-2	137	132	-2	127	-2	-2	-2	-2	-2	176	173	82	147	998	633	268	263	-1
1005001000	-2	3481	961.889	1394.659	220.875	208.887	134.5	7.365	307.5	188.629	1240.778	307.5	0	0	3	9	9	3481	2211	2971	0	-2	-2	0	0	-2	61	63	68	54	602	537	205	177	-2	135	131	146	126	-2	-2	-2	-2	-2	173	172	181	147	614	638	273	262	-1
1005001000	-2	3481	961.889	1394.659	220.875	208.887	134.5	7.365	307.5	188.629	1240.778	307.5	0	0	3	9	9	3481	2211	2971	0	-2	-2	0	0	-2	61	63	68	54	602	537	205	177	-2	135	131	146	126	-2	-2	-2	-2	-2	173	172	181	147	614	638	273	262	-1
1005001000	-2	1024	274.667	399.144	150.375	155.253	131.25	13.935	267.25	113.847	1611.222	267.25	0	0	4	9	9	655	1024	797	0	-2	0	0	0	-2	35	27	29	45	516	213	178	160	-2	141	108	143	133	-2	-2	-2	-2	-2	178	157	181	310	535	229	297	251	-1
1007004000	-2	1046	130	326.506	584.2	459.942	158	2	425	478.356	570.556	496.25	0	0	3	9	9	1046	132	0	0	-2	-2	-2	0	-2	103	91	-2	-2	1274	909	544	-2	-2	160	156	-2	-2	-2	-2	-2	-2	-2	193	174	21	21	1355	990	625	21	-1
1009005000	-2	0	-0.889	0.994	727.25	455.581	-0.01	-0.01	395	489.216	1425.556	491.5	0	0	5	9	9	0	0	0	0	-2	-2	-2	0	-2	-2	-2	-2	77	1309	944	579	-2	-2	-2	-2	-2	-2	-2	-2	-2	-2	-2	21	21	21	139	1344	979	614	21	-1
1009005000	-2	0	-0.889	0.994	727.25	455.581	-0.01	-0.01	395	489.216	1425.556	491.5	0	0	5	9	9	0	0	0	0	-2	-2	-2	0	-2	-2	-2	-2	77	1309	944	579	-2	-2	-2	-2	-2	-2	-2	-2	-2	-2	-2	21	21	21	139	1344	979	614	21	-1
1009006000	-2	0	-0.444	0.831	384.667	370.586	-0.01	-0.01	187.625	314.547	1223.889	358.375	0	0	7	9	9	0	0	0	0	-2	0	0	0	-2	-2	-2	-2	64	904	-2	186	-2	-2	-2	-2	-2	-2	-2	-2	-2	-2	-2	21	21	21	144	991	21	261	21	-1
1009006000	-2	0	-0.444	0.831	384.667	370.586	-0.01	-0.01	187.625	314.547	1223.889	358.375	0	0	7	9	9	0	0	0	0	-2	0	0	0	-2	-2	-2	-2	64	904	-2	186	-2	-2	-2	-2	-2	-2	-2	-2	-2	-2	-2	21	21	21	144	991	21	261	21	-1
1008002000	-2	1522	168.667	478.476	177.714	174.129	116	0	211.125	174.313	825.556	228.25	0	0	6	9	9	1522	0	0	0	-2	0	0	0	-2	41	-2	59	37	574	218	167	148	-2	116	-2	-2	-2	-2	-2	-2	-2	-2	162	21	83	51	606	241	276	249	-1
1008002000	-2	1438	159.333	452.078	177.714	174.129	116	0	211.125	174.313	825.556	228.25	0	0	6	9	9	1438	0	0	0	-2	0	0	0	-2	41	-2	59	37	574	218	167	148	-2	116	-2	-2	-2	-2	-2	-2	-2	-2	162	21	83	51	606	241	276	249	-1
1007001000	-2	4919	922.778	1765.049	253.25	299.159	122	3	326.25	305.773	923.556	326.25	0	0	4	9	9	3392	4919	0	0	-2	-2	0	0	-2	44	38	66	43	920	555	191	169	-2	125	119	-2	-2	-2	-2	-2	-2	-2	165	157	83	51	1000	635	270	249	-1
1007001000	-2	4919	922.778	1765.049	253.25	299.159	122	3	326.25	305.773	923.556	326.25	0	0	4	9	9	3392	4919	0	0	-2	-2	0	0	-2	44	38	66	43	920	555	191	169	-2	125	119	-2	-2	-2	-2	-2	-2	-2	165	157	83	51	1000	635	270	249	-1
1005001000	-2	4474	1216	1548.103	252.125	299.867	123.25	10.639	346.5	285.859	1218.667	346.5	0	0	2	9	9	2638	4474	2437	1401	-2	-2	0	0	-2	45	46	65	28	920	555	190	168	-2	121	118	141	113	-2	-2	-2	-2	-2	159	156	178	146	993	628	263	249	-1
1005001000	-2	4474	1216	1548.103	252.125	299.867	123.25	10.639	346.5	285.859	1218.667	346.5	0	0	2	9	9	2638	4474	2437	1401	-2	-2	0	0	-2	45	46	65	28	920	555	190	168	-2	121	118	141	113	-2	-2	-2	-2	-2	159	156	178	146	993	628	263	249	-1
1005002000	-2	4341	1305	1575.069	260.571	313.34	122.25	9.523	317.875	305.418	1352.667	348.25	0	0	2	9	9	2901	4341	1916	2593	-2	-2	0	0	-2	45	47	65	49	910	545	-2	163	-2	121	117	138	113	-2	-2	-2	-2	-2	159	155	175	148	994	629	21	262	-1
1005002000	-2	4341	1305	1575.069	260.571	313.34	122.25	9.523	317.875	305.418	1352.667	348.25	0	0	2	9	9	2901	4341	1916	2593	-2	-2	0	0	-2	45	47	65	49	910	545	-2	163	-2	121	117	138	113	-2	-2	-2	-2	-2	159	155	175	148	994	629	21	262	-1
1005002000	-2	3562	1169.889	1370.336	260.857	314.488	122.75	9.038	317.625	306.089	1152	348.125	0	0	2	9	9	2707	3562	1906	2360	-2	-2	0	0	-2	48	48	64	42	912	547	-2	165	-2	124	116	137	114	-2	-2	-2	-2	-2	160	153	174	146	995	630	21	262	-1
1005002000	-2	3562	1169.889	1370.336	260.857	314.488	122.75	9.038	317.625	306.089	1152	348.125	0	0	2	9	9	2707	3562	1906	2360	-2	-2	0	0	-2	48	48	64	42	912	547	-2	165	-2	124	116	137	114	-2	-2	-2	-2	-2	160	153	174	146	995	630	21	262	-1
1005001000	-2	4669	1150	1529.516	251.75	295.154	125	8.689	350	285.533	1172.889	350	0	0	2	9	9	2383	4669	1754	1550	-2	-2	0	0	-2	49	49	63	42	912	547	192	160	-2	125	120	139	116	-2	-2	-2	-2	-2	162	158	176	147	995	630	265	267	-1
1005001000	-2	4669	1150	1529.516	251.75	295.154	125	8.689	350	285.533	1172.889	350	0	0	2	9	9	2383	4669	1754	1550	-2	-2	0	0	-2	49	49	63	42	912	547	192	160	-2	125	120	139	116	-2	-2	-2	-2	-2	162	158	176	147	995	630	265	267	-1
1005001000	-2	4520	1084.778	1488.546	248.875	293.32	126	7.969	351.75	287.968	1103.889	351.75	0	0	2	9	9	2196	4520	2083	970	-2	-2	0	0	-2	51	49	62	29	905	540	193	162	-2	126	120	139	119	-2	-2	-2	-2	-2	163	160	176	143	1001	636	271	264	-1
1005001000	-2	4520	1084.778	1488.546	248.875	293.32	126	7.969	351.75	287.968	1103.889	351.75	0	0	2	9	9	2196	4520	2083	970	-2	-2	0	0	-2	51	49	62	29	905	540	193	162	-2	126	120	139	119	-2	-2	-2	-2	-2	163	160	176	143	1001	636	271	264	-1
1005001000	-2	5527	1223.111	1792.515	246.25	291.944	129.25	6.016	353.25	286.99	1223.667	353.25	0	0	2	9	9	2378	5527	2375	734	-2	-2	0	0	-2	52	48	55	25	899	535	194	162	-2	129	126	139	123	-2	-2	-2	-2	-2	166	168	177	143	1001	636	271	264	-1
1005001000	-2	5230	1449.889	1854.753	207.75	213.95	125.75	6.61	304.625	191.648	1489	304.625	0	0	2	9	9	3098	5230	3301	1426	-2	-2	0	0	-2	51	45	47	24	592	534	198	171	-2	127	121	136	119	-2	-2	-2	-2	-2	164	166	173	143	618	637	272	264	-1
1005001000	-2	5230	1449.889	1854.753	207.75	213.95	125.75	6.61	304.625	191.648	1489	304.625	0	0	2	9	9	3098	5230	3301	1426	-2	-2	0	0	-2	51	45	47	24	592	534	198	171	-2	127	121	136	119	-2	-2	-2	-2	-2	164	166	173	143	618	637	272	264	-1
1005001000	-2	4331	1501.667	1731.986	119.875	85.202	121.75	7.049	213.5	56.04	1552.111	213.5	0	0	4	9	9	2590	4331	3106	3490	0	0	0	0	-2	50	44	31	24	236	221	187	166	-2	127	120	129	111	-2	-2	-2	-2	-2	163	163	166	143	259	254	291	269	-1
1005001000	-2	5118	1301.889	1773.742	66.875	60.238	102	7.81	249.25	85.71	3525.222	249.25	0	0	4	9	9	3549	1278	5118	1774	0	0	0	0	-2	12	10	13	18	54	148	145	135	-2	109	89	107	103	-2	-2	-2	-2	-2	157	137	160	212	331	309	337	351	-1
1005001000	-2	3639	897.889	1218.192	66.875	60.238	102	7.81	247.875	87.253	3525.222	249.25	0	0	4	9	9	2166	935	3639	1343	0	0	0	0	-2	12	10	13	18	54	148	145	135	-2	109	89	107	103	-2	-2	-2	-2	-2	146	137	160	212	331	309	337	351	-1
1007003000	-2	369	53.778	117.982	510.667	471.13	150	3	438.875	466.508	319.222	491.75	0	0	3	9	9	123	369	0	0	-2	-2	-2	0	-2	100	88	-2	80	1297	932	567	-2	-2	153	147	-2	-2	-2	-2	-2	-2	-2	186	178	21	141	1353	988	623	21	-1
1007003000	-2	580	116.333	220.691	335.167	328.416	151.5	2.5	293.125	305.257	391.111	351.375	0	0	4	9	9	473	580	0	0	-2	-2	0	0	-2	94	78	-2	78	952	587	222	-2	-2	154	149	-2	-2	-2	-2	-2	-2	-2	188	174	21	141	965	600	235	21	-1
1007003000	-2	4095	613.333	1309.662	507	468.313	163	7	447	467.93	1551.444	498.75	0	0	3	9	9	4095	0	1433	0	-2	-2	-2	0	-2	88	-2	113	66	1290	925	560	-2	-2	156	-2	170	-2	-2	-2	-2	-2	-2	194	21	208	141	1362	997	632	21	-1
1008003000	-2	2229	247.222	700.665	209.167	176.991	137	0	211.25	175.297	1494.667	258.875	0	0	6	9	9	2229	0	0	0	-2	0	0	0	-2	49	-2	-2	59	580	215	176	176	-2	137	-2	-2	-2	-2	-2	-2	-2	-2	177	21	21	107	605	226	262	271	-1
1005001000	-2	5078	1422.667	2061.433	174.75	164.947	140	13.601	258.875	137.466	1494.667	258.875	0	0	4	9	9	3233	4497	5078	0	-2	0	0	0	-2	49	47	97	58	580	215	176	176	-2	137	129	163	131	-2	-2	-2	-2	-2	177	173	199	144	605	240	262	271	-1
1007002000	-2	2305	406	792.654	91	72.115	102.5	0.5	148.5	96.809	672.444	169.625	0	0	6	9	9	1351	2305	0	0	0	0	0	0	-2	36	27	49	12	208	-2	156	149	-2	103	102	-2	-2	-2	-2	-2	-2	-2	145	143	85	19	225	21	278	272	-1
1007002000	-2	2305	406	792.654	91	72.115	102.5	0.5	148.5	96.809	672.444	169.625	0	0	6	9	9	1351	2305	0	0	0	0	0	0	-2	36	27	49	12	208	-2	156	149	-2	103	102	-2	-2	-2	-2	-2	-2	-2	145	143	85	19	225	21	278	272	-1
1007001000	-2	4863	939.556	1784.398	240.75	299.415	108	1	324.125	312.79	1032.889	324.125	0	0	4	9	9	4863	3599	0	0	-2	-2	0	0	-2	40	30	52	9	906	543	178	168	-2	109	107	-2	-2	-2	-2	-2	-2	-2	151	146	85	19	1006	641	276	269	-1
1007001000	-2	4856	938.111	1781.695	240.75	299.415	108	1	324.125	312.79	1032.889	324.125	0	0	4	9	9	4856	3593	0	0	-2	-2	0	0	-2	40	30	52	9	906	543	178	168	-2	109	107	-2	-2	-2	-2	-2	-2	-2	151	146	85	19	1006	641	276	269	-1
1006002000	-2	5219	1360.111	1981.308	252.857	321.436	118.667	11.557	298.875	319.522	1360.667	329.625	0	0	3	9	9	5219	3664	3364	0	-2	-2	0	0	-2	42	32	57	9	914	549	-2	167	-2	111	110	135	-2	-2	-2	-2	-2	-2	150	149	173	19	997	632	21	250	-1
1006002000	-2	5219	1360.111	1981.308	252.857	321.436	118.667	11.557	298.875	319.522	1360.667	329.625	0	0	3	9	9	5219	3664	3364	0	-2	-2	0	0	-2	42	32	57	9	914	549	-2	167	-2	111	110	135	-2	-2	-2	-2	-2	-2	150	149	173	19	997	632	21	250	-1
1005002000	-2	4472	1627.444	1857.064	164.571	191.963	113	8.573	222	167.717	1306	236.375	0	0	3	9	9	4472	3374	3814	2991	-2	0	0	0	-2	42	31	52	31	600	235	-2	161	-2	112	104	127	109	-2	-2	-2	-2	-2	151	143	166	148	624	259	21	264	-1
1005002000	-2	4472	1628.444	1858.006	164.571	191.963	113	8.573	222	167.717	1306	236.375	0	0	3	9	9	4472	3383	3814	2991	-2	0	0	0	-2	42	31	52	31	600	235	-2	161	-2	112	104	127	109	-2	-2	-2	-2	-2	151	143	166	148	624	259	21	264	-1
1005002000	-2	3639	1495.222	1679.275	163	189.553	114	8.832	222.875	167.7	1151.667	238	0	0	3	9	9	3527	3199	3639	3096	-2	0	0	0	-2	42	32	51	33	594	230	-2	159	-2	114	104	128	110	-2	-2	-2	-2	-2	153	143	167	148	624	259	21	268	-1
1005002000	-2	3639	1495.222	1679.275	163	189.553	114	8.832	222.875	167.7	1151.667	238	0	0	3	9	9	3527	3199	3639	3096	-2	0	0	0	-2	42	32	51	33	594	230	-2	159	-2	114	104	128	110	-2	-2	-2	-2	-2	153	143	167	148	624	259	21	268	-1
1006001000	-2	4046	1246	1770.786	166.125	182.976	118.667	8.055	239	165.738	1246.333	239	0	0	4	9	9	3815	3357	4046	0	-2	0	0	0	-2	44	40	50	11	606	241	182	155	-2	114	112	130	-2	-2	-2	-2	-2	-2	153	150	169	19	625	260	271	265	-1
1006001000	-2	4046	1246	1770.786	166.125	182.976	118.667	8.055	239	165.738	1246.333	239	0	0	4	9	9	3815	3357	4046	0	-2	0	0	0	-2	44	40	50	11	606	241	182	155	-2	114	112	130	-2	-2	-2	-2	-2	-2	153	150	169	19	625	260	271	265	-1
1006001000	-2	4324	1318.111	1871.958	237.875	289.535	121	8.485	334.25	302.935	1318.778	334.25	0	0	3	9	9	3857	3688	4324	0	-2	-2	0	0	-2	45	42	47	11	881	529	192	156	-2	115	115	133	-2	-2	-2	-2	-2	-2	155	156	172	19	1001	636	271	264	-1
1006001000	-2	4324	1318.111	1871.958	237.875	289.535	121	8.485	334.25	302.935	1318.778	334.25	0	0	3	9	9	3857	3688	4324	0	-2	-2	0	0	-2	45	42	47	11	881	529	192	156	-2	115	115	133	-2	-2	-2	-2	-2	-2	155	156	172	19	1001	636	271	264	-1
1006001000	-2	4027	1199.222	1714.015	157.125	173.425	116.667	3.859	239.75	166.601	1207	239.75	0	0	4	9	9	3739	4027	3031	0	-2	0	0	0	-2	42	40	39	9	573	223	178	153	-2	115	113	122	-2	-2	-2	-2	-2	-2	155	155	162	19	628	263	272	264	-1
1006001000	-2	4027	1199.222	1714.015	157.125	173.425	116.667	3.859	239.75	166.601	1207	239.75	0	0	4	9	9	3739	4027	3031	0	-2	0	0	0	-2	42	40	39	9	573	223	178	153	-2	115	113	122	-2	-2	-2	-2	-2	-2	155	155	162	19	628	263	272	264	-1
1006001000	-2	4460	1127.778	1664.027	121.625	96.898	114.667	6.65	198.625	87.771	1134.889	198.625	0	0	5	9	9	4460	3218	2474	0	0	0	0	0	-2	39	40	31	10	281	216	190	166	-2	111	109	124	-2	-2	-2	-2	-2	-2	152	154	163	19	293	266	273	269	-1
1006001000	-2	4460	1127.778	1664.027	121.625	96.898	114.667	6.65	198.625	87.771	1134.889	198.625	0	0	5	9	9	4460	3218	2474	0	0	0	0	0	-2	39	40	31	10	281	216	190	166	-2	111	109	124	-2	-2	-2	-2	-2	-2	152	154	163	19	293	266	273	269	-1
1004002000	-2	3420	570	1108.001	38.571	39.417	168.6	93.743	290.75	194.485	4605	321.375	0	0	2	9	9	1492	225	3420	0	-2	0	-2	-1	-2	10	8	17	14	21	90	110	-2	-2	100	88	105	-2	220	-2	330	-2	-2	132	131	143	52	565	350	589	364	-1
1004001000	-2	2709	392	836.529	81.375	64.961	136	70.875	217.25	86.906	3015.444	223	0	0	5	9	9	462	359	2709	0	0	0	0	0	-2	13	13	23	22	118	168	150	144	-2	103	92	113	95	-2	-2	-2	277	-2	128	132	150	114	290	310	307	307	-1
1006001000	-2	4355	1191.667	1748.48	280.375	303.172	151.333	8.219	350.25	280.041	1553.333	355.125	0	0	3	9	9	4355	3896	2480	0	-2	-2	0	0	-2	73	61	96	58	954	589	224	188	-2	150	142	162	-2	-2	-2	-2	-2	-2	188	184	199	103	984	619	254	271	-1
1006001000	-2	4355	1191.667	1748.48	280.375	303.172	151.333	8.219	350.25	280.041	1553.333	355.125	0	0	3	9	9	4355	3896	2480	0	-2	-2	0	0	-2	73	61	96	58	954	589	224	188	-2	150	142	162	-2	-2	-2	-2	-2	-2	188	184	199	103	984	619	254	271	-1
1005001000	-2	6041	1829.111	2460.888	159.25	163.749	127	15.54	260	142.109	2017.444	260	0	0	3	9	9	3332	5982	6041	1111	-2	0	0	0	-2	44	39	66	37	561	199	171	157	-2	120	123	153	112	-2	-2	-2	-2	-2	168	168	191	144	615	250	271	273	-1
1005001000	-2	6041	1829.111	2460.888	159.25	163.749	127	15.54	260	142.109	2017.444	260	0	0	3	9	9	3332	5982	6041	1111	-2	0	0	0	-2	44	39	66	37	561	199	171	157	-2	120	123	153	112	-2	-2	-2	-2	-2	168	168	191	144	615	250	271	273	-1
1006001000	-2	3248	947.889	1373.008	90.25	67.067	107.333	10.499	178.125	80.667	1094.889	189.375	0	0	5	9	9	2124	3161	3248	0	0	0	0	0	-2	29	25	39	8	184	162	147	128	-2	98	102	122	-2	-2	-2	-2	-2	-2	139	141	160	21	226	173	279	286	-1
1006001000	-2	3248	913.778	1337.011	90.25	67.067	107.333	10.499	178.125	80.667	1094.889	189.375	0	0	5	9	9	1913	3065	3248	0	0	0	0	0	-2	29	25	39	8	184	162	147	128	-2	98	102	122	-2	-2	-2	-2	-2	-2	139	141	160	21	226	173	279	286	-1
1006002000	-2	4645	1258.889	1816.118	136.714	159.534	107.333	8.26	185.25	145.046	1260.778	217.25	0	0	4	9	9	4645	3331	3358	0	0	-2	0	0	-2	38	26	40	8	197	492	-2	156	-2	102	101	119	-2	-2	-2	-2	-2	-2	142	139	158	21	227	502	21	272	-1
1006002000	-2	4645	1258.889	1816.118	136.714	159.534	107.333	8.26	185.25	145.046	1260.778	217.25	0	0	4	9	9	4645	3331	3358	0	0	-2	0	0	-2	38	26	40	8	197	492	-2	156	-2	102	101	119	-2	-2	-2	-2	-2	-2	142	139	158	21	227	502	21	272	-1
1006001000	-2	4334	1150.333	1668.016	232.25	291.738	107.333	8.34	329.375	305.179	1214.444	329.875	0	0	3	9	9	4334	3102	2923	0	-2	-2	0	0	-2	38	29	41	8	883	521	177	161	-2	103	100	119	-2	-2	-2	-2	-2	-2	145	140	160	20	1000	635	270	265	-1
1006001000	-2	5135	1526.222	2176.226	155.75	178.767	105.667	8.807	236.125	168.595	1526.556	236.125	0	0	4	9	9	4616	3989	5135	0	-2	0	0	0	-2	38	28	32	8	583	229	176	152	-2	101	98	118	-2	-2	-2	-2	-2	-2	143	136	157	22	628	263	271	269	-1
1006001000	-2	5135	1526.222	2176.226	155.75	178.767	105.667	8.807	236.125	168.595	1526.556	236.125	0	0	4	9	9	4616	3989	5135	0	-2	0	0	0	-2	38	28	32	8	583	229	176	152	-2	101	98	118	-2	-2	-2	-2	-2	-2	143	136	157	22	628	263	271	269	-1
1006001000	-2	4405	1399.778	1982.816	154.75	176.064	105	8.042	236.375	169.197	1400.111	236.375	0	0	4	9	9	4196	4001	4405	0	-2	0	0	0	-2	39	29	40	8	579	216	173	154	-2	102	97	116	-2	-2	-2	-2	-2	-2	142	136	156	20	628	263	273	273	-1
1006001000	-2	4405	1399.778	1982.816	154.75	176.064	105	8.042	236.375	169.197	1400.111	236.375	0	0	4	9	9	4196	4001	4405	0	-2	0	0	0	-2	39	29	40	8	579	216	173	154	-2	102	97	116	-2	-2	-2	-2	-2	-2	142	136	156	20	628	263	273	273	-1
1006001000	-2	4450	1415.556	2009.226	153.875	177.597	106	9.416	236.5	168.513	1416.889	236.5	0	0	4	9	9	4438	3856	4450	0	-2	0	0	0	-2	37	29	25	9	579	218	179	155	-2	102	97	119	-2	-2	-2	-2	-2	-2	142	138	159	20	627	262	273	271	-1
1006001000	-2	4450	1413	2005.391	153.875	177.597	106	9.416	236.5	168.513	1416.889	236.5	0	0	4	9	9	4415	3856	4450	0	-2	0	0	0	-2	37	29	25	9	579	218	179	155	-2	102	97	119	-2	-2	-2	-2	-2	-2	142	138	159	20	627	262	273	271	-1
1006001000	-2	4780	1314.222	1890.779	154.375	177.284	108.667	7.318	240.75	169.648	1315.111	240.75	0	0	4	9	9	4780	3470	3582	0	-2	0	0	0	-2	34	30	25	10	577	222	181	156	-2	103	104	119	-2	-2	-2	-2	-2	-2	145	145	160	20	632	267	274	283	-1
1006001000	-2	4780	1314.222	1890.779	154.375	177.284	108.667	7.318	240.75	169.648	1315.111	240.75	0	0	4	9	9	4780	3470	3582	0	-2	0	0	0	-2	34	30	25	10	577	222	181	156	-2	103	104	119	-2	-2	-2	-2	-2	-2	145	145	160	20	632	267	274	283	-1
1006001000	-2	4280	1411.333	1996.684	107.75	90.465	104.667	8.055	191.875	86.683	1413.667	191.875	0	0	5	9	9	4272	4152	4280	0	0	0	0	0	-2	23	29	24	9	247	206	176	148	-2	100	98	116	-2	-2	-2	-2	-2	-2	142	140	156	20	260	267	275	275	-1
1006001000	-2	4280	1411.333	1996.684	107.75	90.465	104.667	8.055	191.875	86.683	1413.667	191.875	0	0	5	9	9	4272	4152	4280	0	0	0	0	0	-2	23	29	24	9	247	206	176	148	-2	100	98	116	-2	-2	-2	-2	-2	-2	142	140	156	20	260	267	275	275	-1
1004001000	-2	4404	1838.889	2063.946	97.125	80.069	127	62.01	211.375	73.792	1865.111	211.375	0	0	4	9	9	4194	4255	3699	4404	0	0	0	0	-2	18	28	19	9	193	194	172	144	-2	95	97	109	84	-2	-2	-2	250	-2	138	138	148	132	260	284	314	277	-1
1002002000	-2	3032	1138.111	996.517	57.429	43.184	166.429	73.743	219.375	124.658	4293.778	229.5	0	0	1	9	9	3032	114	2261	0	884	1021	1742	1191	-2	9	8	28	-2	41	104	117	95	-2	80	70	96	-2	234	237	233	215	-2	125	113	140	21	349	350	348	309	-1
1002002000	-2	3032	1138.111	996.517	57.429	43.184	166.429	73.743	219.375	124.658	4293.778	229.5	0	0	1	9	9	3032	114	2261	0	884	1021	1742	1191	-2	9	8	28	-2	41	104	117	95	-2	80	70	96	-2	234	237	233	215	-2	125	113	140	21	349	350	348	309	-1
1004001000	-2	3707	961.222	1397.337	163	168.846	145.2	55.192	261.5	150.987	1981.556	261.5	0	0	3	9	9	3154	3707	1440	354	-2	0	0	0	-2	45	38	56	31	572	207	180	175	-2	116	122	136	99	-2	-2	-2	253	-2	157	159	166	145	632	267	279	287	-1
1005001000	-2	4484	1012.778	1585.536	100.5	72.21	143.25	52.184	198.375	88.462	1517.444	198.375	0	0	4	9	9	1124	4484	3226	0	0	0	0	283	-2	39	30	42	13	211	170	154	145	-2	106	111	123	-2	-2	-2	-2	233	-2	150	152	161	21	252	265	289	297	-1
1006002000	-2	3579	728	1369.915	73.857	64.435	151.667	77.349	146.125	108.609	805.667	176.375	0	0	6	9	9	2975	3579	0	0	0	0	0	0	-2	23	22	24	8	172	-2	141	127	-2	94	100	-2	-2	-2	-2	-2	261	-2	136	138	35	21	232	21	290	296	-1
1006002000	-2	3505	649.889	1246.664	73.857	64.435	151.667	77.349	146.125	108.609	805.667	176.375	0	0	6	9	9	2346	3505	0	0	0	0	0	0	-2	23	22	24	8	172	-2	141	127	-2	94	100	-2	-2	-2	-2	-2	261	-2	136	138	35	21	232	21	290	296	-1
1005001000	-2	5399	2136	2412.535	91.75	73.181	96.75	10.133	196	62.716	2136.222	196	0	0	4	9	9	5399	3995	4884	4948	0	0	0	0	-2	23	23	24	8	187	166	146	157	-2	93	98	112	84	-2	-2	-2	-2	-2	137	136	151	130	228	212	278	296	-1
1005001000	-2	5399	2136	2412.535	91.75	73.181	96.75	10.133	196	62.716	2136.222	196	0	0	4	9	9	5399	3995	4884	4948	0	0	0	0	-2	23	23	24	8	187	166	146	157	-2	93	98	112	84	-2	-2	-2	-2	-2	137	136	151	130	228	212	278	296	-1
1005001000	-2	5446	2205.333	2476.769	95.5	77.521	94	9.138	191.75	61.032	2205.778	191.75	0	0	4	9	9	4665	5130	4609	5446	0	0	0	0	-2	22	24	22	8	190	187	155	156	-2	90	95	108	83	-2	-2	-2	-2	-2	133	134	147	126	227	210	273	284	-1
1005001000	-2	5209	2123.778	2388.116	95.5	77.521	94	9.138	191.75	61.032	2205.778	191.75	0	0	4	9	9	4480	5090	4337	5209	0	0	0	0	-2	22	24	22	8	190	187	155	156	-2	90	95	108	83	-2	-2	-2	-2	-2	133	134	147	126	227	210	273	284	-1
1004001000	-2	4704	1780.444	2014.473	95.125	79.631	125.2	66.907	198	66.998	1878.889	197.875	0	0	4	9	9	4128	3660	3534	4704	0	0	0	0	-2	20	20	21	8	193	198	156	145	-2	90	89	107	82	-2	-2	-2	258	-2	132	130	146	124	228	263	278	283	-1
1004001000	-2	5145	1878.556	2137.107	95.125	79.631	125.2	66.907	197.875	67.137	1878.889	197.875	0	0	4	9	9	4340	3687	3737	5145	0	0	0	0	-2	20	20	21	8	193	198	156	145	-2	90	89	107	82	-2	-2	-2	258	-2	132	130	146	123	228	263	278	283	-1
1004001000	-2	5220	1859.444	2143.194	95.375	80.264	123.4	67.346	199.25	70.639	1859.667	199.25	0	0	4	9	9	4417	4047	3053	5220	0	0	0	0	-2	20	20	19	7	195	193	161	148	-2	88	85	106	81	-2	-2	-2	257	-2	130	127	144	122	228	281	279	283	-1
1004001000	-2	5220	1859.444	2143.194	95.375	80.264	123.4	67.346	199.25	70.639	1859.667	199.25	0	0	4	9	9	4417	4047	3053	5220	0	0	0	0	-2	20	20	19	7	195	193	161	148	-2	88	85	106	81	-2	-2	-2	257	-2	130	127	144	122	228	281	279	283	-1
1004001000	-2	5146	1891.111	2199.169	97.75	84.457	124	67.037	201.625	70.42	1891.333	201.625	0	0	4	9	9	4666	4462	2748	5146	0	0	0	0	-2	18	21	16	7	215	193	168	144	-2	89	88	106	80	-2	-2	-2	257	-2	132	130	145	123	241	281	278	283	-1
1004001000	-2	5146	1891.111	2199.169	97.75	84.457	124	67.037	201.625	70.42	1891.333	201.625	0	0	4	9	9	4666	4462	2748	5146	0	0	0	0	-2	18	21	16	7	215	193	168	144	-2	89	88	106	80	-2	-2	-2	257	-2	132	130	145	123	241	281	278	283	-1
1004001000	-2	5545	1950.111	2301.079	92.125	78.907	119.2	60.038	202.75	71.505	2051.778	202.75	0	0	3	9	9	5545	3695	2709	5489	0	0	0	115	-2	14	21	17	8	190	187	168	132	-2	84	90	105	79	-2	-2	-2	238	-2	130	131	144	125	243	286	279	284	-1
1004001000	-2	5616	2045.667	2388.607	92.125	78.907	119.2	60.038	202.75	71.505	2051.778	202.75	0	0	3	9	9	5616	4451	2742	5489	0	0	0	115	-2	14	21	17	8	190	187	168	132	-2	84	90	105	79	-2	-2	-2	238	-2	130	131	144	125	243	286	279	284	-1
1004001000	-2	4534	1956.889	1947.062	83.5	72.377	113.2	57.524	207.5	80.918	1967.444	207.5	0	0	3	9	9	4369	4256	2899	4534	0	0	0	1556	-2	13	20	9	7	153	175	163	128	-2	81	86	99	73	-2	-2	-2	227	-2	124	129	138	120	261	285	312	291	-1
1003001000	-2	974	443.889	385.7	87.125	76.04	135.5	73.45	216.125	95.744	3024	216.125	0	0	2	9	9	550	974	504	863	0	0	199	907	-2	13	10	13	10	178	168	156	149	-2	89	79	92	76	-2	-2	252	225	-2	127	119	123	113	308	309	311	319	-1
1004001000	-2	3582	1071.444	1324.472	94.5	73.553	129.6	51.837	210.5	75.01	2132.333	213.375	0	0	3	9	9	2832	3582	1999	109	0	0	0	1123	-2	25	29	27	9	198	168	153	147	-2	103	106	121	87	-2	-2	-2	231	-2	145	147	150	107	274	267	289	305	-1
1004001000	-2	4900	2009.778	2173.251	79.125	65.568	118.6	57.231	202.5	72.078	2220.667	202.5	0	0	3	9	9	3787	4343	4900	4633	0	0	0	427	-2	20	13	20	7	170	146	139	118	-2	87	92	103	79	-2	-2	-2	232	-2	131	133	144	124	233	264	292	299	-1
1004001000	-2	5075	2056.111	2236.687	79.125	65.568	118.6	57.231	202.5	72.078	2220.667	202.5	0	0	3	9	9	3594	4421	4965	5075	0	0	0	452	-2	20	13	20	7	170	146	139	118	-2	87	92	103	79	-2	-2	-2	232	-2	131	133	144	124	233	264	292	299	-1
1004001000	-2	5167	1874.111	2174.591	85.125	73.057	122	74.657	202	74.915	1874.222	202	0	0	4	9	9	4991	3208	3503	5167	0	0	0	0	-2	17	11	15	7	174	160	147	150	-2	85	83	93	78	-2	-2	-2	271	-2	128	128	136	122	249	264	291	298	-1
1004001000	-2	5167	1874.111	2174.591	85.125	73.057	122	74.657	202	74.915	1874.222	202	0	0	4	9	9	4991	3208	3503	5167	0	0	0	0	-2	17	11	15	7	174	160	147	150	-2	85	83	93	78	-2	-2	-2	271	-2	128	128	136	122	249	264	291	298	-1
1004001000	-2	4563	1666.222	1916.973	85.625	75.766	114.2	65.159	201.125	78.804	1666.444	201.125	0	0	4	9	9	4563	3183	2989	4263	0	0	0	0	-2	16	10	8	7	177	163	153	151	-2	81	80	92	74	-2	-2	-2	244	-2	121	123	134	116	250	278	289	298	-1
1004001000	-2	4509	1629.333	1873.924	85.625	75.766	114.2	65.159	201.125	78.804	1666.444	201.125	0	0	4	9	9	4509	3176	2894	4087	0	0	0	0	-2	16	10	8	7	177	163	153	151	-2	81	80	92	74	-2	-2	-2	244	-2	121	123	134	116	250	278	289	298	-1
1003001000	-2	4012	1528.667	1712.366	84.125	75.28	137	79.929	194.25	73.881	1539.111	194.25	0	0	3	9	9	3565	4012	2427	3562	0	0	0	194	-2	12	11	8	7	179	163	151	142	-2	79	78	92	74	-2	-2	259	240	-2	119	120	133	114	241	264	278	285	-1
1003001000	-2	4012	1528.667	1712.366	84.125	75.28	137	79.929	194.25	73.881	1539.111	194.25	0	0	3	9	9	3565	4012	2427	3562	0	0	0	194	-2	12	11	8	7	179	163	151	142	-2	79	78	92	74	-2	-2	259	240	-2	119	120	133	114	241	264	278	285	-1
1003001000	-2	4282	1547.222	1742.237	82.5	74	135.833	79.715	198.25	78.369	1603.222	198.25	0	0	3	9	9	4282	3899	2295	3158	0	0	0	293	-2	12	11	8	6	176	161	150	136	-2	78	77	92	72	-2	-2	257	239	-2	117	119	133	113	256	283	280	285	-1
1003001000	-2	4445	1497.667	1688.044	81.5	72.997	133.333	78.938	199.25	80.301	1561.222	199.25	0	0	3	9	9	4445	3641	2242	2764	0	0	0	389	-2	11	11	8	7	167	168	147	133	-2	76	77	88	70	-2	-2	253	236	-2	117	119	130	112	260	286	280	290	-1
1003001000	-2	4445	1497.667	1688.044	81.5	72.997	133.333	78.938	199.25	80.301	1561.222	199.25	0	0	3	9	9	4445	3641	2242	2764	0	0	0	389	-2	11	11	8	7	167	168	147	133	-2	76	77	88	70	-2	-2	253	236	-2	117	119	130	112	260	286	280	290	-1
1003001000	-2	4562	1706.222	1659.257	79	70.41	131.333	77.099	199.25	81.046	1753.667	199.25	0	0	3	9	9	4562	2721	2397	3509	0	0	0	2169	-2	10	12	9	7	163	162	145	124	-2	74	77	90	69	-2	-2	257	221	-2	114	119	130	112	261	287	281	290	-1
1003001000	-2	4562	1706.222	1659.257	79	70.41	131.333	77.099	199.25	81.046	1753.667	199.25	0	0	3	9	9	4562	2721	2397	3509	0	0	0	2169	-2	10	12	9	7	163	162	145	124	-2	74	77	90	69	-2	-2	257	221	-2	114	119	130	112	261	287	281	290	-1
1004001000	-2	4291	982.333	1440.439	94.375	82.698	115.6	60.368	214.375	94.397	2978.667	216.875	0	0	4	9	9	1847	4291	384	0	0	0	0	2321	-2	12	12	14	10	190	181	174	162	-2	87	85	92	78	-2	-2	-2	236	-2	127	128	134	95	290	312	324	305	-1
1004001000	-2	4318	1609.111	1766.873	83.375	68.425	115.6	48.808	213.75	85.089	2102.889	213.75	0	0	3	9	9	674	3391	4097	2004	0	0	0	4318	-2	20	17	20	7	172	154	150	127	-2	89	103	101	74	-2	-2	-2	211	-2	113	142	143	120	285	311	291	305	-1
1003001000	-2	4748	1837.778	1846.696	74.375	64.633	130	72.402	210.125	87.655	2228.222	210.125	0	0	3	9	9	4748	2795	4461	1751	0	0	0	2787	-2	16	11	12	6	164	142	134	110	-2	79	81	90	70	-2	-2	255	205	-2	121	127	132	113	275	315	293	305	-1
1003001000	-2	4962	1899.444	1877.422	74.375	64.633	130	72.402	210.125	87.655	2228.222	210.125	0	0	3	9	9	4962	2784	4424	2227	0	0	0	2700	-2	16	11	12	6	164	142	134	110	-2	79	81	90	70	-2	-2	255	205	-2	121	127	132	113	275	315	293	305	-1
1003001000	-2	3449	1542.111	1542.452	78.25	71.052	132.333	83.709	207.125	92.043	1644	207.125	0	0	3	9	9	3449	3337	3048	3097	0	0	0	950	-2	10	8	7	7	169	154	143	128	-2	73	73	78	69	-2	-2	258	243	-2	112	117	123	111	275	316	299	304	-1
1003002000	-2	5161	1868.889	2215.723	11.857	4.703	107.333	47.158	139.5	84.373	5147.333	172.125	0	0	3	9	9	1088	0	0	893	0	4565	5161	5115	-2	6	9	-2	6	12	16	19	15	-2	62	60	-2	59	-2	154	161	148	-2	108	78	21	103	75	242	251	238	-1
1001001000	-2	4365	2436.667	1481.651	17.875	12.514	118	57.661	177	78.206	4390.222	177.25	0	0	0	9	9	3085	1973	336	2145	2068	4365	4152	3808	-2	7	9	7	5	18	32	41	24	-2	63	62	64	55	158	186	186	170	-2	103	102	100	93	266	262	260	230	-1
1001001000	-2	5299	2898.556	1477.612	23.375	20.112	127.5	65.871	190.25	87.321	5733.111	190.25	0	0	0	9	9	4176	5299	1693	2266	2381	4128	3346	2800	-2	6	7	7	6	19	62	44	36	-2	64	62	66	57	176	203	206	186	-2	106	106	108	97	282	301	279	243	-1
1004001000	-2	5545	1169.444	1784.793	96.5	85.156	124.2	67.532	222.75	87.52	2799	222.75	0	0	3	9	9	2111	5545	2372	358	0	0	0	141	-2	12	14	13	8	194	189	178	164	-2	91	96	92	83	-2	-2	-2	259	-2	136	143	138	126	291	314	324	310	-1
1004001000	-2	5576	1574.667	1814.69	83	69.48	116	55.48	219.875	87.766	2916.778	219.875	0	0	3	9	9	1347	5576	1826	2006	0	0	0	3419	-2	16	18	15	8	165	159	154	129	-2	86	104	93	72	-2	-2	-2	225	-2	129	145	136	122	292	315	292	328	-1
1004001000	-2	4528	1564.778	1710.06	83	69.48	116	55.48	219.875	87.766	2916.778	219.875	0	0	3	9	9	1252	4528	3618	1292	0	0	0	3395	-2	16	18	15	8	165	159	154	129	-2	86	104	93	72	-2	-2	-2	225	-2	129	145	136	122	292	315	292	328	-1
1002001000	-2	3867	1653.111	1499.938	68.75	62.647	137.571	81.249	204.375	92.821	2006.333	204.375	0	0	2	9	9	2043	2528	3814	2128	0	0	500	3867	-2	9	9	7	6	155	136	129	99	-2	70	77	70	61	-2	264	232	189	-2	108	123	115	103	276	316	296	298	-1
