1003003000	-2	4087	1456.154	1605.421	98.1	17.108	231.1	14.522	333.583	60.852	2390.538	333.583	0	0	1	13	13	3781	2559	-2	836	0	4087	2369	-1	-1	-2	1401	-2	3905	71	97	81	123	91	93	112	-2	-2	-2	124	107	82	215	235	212	247	253	230	232	-2	-2	-2	250	213	224	326	354	385	350	331	342	361	164	286	-1	332	429	343
1004003000	-2	3961	1226.615	1462.529	130.7	15.505	230	15.275	265.083	57.516	1338.308	265.083	0	0	4	13	13	3193	2253	0	0	0	3374	1568	-1	-1	-2	0	3961	1601	120	130	95	142	144	121	147	-2	-2	-2	149	127	132	211	225	-2	239	247	227	224	-2	-2	-2	261	213	223	279	292	116	283	301	307	291	164	286	-1	278	303	281
1006003000	-2	4867	926	1587.992	137.7	13.784	229.429	12.523	236.167	70.059	926.692	236.167	0	0	6	13	13	0	3811	0	0	0	0	1855	-1	-1	-2	0	4867	1509	129	142	108	145	148	123	149	-2	-2	-2	156	132	145	-2	218	-2	238	239	-2	225	-2	-2	-2	250	211	225	137	288	116	286	285	136	285	164	286	-1	278	295	278
1004002000	-2	4001	1263.538	1397.996	142.273	8.269	223.111	6.523	254.167	43.201	1263.615	254.167	0	0	2	13	13	1553	2535	4001	46	0	3472	17	-1	1649	-2	0	2461	695	142	141	124	143	148	143	151	-2	138	-2	157	134	144	225	220	212	230	-2	226	233	-2	222	-2	-2	214	226	277	276	278	269	156	297	270	164	276	-1	266	255	266
1002002000	-2	4232	2085.308	1793.344	141	8.718	221.455	11.468	257.917	30.926	2085.462	257.917	0	0	2	13	13	4024	4053	3511	0	362	4232	746	-1	3008	-2	0	3577	3599	143	135	125	137	148	144	151	-2	136	-2	157	132	143	214	210	210	229	226	223	227	-2	219	-2	251	211	216	277	271	254	250	261	297	257	164	265	-1	277	255	267
1002002000	-2	6428	3935.923	2305.809	139.091	6.908	215	7.084	270.5	33.565	3936.462	270.5	0	0	1	13	13	5352	5661	6428	3403	4009	4985	4278	-1	5213	-2	0	6375	5466	143	130	136	131	147	145	142	-2	132	-2	151	132	141	211	206	210	220	217	218	218	-2	210	-2	233	212	210	278	272	291	284	287	298	286	164	267	-1	267	285	267
1003003000	-2	7395	4063.923	2724.643	135.8	6.6	213	6.723	275.833	34.309	4064.077	275.833	0	0	0	13	13	5761	6013	7395	4999	5730	4947	5146	-1	-1	-2	331	6298	6215	142	130	127	130	142	141	131	-2	-2	-2	148	132	135	210	207	206	215	213	215	212	-2	-2	-2	231	213	208	290	277	291	284	287	302	286	164	286	-1	279	285	279
1003002000	-2	9924	6462	3698.308	117.364	4.478	195.3	5.711	256.917	50.495	6462.231	256.917	0	0	1	13	13	0	9924	6508	9100	8138	8800	9786	-1	8373	-2	6018	8167	9195	121	109	112	115	122	118	114	-2	115	-2	124	121	120	-2	190	190	194	197	200	195	-2	185	-2	206	196	200	131	287	252	284	279	294	287	164	265	-1	278	279	283
1003002000	-2	9416	6199.769	3511.236	118.364	3.699	194.4	4.317	255	49.813	6200.077	255	0	0	1	13	13	0	9416	5923	8298	8161	8151	9292	-1	8210	-2	6716	7745	8688	123	110	116	122	123	117	115	-2	118	-2	118	120	120	-2	189	190	194	198	197	195	-2	187	-2	202	196	196	131	278	251	284	280	290	272	164	267	-1	295	266	282
1002002000	-2	8887	6597.538	2894.045	123.636	5.482	196.545	3.627	273.333	33.986	6597.769	273.333	0	0	0	13	13	6715	8887	6864	7674	8062	7948	8519	-1	8646	-2	6867	7291	8298	137	123	117	124	127	118	123	-2	120	-2	119	123	129	198	192	191	195	200	198	197	-2	192	-2	203	196	200	290	283	261	284	293	283	282	164	283	-1	296	279	282
2003003000	-2	8755	6020.769	3333.712	124.4	6.468	196.3	3.689	271	34.962	6021.231	271	0	0	0	13	13	7466	8755	-2	7377	7986	7434	8120	-1	8279	-2	7303	7042	8513	137	123	-2	125	127	112	125	-2	119	-2	119	127	130	196	194	-2	193	199	194	199	-2	191	-2	204	194	199	290	293	-1	274	280	265	290	164	271	-1	293	280	281
1002002000	-2	8560	6402.462	2791.602	122.455	7.82	193.545	3.394	262.5	32.116	6402.615	262.5	0	0	0	13	13	7667	8547	6950	7037	7050	7093	8303	-1	7660	-2	7643	6725	8560	136	123	115	124	128	107	126	-2	115	-2	117	127	129	193	194	189	191	195	191	198	-2	188	-2	198	194	198	274	278	250	266	265	262	283	164	253	-1	293	280	282
1003003000	-2	7631	5450.615	3002.82	125.5	7.813	199.1	4.182	275.167	34.942	5450.846	275.167	0	0	0	13	13	7379	7048	7572	6848	7631	7089	6895	-1	-1	-2	6735	6425	7240	137	124	117	124	134	111	129	-2	-2	-2	118	130	131	198	198	193	196	199	193	205	-2	-2	-2	205	203	201	290	298	264	274	288	274	290	164	286	-1	294	298	282
1003003000	-2	7690	4812.385	2729.958	129.8	8.28	204.8	4.643	279.833	35.732	4812.615	279.833	0	0	0	13	13	6397	5921	7690	7021	6789	6147	6784	-1	-1	-2	4954	5197	5665	140	126	122	125	137	117	140	-2	-2	-2	121	131	139	204	203	196	207	206	197	209	-2	-2	-2	209	210	207	290	299	285	282	301	304	289	164	286	-1	279	295	284
1004003000	-2	7004	3632.846	2574.531	133.8	6.66	209.778	5.181	268.333	52.333	3633.154	268.333	0	0	1	13	13	5996	3759	7004	6251	5433	5336	5370	-1	-1	-2	0	3908	4174	142	130	127	131	140	128	143	-2	-2	-2	124	132	141	211	215	200	210	209	202	215	-2	-2	-2	-2	215	211	289	300	299	282	293	305	289	164	286	-1	142	295	276
1004003000	-2	6418	2815.385	2160.404	138.5	6.344	215.556	5.377	265.333	50.775	2888.923	265.333	0	0	1	13	13	4717	2557	6418	5435	4377	4329	3540	-1	-1	-2	0	2826	2405	144	132	136	133	146	132	145	-2	-2	-2	129	145	143	215	219	204	212	213	215	219	-2	-2	-2	-2	219	224	287	290	299	281	293	285	286	164	286	-1	142	295	276
1004003000	-2	6121	2154	1928.015	142.6	5.936	220.889	5.506	263.917	50.084	2154.231	263.917	0	0	1	13	13	2793	1789	6121	5177	3352	3492	2391	-1	-1	-2	0	1596	1295	145	142	145	135	151	135	147	-2	-2	-2	133	149	144	224	223	212	213	217	220	224	-2	-2	-2	-2	226	229	291	290	298	281	288	283	285	164	286	-1	142	283	276
1004002000	-2	6000	1668.077	1828.118	140.545	8.435	224.111	7.385	251.5	60.185	1674.538	251.5	0	0	2	13	13	1841	1504	6000	4505	2938	2386	1688	-1	0	-2	0	133	693	145	142	143	135	151	135	148	-2	122	-2	132	151	142	228	230	212	214	218	223	227	-2	-2	-2	-2	234	231	292	290	300	281	288	283	285	164	139	-1	142	283	271
1004002000	-2	4703	1211.077	1626.451	142.182	7.408	228.444	8.821	252.25	60.516	1211.154	252.25	0	0	3	13	13	944	836	4703	4424	2981	387	905	-1	0	-2	0	0	567	146	143	144	139	151	138	148	-2	126	-2	133	152	144	232	234	214	216	219	238	232	-2	-2	-2	-2	235	236	291	279	300	281	294	283	285	164	139	-1	142	287	282
1003002000	-2	3670	750.154	1157.882	148.182	5.288	237.5	12.428	273.083	34.925	750.231	273.083	0	0	5	13	13	552	0	3670	2305	2256	0	267	-1	705	-2	0	0	0	146	148	144	148	150	141	153	-2	139	-2	149	156	156	234	243	217	225	228	258	249	-2	231	-2	237	-2	253	291	279	299	281	294	281	298	164	281	-1	272	254	283
1003002000	-2	2922	558.077	938.466	149.545	6.611	238.9	13.353	270.583	34.204	558.154	270.583	0	0	6	13	13	544	0	2922	1784	1860	0	0	-1	148	-2	0	0	0	146	149	143	150	150	140	152	-2	142	-2	152	164	157	235	241	218	227	226	261	251	-2	237	-2	235	-2	258	291	270	299	283	273	281	296	164	281	-1	272	254	283
1007002000	-2	682	52.231	181.8	153.909	6.23	245.667	9.603	258.583	46.588	52.308	258.583	0	0	10	13	13	0	0	682	0	0	0	0	-1	0	-2	0	0	0	147	153	150	156	153	150	157	-2	143	-2	158	167	159	248	260	232	235	247	-2	-2	-2	-2	-2	252	-2	-2	290	270	295	282	274	280	296	164	151	-1	275	255	271
1010002000	-2	0	-0.231	0.576	160.182	6.603	260	16.753	263.5	32.351	-0.154	263.5	0	0	11	13	13	0	0	0	0	0	0	0	-1	0	-2	0	0	0	153	157	155	157	155	157	170	-2	157	-2	167	174	160	280	-2	239	-2	261	-2	-2	-2	-2	-2	-2	-2	-2	291	270	250	282	273	281	289	164	260	-1	275	255	272
1005003000	-2	3884	529.615	1114.611	44.7	16.745	238.5	16.598	344.25	158.466	3173.462	344.25	0	0	2	13	13	3884	-2	-2	1219	0	-2	0	-1	-1	-2	1796	-2	-2	41	51	27	66	57	65	32	-2	-2	-2	26	62	20	229	239	219	266	-2	237	-2	-2	-2	-2	258	245	215	362	533	421	354	70	444	79	164	286	-1	362	519	537
2007005000	-2	4373	495.769	1249.107	47.375	14.317	233.5	12.58	324.273	153.214	2718.308	324.273	0	0	2	13	13	4373	-2	-1	-2	0	-2	0	-1	-1	-2	2087	-2	-2	40	52	-2	-2	57	68	29	-2	-2	-2	49	60	24	221	236	-2	-2	-2	237	-2	-2	-2	-2	255	236	216	353	536	362	-1	70	441	76	164	286	-1	362	516	401
2009002000	-2	7796	1599.385	2935.891	81.455	18.367	205.75	8.584	182.364	111.553	2358.846	182.364	0	0	7	13	13	0	0	-2	6458	-2	7796	6544	0	0	-2	0	0	0	71	55	83	107	-2	88	96	107	57	-2	90	56	86	-2	-2	193	208	-2	205	217	-2	-2	-2	-2	-2	-2	84	78	389	309	-1	301	304	134	99	-1	117	90	101
1003003000	-2	11483	6999.308	3979.277	116	10.936	203.6	6.135	284.25	37.155	6999.769	284.25	0	0	0	13	13	8819	11483	9522	9739	7927	9036	8076	-1	-1	-2	7149	10514	8730	117	99	96	121	116	114	124	-2	-2	-2	136	119	118	200	193	195	202	211	206	211	-2	-2	-2	210	201	207	307	295	291	303	286	301	293	164	286	-1	296	308	281
1003003000	-2	11280	6717.385	3880.77	121.3	9.819	204.6	6.119	280.333	35.906	6717.615	280.333	0	0	0	13	13	8025	11280	9097	9990	7746	8816	7681	-1	-1	-2	6053	10053	8589	122	103	109	120	132	115	124	-2	-2	-2	138	127	123	206	194	195	202	210	204	211	-2	-2	-2	214	204	206	279	289	291	303	285	302	293	164	286	-1	293	300	279
1002002000	-2	10231	7233.077	3281.003	125.455	6.272	203.091	4.963	274.667	34.391	7233.385	274.667	0	0	0	13	13	7696	10231	9054	9648	7953	8654	7570	-1	9949	-2	5801	9130	8347	137	115	121	122	135	121	123	-2	124	-2	130	129	123	207	196	201	201	206	203	208	-2	194	-2	212	202	204	279	277	287	289	286	302	286	164	282	-1	269	296	279
1003003000	-2	8807	5617.769	3232.77	135.9	5.735	209.6	4.2	275.833	34.498	5618.077	275.833	0	0	0	13	13	7127	8125	8035	8807	6569	7329	7036	-1	-1	-2	4522	8235	7250	144	130	129	131	145	139	138	-2	-2	-2	140	133	130	207	202	209	211	212	210	213	-2	-2	-2	218	205	209	279	276	291	289	286	301	286	164	286	-1	277	296	279
1003003000	-2	8383	5406.231	3172.635	133.3	5.158	211.7	4.36	276.333	34.618	5406.462	276.333	0	0	0	13	13	7136	7957	7630	8383	6893	6659	7404	-1	-1	-2	3715	8341	6167	144	130	130	131	140	137	126	-2	-2	-2	130	133	132	209	204	213	211	211	214	214	-2	-2	-2	221	207	213	279	277	291	287	286	303	286	164	286	-1	278	296	283
1003003000	-2	8109	5378.846	3043.53	128.2	7.111	206.9	3.239	280.917	36.388	5379	280.917	0	0	0	13	13	7397	7814	8109	7156	7054	6282	6451	-1	-1	-2	5086	7924	6656	142	126	126	131	137	129	115	-2	-2	-2	124	123	129	206	200	202	207	210	208	208	-2	-2	-2	210	208	210	290	290	292	288	312	302	287	164	286	-1	280	301	279
1003002000	-2	8501	5547	3115.012	110.364	7.277	188.3	3.494	238.833	49.352	5547.231	238.833	0	0	1	13	13	7964	8501	6113	6394	6749	6857	6581	-1	7121	-2	8274	0	7560	116	102	118	115	111	110	108	-2	114	-2	108	93	119	191	184	188	188	192	190	183	-2	184	-2	189	-2	194	269	253	245	262	258	263	249	164	246	-1	285	105	267
1003002000	-2	7861	5164.692	2924.934	109.818	7.133	185.5	3.413	229.25	44.492	5164.846	229.25	0	0	1	13	13	7778	7861	6201	6779	5443	7551	5661	-1	5873	-2	7263	0	6734	115	105	117	115	112	107	105	-2	113	-2	109	92	118	189	181	186	185	190	186	180	-2	182	-2	186	-2	190	256	243	240	252	250	247	243	164	238	-1	260	105	253
1003002000	-2	7456	4983.692	2820.189	111.091	7.166	186	3.55	229.083	44.19	4983.923	229.083	0	0	1	13	13	7422	7456	6035	6364	5136	7206	6967	-1	5210	-2	6855	0	6140	115	107	117	116	118	105	110	-2	114	-2	109	93	118	188	180	184	185	189	185	189	-2	181	-2	187	-2	192	252	241	238	249	249	245	253	164	237	-1	259	106	256
1003002000	-2	7651	5139.308	2864.559	109.636	7.049	187.1	3.36	231.25	45.371	5139.462	231.25	0	0	1	13	13	7088	7651	6052	6445	6085	7102	7324	-1	5637	-2	6836	0	6594	111	112	116	116	117	104	100	-2	105	-2	111	96	118	189	186	184	184	189	186	189	-2	183	-2	186	-2	195	258	253	239	245	251	242	250	164	240	-1	259	106	268
1004002000	-2	8025	4966.692	3351.566	112.455	8.316	192.444	4.549	233.917	64.451	4967	233.917	0	0	2	13	13	7790	7510	6114	6251	8025	7638	0	-1	6967	-2	7080	0	7195	112	117	119	117	123	106	100	-2	107	-2	112	99	125	191	196	190	190	197	188	-2	-2	185	-2	195	-2	200	277	293	261	262	266	253	109	164	250	-1	281	107	284
1002002000	-2	7876	5831.692	2554.001	118.909	7.428	197.091	4.542	274.75	34.941	5831.923	274.75	0	0	0	13	13	7207	6279	6842	6225	7876	7845	7173	-1	7107	-2	6496	7004	5761	125	120	125	122	126	108	111	-2	110	-2	114	115	132	197	203	196	195	198	193	197	-2	187	-2	199	198	205	292	300	279	275	288	275	284	164	263	-1	297	296	284
1003003000	-2	7279	4519.923	2641.378	125.6	6.453	206.1	4.636	285.833	37.541	4520.154	285.833	0	0	0	13	13	6370	4699	7279	6935	6821	6333	6136	-1	-1	-2	4795	5453	3942	128	123	126	124	133	117	125	-2	-2	-2	119	121	140	204	214	201	205	204	200	203	-2	-2	-2	212	206	212	300	301	299	288	309	310	296	164	286	-1	295	298	284
1003003000	-2	7042	4204.231	2537.774	127.1	5.594	206.7	5.139	286.25	37.668	4206.615	286.25	0	0	0	13	13	6257	4267	7026	7042	6488	5677	5709	-1	-1	-2	3884	4735	3574	128	124	126	124	133	123	127	-2	-2	-2	121	124	141	203	215	201	204	205	200	204	-2	-2	-2	214	209	212	300	309	299	288	302	310	298	164	286	-1	297	298	284
1003003000	-2	7104	3688.154	2372.286	128.9	4.908	210.2	7.427	284.75	36.908	3694.231	284.75	0	0	0	13	13	5524	3366	6418	7104	5916	4885	5243	-1	-1	-2	3215	3352	2927	127	130	126	126	132	131	129	-2	-2	-2	123	124	141	202	219	201	206	208	202	208	-2	-2	-2	219	216	221	293	302	301	290	303	301	297	164	286	-1	296	300	284
1003003000	-2	6194	3004.231	2117.796	130.9	5.356	215.1	7.463	281	35.8	3036.538	281	0	0	0	13	13	5364	2252	6194	5794	4921	4094	3710	-1	-1	-2	2241	2337	2152	129	131	126	127	134	133	137	-2	-2	-2	125	125	142	207	223	204	211	212	207	218	-2	-2	-2	223	220	226	293	303	300	290	296	285	297	164	286	-1	290	284	284
1003003000	-2	6158	2682.385	1982.587	133.8	5.828	218.3	6.812	281.167	36.166	2682.615	281.167	0	0	0	13	13	5015	2226	6158	5104	4324	3795	2611	-1	-1	-2	1836	1783	2023	128	131	126	136	137	136	144	-2	-2	-2	129	129	142	212	224	206	211	213	219	224	-2	-2	-2	225	223	226	302	302	300	282	289	297	299	164	286	-1	290	279	284
1004003000	-2	6022	2542.077	2083.011	135.1	6.188	217.333	7.303	270.583	53.363	2589	270.583	0	0	1	13	13	5598	2240	6022	4680	4066	3605	2318	-1	-1	-2	0	1642	2880	127	131	125	136	138	137	146	-2	-2	-2	131	139	141	208	225	206	212	213	220	227	-2	-2	-2	-2	224	221	303	308	300	296	290	297	298	164	286	-1	142	279	284
1003003000	-2	6542	3197.385	2199.805	134.5	6.376	215.9	7.327	284	36.955	3197.769	284	0	0	0	13	13	6542	3272	6285	5089	4901	4115	3054	-1	-1	-2	1478	2678	4156	127	128	125	136	135	137	145	-2	-2	-2	144	136	132	204	221	207	211	212	220	225	-2	-2	-2	228	217	214	294	304	302	297	290	307	298	164	286	-1	282	299	285
1005005000	-2	2913	222.462	776.692	30.25	12.843	225.5	17.421	392	120.117	4124.846	392	0	0	0	13	13	-2	-1	-2	2913	-2	-2	-2	-1	-1	-2	-2	-2	-2	33	-2	23	19	49	27	-2	-2	-2	-2	19	53	19	214	-2	207	248	247	220	-2	-2	-2	-2	238	232	198	468	211	381	355	545	427	529	164	286	-1	551	418	369
1005003000	-2	1284	97.385	342.547	29.7	8.967	227.625	14.756	351.917	159.333	3496.923	351.917	0	0	2	13	13	1284	-2	-2	-2	0	-2	0	-1	-1	-2	-2	-2	-2	37	31	26	25	40	24	24	-2	-2	-2	21	49	20	222	227	215	252	-2	222	-2	-2	-2	-2	246	233	204	362	490	472	439	74	368	77	164	286	-1	567	451	473
1008001000	-2	9556	3175.692	4041.868	82.917	18.196	207.4	6.591	195.25	114.907	3200.538	195.25	0	0	7	13	13	8389	0	9556	7588	8135	7618	0	0	0	-2	0	0	0	99	56	86	107	77	103	68	102	61	-2	90	55	91	201	-2	201	208	208	219	-2	-2	-2	-2	-2	-2	-2	317	78	356	309	312	352	77	134	100	-1	117	90	101
1005003000	-2	11871	5495.923	4475.72	123.3	9.768	207.375	5.521	257.583	67.725	5496.154	257.583	0	0	2	13	13	0	11871	8465	9212	6970	0	7926	-1	-1	-2	8316	9799	8892	122	100	118	130	134	122	124	-2	-2	-2	137	127	119	-2	196	207	209	215	-2	213	-2	-2	-2	209	203	207	135	295	333	296	285	130	293	164	286	-1	293	300	281
1003002000	-2	10914	6942.308	3900.044	127.727	8.454	204	5.348	265.583	53.403	6942.538	265.583	0	0	1	13	13	8170	10914	8630	10562	8039	0	8175	-1	9703	-2	8292	9174	8594	137	107	122	131	138	125	124	-2	129	-2	137	130	125	202	195	206	205	210	-2	211	-2	195	-2	209	202	205	280	278	310	296	285	133	293	164	282	-1	291	293	282
1003002000	-2	10529	6716.462	3725.746	130.364	7.559	202.4	4.005	262	54.146	6716.846	262	0	0	1	13	13	8512	0	8625	10529	7979	8235	8858	-1	8989	-2	8656	8731	8203	142	114	129	131	139	139	124	-2	130	-2	129	132	125	203	-2	204	200	206	207	207	-2	193	-2	201	200	203	279	123	292	289	286	301	286	164	270	-1	291	281	282
1003003000	-2	8707	5559.462	3133.959	142.1	6.268	212	4.405	276.25	34.497	5559.615	276.25	0	0	0	13	13	6990	8114	6239	8707	6383	6256	7483	-1	-1	-2	6524	8126	7455	147	135	145	138	148	145	154	-2	-2	-2	138	137	134	210	210	220	211	212	216	217	-2	-2	-2	212	204	208	280	277	292	289	286	303	286	164	286	-1	277	288	287
1002002000	-2	7907	5663.308	2519.778	141	5.56	213.182	4.407	274.25	34.378	5663.538	274.25	0	0	0	13	13	6474	6926	6115	7489	6101	5524	7511	-1	7517	-2	5710	7907	6352	147	135	146	138	147	145	149	-2	138	-2	133	138	135	212	214	222	213	211	218	216	-2	207	-2	215	206	211	280	277	292	289	273	302	287	164	279	-1	273	296	279
1003003000	-2	6850	4399.077	2515.616	135	5.899	215.3	2.865	276.833	35.152	4399.308	276.833	0	0	0	13	13	6072	5016	6625	5882	6158	4265	5995	-1	-1	-2	4455	6850	5874	146	132	131	136	141	141	127	-2	-2	-2	127	134	135	214	214	219	214	210	220	216	-2	-2	-2	218	213	215	290	280	292	287	273	304	287	164	286	-1	278	302	279
1003002000	-2	7428	4595.846	2580.491	111.091	7.342	189.3	5.001	240.917	48.905	5858.231	240.917	0	0	1	13	13	7428	5863	6067	5876	5474	6504	4862	-1	5516	-2	6005	0	6154	116	103	121	116	106	115	105	-2	115	-2	108	97	120	195	186	191	189	193	191	182	-2	185	-2	183	-2	198	275	257	252	263	260	261	251	164	250	-1	266	109	283
1004002000	-2	8038	4721.846	3202.301	100.364	10.806	183.111	3.178	214.917	54.567	4722.231	214.917	0	0	2	13	13	8038	7282	6673	0	5967	7097	6257	-1	6021	-2	7692	0	6360	107	98	118	93	96	110	87	-2	105	-2	90	85	115	188	180	187	-2	184	184	178	-2	180	-2	182	-2	185	255	244	243	102	245	244	239	164	239	-1	254	106	244
1005002000	-2	7837	3693.385	3011.828	100.636	10.679	182.25	3.382	199.5	60.202	3693.692	199.5	0	0	3	13	13	7837	0	5719	0	4879	6808	5440	-1	5147	-2	6656	0	5531	108	89	117	95	97	106	87	-2	103	-2	105	84	116	188	-2	181	-2	184	183	177	-2	178	-2	182	-2	185	248	96	234	104	242	242	236	164	234	-1	247	106	241
1003002000	-2	7418	4631	2628.945	103.545	9.717	180.1	4.3	219.333	39.855	4631.385	219.333	0	0	1	13	13	7386	7418	5269	5993	5403	5976	5506	-1	5558	-2	6507	0	5190	109	100	116	114	98	103	87	-2	102	-2	108	87	115	187	177	177	184	184	178	176	-2	173	-2	181	-2	184	244	237	230	240	241	235	229	164	227	-1	242	106	237
1004002000	-2	7541	4117	2849.977	103.909	9.05	178.889	4.841	208.25	48.789	4117.231	208.25	0	0	2	13	13	7446	7541	5306	5777	0	4694	5468	-1	5447	-2	6338	0	5507	109	108	114	114	99	99	87	-2	101	-2	108	90	114	186	179	177	183	-2	171	175	-2	174	-2	180	-2	185	245	241	231	239	111	227	227	164	230	-1	240	107	237
1003002000	-2	7720	4532.692	2587.738	104.727	9.574	181	4.561	222.083	40.901	4531.385	222.083	0	0	1	13	13	7092	7720	5306	5821	5137	5015	5613	-1	5621	-2	6158	0	5445	108	109	116	114	99	99	87	-2	104	-2	109	90	117	185	180	178	183	187	175	176	-2	177	-2	180	-2	189	245	245	233	242	247	230	229	164	234	-1	242	107	247
1004002000	-2	7922	4443.692	3039.335	106.273	9.056	185	4.243	220.583	56.198	4444	220.583	0	0	2	13	13	7547	6775	6048	6150	5572	7922	0	-1	6334	-2	6139	0	5284	109	111	117	115	98	103	89	-2	105	-2	110	94	118	186	182	186	184	187	184	-2	-2	179	-2	182	-2	195	258	253	252	248	253	243	109	164	238	-1	257	107	265
1005002000	-2	8228	4417.692	3542.711	107.636	9.412	190.375	4.998	221.667	70.844	4417.846	221.667	0	0	3	13	13	7997	8228	6161	6688	0	8101	0	-1	6881	-2	6892	0	6485	109	112	117	116	100	106	89	-2	106	-2	112	95	122	189	193	188	190	-2	189	-2	-2	182	-2	191	-2	201	276	295	259	258	120	257	109	164	247	-1	281	107	287
1006002000	-2	7887	3604.462	3413.026	110.455	8.617	197.571	7.307	219.75	82.864	3604.538	219.75	0	0	4	13	13	0	6237	6587	7460	0	7887	0	-1	7788	-2	5682	0	5220	110	119	116	117	102	113	94	-2	107	-2	115	99	123	-2	209	191	194	-2	194	-2	-2	188	-2	201	-2	206	125	315	273	270	114	299	110	164	277	-1	298	107	285
1005003000	-2	6980	3416.154	2795.408	117.1	6.268	203.75	6.514	255.583	71.337	3443.154	255.583	0	0	2	13	13	0	4625	6728	6980	0	6284	5471	-1	-1	-2	4547	4961	4818	111	120	117	123	106	119	113	-2	-2	-2	116	116	130	-2	213	194	198	-2	201	204	-2	-2	-2	212	199	209	125	310	284	301	114	311	298	164	286	-1	300	289	285
1004003000	-2	7493	3897	2765.029	118.6	6.328	204	6.342	269.917	59.291	3936.538	269.917	0	0	1	13	13	7493	4839	6858	6846	0	6116	5071	-1	-1	-2	4484	4427	4531	111	119	117	123	110	128	114	-2	-2	-2	116	118	130	199	212	196	197	-2	202	206	-2	-2	-2	214	200	210	302	309	287	296	117	311	298	164	286	-1	282	299	288
2004004000	-2	8663	1316.077	3090.979	26.111	9.562	209.667	10.111	352.636	97.597	5298.692	352.636	0	0	0	13	13	-2	-2	8663	-2	-2	8466	-2	-1	-2	-2	-2	-2	-1	28	29	20	16	34	20	23	-2	-2	-2	17	48	-2	198	206	194	223	221	199	216	-2	-2	-2	213	217	-2	376	370	341	475	427	336	400	164	-1	-1	450	375	165
1003003000	-2	10782	3274.462	4204.897	22.5	6.391	202.1	11.97	356	77.799	6006.154	356	0	0	0	13	13	-2	8300	7726	-2	-2	7895	-2	-1	-1	-2	-2	7879	10782	31	22	23	14	29	18	20	-2	-2	-2	16	34	18	192	197	195	220	212	193	215	-2	-2	-2	214	202	181	397	366	342	460	399	322	432	164	286	-1	442	349	313
1008001000	-2	11471	4073.615	5169.359	71.167	16.999	191.6	7.499	170.75	94.381	4244.077	170.75	0	0	7	13	13	0	0	9423	11471	0	10594	0	0	10688	-2	10783	0	0	72	53	84	99	57	93	47	67	57	-2	88	54	83	-2	-2	190	195	-2	200	-2	-2	178	-2	195	-2	-2	86	78	268	285	70	287	76	136	259	-1	302	100	102
1003003000	-2	11472	7295.692	4080.715	128.4	11.315	205.6	5.295	279.25	35.796	7296.154	279.25	0	0	0	13	13	9010	11472	9026	10675	7831	9145	9391	-1	-1	-2	9725	9186	9387	139	101	124	133	138	139	124	-2	-2	-2	136	131	119	202	193	211	206	213	209	208	-2	-2	-2	205	203	206	279	281	304	303	285	301	293	164	286	-1	292	281	282
1003002000	-2	10803	7021.692	3933.269	129.636	10.898	199.3	5.33	254	52.645	7048.615	254	0	0	1	13	13	10186	0	9160	9849	8528	9380	9214	-1	7546	-2	10803	8140	8479	142	102	135	133	139	141	124	-2	130	-2	128	132	120	199	-2	207	196	205	205	203	-2	189	-2	197	197	195	290	122	309	265	277	291	272	164	249	-1	284	262	263
1003002000	-2	9561	5999.154	3399.289	129	9.155	193.5	6.391	235	42.646	5999.538	235	0	0	1	13	13	9561	0	8574	8128	6566	7395	8032	-1	6869	-2	8876	7682	6309	142	108	132	131	137	139	123	-2	129	-2	126	132	120	198	-2	205	188	200	196	196	-2	185	-2	191	192	184	266	123	268	248	256	259	255	164	238	-1	255	248	240
1002002000	-2	9823	7175.769	3152.38	134	6.296	198.909	6.459	259.833	32.59	7175.923	259.833	0	0	0	13	13	9464	8747	8226	8662	8055	9172	8906	-1	7095	-2	9823	7383	7755	144	130	139	133	141	142	126	-2	132	-2	127	134	126	199	198	214	194	203	203	204	-2	190	-2	193	194	196	267	266	306	258	276	285	275	164	247	-1	261	253	260
1002002000	-2	10070	7486.923	3277.631	136.182	6.436	201.727	6.121	269	34.775	7489.846	269	0	0	0	13	13	9411	9524	7656	9112	8501	9511	10070	-1	7972	-2	9594	7957	8025	145	132	146	137	141	143	129	-2	133	-2	126	135	131	200	203	217	201	204	203	207	-2	196	-2	194	196	198	275	288	298	267	279	305	295	164	261	-1	261	263	272
1002002000	-2	10437	7652	3304.985	134.818	7.493	205.091	6.459	277.417	35.72	7652.308	277.417	0	0	0	13	13	9109	8651	8015	8804	8991	9417	10437	-1	9063	-2	9332	8749	8911	146	133	146	137	140	140	125	-2	133	-2	122	129	132	210	210	217	206	203	210	207	-2	200	-2	194	196	203	291	281	298	298	288	304	294	164	280	-1	263	282	286
1002002000	-2	8561	6191.231	2691.269	127.182	7.321	201.182	4.345	283	37.967	7309.385	283	0	0	0	13	13	7019	6729	7978	7170	8561	6979	6850	-1	7963	-2	7373	7046	6821	141	126	126	131	135	131	114	-2	126	-2	118	121	130	209	200	206	205	197	204	199	-2	194	-2	197	199	203	299	296	313	306	276	308	294	164	271	-1	281	301	287
1004002000	-2	7772	4707.615	3168.229	110.182	8.266	188.556	5.356	227.417	57.151	4707.769	227.417	0	0	2	13	13	0	6413	7772	7059	6743	7006	5753	-1	6882	-2	7003	0	6571	115	101	123	117	103	116	103	-2	114	-2	108	95	117	-2	184	196	191	191	192	180	-2	185	-2	183	-2	195	124	253	265	263	257	265	249	164	249	-1	262	106	272
1005002000	-2	6201	3453.462	2749.474	86.091	16.962	176.625	4.794	190.167	63.952	3453.615	190.167	0	0	3	13	13	5975	6201	5031	5647	4952	5505	5860	-1	0	-2	0	0	5727	96	71	116	72	81	107	78	-2	85	-2	62	72	107	181	170	178	178	175	178	169	-2	-2	-2	-2	-2	184	235	229	230	235	231	238	226	164	95	-1	78	81	240
1006002000	-2	5887	2581.923	2422.968	89	12.57	172.286	4.333	178.167	60.972	2582	178.167	0	0	4	13	13	4960	5887	4827	0	4699	4794	4010	-1	0	-2	0	0	4391	102	72	109	82	81	102	78	-2	83	-2	80	83	107	177	168	174	-2	173	171	165	-2	-2	-2	-2	-2	178	230	226	226	90	229	229	220	164	96	-1	88	109	231
1004002000	-2	6414	3518.385	2396.924	92.455	11.85	174.222	5.245	202.5	48.153	3518.769	202.5	0	0	2	13	13	4716	0	4686	5160	5018	5052	4116	-1	5429	-2	6414	0	5151	105	80	108	91	83	98	73	-2	83	-2	104	85	107	175	-2	175	178	176	170	165	-2	172	-2	172	-2	185	229	97	227	231	232	227	220	164	225	-1	231	109	238
1005002000	-2	6256	3234.692	2585.148	93.727	11.725	173.875	5.71	190.917	56.191	3234.923	190.917	0	0	3	13	13	5209	0	5277	4959	0	4993	4492	-1	5549	-2	6256	0	5319	102	88	113	92	83	97	73	-2	84	-2	106	86	107	174	-2	177	178	-2	170	165	-2	171	-2	171	-2	185	227	97	230	231	91	227	222	164	225	-1	228	109	240
1005002000	-2	6235	3317.385	2639.541	93.273	11.993	174.25	5.804	192.333	57.168	3317.769	192.333	0	0	3	13	13	5384	0	5373	5119	0	5041	4959	-1	5535	-2	6235	0	5483	101	82	113	92	81	97	73	-2	87	-2	106	87	107	174	-2	177	177	-2	169	165	-2	173	-2	173	-2	186	230	97	234	232	92	225	223	164	228	-1	232	108	243
1005002000	-2	6822	3689.769	2958.974	95.182	11.296	179.5	5.074	200	62.672	3690.154	200	0	0	3	13	13	6243	0	5579	6285	0	6822	4875	-1	6806	-2	5513	0	5847	97	89	113	92	81	100	74	-2	101	-2	108	87	105	177	-2	180	183	-2	178	171	-2	179	-2	178	-2	190	241	97	241	244	92	240	231	164	239	-1	244	107	260
1007002000	-2	6695	2827.692	3073.547	94.364	11.064	180.667	4.888	179.167	69.173	2827.846	179.167	0	0	5	13	13	6559	0	5553	0	0	6695	0	-1	6553	-2	5459	0	5944	96	83	111	92	82	100	75	-2	98	-2	110	88	103	178	-2	181	-2	-2	176	-2	-2	178	-2	180	-2	191	242	97	244	104	92	240	110	164	239	-1	248	107	263
1006002000	-2	7471	3499.538	3272.027	97.727	11.482	183.286	3.918	198.75	72.289	3499.846	198.75	0	0	4	13	13	6897	6758	5909	0	0	7471	0	-1	6842	-2	5596	0	6024	95	106	111	92	82	106	75	-2	105	-2	111	89	103	180	182	183	-2	-2	185	-2	-2	180	-2	181	-2	192	256	264	254	104	92	255	110	164	247	-1	262	108	269
1007002000	-2	7647	3198.923	3479.838	97.545	12.405	188.167	4.14	192.25	83.045	3199	192.25	0	0	5	13	13	0	7237	6156	0	0	7647	0	-1	6773	-2	7574	0	6202	83	109	111	92	84	108	75	-2	105	-2	112	91	103	-2	188	185	-2	-2	190	-2	-2	181	-2	192	-2	193	91	288	261	104	93	266	110	164	252	-1	292	108	278
1007002000	-2	7970	3275.231	3551.701	96.364	10.568	186.667	4.714	189.167	78.575	3275.385	189.167	0	0	5	13	13	7051	0	6566	0	0	7970	0	-1	7019	-2	7284	0	6691	83	89	107	92	85	108	81	-2	104	-2	112	95	104	182	-2	185	-2	-2	191	-2	-2	180	-2	189	-2	193	262	97	259	104	93	268	110	164	252	-1	275	108	278
1002002000	-2	11297	8611.308	3781.818	15.909	3.423	156.364	6.958	257.083	28.785	9647.462	257.083	0	0	0	13	13	8828	10880	9798	11237	11297	8363	10777	-1	10276	-2	9101	10250	11143	15	17	17	11	22	12	18	-2	16	-2	12	21	14	156	142	155	165	161	156	156	-2	151	-2	162	167	149	264	253	268	272	266	267	271	164	261	-1	272	273	254
1002001000	-2	7499	4680.462	2246.434	35.167	8.707	158.818	7.941	198.25	46.174	4760	198.25	0	0	1	13	13	3510	5281	7129	4813	4393	5602	6510	0	5608	-2	4869	5634	7499	39	33	55	27	37	33	24	23	34	-2	33	47	37	166	145	171	163	158	167	161	-2	148	-2	156	162	150	213	198	224	213	212	225	214	47	204	-1	206	214	209
1003002000	-2	7156	5024.462	2806.986	118.455	10.157	186.1	6.7	225.5	35.885	5042.154	225.5	0	0	1	13	13	0	6021	7123	7156	5278	6737	5720	-1	6620	-2	7092	6464	7110	118	95	120	129	123	136	108	-2	122	-2	119	119	114	-2	176	199	185	190	194	183	-2	182	-2	183	190	179	133	229	256	241	243	256	237	164	236	-1	235	243	233
1003002000	-2	6870	4625.769	2570.613	121.364	10.316	183.9	6.61	220.583	32.983	4625.923	220.583	0	0	1	13	13	0	5550	6073	6225	5186	6870	5317	-1	6015	-2	6259	6301	6342	123	99	122	130	131	139	109	-2	125	-2	120	120	117	-2	177	199	183	188	191	181	-2	180	-2	178	184	178	135	227	250	233	238	245	231	164	231	-1	228	235	230
1002002000	-2	6776	4644.077	2053.399	118.273	9.564	180.636	5.974	223.75	19.062	4644.462	223.75	0	0	0	13	13	4525	4849	5016	5780	5182	6776	5502	-1	5445	-2	5433	5979	5889	120	99	121	124	129	135	108	-2	123	-2	116	111	115	184	176	193	181	183	190	176	-2	176	-2	174	177	177	231	222	242	228	233	240	225	164	225	-1	221	226	228
1002002000	-2	6971	5043	2222.8	122.364	9.707	184	6.661	229.583	21.156	5043.385	229.583	0	0	0	13	13	6835	5375	6971	6440	5516	5581	5461	-1	5594	-2	5388	6728	5673	128	103	128	129	133	137	113	-2	126	-2	118	113	118	188	180	201	184	185	190	181	-2	179	-2	176	180	180	239	228	255	234	239	243	232	164	229	-1	226	234	232
1002002000	-2	7329	5207	2302.698	128	7.361	187.182	6.576	235.917	23.61	5207.308	235.917	0	0	0	13	13	6294	5555	7006	6399	7329	5585	5254	-1	5962	-2	5515	6930	5865	139	125	135	132	136	134	122	-2	129	-2	118	118	120	190	183	205	188	188	190	186	-2	184	-2	178	183	184	242	234	267	240	253	247	240	164	235	-1	230	240	239
1002002000	-2	8803	5581.923	2524.204	123.818	7.42	187.909	6.584	239.5	25.085	5582.154	239.5	0	0	0	13	13	6705	5908	8803	6900	6849	5926	5403	-1	6865	-2	5871	7428	5910	128	124	130	131	135	127	115	-2	127	-2	114	111	120	192	185	204	191	188	190	185	-2	189	-2	177	182	184	251	238	275	246	251	248	241	164	249	-1	229	240	242
1002002000	-2	10529	7781.538	3371.43	123.636	8.998	196.091	5.961	274.083	35.146	7781.923	274.083	0	0	0	13	13	10529	8813	8050	9250	9415	9026	9244	-1	9372	-2	8302	9846	9316	129	125	132	132	132	128	117	-2	128	-2	114	102	121	199	196	211	200	194	195	195	-2	195	-2	185	193	194	292	273	297	300	277	281	280	164	283	-1	259	301	282
1004004000	-2	8715	5207.077	3510.384	105.444	6.362	184.556	3.655	207.917	87.273	6480.615	247.5	0	0	2	13	13	8715	6519	0	7956	6770	7683	0	-1	7148	-2	7378	7697	7829	108	100	-2	105	100	115	-2	-2	112	-2	102	95	112	190	184	-2	188	182	187	-2	-2	183	-2	179	180	188	263	254	21	257	249	256	21	164	248	-1	249	254	259
1004001000	-2	5579	3126.538	2177.088	61.667	20.778	157.222	8.284	174.25	62.853	3126.769	174.25	0	0	3	13	13	3296	5451	4197	4578	4931	4970	0	0	4123	-2	5579	3522	0	55	53	106	39	61	97	49	33	73	-2	49	57	68	160	151	174	154	153	166	-2	-2	160	-2	145	152	-2	207	209	223	209	204	219	58	53	210	-1	204	206	89
1003002000	-2	5690	3183.462	1870.425	64.545	17.977	153.5	7.42	191.833	33.468	3180.308	191.833	0	0	1	13	13	3049	4751	3693	3540	4299	4501	4699	-1	3185	-2	5690	3981	0	58	55	100	39	55	96	59	-2	74	-2	49	57	68	159	149	170	149	154	158	142	-2	156	-2	147	151	-2	207	205	219	201	204	209	193	164	205	-1	203	203	89
1004002000	-2	4785	2829.308	1927.342	67.909	15.997	154.111	6.757	181	47.99	2829.538	181	0	0	2	13	13	0	4785	4180	3278	3651	4743	3719	-1	3981	-2	4397	4050	0	58	60	99	45	63	91	64	-2	79	-2	51	59	78	-2	151	169	152	155	157	142	-2	157	-2	153	151	-2	67	206	219	203	206	208	193	164	207	-1	207	203	89
1002002000	-2	5186	3503.462	1608.358	67.273	15.058	154.818	5.921	203.417	12.919	3503.846	203.417	0	0	0	13	13	3268	4843	4410	3497	4384	5186	3641	-1	4467	-2	4794	3818	3240	58	61	96	45	64	87	64	-2	79	-2	50	58	78	157	150	166	151	157	156	142	-2	156	-2	155	152	161	206	208	216	202	209	208	194	164	207	-1	210	206	211
1002002000	-2	5953	3898.462	1814.773	68.455	14.519	157.091	5.248	206.75	13.748	3899	206.75	0	0	0	13	13	4225	5953	4879	3403	4774	5257	4196	-1	5071	-2	5516	3920	3489	59	63	98	51	64	87	64	-2	80	-2	51	58	78	158	154	168	155	159	158	146	-2	157	-2	158	153	162	209	211	220	207	214	211	199	164	211	-1	214	208	213
1006002000	-2	5558	2566.231	2415.75	68.818	14.167	159.143	5.514	165.167	63.497	2566.538	165.167	0	0	4	13	13	4635	0	4848	3481	5138	4844	4860	-1	5558	-2	0	0	0	60	69	99	51	64	88	65	-2	81	-2	53	59	68	159	-2	170	156	160	160	150	-2	159	-2	-2	-2	-2	214	98	224	210	219	217	206	164	215	-1	71	67	77
1004002000	-2	6058	3424.692	2387.987	70.727	14.937	161.111	5.896	191.167	54.825	3425.231	191.167	0	0	2	13	13	4960	5963	4831	3289	6058	5056	4365	-1	5691	-2	0	4311	0	61	71	99	52	64	97	65	-2	81	-2	53	67	68	162	163	172	156	161	167	151	-2	162	-2	-2	156	-2	217	225	229	214	222	226	212	164	219	-1	71	218	77
1003002000	-2	6726	3716.462	2529.627	75.636	12.242	167.1	5.205	208.833	45.847	3716.769	208.833	0	0	2	13	13	5214	4782	4841	0	5640	5048	4786	-1	5324	-2	6726	5956	0	69	72	98	63	65	100	65	-2	83	-2	76	72	69	165	171	173	160	165	173	157	-2	167	-2	172	168	-2	223	239	233	180	230	238	222	164	230	-1	238	232	77
1004002000	-2	6450	3472.231	2769.698	70.273	12.263	165.222	5.245	197.083	57.234	3472.385	197.083	0	0	3	13	13	5360	4924	0	0	5860	5327	5312	-1	5822	-2	6450	6087	0	60	70	74	52	66	99	57	-2	83	-2	74	70	68	164	168	-2	157	165	173	156	-2	167	-2	169	168	-2	225	237	82	179	232	241	222	164	233	-1	237	235	78
1002002000	-2	10966	8319.231	3594.493	13.273	2.632	145	5.41	251.833	27.254	8526.615	251.833	0	0	0	13	13	9961	9587	9863	9119	10574	8695	9547	-1	10268	-2	10192	9381	10966	13	13	15	10	20	11	15	-2	14	-2	11	12	12	145	134	145	150	151	147	143	-2	144	-2	150	150	136	259	249	262	264	263	259	264	164	255	-1	270	266	247
1002002000	-2	9154	6101.615	2727.793	14.273	3.544	128.727	8.915	193.083	11.109	6102.769	193.083	0	0	0	13	13	5926	6341	7778	6245	7378	7751	7937	-1	7257	-2	6657	6900	9154	15	14	17	9	22	10	17	-2	15	-2	11	12	15	136	108	139	134	131	141	124	-2	128	-2	127	128	120	197	180	207	195	198	205	196	164	191	-1	190	201	193
1004001000	-2	7257	3558.385	2507.032	60.167	19.021	159.222	8.638	173.583	60.962	3564.538	173.417	0	0	3	13	13	0	4253	4967	4503	0	6031	5583	0	4705	-2	3858	5104	7257	72	48	84	83	40	93	36	32	61	-2	65	53	55	-2	144	170	167	-2	173	155	-2	156	-2	157	158	153	86	195	218	213	76	223	206	47	203	-1	203	208	205
1003002000	-2	6070	3144.846	1915.271	96.455	11.13	166	6.496	198.167	34.034	3145.231	198.167	0	0	1	13	13	2827	3772	3540	3921	3313	5644	0	-1	4088	-2	3943	3768	6070	104	80	115	100	80	108	85	-2	101	-2	91	92	105	168	154	176	168	171	175	-2	-2	162	-2	162	162	162	212	200	222	212	215	223	96	164	208	-1	206	209	211
1002002000	-2	6307	3796.231	1857.078	107.364	9.078	172.091	6.127	214.583	16.56	3796.538	214.583	0	0	0	13	13	2861	3357	3899	3949	4336	5852	5144	-1	4831	-2	4871	3947	6307	111	93	118	111	104	120	101	-2	118	-2	99	95	111	173	161	185	172	175	180	170	-2	172	-2	167	168	170	217	207	231	217	221	231	219	164	219	-1	213	215	221
1002002000	-2	5446	4087.462	1810.25	116.182	9.552	179.091	6.244	221.75	18.736	4087.692	221.75	0	0	0	13	13	3552	4511	4928	4942	5283	5394	4460	-1	4686	-2	4633	5305	5446	117	101	122	123	127	130	111	-2	122	-2	111	99	115	182	175	193	180	182	187	176	-2	175	-2	171	173	176	227	220	242	225	233	238	223	164	222	-1	218	223	226
1002002000	-2	7331	4734.615	2169.526	119.727	8.719	182	6.194	227.083	20.422	4734.846	227.083	0	0	0	13	13	5650	5048	5803	5525	7331	5950	5136	-1	4712	-2	5402	6846	4150	119	106	130	125	130	130	115	-2	126	-2	111	107	118	184	179	198	182	181	187	181	-2	179	-2	172	178	181	232	226	250	230	241	240	231	164	228	-1	220	232	231
1002002000	-2	6856	4692.231	2100.81	119.091	8.174	182.818	7.133	230.5	22.002	4692.385	230.5	0	0	0	13	13	5526	4655	6856	5050	6743	5568	5405	-1	5429	-2	5319	5866	4585	118	120	127	123	129	126	114	-2	125	-2	110	100	118	187	180	198	185	182	187	181	-2	187	-2	171	172	181	241	229	258	234	240	243	232	164	241	-1	220	228	236
1003003000	-2	10016	7073.154	3937.788	118.2	8.964	192.2	7.521	265.833	33.551	7073.692	265.833	0	0	0	13	13	10016	7674	9640	9979	9341	9187	9657	-1	-1	-2	7700	9543	9218	115	122	127	124	128	125	115	-2	-2	-2	108	98	120	197	191	206	197	189	193	194	-2	-2	-2	178	182	195	281	262	300	274	273	286	278	164	286	-1	243	266	277
1003002000	-2	7982	5294.154	3033.032	96	13.758	179.4	6.621	223.917	46.622	5880.154	223.917	0	0	1	13	13	6994	0	7982	6938	7037	5246	7752	-1	4750	-2	6945	7573	7610	96	81	120	90	97	113	89	-2	106	-2	70	89	105	179	-2	193	184	175	184	175	-2	181	-2	169	172	182	240	89	258	249	238	248	238	164	242	-1	232	241	248
1004001000	-2	6382	2939.385	2104.344	48.583	22.28	142.556	12.544	159.667	63.806	2940.538	159.667	0	0	3	13	13	3475	4095	4218	6382	3637	4266	0	0	3369	-2	5183	3589	0	48	47	91	29	43	95	22	23	51	-2	34	51	49	136	133	168	138	138	157	-2	-2	150	-2	125	138	-2	189	193	217	195	190	207	38	55	198	-1	185	191	58
1003001000	-2	4933	3007.231	1754.35	54	18.592	142.9	10.074	173.417	52.081	2629.692	161.25	0	0	2	13	13	2885	4407	3674	4933	0	4328	4910	0	3177	-2	3877	3141	3764	50	50	90	35	44	89	48	29	71	-2	42	52	48	141	136	161	140	-2	155	129	-2	153	-2	130	139	145	193	195	213	195	60	204	184	56	200	-1	190	193	198
1004001000	-2	4234	2291.769	1604.144	55.083	18.896	147.667	7.211	163.5	65.855	2750.462	163.5	0	0	3	13	13	3096	4065	2233	3670	0	3350	0	0	3341	-2	4234	2891	2915	51	52	91	39	46	91	28	43	73	-2	45	52	50	142	144	161	141	-2	156	-2	-2	154	-2	141	141	149	193	200	214	196	55	208	39	56	203	-1	199	197	202
1005002000	-2	5037	2810.923	2239.108	51.909	18.647	142.875	6.9	159.25	61.798	2811.154	159.25	0	0	3	13	13	4495	4784	0	5037	0	4808	0	-1	4527	-2	4814	4073	4007	52	51	72	38	43	86	14	-2	73	-2	43	52	47	144	136	-2	138	-2	153	-2	-2	153	-2	134	139	146	195	194	80	194	60	205	26	164	203	-1	194	196	200
1004002000	-2	5299	3170.769	2140.077	55	21.243	146.444	6.994	172.25	60.058	3171.077	172.25	0	0	2	13	13	4557	4763	4051	4700	0	4534	0	-1	5026	-2	5299	4169	4124	55	53	90	40	39	86	12	-2	73	-2	45	53	59	145	138	159	139	-2	154	-2	-2	153	-2	143	140	147	198	196	213	196	60	207	23	164	205	-1	202	199	204
1005001000	-2	5878	2971.846	2402.714	53.75	18.678	151.875	3.621	157.667	74.101	2972.077	157.667	0	0	4	13	13	5011	5180	0	4177	0	5086	0	0	5878	-2	5263	3903	4138	57	55	73	45	40	86	10	42	73	-2	49	54	61	149	145	-2	151	-2	158	-2	-2	155	-2	153	152	152	206	204	81	207	56	213	24	56	211	-1	214	210	210
1006001000	-2	5319	2452.538	2299.549	55.667	18.865	155.571	3.245	150.417	78.981	2452.923	150.417	0	0	5	13	13	4901	4635	0	3986	0	4921	0	0	5319	-2	0	3909	4214	58	61	74	46	46	88	10	43	74	-2	49	57	62	151	154	-2	155	-2	162	-2	-2	158	-2	-2	154	155	212	216	82	214	56	222	24	58	218	-1	71	217	215
1006002000	-2	5513	2278.846	2267.793	54.727	19.108	155.857	4.051	160.667	74.472	2279.154	160.667	0	0	4	13	13	4691	2081	0	3027	0	5099	0	-1	5513	-2	0	4611	4606	56	54	72	45	46	86	9	-2	74	-2	46	54	60	151	152	-2	154	-2	164	-2	-2	158	-2	-2	155	157	213	217	82	214	57	225	25	164	220	-1	72	219	220
1006002000	-2	5793	2537.462	2404.406	55.727	19.629	157.143	4.324	161.167	76.156	2537	161.167	0	0	4	13	13	4922	3403	0	4473	0	5124	0	-1	5793	-2	0	4308	4967	53	53	73	46	47	91	10	-2	74	-2	49	55	62	151	154	-2	156	-2	165	-2	-2	161	-2	-2	155	158	215	218	82	217	57	227	26	164	223	-1	63	220	222
1002002000	-2	7262	5078.692	2319.21	19.909	5.418	122.909	8.847	179	7.472	5051.846	178.583	0	0	0	13	13	5988	7045	5345	5698	6210	4931	7046	-1	4211	-2	5834	6456	7262	27	20	21	10	25	13	19	-2	16	-2	28	23	17	130	105	131	127	123	137	112	-2	124	-2	128	119	116	187	170	192	181	179	187	176	164	175	-1	182	181	174
1002001000	-2	5441	3580.692	1707.976	30.083	9.751	134.364	10.848	172	38.125	3580.846	172	0	0	1	13	13	3720	4905	4607	4217	4580	2482	4780	0	2957	-2	4213	4649	5441	38	32	52	13	30	18	24	22	34	-2	30	36	32	145	115	152	136	132	151	123	-2	136	-2	128	130	130	190	172	200	183	181	194	177	48	179	-1	178	181	181
1003001000	-2	5211	3151.615	1811.829	55.417	20.296	148.4	8.345	174.083	48.74	3151.923	174.083	0	0	2	13	13	0	4049	3547	3885	3538	4042	4734	0	2972	-2	4605	4390	5211	72	50	84	27	40	92	35	31	57	-2	51	51	75	-2	139	165	147	146	160	140	-2	152	-2	139	145	151	87	188	210	194	193	205	191	48	195	-1	187	192	199
1002002000	-2	5015	2946.846	1428.616	94.091	14.625	164.273	5.879	205.083	13.913	2947	205.083	0	0	0	13	13	3566	2170	3679	2795	3291	5015	3326	-1	3077	-2	3394	3439	4560	100	70	115	98	90	107	86	-2	109	-2	69	86	105	160	157	176	166	169	171	164	-2	166	-2	156	159	163	205	200	223	208	213	217	208	164	209	-1	200	204	210
1002002000	-2	6113	3996.923	1872.281	108.545	9.248	172.909	5.728	216.583	17.255	3997.385	216.583	0	0	0	13	13	3516	4592	4496	4464	6113	5644	4748	-1	3438	-2	4631	4334	5987	107	101	120	110	117	116	108	-2	118	-2	91	94	112	172	174	185	173	175	178	173	-2	173	-2	162	165	172	220	218	237	218	228	227	223	164	218	-1	208	217	221
1002002000	-2	7479	4611.077	2173.591	110.545	8.617	175.818	7.272	223.083	19.83	4611.538	223.083	0	0	0	13	13	5051	4748	7252	4742	7479	5964	4593	-1	4890	-2	4387	5130	5711	108	109	123	110	119	115	110	-2	119	-2	95	95	113	177	178	190	177	177	181	174	-2	179	-2	162	164	175	232	226	247	223	233	237	226	164	231	-1	210	220	228
1002002000	-2	9148	6776.462	2973.608	108.545	12.695	182.636	7.946	244.833	26.526	6777	244.833	0	0	0	13	13	6673	7911	8874	7467	9148	7772	7916	-1	8848	-2	6890	8157	8441	106	112	125	105	119	115	110	-2	118	-2	76	96	112	183	185	198	183	179	186	179	-2	188	-2	169	170	189	251	253	268	245	250	258	252	164	262	-1	226	245	264
1003002000	-2	7202	4812.308	2735.636	86.182	15.044	170.6	7.017	211.083	42.748	4812.615	211.083	0	0	1	13	13	5062	0	6432	4671	6874	6379	5764	-1	6012	-2	7202	7058	7109	81	72	115	73	88	108	77	-2	93	-2	62	85	94	165	-2	186	172	170	178	164	-2	172	-2	163	163	173	219	84	243	233	226	235	219	164	226	-1	222	229	233
1005002000	-2	6516	3092.154	2586.558	39.545	14.786	129.5	6.344	153.167	51.889	3087.538	153.167	0	0	3	13	13	5020	4896	0	6516	4114	0	6356	-1	3315	-2	5855	4129	0	46	41	62	22	39	64	14	-2	40	-2	26	48	33	133	132	-2	131	132	-2	124	-2	136	-2	115	133	-2	187	190	85	190	184	72	178	164	188	-1	174	186	40
1005002000	-2	6298	2947.077	2432.086	42.364	16.007	130.5	8.078	151.167	56.985	2972	151.083	0	0	3	13	13	4025	5060	0	5546	3989	4847	6298	-1	3375	-2	5175	0	0	47	42	62	28	37	79	22	-2	52	-2	29	36	32	132	130	-2	129	130	147	124	-2	135	-2	117	-2	-2	187	188	80	187	183	199	179	164	187	-1	176	43	41
1006002000	-2	4262	1963.308	1851.585	41.273	18.567	131.857	7.954	138.25	67.803	2267.615	138.25	0	0	4	13	13	2760	4136	0	4262	3576	3493	0	-1	3364	-2	3935	0	0	48	44	58	29	36	82	18	-2	60	-2	29	20	30	134	128	-2	126	127	148	-2	-2	137	-2	123	-2	-2	188	187	82	186	182	200	26	164	190	-1	183	29	42
1006002000	-2	4610	2236.538	2082.882	38.727	20.208	130.143	8.609	138.917	65.408	2479.308	138.917	0	0	4	13	13	3707	4559	0	4610	4175	3983	0	-1	4032	-2	4012	0	0	46	44	56	24	27	83	9	-2	58	-2	29	19	31	134	127	-2	121	126	148	-2	-2	133	-2	122	-2	-2	188	186	82	183	182	201	39	164	187	-1	182	31	42
1006002000	-2	5506	2658.692	2481.201	40	22.998	134.571	7.404	139.917	70.443	2660.231	139.917	0	0	4	13	13	5072	4672	0	5506	0	4552	5471	-1	4312	-2	4981	0	0	47	45	68	29	8	83	8	-2	62	-2	37	20	33	135	130	-2	134	-2	150	125	-2	138	-2	130	-2	-2	191	190	82	192	19	204	184	164	192	-1	190	29	42
1006001000	-2	6381	2753.385	2590.509	41.083	19.805	138	5.757	133.833	76.918	2753.538	133.833	0	0	5	13	13	6381	4889	0	5599	0	5011	0	0	4682	-2	4901	4333	0	46	48	62	35	11	79	8	26	61	-2	38	46	33	137	136	-2	136	-2	151	-2	-2	139	-2	131	136	-2	197	197	82	197	23	208	40	34	196	-1	194	196	42
1006002000	-2	6059	2715.538	2540.965	46.182	21.127	143.143	7.279	148.083	76.159	2727.923	148.083	0	0	4	13	13	6059	4427	0	5125	0	5198	0	-1	4577	-2	5135	4784	0	46	49	69	37	16	82	9	-2	69	-2	44	53	34	139	140	-2	137	-2	159	-2	-2	148	-2	138	141	-2	203	203	83	200	24	217	25	164	207	-1	204	205	42
1002002000	-2	11114	8590.154	3707.141	9.545	1.971	101.273	3.744	198.167	11.276	8588	198.167	0	0	0	13	13	10268	10781	11114	9708	9452	9643	11034	-1	9331	-2	9588	10499	10257	10	9	10	8	15	8	11	-2	9	-2	8	8	9	107	99	107	99	101	100	96	-2	101	-2	99	107	98	207	194	209	201	200	201	199	164	194	-1	205	206	198
1001001000	-2	6143	4946.154	1587.526	10	3.317	85.417	7.444	146.333	7.272	4946.231	146.333	0	0	0	13	13	6071	5193	6131	5902	5287	5401	4468	6143	3743	-2	4753	5991	5219	12	9	11	7	19	8	13	9	8	-2	7	7	10	95	79	94	80	83	100	80	76	86	-2	78	83	91	153	138	159	144	144	160	143	138	146	-1	138	144	149
1001001000	-2	5998	4356.692	1482.482	16.083	5.408	106.667	9.534	160.25	7.037	4356.846	160.25	0	0	0	13	13	3797	5559	5560	4246	3757	3443	5998	5442	4086	-2	4504	5033	5214	23	17	22	10	25	13	17	12	11	-2	10	11	22	112	101	122	102	102	126	105	93	110	-2	96	100	111	164	157	175	156	158	173	160	152	159	-1	151	157	161
1002002000	-2	4666	3420.923	1522.903	41	12.62	134.182	8.365	180.583	9.124	3421	180.583	0	0	0	13	13	3937	4666	4251	4018	3955	3750	4207	-1	2815	-2	4277	3978	4621	43	43	66	29	37	60	32	-2	23	-2	29	41	48	138	131	150	132	132	148	131	-2	134	-2	118	130	132	184	180	196	179	178	197	182	164	180	-1	167	178	182
1002001000	-2	5406	3681.846	1723.344	63.083	17.347	147.545	9.029	184.583	39.616	3682.231	184.583	0	0	1	13	13	5406	3542	4281	3946	2946	4643	4858	0	3479	-2	4316	5155	5294	77	53	86	56	58	96	63	26	61	-2	51	58	72	151	145	160	143	141	161	149	-2	154	-2	127	144	148	201	195	207	193	188	211	198	56	198	-1	178	192	198
1002001000	-2	7067	4667.231	2238.328	59.417	15.163	145.818	9.321	187.917	40.486	4667.462	187.917	0	0	1	13	13	6817	5252	5352	5776	3338	4539	7067	0	4487	-2	5108	7025	5915	74	50	88	54	59	79	60	28	48	-2	50	59	64	153	148	157	142	140	152	142	-2	156	-2	122	145	147	211	201	206	197	188	208	199	56	204	-1	183	202	200
1002001000	-2	5587	3854.538	1848.796	45.5	10.618	140.455	8.478	184.583	38.855	4130.154	184.417	0	0	1	13	13	4704	3475	5442	5095	3227	3442	5482	0	3413	-2	5403	4841	5587	51	42	67	45	44	59	43	24	39	-2	35	52	45	138	140	157	136	138	150	136	-2	146	-2	122	142	140	198	196	212	199	190	205	189	58	195	-1	182	197	194
1004002000	-2	5920	3237.615	2267.719	24.727	7.933	114.111	8.386	149.333	52.796	3188.846	149.083	0	0	2	13	13	4614	5123	4630	3100	4132	0	5245	-1	0	-2	5920	3826	5502	39	33	37	17	26	24	15	-2	20	-2	18	18	25	118	118	132	108	116	-2	106	-2	-2	-2	103	108	118	180	178	189	174	172	36	166	164	29	-1	160	168	176
1004001000	-2	4578	2967.615	1986.224	19.917	6.751	103.667	3.944	133.833	54.39	2955.385	133.583	0	0	3	13	13	4391	4130	0	4077	4039	0	4578	4399	0	-2	4558	4378	4031	32	32	24	16	12	24	12	12	21	-2	17	17	20	107	110	-2	103	104	-2	99	97	-2	-2	102	108	103	170	170	36	168	165	56	162	161	29	-1	158	167	164
1003001000	-2	5033	3240	1852.041	16.917	6.357	101.9	8.514	143	45.483	3240.308	143	0	0	2	13	13	5033	4220	3823	3786	2919	0	3986	4684	0	-2	4940	4593	4138	23	29	22	16	9	23	7	12	20	-2	14	17	11	107	106	122	96	99	-2	92	91	-2	-2	99	105	102	166	165	180	165	162	56	156	155	30	-1	155	164	162
1003001000	-2	5510	3227.231	1926.056	17.25	6.559	103.2	7.985	144.5	46.017	3228.154	144.5	0	0	2	13	13	5510	4121	4167	4086	1997	0	4336	4268	0	-2	5065	4542	3864	23	29	23	16	6	23	7	12	20	-2	14	17	17	107	106	123	96	101	-2	96	93	-2	-2	102	106	102	167	164	180	166	164	56	160	157	30	-1	160	166	164
1004001000	-2	6067	2936.615	2243.225	17.083	6.304	106.556	10.935	133.667	60.803	2937.154	133.667	0	0	3	13	13	6067	4309	4231	4322	1086	4714	0	4321	0	-2	5522	0	3606	20	28	23	16	6	24	7	12	19	-2	14	18	18	106	106	126	95	100	125	-2	94	-2	-2	105	-2	102	168	165	183	166	164	181	25	159	30	-1	164	32	167
1003001000	-2	5998	3347.692	2164.283	16.833	5.9	103.6	8.065	146.25	48.339	3348.615	146.25	0	0	2	13	13	5998	4381	4355	4722	894	0	3823	4490	5325	-2	5389	0	4145	16	28	19	17	7	24	7	12	20	-2	15	19	18	103	106	124	97	101	-2	94	95	106	-2	106	-2	104	169	166	183	168	166	46	162	160	167	-1	167	32	169
1002002000	-2	10221	8041.846	3463.931	8.364	1.15	86.091	4.441	181.333	7.696	8041.615	181.25	0	0	0	13	13	10046	9493	10221	9276	8703	9986	9034	-1	8552	-2	9738	9622	9876	9	8	9	7	11	7	9	-2	8	-2	8	7	9	91	85	96	82	82	84	80	-2	85	-2	87	90	85	190	178	196	179	178	184	178	164	175	-1	185	185	184
1001001000	-2	6788	5441	1687.506	8.167	1.675	76.417	6.825	146.667	7.587	5621.462	146.5	0	0	0	13	13	6634	5993	6788	4966	6017	6539	5746	5804	5203	-2	5276	6717	5052	9	8	9	6	12	10	9	8	7	-2	7	6	7	82	73	85	69	74	91	73	67	77	-2	69	77	80	153	142	161	143	142	160	145	138	144	-1	136	146	150
1001001000	-2	6043	4637.615	1480.728	11.25	3.269	89.667	8.4	146.667	6.908	4637.846	146.667	0	0	0	13	13	5193	5337	5684	5112	4993	4795	4439	6043	3881	-2	4137	6005	4672	14	10	14	8	19	9	14	10	9	-2	8	8	12	96	84	101	86	86	105	89	79	89	-2	77	85	99	151	142	158	144	143	158	150	138	147	-1	135	143	151
1001001000	-2	5559	4279	1364.914	18.75	4.935	111.417	8.864	163.833	7.151	4278.308	163.833	0	0	0	13	13	3912	5373	4552	4350	3385	4331	5559	4850	4339	-2	4858	4781	5339	23	20	30	15	24	17	17	15	12	-2	13	18	21	116	110	126	110	107	127	112	96	116	-2	99	106	112	167	165	177	162	160	174	167	154	165	-1	150	161	164
1003002000	-2	6444	3966.692	2304.38	42	9.909	138.8	6.809	181.083	28.453	4070.462	181.083	0	0	1	13	13	6349	4158	5205	5323	4345	0	6444	-1	3733	-2	4955	6042	5016	45	41	61	41	36	55	38	-2	23	-2	32	43	47	140	139	152	134	138	-2	142	-2	140	-2	123	140	140	197	191	201	188	187	92	198	164	190	-1	179	194	192
1002002000	-2	7802	5097.462	2348.418	46.909	6.96	138.273	7.484	194.5	11.244	5313.308	194.5	0	0	0	13	13	6039	4478	5639	6266	5772	6297	7204	-1	4390	-2	5854	7802	6529	56	44	62	51	45	47	41	-2	36	-2	41	48	45	138	140	146	132	137	141	140	-2	145	-2	118	145	139	203	199	199	195	192	201	200	164	196	-1	181	209	195
1003002000	-2	7689	4434.923	2618.81	29.091	8.469	125.9	7.943	169.833	42.485	4428.615	169.833	0	0	1	13	13	7689	5007	7152	5262	5072	5586	5749	-1	0	-2	6978	3815	5347	40	37	42	38	30	25	15	-2	21	-2	25	23	24	126	134	140	118	126	129	121	-2	-2	-2	110	130	125	186	189	196	188	177	189	179	164	32	-1	168	188	182
1002001000	-2	6052	3856.615	1744.129	16.417	3.662	100	9.095	150.083	37.062	4229.154	149.75	0	0	1	13	13	6052	4852	4178	3399	5028	4542	4111	4583	0	-2	4742	4360	4291	20	20	21	15	15	20	21	11	14	-2	13	16	11	103	108	114	94	98	114	94	84	-2	-2	90	103	98	167	169	173	162	159	171	156	149	30	-1	146	161	158
1001001000	-2	6317	4634	1582.508	10.167	2.911	83.833	7.312	149	6.545	4634.385	149	0	0	0	13	13	5604	3856	5170	6065	4681	6317	5005	4720	5617	-2	5280	2984	4945	9	13	8	11	6	14	6	7	11	-2	12	15	10	80	82	97	80	76	99	77	75	82	-2	85	87	86	146	149	160	147	142	163	143	140	147	-1	148	151	152
1001001000	-2	6297	4601.923	1503.372	7.25	1.233	70.25	4.884	133.417	5.88	4897.385	133.417	0	0	0	13	13	5822	5166	6297	4098	5378	5168	3805	4597	4517	-2	5886	4672	4421	8	7	9	6	10	6	8	7	7	-2	6	6	7	75	70	77	67	68	78	71	64	69	-2	62	67	75	138	133	143	132	130	144	134	126	134	-1	124	128	135
1001001000	-2	6586	5372.769	1607.475	8.167	1.143	77.75	4.763	141.583	5.795	5378.308	141.583	0	0	0	13	13	5812	5415	6156	5318	5834	5727	5684	6385	5650	-2	5032	6586	6249	8	8	10	7	11	8	8	8	7	-2	7	8	8	81	76	84	74	75	87	76	73	80	-2	69	78	80	145	143	150	140	137	151	143	135	143	-1	129	141	142
1002002000	-2	7974	5970.231	2580.098	21.364	3.82	126.636	5.415	188.25	8.776	5970.385	188.25	0	0	0	13	13	7484	6236	7041	6993	7234	7234	7974	-1	6621	-2	6538	7215	7046	23	25	26	20	25	20	20	-2	12	-2	18	23	23	128	130	135	123	121	133	130	-2	127	-2	115	124	127	193	189	194	188	185	192	200	164	187	-1	181	196	190
1002002000	-2	8795	6197.692	2767.758	39.455	7.253	138.364	7.45	201	12.55	6197.846	201	0	0	0	13	13	6224	6361	7199	8088	6830	7878	8795	-1	6583	-2	6272	7849	8494	43	41	54	47	33	44	35	-2	26	-2	35	36	40	137	144	147	128	132	137	142	-2	146	-2	123	144	142	208	206	204	202	195	204	210	164	206	-1	192	214	207
1002002000	-2	7982	4753.769	2378.407	23.727	7.136	121.364	7.151	183.083	8.159	5097.615	183.083	0	0	0	13	13	6669	3967	6098	5045	5957	7982	5720	-1	4159	-2	7232	3326	5647	24	34	26	39	14	21	14	-2	21	-2	25	22	21	117	136	129	115	123	121	118	-2	122	-2	109	128	117	185	193	189	190	180	186	183	164	186	-1	170	190	181
2002002000	-2	6122	4500	1953.001	8.364	1.872	75.273	5.495	142.727	5.986	4500.385	142.727	0	0	0	13	13	5014	5460	5590	5033	4842	6122	4816	-2	5304	-2	5667	5042	5614	7	10	7	7	6	10	6	-2	8	-2	10	12	9	68	75	81	73	70	86	68	-2	73	-2	75	81	78	135	144	151	140	136	154	135	-1	142	-1	141	146	146
