1002001000	-2	404	107.333	158.306	97.625	9.499	196.143	7.772	217.75	46.775	13484.333	252.125	0	0	5	9	9	0	223	404	0	0	0	0	341	-2	97	90	84	109	89	94	108	110	-2	190	189	185	202	-2	197	208	202	-2	212	252	242	221	103	217	228	267	-1
1002001000	-2	730	374.667	240.18	111.875	11.516	199	6.969	257	49.78	13410.333	257	0	0	1	9	9	585	427	486	260	563	730	323	0	-2	117	97	93	112	113	110	130	123	-2	199	191	187	200	204	204	208	-2	-2	293	257	243	282	286	277	286	132	-1
1001001000	-2	10168	6420.667	3389.623	110.625	5.337	189.125	2.891	240.75	6.778	11121.333	240.75	0	0	0	9	9	3031	3430	5878	9147	9735	9348	10168	7051	-2	110	100	117	115	117	110	108	108	-2	190	184	189	190	193	193	187	187	-2	242	236	232	248	244	252	240	232	-1
1001001000	-2	10168	6420.667	3389.623	110.625	5.337	189.125	2.891	240.75	6.778	11121.333	240.75	0	0	0	9	9	3031	3430	5878	9147	9735	9348	10168	7051	-2	110	100	117	115	117	110	108	108	-2	190	184	189	190	193	193	187	187	-2	242	236	232	248	244	252	240	232	-1
1002002000	-2	10987	6435.667	4161.711	111.286	5.873	189.714	2.603	213.25	72.832	10594.556	240	0	0	1	9	9	2719	0	6852	10275	10065	7570	9455	10987	-2	114	-2	113	115	119	110	109	99	-2	190	-2	189	189	194	192	189	185	-2	241	21	233	247	245	245	241	233	-1
1002002000	-2	11016	6440.111	4165.605	111.286	5.873	189.714	2.603	213.25	72.832	10594.556	240	0	0	1	9	9	2719	0	6852	10274	10065	7580	9457	11016	-2	114	-2	113	115	119	110	109	99	-2	190	-2	189	189	194	192	189	185	-2	241	21	233	247	245	245	241	233	-1
1004004000	-2	7389	3563	3254.604	111	3.406	186.8	3.429	155.125	104.003	10362.667	236.875	0	0	3	9	9	0	0	6399	7320	0	5040	5921	7389	-2	-2	-2	113	116	-2	106	109	111	-2	-2	-2	186	185	-2	189	192	182	-2	21	21	230	239	21	239	243	227	-1
1004004000	-2	7389	3563	3254.604	111	3.406	186.8	3.429	155.125	104.003	10362.667	236.875	0	0	3	9	9	0	0	6399	7320	0	5040	5921	7389	-2	-2	-2	113	116	-2	106	109	111	-2	-2	-2	186	185	-2	189	192	182	-2	21	21	230	239	21	239	243	227	-1
1002001000	-2	7939	3723.111	2517.311	114.75	4.409	188.714	4.712	223.875	37.277	9200.778	223.875	0	0	1	9	9	0	2186	3574	7939	4555	3898	5062	6296	-2	116	115	114	120	120	105	115	113	-2	-2	190	186	189	194	187	195	180	-2	127	241	230	242	243	237	247	224	-1
1002001000	-2	6654	2537.444	1965.749	114.75	4.409	188.714	4.712	221.625	36.959	9200.778	223.875	0	0	1	9	9	0	2020	2279	6654	3585	1469	2773	4059	-2	116	115	114	120	120	105	115	113	-2	-2	190	186	189	194	187	195	180	-2	127	241	230	242	243	219	247	224	-1
1001001000	-2	7792	3882.556	2112.634	116.875	6.071	190.125	5.061	239.875	8.131	10742.111	239.875	0	0	0	9	9	4583	2601	2128	5808	3400	4682	3951	7792	-2	116	117	114	122	125	105	123	113	-2	193	193	188	191	194	187	196	179	-2	247	246	232	243	243	237	248	223	-1
1006001000	-2	0	-0.222	0.629	74.75	19.753	202.333	6.65	138.625	73.232	5558.222	165.625	0	0	8	9	9	0	0	0	0	0	0	0	0	-2	54	54	80	105	63	84	56	102	-2	-2	-2	193	208	-2	206	-2	-2	-2	63	78	219	237	70	232	76	134	-1
1002001000	-2	382	194.778	152.743	111.25	9.846	202.143	6.664	255	51.076	14271.333	262.875	0	0	2	9	9	359	176	232	239	382	367	0	0	-2	116	97	95	112	114	110	123	123	-2	201	191	196	201	208	206	212	-2	-2	307	259	264	282	286	280	230	132	-1
1001001000	-2	8209	2027.444	2274.692	133.25	6.591	207.625	4.181	285.625	7.809	15116.222	285.625	0	0	0	9	9	1207	2412	1405	1681	657	8209	1543	1135	-2	142	129	125	125	140	134	130	141	-2	208	201	207	207	211	211	214	202	-2	279	276	291	289	286	301	286	277	-1
1001001000	-2	13460	3910.222	3748.866	132.75	6.379	208.625	4.498	274	17.748	14738.889	284.625	0	0	0	9	9	1769	4783	1439	4390	2676	13460	5088	1589	-2	143	129	128	126	139	133	125	139	-2	209	203	211	209	210	213	214	200	-2	279	270	238	283	265	303	286	268	-1
1001001000	-2	13460	3910.222	3748.866	132.75	6.379	208.625	4.498	274	17.748	14738.889	284.625	0	0	0	9	9	1769	4783	1439	4390	2676	13460	5088	1589	-2	143	129	128	126	139	133	125	139	-2	209	203	211	209	210	213	214	200	-2	279	270	238	283	265	303	286	268	-1
1001001000	-2	14885	12050.778	4339.162	126.25	7.412	204.75	4.323	286.375	16.918	13363.778	286.375	0	0	0	9	9	14157	14885	11791	14262	13495	13285	13478	13106	-2	140	120	125	126	135	125	115	124	-2	206	202	202	207	211	208	206	196	-2	290	290	267	288	312	302	287	255	-1
1005005000	-2	11812	4542.556	5213.815	111.5	4.272	187.5	2.179	130.5	109.566	10249	238.375	0	0	4	9	9	0	0	7264	10542	0	11267	11812	0	-2	-2	-2	117	114	-2	109	106	-2	-2	-2	-2	188	188	-2	190	184	-2	-2	21	21	233	247	21	243	237	21	-1
1005005000	-2	11812	4542.556	5213.815	111.5	4.272	187.5	2.179	130.5	109.566	10249	238.375	0	0	4	9	9	0	0	7264	10542	0	11267	11812	0	-2	-2	-2	117	114	-2	109	106	-2	-2	-2	-2	188	188	-2	190	184	-2	-2	21	21	233	247	21	243	237	21	-1
1004004000	-2	11227	4662	4699.056	105.6	10.288	182.8	4.4	151.5	101.252	9858.889	231.875	0	0	3	9	9	0	0	3114	11227	0	8319	10904	8396	-2	-2	-2	116	114	-2	107	104	87	-2	-2	-2	187	185	-2	186	181	175	-2	21	21	229	238	21	236	229	217	-1
1004004000	-2	11230	4662.444	4699.493	105.6	10.288	182.8	4.4	151.5	101.252	9858.889	231.875	0	0	3	9	9	0	0	3115	11230	0	8315	10904	8400	-2	-2	-2	116	114	-2	107	104	87	-2	-2	-2	187	185	-2	186	181	175	-2	21	21	229	238	21	236	229	217	-1
1001001000	-2	11587	6005.222	3794.431	107.125	8.795	184.5	4.416	231.75	6.572	9886.333	231.75	0	0	0	9	9	7769	2390	2042	11587	6378	5223	11278	7382	-2	113	104	115	115	113	104	106	87	-2	188	181	184	185	189	185	189	175	-2	235	230	227	236	235	235	239	217	-1
1001001000	-2	11587	6323.778	3322.685	107.125	8.795	184.5	4.416	231.75	6.572	9886.333	231.75	0	0	0	9	9	8697	3554	3733	11587	6802	5694	9468	7381	-2	113	104	115	115	113	104	106	87	-2	188	181	184	185	189	185	189	175	-2	235	230	227	236	235	235	239	217	-1
1001001000	-2	11472	5733.778	3109.044	106.875	9.212	184.125	4.428	230.875	6.641	9956.556	230.875	0	0	0	9	9	7773	3642	3480	11472	6346	4292	6990	7611	-2	111	109	114	115	116	103	100	87	-2	188	183	184	184	186	184	190	174	-2	236	234	225	233	232	233	238	216	-1
1002002000	-2	10952	4595.667	3738.81	105.571	9.132	183.857	4.673	204.5	69.672	9956.556	230.875	0	0	1	9	9	8677	2522	1793	10952	0	3248	6841	7330	-2	111	109	114	115	-2	103	100	87	-2	188	183	184	184	-2	184	190	174	-2	236	234	225	233	21	233	238	216	-1
1001001000	-2	10535	5452	3259.09	106.125	8.978	185.25	4.294	233.25	6.685	10308.667	233.25	0	0	0	9	9	10535	4691	3206	9817	6076	2895	3930	7920	-2	110	111	114	115	111	103	98	87	-2	188	187	184	184	189	186	189	175	-2	239	240	229	233	237	233	237	218	-1
1001001000	-2	10840	5637.556	3125.45	106.125	8.978	185.25	4.294	233.25	6.685	10308.667	233.25	0	0	0	9	9	9050	6064	3744	10840	6597	3827	3162	7456	-2	110	111	114	115	111	103	98	87	-2	188	187	184	184	189	186	189	175	-2	239	240	229	233	237	233	237	218	-1
1002001000	-2	10236	4899.667	3427.258	109	10.05	190.143	5.488	227.625	45.817	9297	227.625	0	0	1	9	9	8294	3443	4493	10236	5651	3496	0	8486	-2	111	116	118	116	119	104	99	89	-2	191	196	190	190	197	188	-2	179	-2	252	256	240	246	254	239	109	225	-1
1002001000	-2	10455	5307	3564.816	109	10.05	190.143	5.488	227.625	45.817	9297	227.625	0	0	1	9	9	9306	3884	5144	10455	6315	4054	0	8607	-2	111	116	118	116	119	104	99	89	-2	191	196	190	190	197	188	-2	179	-2	252	256	240	246	254	239	109	225	-1
1002001000	-2	11167	6002	3590.764	116.5	6.325	194.429	5.206	243.75	47.636	9970.444	243.75	0	0	1	9	9	0	7116	7686	8155	7477	4432	7987	11167	-2	116	120	124	121	124	107	110	110	-2	-2	200	196	195	198	192	197	183	-2	124	294	260	256	262	253	264	237	-1
1001001000	-2	12143	8062.667	3260.482	121.25	5.673	200	6.892	274.25	15.88	12087.889	274.25	0	0	0	9	9	7573	10002	8806	7926	8373	6870	10873	12143	-2	126	122	126	123	129	112	118	114	-2	200	212	201	202	203	195	201	186	-2	291	301	269	270	277	264	277	245	-1
1001001000	-2	13326	8589.667	3517.447	121.25	5.673	200	6.892	274.25	15.88	12087.889	274.25	0	0	0	9	9	8287	10518	9985	9087	8116	6928	11062	13326	-2	126	122	126	123	129	112	118	114	-2	200	212	201	202	203	195	201	186	-2	291	301	269	270	277	264	277	245	-1
1001001000	-2	11919	7110.333	3348.203	129.375	5.957	213.25	7.98	292.75	8.482	8421.444	292.75	0	0	0	9	9	8565	4476	11919	5775	8505	8191	5992	10572	-2	126	127	122	127	134	134	141	124	-2	210	224	205	212	213	218	224	200	-2	302	302	293	282	289	297	299	278	-1
1001001000	-2	10671	6519.667	2878.885	130.875	7.524	213.875	8.418	298.75	5.19	8369.222	298.75	0	0	0	9	9	8346	5094	10671	5987	7196	7763	4940	8682	-2	124	126	121	134	138	135	144	125	-2	209	223	206	211	213	221	227	201	-2	303	309	300	296	290	297	298	297	-1
1001001000	-2	11682	7894.444	3212.36	128.25	6.418	212	8.016	297.75	5.166	9184.778	297.75	0	0	0	9	9	10173	6876	11682	7192	9956	8915	6706	9552	-2	125	124	118	127	133	135	139	125	-2	204	222	207	209	211	217	225	201	-2	294	304	294	297	290	307	298	298	-1
1001001000	-2	11606	7853.222	3190.542	128.25	6.418	212	8.016	297.75	5.166	9184.778	297.75	0	0	0	9	9	10103	6869	11606	7149	9950	8813	6705	9486	-2	125	124	118	127	133	135	139	125	-2	204	222	207	209	211	217	225	201	-2	294	304	294	297	290	307	298	298	-1
1005001000	-2	0	-0.222	0.629	79.625	18.357	207	6.745	155.75	76.408	7941.667	201.625	0	0	8	9	9	0	0	0	0	0	0	0	0	-2	97	55	84	105	61	93	56	86	-2	202	-2	201	207	-2	218	-2	-2	-2	226	78	225	234	70	242	77	94	-1
1003001000	-2	982	277.889	292.995	121.75	12.039	206.167	5.698	247.75	68.914	12138.556	248.875	0	0	2	9	9	0	165	982	253	371	0	309	423	-2	121	99	109	129	133	121	123	139	-2	-2	196	207	206	213	-2	212	203	-2	135	263	324	289	285	130	293	263	-1
1003001000	-2	1273	340.222	382.713	124.375	10.416	204.667	4.888	239.125	61.845	11933	239.125	0	0	2	9	9	0	83	1273	384	428	0	432	464	-2	124	103	120	129	135	121	123	140	-2	-2	196	206	204	209	-2	211	202	-2	135	254	285	276	278	133	293	259	-1
1003001000	-2	308	131.333	134.301	124.375	10.416	204.667	4.888	222.75	54.712	11933	239.125	0	0	3	9	9	0	69	0	291	266	0	250	308	-2	124	103	120	129	135	121	123	140	-2	-2	196	206	204	209	-2	211	202	-2	135	221	226	276	278	133	254	259	-1
1001001000	-2	14042	9854.222	4122.096	135	6.164	213.625	5.073	289.125	9.36	11457.111	289.125	0	0	0	9	9	11904	11411	6623	12541	10721	8306	13142	14042	-2	145	131	129	134	140	140	125	136	-2	214	213	219	213	211	221	215	203	-2	290	280	292	287	273	304	287	300	-1
1007007000	-2	10984	1832.889	3663.895	111	8	186.5	4.5	75.125	93.748	11018.889	242.25	0	0	6	9	9	0	0	5514	0	0	0	10984	0	-2	-2	-2	119	-2	-2	-2	103	-2	-2	-2	-2	191	-2	-2	-2	182	-2	-2	21	21	238	21	21	21	237	21	-1
1007007000	-2	10984	1832.889	3663.895	111	8	186.5	4.5	75.125	93.748	11018.889	242.25	0	0	6	9	9	0	0	5514	0	0	0	10984	0	-2	-2	-2	119	-2	-2	-2	103	-2	-2	-2	-2	191	-2	-2	-2	182	-2	-2	21	21	238	21	21	21	237	21	-1
1006005000	-2	11391	2635.556	4275.277	98.5	14.841	183.333	3.859	108.125	97.171	8732.556	212	0	0	5	9	9	0	0	2907	0	0	11391	9424	0	-2	-2	-2	117	82	-2	109	86	-2	-2	-2	-2	187	-2	-2	185	178	-2	-2	21	21	230	90	21	235	226	21	-1
1005004000	-2	12449	4402.556	5349.347	98	13.312	183	3.391	134.625	98.693	8732.556	212	0	0	4	9	9	0	12449	4710	0	0	12342	10124	0	-2	-2	96	117	82	-2	109	86	-2	-2	-2	182	187	-2	-2	185	178	-2	-2	21	233	230	90	21	235	226	21	-1
1003001000	-2	13216	5957	4624.763	96.625	10.897	181	5.745	194.5	55.075	6637.889	194.5	0	0	2	9	9	13216	0	7623	0	8364	8971	9894	5547	-2	107	85	116	93	96	105	86	85	-2	188	-2	182	-2	184	184	178	170	-2	234	96	225	104	230	233	225	209	-1
1003001000	-2	13216	5957	4624.763	96.625	10.897	181	5.745	194.5	55.075	6637.889	194.5	0	0	2	9	9	13216	0	7623	0	8364	8971	9894	5547	-2	107	85	116	93	96	105	86	85	-2	188	-2	182	-2	184	184	178	170	-2	234	96	225	104	230	233	225	209	-1
1002001000	-2	10246	5181	3510.074	98.75	9.47	178.429	5.602	207.875	40.409	7639.889	207.875	0	0	1	9	9	10246	4736	5555	0	8751	4111	9183	4049	-2	109	99	115	96	97	102	87	85	-2	187	178	178	-2	184	178	176	168	-2	232	228	221	103	230	224	220	205	-1
1002001000	-2	10246	5181	3510.074	98.75	9.47	178.429	5.602	207.875	40.409	7639.889	207.875	0	0	1	9	9	10246	4736	5555	0	8751	4111	9183	4049	-2	109	99	115	96	97	102	87	85	-2	187	178	178	-2	184	178	176	168	-2	232	228	221	103	230	224	220	205	-1
1002001000	-2	10281	5051.333	3714.626	100.625	9.823	177	5.529	208.375	37.586	7607.667	208.375	0	0	1	9	9	10281	6004	4787	9809	0	1885	8444	4254	-2	109	105	113	110	98	98	86	86	-2	186	178	177	182	-2	172	176	168	-2	233	230	220	229	111	218	218	208	-1
1002001000	-2	10163	5029.667	3696.036	100.625	9.823	177	5.529	208.375	37.586	7607.667	208.375	0	0	1	9	9	10163	6003	4718	9809	0	1883	8435	4258	-2	109	105	113	110	98	98	86	86	-2	186	178	177	182	-2	172	176	168	-2	233	230	220	229	111	218	218	208	-1
1001001000	-2	10465	5802.556	3230.504	101.375	9.899	180	4.583	226.25	7.031	9057.333	226.375	0	0	0	9	9	10465	7282	5047	10208	6781	2082	5793	4567	-2	108	108	115	110	98	98	87	87	-2	185	180	180	183	186	179	176	171	-2	232	233	225	231	234	222	220	213	-1
1001001000	-2	10465	5802.556	3230.504	101.375	9.899	180	4.583	226.25	7.031	9057.333	226.375	0	0	0	9	9	10465	7282	5047	10208	6781	2082	5793	4567	-2	108	108	115	110	98	98	87	87	-2	185	180	180	183	186	179	176	171	-2	232	233	225	231	234	222	220	213	-1
1002001000	-2	10510	5443.333	4063.444	103.125	10.659	183.143	4.734	216.5	41.379	8703.333	218.125	0	0	1	9	9	10510	4162	6550	10456	7105	1063	0	9146	-2	109	110	117	114	98	102	88	87	-2	186	183	186	184	187	184	-2	172	-2	237	241	236	234	237	220	109	218	-1
1003001000	-2	10373	4696.333	3742.095	105.625	10.38	189.5	5.737	215.375	59.588	8150.111	215.375	0	0	2	9	9	10373	5985	6617	9153	0	4039	0	6102	-2	110	115	118	116	100	105	92	89	-2	191	197	190	192	-2	189	-2	178	-2	258	269	247	249	119	244	109	228	-1
1003001000	-2	10373	4696.333	3742.095	105.625	10.38	189.5	5.737	215.375	59.588	8150.111	215.375	0	0	2	9	9	10373	5985	6617	9153	0	4039	0	6102	-2	110	115	118	116	100	105	92	89	-2	191	197	190	192	-2	189	-2	178	-2	258	269	247	249	119	244	109	228	-1
1005001000	-2	9366	3447	3908.461	109.125	9.034	197.5	4.387	193.125	82.323	5759	193.125	0	0	4	9	9	0	9366	7211	7629	0	6819	0	0	-2	111	118	120	117	102	112	94	99	-2	-2	205	196	195	-2	194	-2	-2	-2	125	315	261	257	113	261	106	107	-1
1005001000	-2	10567	3611.222	4151.68	109.125	9.034	197.5	4.387	193.125	82.323	5759	193.125	0	0	4	9	9	0	10567	6901	7213	0	7822	0	0	-2	111	118	120	117	102	112	94	99	-2	-2	205	196	195	-2	194	-2	-2	-2	125	315	261	257	113	261	106	107	-1
1004001000	-2	10260	4676.667	4336.189	108.625	7.745	195	7.616	210.25	75.471	7133.778	210.25	0	0	3	9	9	0	9680	6448	6801	0	10260	0	8903	-2	110	118	115	117	101	108	94	106	-2	-2	209	192	193	-2	195	-2	186	-2	125	315	255	254	114	264	110	245	-1
1004001000	-2	9722	4543.778	4185.052	108.625	7.745	195	7.616	210.25	75.471	7133.778	210.25	0	0	3	9	9	0	9722	6706	6617	0	9575	0	8276	-2	110	118	115	117	101	108	94	106	-2	-2	209	192	193	-2	195	-2	186	-2	125	315	255	254	114	264	110	245	-1
1003001000	-2	12002	6872.778	5033.11	114.125	5.061	199.5	6.994	236.5	69.593	8071.222	236.5	0	0	2	9	9	0	10742	8292	7927	0	11495	12002	11399	-2	111	119	116	122	105	117	111	112	-2	-2	211	197	198	-2	199	204	188	-2	125	310	267	263	114	277	286	250	-1
1002001000	-2	8987	5669.333	3290.738	114.875	5.11	200	6.347	256.5	57.151	9785.778	258.25	0	0	1	9	9	7532	8231	4668	5613	0	8987	7630	8365	-2	110	118	116	121	106	122	113	113	-2	198	210	196	197	-2	202	207	190	-2	277	309	265	252	114	285	298	252	-1
1006001000	-2	0	-0.222	0.629	21.875	5.487	195.333	0.471	212.375	17.895	10503.111	341.75	0	0	8	9	9	0	0	0	0	0	0	0	0	-2	31	22	23	13	29	18	20	19	-2	196	-2	195	-2	-2	195	-2	-2	-2	231	177	231	212	198	228	202	220	-1
1001001000	-2	1468	565.556	508.573	128.125	12.293	204.125	6.274	274.75	14.914	16192.778	274.75	0	0	0	9	9	588	280	1462	202	252	1468	292	548	-2	137	100	122	131	135	137	123	140	-2	201	192	210	205	212	208	207	198	-2	279	254	296	279	285	284	272	249	-1
1002001000	-2	1138	499.778	343.767	129.625	12.257	200.286	4.832	236.875	44.14	11132.333	236.875	0	0	1	9	9	482	0	873	599	433	1138	503	472	-2	140	102	124	132	137	139	123	140	-2	199	-2	206	194	204	205	201	193	-2	257	122	261	248	253	265	252	237	-1
1002001000	-2	818	319.778	241.301	129.375	11.532	196.143	5.111	227.25	39.94	9544.889	227.25	0	0	1	9	9	334	0	377	374	120	818	433	424	-2	141	104	125	130	136	138	122	139	-2	198	-2	205	188	199	196	196	191	-2	245	123	256	236	242	242	242	232	-1
1002001000	-2	844	349.778	256.363	129.375	11.532	196.143	5.111	227.25	39.94	9544.889	227.25	0	0	1	9	9	520	0	391	433	119	844	420	423	-2	141	104	125	130	136	138	122	139	-2	198	-2	205	188	199	196	196	191	-2	245	123	256	236	242	242	242	232	-1
1002002000	-2	6553	1577.111	2124.563	135.857	6.266	206.143	3.603	222.375	78.352	14820.333	273.5	0	0	2	9	9	414	1538	0	783	4015	6553	893	0	-2	145	132	-2	135	140	140	124	135	-2	210	210	-2	205	204	208	207	199	-2	239	256	21	236	263	268	279	217	-1
1002002000	-2	7375	1863.222	2409.921	135.857	6.266	206.143	3.603	222.25	78.299	14820.333	273.5	0	0	2	9	9	437	1556	0	824	4737	7375	1842	0	-2	145	132	-2	135	140	140	124	135	-2	210	210	-2	205	204	208	207	199	-2	239	255	21	236	263	268	279	217	-1
1004004000	-2	15715	7436	6888.397	124.4	7.605	201	3.464	174	118.61	13837.556	269.375	0	0	3	9	9	0	14025	8956	0	13029	15715	15201	0	-2	-2	121	125	-2	134	130	112	-2	-2	-2	200	206	-2	197	204	198	-2	-2	21	266	267	21	256	275	265	21	-1
1001001000	-2	14133	10603	3992.656	125.625	8.873	201.5	5.431	269.375	14.739	13837.556	269.375	0	0	0	9	9	10962	11826	9259	12683	13623	11753	11190	14133	-2	139	121	125	130	134	130	112	114	-2	210	200	206	205	197	204	198	192	-2	299	266	267	280	256	275	265	247	-1
1002001000	-2	11125	7843.333	4257.757	104.75	11.486	187.286	5.338	225.75	39.22	9114.333	225.75	0	0	1	9	9	0	10877	11125	9741	10115	8678	9282	10774	-2	109	100	122	115	100	114	91	87	-2	-2	186	195	188	190	192	181	179	-2	124	241	247	245	242	249	235	223	-1
1002001000	-2	11125	7843.333	4257.757	104.75	11.486	187.286	5.338	225.75	39.22	9114.333	225.75	0	0	1	9	9	0	10877	11125	9741	10115	8678	9282	10774	-2	109	100	122	115	100	114	91	87	-2	-2	186	195	188	190	192	181	179	-2	124	241	247	245	242	249	235	223	-1
1001001000	-2	10402	7923.444	3088.8	86.125	15.839	174	6.782	218.875	8.313	8065.667	218.875	0	0	0	9	9	9515	10402	8288	9574	8747	9737	9427	5623	-2	95	70	115	71	79	105	73	81	-2	181	171	178	178	175	180	170	159	-2	224	219	220	225	220	228	216	199	-1
1002002000	-2	9737	6844.667	3851.02	88.571	15.472	174.714	7.323	194.375	66.081	8065.667	218.875	0	0	1	9	9	9693	0	8660	9710	8747	9737	9427	5630	-2	95	-2	115	72	79	105	73	81	-2	181	-2	178	180	175	180	170	159	-2	224	21	220	227	220	228	216	199	-1
1002001000	-2	9112	6142.667	3555.027	86.5	13.143	170.857	6.01	199.375	41.94	6620.111	199.375	0	0	1	9	9	8802	9033	9112	0	8772	6091	8525	4951	-2	100	71	108	79	79	100	73	82	-2	177	169	177	-2	175	172	167	159	-2	220	217	219	90	220	220	211	198	-1
1002001000	-2	9112	6142.667	3555.027	86.5	13.143	170.857	6.01	199.375	41.94	6620.111	199.375	0	0	1	9	9	8802	9033	9112	0	8772	6091	8525	4951	-2	100	71	108	79	79	100	73	82	-2	177	169	177	-2	175	172	167	159	-2	220	217	219	90	220	220	211	198	-1
1002001000	-2	9585	5925.222	3634.664	87.625	11.521	172.571	7.028	201.875	40.319	6650.222	201.875	0	0	1	9	9	8894	0	9585	9183	9121	4751	7354	4441	-2	102	74	105	86	82	97	73	82	-2	176	-2	177	180	179	171	165	160	-2	220	97	219	224	225	219	210	201	-1
1002001000	-2	9585	5925.222	3634.664	87.625	11.521	172.571	7.028	201.875	40.319	6650.222	201.875	0	0	1	9	9	8894	0	9585	9183	9121	4751	7354	4441	-2	102	74	105	86	82	97	73	82	-2	176	-2	177	180	179	171	165	160	-2	220	97	219	224	225	219	210	201	-1
1003001000	-2	10362	4923.111	4160.781	90.375	11.247	172.5	5.346	186	53.378	5850.444	186	0	0	2	9	9	10362	0	9366	8869	0	3478	8691	3544	-2	101	85	111	91	82	96	73	84	-2	175	-2	177	180	-2	171	167	165	-2	219	97	221	224	91	217	213	206	-1
1003001000	-2	10362	4922.889	4162.096	90.375	11.247	172.5	5.346	186	53.378	5850.444	186	0	0	2	9	9	10362	0	9374	8869	0	3481	8691	3531	-2	101	85	111	91	82	96	73	84	-2	175	-2	177	180	-2	171	167	165	-2	219	97	221	224	91	217	213	206	-1
1003001000	-2	10017	4919.333	4073.811	89.625	11.575	172.667	5.907	187	53.656	5786.222	187	0	0	2	9	9	10017	0	9097	8824	0	2811	8609	4918	-2	97	81	112	92	81	97	73	84	-2	175	-2	178	181	-2	171	166	165	-2	220	97	223	226	92	216	213	209	-1
1003001000	-2	11249	5882.222	4567.249	90.25	11.267	178	4.472	194	57.65	7087.556	194	0	0	2	9	9	11249	0	10814	10661	0	5182	8545	6491	-2	96	83	112	92	81	99	74	85	-2	179	-2	180	183	-2	182	173	171	-2	230	97	230	232	92	231	223	217	-1
1003001000	-2	11249	5882.222	4567.249	90.25	11.267	178	4.472	194	57.65	7087.556	194	0	0	2	9	9	11249	0	10814	10661	0	5182	8545	6491	-2	96	83	112	92	81	99	74	85	-2	179	-2	180	183	-2	182	173	171	-2	230	97	230	232	92	231	223	217	-1
1005001000	-2	11313	3907.444	4599.694	90.25	10.545	178	3.536	164.375	63.894	4838.556	164.375	0	0	4	9	9	11313	0	10246	0	0	7865	0	5745	-2	96	82	110	92	82	99	75	86	-2	179	-2	180	-2	-2	181	-2	172	-2	230	97	230	104	92	232	110	220	-1
1004001000	-2	12082	4746.667	4628.102	93.25	10.86	182	4	186.75	66.071	6520.667	186.75	0	0	3	9	9	12082	7724	10163	0	0	8006	0	4747	-2	94	104	107	92	82	105	75	87	-2	181	183	184	-2	-2	187	-2	175	-2	236	247	237	104	92	243	110	225	-1
1005001000	-2	9973	3400.778	3946.011	92.5	11.747	185	4.95	172	73.051	5151.556	172	0	0	4	9	9	0	7161	9973	0	0	7899	0	5576	-2	83	106	107	91	84	107	75	87	-2	-2	188	185	-2	-2	190	-2	177	-2	91	256	241	104	93	251	110	230	-1
1005001000	-2	9973	3400.778	3946.011	92.5	11.747	185	4.95	172	73.051	5151.556	172	0	0	4	9	9	0	7161	9973	0	0	7899	0	5576	-2	83	106	107	91	84	107	75	87	-2	-2	188	185	-2	-2	190	-2	177	-2	91	256	241	104	93	251	110	230	-1
1005001000	-2	9648	3676.889	4195.648	90.125	10.856	184	4.637	170.5	69.895	4928.556	170.5	0	0	4	9	9	9370	0	9648	0	0	7320	0	6756	-2	83	84	107	92	84	108	76	87	-2	183	-2	184	-2	-2	191	-2	178	-2	241	97	238	104	93	252	110	229	-1
1005001000	-2	9648	3676.889	4195.648	90.125	10.856	184	4.637	170.5	69.895	4928.556	170.5	0	0	4	9	9	9370	0	9648	0	0	7320	0	6756	-2	83	84	107	92	84	108	76	87	-2	183	-2	184	-2	-2	191	-2	178	-2	241	97	238	104	93	252	110	229	-1
1006001000	-2	6340	1880.222	2718.304	90.25	10.825	184.333	5.735	151.75	68.086	3792.889	151.75	0	0	5	9	9	0	0	6340	0	0	4264	0	6320	-2	83	83	106	91	85	109	76	89	-2	-2	-2	185	-2	-2	191	-2	177	-2	92	98	238	104	93	252	110	227	-1
1001001000	-2	81	8.778	25.542	19.25	4.684	171.5	8.337	200.25	7.742	19034	260.125	0	0	7	9	9	0	0	81	0	0	0	0	0	-2	27	20	20	12	25	15	19	16	-2	163	157	171	181	178	170	169	183	-2	192	185	202	209	205	200	200	209	-1
1001001000	-2	713	257.444	253.392	123.125	12.374	187.75	5.868	219.375	14.378	8993.556	228.875	0	0	3	9	9	372	0	463	0	0	475	713	296	-2	137	100	121	125	133	137	109	123	-2	191	180	199	184	190	191	181	186	-2	234	197	235	202	207	234	223	223	-1
1001001000	-2	4583	1435.556	1347.703	132	5	196.5	4.899	239.5	13.892	10548.444	244.625	0	0	0	9	9	127	1512	2538	303	4583	1045	1448	1366	-2	140	129	132	133	137	132	122	131	-2	195	194	208	197	196	194	198	190	-2	214	240	263	229	249	243	247	231	-1
1001001000	-2	15008	11415.111	4402.316	130.25	6.476	204.25	5.19	275.375	13.247	15166.222	275.375	0	0	0	9	9	14232	12931	9436	10551	13745	12230	14605	15008	-2	138	128	131	133	137	132	116	127	-2	207	206	215	203	200	204	203	196	-2	291	273	297	265	264	277	281	255	-1
1001001000	-2	15008	11415.111	4402.316	130.25	6.476	204.25	5.19	275.375	13.247	15166.222	275.375	0	0	0	9	9	14232	12931	9436	10551	13745	12230	14605	15008	-2	138	128	131	133	137	132	116	127	-2	207	206	215	203	200	204	203	196	-2	291	273	297	265	264	277	281	255	-1
1007007000	-2	12416	2658	4977.8	116	9	194.5	1.5	79.875	101.99	10445.111	236.625	0	0	6	9	9	0	12416	0	0	0	11508	0	0	-2	-2	107	-2	-2	-2	125	-2	-2	-2	-2	193	-2	-2	-2	196	-2	-2	-2	21	253	21	21	21	260	21	21	-1
1007007000	-2	12416	2658	4977.8	116	9	194.5	1.5	79.875	101.99	10445.111	236.625	0	0	6	9	9	0	12416	0	0	0	11508	0	0	-2	-2	107	-2	-2	-2	125	-2	-2	-2	-2	193	-2	-2	-2	196	-2	-2	-2	21	253	21	21	21	260	21	21	-1
1005004000	-2	8848	3702.111	4156.36	82	19.339	169.75	8.871	123.875	90.644	5475	176	0	0	4	9	9	8848	0	8585	0	0	7385	0	8503	-2	74	-2	108	-2	65	102	-2	61	-2	171	-2	178	-2	-2	175	-2	155	-2	213	21	219	21	78	223	21	195	-1
1005004000	-2	8848	3702.111	4156.36	82	19.339	169.75	8.871	123.875	90.644	5475	176	0	0	4	9	9	8848	0	8585	0	0	7385	0	8503	-2	74	-2	108	-2	65	102	-2	61	-2	171	-2	178	-2	-2	175	-2	155	-2	213	21	219	21	78	223	21	195	-1
1003001000	-2	8140	4658.556	3390.134	75.125	16.027	162	7.528	174.75	53.164	4786.111	174.75	0	0	2	9	9	0	8033	8140	7216	0	6438	6832	5270	-2	80	62	103	54	65	97	69	71	-2	-2	157	174	161	-2	170	157	153	-2	89	204	216	204	78	213	201	193	-1
1003001000	-2	8140	4658.556	3390.134	75.125	16.027	162	7.528	174.75	53.164	4786.111	174.75	0	0	2	9	9	0	8033	8140	7216	0	6438	6832	5270	-2	80	62	103	54	65	97	69	71	-2	-2	157	174	161	-2	170	157	153	-2	89	204	216	204	78	213	201	193	-1
1003001000	-2	9049	4729.333	3592.849	77.625	14.309	162.5	7.182	175.125	53.349	5092.556	175.125	0	0	2	9	9	0	8869	9049	6905	0	5727	7468	4548	-2	81	66	104	63	66	97	70	74	-2	-2	161	174	162	-2	169	153	156	-2	89	208	216	205	78	212	197	196	-1
1003001000	-2	9049	4729.333	3592.849	77.625	14.309	162.5	7.182	175.125	53.349	5092.556	175.125	0	0	2	9	9	0	8869	9049	6905	0	5727	7468	4548	-2	81	66	104	63	66	97	70	74	-2	-2	161	174	162	-2	169	153	156	-2	89	208	216	205	78	212	197	196	-1
1002001000	-2	9491	5623.111	3489.085	78.125	12.201	161.143	6.334	190.875	38.647	6401.111	190.75	0	0	1	9	9	0	9423	9491	6155	7702	6528	8051	3260	-2	81	70	103	70	66	92	70	73	-2	-2	164	173	162	160	162	151	156	-2	90	212	216	204	205	207	196	197	-1
1002001000	-2	9491	5623.111	3489.085	78.125	12.201	161.143	6.334	190.875	38.647	6401.111	190.75	0	0	1	9	9	0	9423	9491	6155	7702	6528	8051	3260	-2	81	70	103	70	66	92	70	73	-2	-2	164	173	162	160	162	151	156	-2	90	212	216	204	205	207	196	197	-1
1002001000	-2	9451	5910	3444.703	78.125	11.174	162.571	6.366	191.25	42.816	6629.111	191.25	0	0	1	9	9	7201	9149	9451	6717	0	8363	7803	4508	-2	81	72	100	70	67	92	70	73	-2	170	164	171	162	-2	163	152	156	-2	212	213	215	204	79	209	199	199	-1
1002001000	-2	9451	5897	3437.26	78.125	11.174	162.571	6.366	191.25	42.816	6629.111	191.25	0	0	1	9	9	7200	9090	9451	6703	0	8340	7803	4488	-2	81	72	100	70	67	92	70	73	-2	170	164	171	162	-2	163	152	156	-2	212	213	215	204	79	209	199	199	-1
1002001000	-2	10469	6666	3948.625	79	11.705	165.857	6.379	197.625	38.461	7358.333	197.625	0	0	1	9	9	10469	0	9398	9894	9734	7669	8482	4350	-2	81	74	103	70	67	92	70	75	-2	172	-2	172	170	166	168	154	159	-2	216	97	218	214	215	216	203	202	-1
1002001000	-2	10469	6666	3948.625	79	11.705	165.857	6.379	197.625	38.461	7358.333	197.625	0	0	1	9	9	10469	0	9398	9894	9734	7669	8482	4350	-2	81	74	103	70	67	92	70	75	-2	172	-2	172	170	166	168	154	159	-2	216	97	218	214	215	216	203	202	-1
1002001000	-2	10102	6712.889	3886.217	80.5	12.339	169.571	7.346	202.75	40.146	7379.778	202.75	0	0	1	9	9	10102	0	9637	10024	7402	9304	8904	5045	-2	81	74	104	72	67	97	71	78	-2	173	-2	178	172	174	173	156	161	-2	219	98	225	219	224	223	207	207	-1
1002001000	-2	10102	6719.444	3887.155	80.5	12.339	169.571	7.346	202.75	40.146	7379.778	202.75	0	0	1	9	9	10102	0	9637	10029	7409	9325	8904	5071	-2	81	74	104	72	67	97	71	78	-2	173	-2	178	172	174	173	156	161	-2	219	98	225	219	224	223	207	207	-1
1005001000	-2	11498	4314.333	4973.782	83.625	11.989	176.5	6.801	162.625	65.378	4535.222	162.625	0	0	4	9	9	0	0	10122	10529	0	11498	0	6682	-2	81	81	105	76	71	101	71	83	-2	-2	-2	182	175	-2	183	-2	166	-2	91	97	233	226	93	237	110	214	-1
1005001000	-2	11498	4314.333	4973.782	83.625	11.989	176.5	6.801	162.625	65.378	4535.222	162.625	0	0	4	9	9	0	0	10122	10529	0	11498	0	6682	-2	81	81	105	76	71	101	71	83	-2	-2	-2	182	175	-2	183	-2	166	-2	91	97	233	226	93	237	110	214	-1
1004001000	-2	12096	5259.556	4834.402	84.625	11.51	179.2	5.636	183.125	64.557	6010.111	183.125	0	0	3	9	9	12096	0	9785	7889	0	9374	0	8194	-2	81	80	104	84	72	102	71	83	-2	181	-2	183	176	-2	186	-2	170	-2	236	98	236	228	93	243	110	221	-1
1004001000	-2	12096	5259.556	4834.402	84.625	11.51	179.2	5.636	183.125	64.557	6010.111	183.125	0	0	3	9	9	12096	0	9785	7889	0	9374	0	8194	-2	81	80	104	84	72	102	71	83	-2	181	-2	183	176	-2	186	-2	170	-2	236	98	236	228	93	243	110	221	-1
1004001000	-2	10522	4469.889	4205.243	81.375	11.757	176.2	6.431	183.375	62.444	5946.556	183.375	0	0	3	9	9	10522	6403	8677	0	0	5738	0	8891	-2	80	75	101	72	73	101	70	79	-2	178	177	176	-2	-2	185	-2	165	-2	232	238	228	80	124	241	110	214	-1
1004001000	-2	10522	4469.889	4205.243	81.375	11.757	176.2	6.431	183.375	62.444	5946.556	183.375	0	0	3	9	9	10522	6403	8677	0	0	5738	0	8891	-2	80	75	101	72	73	101	70	79	-2	178	177	176	-2	-2	185	-2	165	-2	232	238	228	80	124	241	110	214	-1
1002001000	-2	436	101.222	174.695	33.25	9.107	161.714	7.722	171.25	48.828	7924.333	185.875	0	0	5	9	9	0	61	0	416	0	436	0	0	-2	39	32	53	27	36	32	24	23	-2	166	146	172	163	158	167	160	-2	-2	184	170	190	205	180	214	180	47	-1
1002002000	-2	2061	679.667	613.756	123.571	6.068	189	3.381	201.375	68.631	9776.778	236.5	0	0	1	9	9	842	1015	0	73	883	602	643	2061	-2	125	116	-2	129	132	126	114	123	-2	194	185	-2	192	190	191	186	185	-2	215	228	21	215	238	236	229	229	-1
1005005000	-2	12958	5434.111	6104.531	121.5	7.089	194.25	2.487	138.375	117.422	13611.333	261.875	0	0	4	9	9	0	0	0	0	12958	12800	10733	12418	-2	-2	-2	-2	-2	130	127	115	114	-2	-2	-2	-2	-2	196	195	196	190	-2	21	21	21	21	260	256	259	248	-1
1005005000	-2	13230	5465.556	6143.76	121.5	7.089	194.25	2.487	138.375	117.422	13611.333	261.875	0	0	4	9	9	0	0	0	0	13230	12812	10732	12418	-2	-2	-2	-2	-2	130	127	115	114	-2	-2	-2	-2	-2	196	195	196	190	-2	21	21	21	21	260	256	259	248	-1
1007007000	-2	12925	2736.222	5127.634	105	8	185.5	2.5	76	95.284	10462.333	224.875	0	0	6	9	9	0	0	0	0	11703	12925	0	0	-2	-2	-2	-2	-2	97	113	-2	-2	-2	-2	-2	-2	-2	183	188	-2	-2	-2	21	21	21	21	237	245	21	21	-1
1007007000	-2	12925	2736.222	5127.634	105	8	185.5	2.5	76	95.284	10462.333	224.875	0	0	6	9	9	0	0	0	0	11703	12925	0	0	-2	-2	-2	-2	-2	97	113	-2	-2	-2	-2	-2	-2	-2	183	188	-2	-2	-2	21	21	21	21	237	245	21	21	-1
1003002000	-2	9745	5434.556	3990.151	60.429	25.839	159.667	8.863	161.375	72.526	4424.222	149.125	0	0	2	9	9	5634	9745	8652	8109	9133	7640	0	0	-2	51	52	102	38	55	96	-2	29	-2	160	150	175	153	153	167	-2	-2	-2	199	199	216	199	195	209	21	53	-1
1004003000	-2	9133	4325.667	3969.111	61.833	27.661	161.6	8.476	139.125	83.971	4424.222	149.125	0	0	3	9	9	5634	0	8497	8029	9133	7640	0	0	-2	51	-2	102	38	55	96	-2	29	-2	160	-2	175	153	153	167	-2	-2	-2	199	21	216	199	195	209	21	53	-1
1003001000	-2	8866	5113.556	3766.557	60.5	21.714	154.667	10.011	162.375	62.4	5261.667	162.375	0	0	2	9	9	5098	8776	7289	7576	0	8419	8866	0	-2	57	53	99	38	47	95	49	46	-2	159	149	172	148	-2	159	141	-2	-2	199	197	213	193	55	201	186	55	-1
1003001000	-2	8866	5113.556	3766.557	60.5	21.714	154.667	10.011	162.375	62.4	5261.667	162.375	0	0	2	9	9	5098	8776	7289	7576	0	8419	8866	0	-2	57	53	99	38	47	95	49	46	-2	159	149	172	148	-2	159	141	-2	-2	199	197	213	193	55	201	186	55	-1
1002001000	-2	8985	5575.667	3265.874	65.5	17.755	153	8.701	180.125	43.383	5835.222	180.125	0	0	1	9	9	0	8985	8100	6247	6509	8868	7076	4398	-2	57	55	97	39	62	90	64	60	-2	-2	151	171	151	155	156	142	145	-2	67	197	212	195	197	199	186	188	-1
1002001000	-2	8985	5575.667	3265.874	65.5	17.755	153	8.701	180.125	43.383	5835.222	180.125	0	0	1	9	9	0	8985	8100	6247	6509	8868	7076	4398	-2	57	55	97	39	62	90	64	60	-2	-2	151	171	151	155	156	142	145	-2	67	197	212	195	197	199	186	188	-1
1002002000	-2	9969	5356.889	3568.158	68.571	13.595	153.429	7.798	174.625	58.47	5996.889	180.25	0	0	1	9	9	3219	8714	8346	0	7215	9969	7334	3417	-2	57	60	93	-2	63	86	64	57	-2	157	150	167	-2	157	156	144	143	-2	197	198	209	21	200	199	187	186	-1
1002002000	-2	9969	5356.889	3568.158	68.571	13.595	153.429	7.798	174.625	58.47	5996.889	180.25	0	0	1	9	9	3219	8714	8346	0	7215	9969	7334	3417	-2	57	60	93	-2	63	86	64	57	-2	157	150	167	-2	157	156	144	143	-2	197	198	209	21	200	199	187	186	-1
1002001000	-2	10120	6090.222	3605.377	66.75	15.498	156.714	6.649	182.5	48.564	6347.556	182.625	0	0	1	9	9	5238	10120	9421	5580	7542	9217	7696	0	-2	58	62	97	59	63	87	61	47	-2	157	154	170	154	158	158	146	-2	-2	199	201	213	197	203	202	190	55	-1
1002001000	-2	10120	6090.222	3605.377	66.75	15.498	156.714	6.649	182.5	48.564	6347.556	182.625	0	0	1	9	9	5238	10120	9421	5580	7542	9217	7696	0	-2	58	62	97	59	63	87	61	47	-2	157	154	170	154	158	158	146	-2	-2	199	201	213	197	203	202	190	55	-1
1002001000	-2	9555	5969.222	3317.446	68.25	15.106	156.857	8.167	190.25	35.545	6600.889	190.25	0	0	1	9	9	7098	0	9555	6266	8111	6868	8455	7372	-2	59	67	98	51	64	87	65	55	-2	161	-2	171	154	159	160	149	144	-2	205	98	217	200	207	206	196	193	-1
1002001000	-2	9555	5969.222	3317.446	68.25	15.106	156.857	8.167	190.25	35.545	6600.889	190.25	0	0	1	9	9	7098	0	9555	6266	8111	6868	8455	7372	-2	59	67	98	51	64	87	65	55	-2	161	-2	171	154	159	160	149	144	-2	205	98	217	200	207	206	196	193	-1
1001001000	-2	10289	7320.667	2786.454	70.5	15.851	159.875	7.557	208.5	7.053	8004.444	208.5	0	0	0	9	9	8440	10289	8979	7029	9089	6971	7482	7609	-2	60	70	98	51	64	95	65	61	-2	162	163	172	155	161	167	151	148	-2	208	215	219	202	211	214	201	198	-1
1001001000	-2	10289	7320.667	2786.454	70.5	15.851	159.875	7.557	208.5	7.053	8004.444	208.5	0	0	0	9	9	8440	10289	8979	7029	9089	6971	7482	7609	-2	60	70	98	51	64	95	65	61	-2	162	163	172	155	161	167	151	148	-2	208	215	219	202	211	214	201	198	-1
1001001000	-2	9762	6842.778	3708.624	72.5	14.56	164.5	7.365	212.5	14.116	7250.111	212.5	0	0	1	9	9	9762	7452	9028	0	8910	8356	9377	8702	-2	62	71	95	60	65	99	61	67	-2	164	171	174	160	163	174	157	153	-2	214	226	222	181	217	227	210	203	-1
1002001000	-2	9864	5521.556	4003.96	66.625	14.142	162.429	6.905	195.125	45.118	6440	195.125	0	0	2	9	9	9285	7831	0	0	6968	8676	9864	7072	-2	60	68	74	51	66	99	53	62	-2	165	168	-2	156	164	174	157	153	-2	216	223	82	178	219	228	211	204	-1
1002001000	-2	9864	5521.556	4003.96	66.625	14.142	162.429	6.905	195.125	45.118	6440	195.125	0	0	2	9	9	9285	7831	0	0	6968	8676	9864	7072	-2	60	68	74	51	66	99	53	62	-2	165	168	-2	156	164	174	157	153	-2	216	223	82	178	219	228	211	204	-1
1003001000	-2	9147	5007.667	3686.651	59.875	16.937	160.333	5.991	173.875	66.307	6490.778	173.875	0	0	2	9	9	8553	9147	0	5637	6776	6576	0	8382	-2	59	64	71	48	66	92	32	47	-2	163	165	-2	154	161	168	-2	151	-2	212	218	82	204	215	220	40	200	-1
1001001000	-2	573	136.222	204.352	17.375	5.765	133.125	11.602	167.625	14.654	11867.222	187.5	0	0	5	9	9	0	573	0	327	328	0	0	0	-2	15	13	17	30	22	10	17	15	-2	138	107	140	147	132	142	126	133	-2	159	171	162	194	188	162	152	153	-1
1001001000	-2	98	21.556	40.866	17.375	5.765	133.125	11.602	155.75	8.8	11867.222	187.5	0	0	6	9	9	0	98	0	98	0	0	0	0	-2	15	13	17	30	22	10	17	15	-2	138	107	140	147	132	142	126	133	-2	159	137	162	168	153	162	152	153	-1
1002002000	-2	1129	445.222	394.763	118.429	8.069	183	3.625	198.875	67.408	7866.778	226.5	0	0	1	9	9	548	288	0	52	1129	472	488	1032	-2	118	105	-2	124	128	128	114	112	-2	186	180	-2	184	183	189	182	177	-2	225	219	21	222	231	232	224	217	-1
1003003000	-2	2146	784.222	749.396	116.5	7.274	183.5	4.349	175.375	89.257	8388.667	229.25	0	0	2	9	9	1407	545	0	0	1706	692	564	2146	-2	116	114	-2	-2	127	124	113	105	-2	190	181	-2	-2	183	188	182	177	-2	234	220	21	21	231	231	225	220	-1
1003003000	-2	15137	8607.778	6317.812	117.833	7.312	195.667	6.549	200	103.746	13404.889	257.625	0	0	2	9	9	14646	0	15137	0	11804	14053	12827	9005	-2	112	-2	126	-2	125	124	112	108	-2	199	-2	208	-2	190	195	194	188	-2	262	21	280	21	255	259	257	245	-1
1005004000	-2	12903	5135.222	5803.688	90.4	12.611	178	4.848	132.875	97.264	9626.667	213.5	0	0	4	9	9	11938	0	0	0	11907	12903	0	9471	-2	94	73	-2	-2	91	111	-2	83	-2	180	-2	-2	-2	174	185	-2	173	-2	229	89	21	21	226	238	21	218	-1
1002001000	-2	12928	9023.111	4933.152	93	13.82	180.714	7.225	213.5	47.799	9626.667	213.5	0	0	1	9	9	11876	0	12928	11506	11888	10910	12869	9233	-2	94	73	118	86	91	111	88	83	-2	180	-2	195	183	174	185	175	173	-2	229	89	247	236	226	238	225	218	-1
1004002000	-2	9967	4008.889	3878.229	49	22.709	140.6	8.452	136.875	66.602	4557.667	139	0	0	3	9	9	4495	8052	0	9967	5446	8122	0	0	-2	47	42	71	27	41	92	-2	23	-2	136	133	-2	138	139	157	-2	-2	-2	182	184	85	187	182	199	21	55	-1
1004002000	-2	9967	4008.889	3878.229	49	22.709	140.6	8.452	136.875	66.602	4557.667	139	0	0	3	9	9	4495	8052	0	9967	5446	8122	0	0	-2	47	42	71	27	41	92	-2	23	-2	136	133	-2	138	139	157	-2	-2	-2	182	184	85	187	182	199	21	55	-1
1005002000	-2	9957	3565.333	4149.443	51.429	19.949	142.5	6.837	121.25	68.931	3578.444	123.375	0	0	4	9	9	5234	8592	0	9957	0	8307	0	0	-2	50	49	71	33	43	88	-2	26	-2	140	136	-2	140	-2	154	-2	-2	-2	185	186	79	187	60	196	21	56	-1
1005002000	-2	9957	3565	4149.309	51.429	19.949	142.5	6.837	121.25	68.931	3578.444	123.375	0	0	4	9	9	5231	8592	0	9957	0	8307	0	0	-2	50	49	71	33	43	88	-2	26	-2	140	136	-2	140	-2	154	-2	-2	-2	185	186	79	187	60	196	21	56	-1
1003001000	-2	8964	4564.889	3444.277	55.5	19.551	147.167	8.493	158.375	59.774	4110	140.125	0	0	2	9	9	5582	8964	4958	6118	0	8513	6951	0	-2	51	51	88	38	45	89	40	42	-2	141	143	161	140	-2	157	141	-2	-2	185	192	205	188	55	201	185	56	-1
1003001000	-2	8964	4564.889	3444.277	55.5	19.551	147.167	8.493	158.375	59.774	4110	140.125	0	0	2	9	9	5582	8964	4958	6118	0	8513	6951	0	-2	51	51	88	38	45	89	40	42	-2	141	143	161	140	-2	157	141	-2	-2	185	192	205	188	55	201	185	56	-1
1005002000	-2	9266	3420.556	3945.297	52.143	17.956	141.5	8.078	118.625	70.557	5072.889	137.75	0	0	4	9	9	5535	8741	0	0	0	9266	0	7245	-2	51	49	71	-2	42	85	31	36	-2	143	136	-2	-2	-2	154	-2	133	-2	187	185	80	21	60	198	39	179	-1
1005002000	-2	9266	3431.667	3956.571	52.143	17.956	141.5	8.078	118.625	70.557	5072.889	137.75	0	0	4	9	9	5553	8773	0	0	0	9266	0	7295	-2	51	49	71	-2	42	85	31	36	-2	143	136	-2	-2	-2	154	-2	133	-2	187	185	80	21	60	198	39	179	-1
1004001000	-2	9177	4130	3863.322	48.5	21.708	142.2	7.222	138.75	66.929	5061.889	138.75	0	0	3	9	9	6389	8736	0	5081	0	9177	0	7789	-2	52	52	73	39	38	86	11	37	-2	145	137	-2	139	-2	155	-2	135	-2	189	187	81	188	60	200	23	182	-1
1004001000	-2	9177	4130	3863.322	48.5	21.708	142.2	7.222	138.75	66.929	5061.889	138.75	0	0	3	9	9	6389	8736	0	5081	0	9177	0	7789	-2	52	52	73	39	38	86	11	37	-2	145	137	-2	139	-2	155	-2	135	-2	189	187	81	188	60	200	23	182	-1
1005001000	-2	10602	3692	4262.171	50.5	21.325	151	4.743	126.375	73.571	4137.333	126.375	0	0	4	9	9	7317	10602	0	6427	0	8884	0	0	-2	57	54	73	44	39	85	10	42	-2	149	145	-2	152	-2	158	-2	-2	-2	196	195	81	199	56	204	24	56	-1
1005001000	-2	10602	3697	4267.012	50.5	21.325	151	4.743	126.375	73.571	4137.333	126.375	0	0	4	9	9	7277	10602	0	6473	0	8923	0	0	-2	57	54	73	44	39	85	10	42	-2	149	145	-2	152	-2	158	-2	-2	-2	196	195	81	199	56	204	24	56	-1
1005001000	-2	8953	3492.556	3960.929	52.25	21.111	156	4.183	130.25	76.684	3733.889	130.25	0	0	4	9	9	6952	8953	0	6789	0	8741	0	0	-2	58	56	73	46	46	86	10	43	-2	152	154	-2	155	-2	163	-2	-2	-2	203	205	82	203	56	211	24	58	-1
1005001000	-2	8953	3492.556	3960.929	52.25	21.111	156	4.183	130.25	76.684	3733.889	130.25	0	0	4	9	9	6952	8953	0	6789	0	8741	0	0	-2	58	56	73	46	46	86	10	43	-2	152	154	-2	155	-2	163	-2	-2	-2	203	205	82	203	56	211	24	58	-1
1004001000	-2	8538	3900.111	3562.117	49.875	21.098	152.8	6.431	148.375	74.096	4738.889	148.375	0	0	3	9	9	6728	7487	0	5620	0	8538	0	6730	-2	54	53	71	40	45	85	9	42	-2	151	152	-2	153	-2	164	-2	144	-2	203	207	82	203	57	213	25	197	-1
1004001000	-2	8538	3900.111	3562.117	49.875	21.098	152.8	6.431	148.375	74.096	4738.889	148.375	0	0	3	9	9	6728	7487	0	5620	0	8538	0	6730	-2	54	53	71	40	45	85	9	42	-2	151	152	-2	153	-2	164	-2	144	-2	203	207	82	203	57	213	25	197	-1
1004001000	-2	7585	3739.667	3420.387	51	21.296	154.4	6.771	149.75	74.861	4888.333	149.75	0	0	3	9	9	6975	7585	0	6572	0	7552	0	4975	-2	53	51	72	45	47	88	10	42	-2	152	154	-2	155	-2	166	-2	145	-2	205	208	82	206	57	216	26	198	-1
1004001000	-2	7585	3739.667	3420.387	51	21.296	154.4	6.771	149.75	74.861	4888.333	149.75	0	0	3	9	9	6975	7585	0	6572	0	7552	0	4975	-2	53	51	72	45	47	88	10	42	-2	152	154	-2	155	-2	166	-2	145	-2	205	208	82	206	57	216	26	198	-1
1001001000	-2	338	37.333	106.304	15.625	5.872	131	8.789	162.125	11.062	17149	213.125	0	0	7	9	9	0	0	0	0	338	0	0	0	-2	12	11	20	28	19	9	13	13	-2	135	116	139	145	129	135	122	127	-2	162	144	167	172	182	162	153	155	-1
1001001000	-2	298	55.222	106.335	22.375	5.589	126.75	12.132	154.5	7.73	9885.444	173.25	0	0	6	9	9	0	201	0	0	0	0	298	0	-2	23	20	28	32	25	13	18	20	-2	134	105	141	137	123	138	113	123	-2	154	161	161	156	142	157	163	142	-1
1001001000	-2	13115	9448	3887.328	108.25	8.729	185.5	5.809	239.375	6.927	11486.444	239.375	0	0	0	9	9	11133	12461	13115	9734	6677	10304	12945	8665	-2	105	105	124	103	115	114	107	93	-2	183	186	200	185	181	186	181	182	-2	237	238	255	234	238	243	240	230	-1
1001001000	-2	13115	9448	3887.328	108.25	8.729	185.5	5.809	239.375	6.927	11486.444	239.375	0	0	0	9	9	11133	12461	13115	9734	6677	10304	12945	8665	-2	105	105	124	103	115	114	107	93	-2	183	186	200	185	181	186	181	182	-2	237	238	255	234	238	243	240	230	-1
1003001000	-2	10244	6153.889	4410.004	82.875	16.534	172.167	7.733	184.375	60.116	6698.778	184.375	0	0	2	9	9	8632	0	10186	7838	8830	10244	9657	0	-2	79	69	114	70	81	107	72	71	-2	166	-2	186	171	169	178	163	-2	-2	210	84	232	223	214	224	210	78	-1
1003001000	-2	10244	6153.889	4410.004	82.875	16.534	172.167	7.733	184.375	60.116	6698.778	184.375	0	0	2	9	9	8632	0	10186	7838	8830	10244	9657	0	-2	79	69	114	70	81	107	72	71	-2	166	-2	186	171	169	178	163	-2	-2	210	84	232	223	214	224	210	78	-1
1004002000	-2	10882	4226.111	4064.074	40.571	15.674	130	4.05	133.75	60.116	6373.889	152.25	0	0	3	9	9	4900	8532	0	10882	6802	0	0	6921	-2	45	39	59	19	38	63	-2	21	-2	133	132	-2	131	132	-2	-2	122	-2	180	181	85	181	176	72	21	174	-1
1004002000	-2	10609	3989.889	3900.319	40.571	15.674	130	4.05	133.75	60.116	6373.889	152.25	0	0	3	9	9	4273	8109	0	10609	6180	0	0	6740	-2	45	39	59	19	38	63	-2	21	-2	133	132	-2	131	132	-2	-2	122	-2	180	181	85	181	176	72	21	174	-1
1002001000	-2	9942	6032.889	3555.915	40.125	19.675	130.714	7.535	165.875	32.96	7012.889	165.875	0	0	1	9	9	6857	9104	0	9942	7150	9402	4703	7140	-2	46	41	59	21	38	78	17	21	-2	133	129	-2	129	131	147	124	122	-2	180	178	80	179	176	191	171	172	-1
1002001000	-2	9942	6032.889	3555.915	40.125	19.675	130.714	7.535	165.875	32.96	7012.889	165.875	0	0	1	9	9	6857	9104	0	9942	7150	9402	4703	7140	-2	46	41	59	21	38	78	17	21	-2	133	129	-2	129	131	147	124	122	-2	180	178	80	179	176	191	171	172	-1
1003001000	-2	8624	4737.111	3601.258	40.375	19.78	131	8.775	147.75	56.211	5589.778	147.75	0	0	2	9	9	5427	8202	0	4365	7660	8358	0	8624	-2	46	43	55	27	35	81	15	21	-2	133	128	-2	128	127	149	-2	121	-2	179	178	82	178	174	193	26	172	-1
1004001000	-2	9309	4260.111	3975.344	37.875	20.883	131.2	9.516	130.125	64.491	4983.667	130.125	0	0	3	9	9	5145	8803	0	0	6784	8302	0	9309	-2	45	43	55	19	25	80	14	22	-2	134	128	-2	-2	126	148	-2	120	-2	179	178	82	27	173	192	39	171	-1
1004001000	-2	9309	4260.111	3975.344	37.875	20.883	131.2	9.516	130.125	64.491	4983.667	130.125	0	0	3	9	9	5145	8803	0	0	6784	8302	0	9309	-2	45	43	55	19	25	80	14	22	-2	134	128	-2	-2	126	148	-2	120	-2	179	178	82	27	173	192	39	171	-1
1003001000	-2	9626	5058	3963.764	37.375	24.062	133.333	8.957	149	59.359	6398.222	149	0	0	2	9	9	4423	8658	0	4918	0	8731	9626	9168	-2	46	44	63	27	8	80	8	23	-2	135	131	-2	134	-2	151	126	123	-2	182	181	82	184	19	196	175	173	-1
1003001000	-2	9626	5058	3963.764	37.375	24.062	133.333	8.957	149	59.359	6398.222	149	0	0	2	9	9	4423	8658	0	4918	0	8731	9626	9168	-2	46	44	63	27	8	80	8	23	-2	135	131	-2	134	-2	151	126	123	-2	182	181	82	184	19	196	175	173	-1
1005001000	-2	9681	3025.333	3788.618	37.375	22.045	140	6.364	117.375	74.418	4568.778	117.375	0	0	4	9	9	3860	8994	0	4695	0	9681	0	0	-2	46	45	56	29	11	78	8	26	-2	137	136	-2	136	-2	151	-2	-2	-2	188	186	82	187	23	199	40	34	-1
1005001000	-2	9472	2941.778	3734.863	37.375	22.045	140	6.364	117.375	74.418	4568.778	117.375	0	0	4	9	9	3405	8994	0	4607	0	9472	0	0	-2	46	45	56	29	11	78	8	26	-2	137	136	-2	136	-2	151	-2	-2	-2	188	186	82	187	23	199	40	34	-1
1004001000	-2	9516	4189.778	4081.681	40.875	22.054	141.2	9.261	137.375	74.5	5565.444	137.375	0	0	3	9	9	4864	9516	0	4915	0	9247	0	9168	-2	45	49	63	35	16	80	9	30	-2	139	139	-2	137	-2	159	-2	132	-2	193	192	83	190	24	207	25	185	-1
1004001000	-2	9516	4189.778	4081.681	40.875	22.054	141.2	9.261	137.375	74.5	5565.444	137.375	0	0	3	9	9	4864	9516	0	4915	0	9247	0	9168	-2	45	49	63	35	16	80	9	30	-2	139	139	-2	137	-2	159	-2	132	-2	193	192	83	190	24	207	25	185	-1
1004001000	-2	9678	3887.667	3964.29	38.375	19.773	139.4	8.163	136.625	73.336	5567.444	136.625	0	0	3	9	9	3956	9201	0	3886	0	8270	0	9678	-2	43	45	52	29	18	77	9	34	-2	139	139	-2	136	-2	154	-2	129	-2	193	192	83	189	25	203	26	182	-1
1004001000	-2	9678	3887.667	3964.29	38.375	19.773	139.4	8.163	136.625	73.336	5567.444	136.625	0	0	3	9	9	3956	9201	0	3886	0	8270	0	9678	-2	43	45	52	29	18	77	9	34	-2	139	139	-2	136	-2	154	-2	129	-2	193	192	83	189	25	203	26	182	-1
1004001000	-2	9318	4244.222	4095.262	33.5	19.013	137.6	10.327	131.375	75.444	5210.222	131.375	0	0	3	9	9	8209	9318	0	3586	0	8487	0	8600	-2	34	42	31	27	17	77	9	31	-2	132	138	-2	134	-2	157	-2	127	-2	185	191	55	187	24	204	26	179	-1
1003003000	-2	1633	443.444	549.39	16.667	7.11	100.833	13.146	115.5	58.367	11097.333	153.5	0	0	3	9	9	822	28	716	0	1633	794	0	0	-2	11	9	30	-2	18	20	12	-2	-2	102	86	118	-2	93	118	88	-2	-2	156	120	176	21	150	169	111	21	-1
1003003000	-2	1633	443.444	549.39	16.667	7.11	100.833	13.146	115.5	58.367	11097.333	153.5	0	0	3	9	9	822	28	716	0	1633	794	0	0	-2	11	9	30	-2	18	20	12	-2	-2	102	86	118	-2	93	118	88	-2	-2	156	120	176	21	150	169	111	21	-1
1002001000	-2	6810	2956.111	2473.961	67.875	22.464	156	6.37	180.625	47.615	7122.889	180.625	0	0	1	9	9	6810	6250	1705	3056	1089	5467	2230	0	-2	76	53	102	57	61	98	67	29	-2	157	154	168	151	149	162	151	-2	-2	201	199	209	194	185	206	195	56	-1
1003001000	-2	11746	4994.111	4048.236	50.625	15.953	147.5	5.852	164.125	53.952	6186.222	164	0	0	2	9	9	7009	9020	0	11746	5921	7229	4024	0	-2	52	46	73	39	46	76	49	24	-2	142	148	-2	147	148	159	141	-2	-2	192	195	87	199	191	205	187	57	-1
1003001000	-2	11348	5806.444	4540.202	32.75	11.808	124.667	5.121	148.375	45.417	6932.778	148.25	0	0	2	9	9	9867	9767	0	11348	9054	0	3795	8429	-2	43	38	47	18	34	45	17	20	-2	129	131	-2	123	126	-2	124	115	-2	177	180	86	176	172	56	171	169	-1
1003001000	-2	11209	5257	4271.37	32.875	11.826	124.667	5.121	148.25	45.353	6932.778	148.25	0	0	2	9	9	7338	9591	0	11209	8173	0	2846	8158	-2	43	38	47	18	35	45	17	20	-2	129	131	-2	123	126	-2	124	115	-2	177	180	86	176	171	56	171	169	-1
1004001000	-2	10676	4729.333	4325.992	29.25	11.009	119.4	6.974	125.125	58.287	4815.333	124.625	0	0	3	9	9	7481	10676	0	0	7807	0	9016	7586	-2	42	35	42	18	29	38	14	16	-2	126	126	-2	-2	122	-2	115	108	-2	174	175	86	27	169	45	164	161	-1
1004001000	-2	10676	4729.333	4325.992	29.25	11.009	119.4	6.974	125.125	58.287	4815.333	124.625	0	0	3	9	9	7481	10676	0	0	7807	0	9016	7586	-2	42	35	42	18	29	38	14	16	-2	126	126	-2	-2	122	-2	115	108	-2	174	175	86	27	169	45	164	161	-1
1003001000	-2	10595	5126.889	3884.154	27	12.176	119.167	12.158	135.375	58.082	5630.222	135.125	0	0	2	9	9	5073	10595	7117	0	6684	0	8332	8343	-2	41	37	41	17	17	37	12	14	-2	123	124	138	-2	121	-2	110	99	-2	171	173	183	27	169	45	160	155	-1
1003001000	-2	10209	4969.667	3741.132	27	12.176	119.167	12.158	135.375	58.082	5630.222	135.125	0	0	2	9	9	5059	10209	7006	0	6610	0	7680	8165	-2	41	37	41	17	17	37	12	14	-2	123	124	138	-2	121	-2	110	99	-2	171	173	183	27	169	45	160	155	-1
1004001000	-2	9129	4311.444	3985.228	24.875	13.642	116.6	13.366	116.25	66.213	5044.333	116.25	0	0	3	9	9	5299	9129	7425	0	0	0	8448	8504	-2	39	35	41	17	7	37	7	16	-2	124	121	135	-2	-2	-2	105	98	-2	172	169	181	27	23	45	159	154	-1
1004001000	-2	9431	4411.667	4115.927	24.875	13.642	116.6	13.366	116.25	66.213	5044.333	116.25	0	0	3	9	9	5034	9431	7614	0	0	0	8844	8784	-2	39	35	41	17	7	37	7	16	-2	124	121	135	-2	-2	-2	105	98	-2	172	169	181	27	23	45	159	154	-1
1004001000	-2	9263	4123.333	3951.514	24.75	12.527	112.2	9.02	122.875	56.913	5350.333	122.875	0	0	3	9	9	4626	8716	0	5649	0	0	9263	8858	-2	35	36	38	18	7	37	7	20	-2	123	121	-2	112	-2	-2	106	99	-2	172	170	83	168	27	46	161	156	-1
1004001000	-2	9263	4123.333	3951.514	24.75	12.527	112.2	9.02	122.875	56.913	5350.333	122.875	0	0	3	9	9	4626	8716	0	5649	0	0	9263	8858	-2	35	36	38	18	7	37	7	20	-2	123	121	-2	112	-2	-2	106	99	-2	172	170	83	168	27	46	161	156	-1
1005001000	-2	9604	2990.778	3550.876	23.875	11.185	118.25	6.61	107.125	66.322	4092	107.125	0	0	4	9	9	4695	9604	0	6124	0	0	0	6496	-2	33	37	37	18	8	29	8	21	-2	125	124	-2	115	-2	-2	-2	109	-2	177	174	83	170	28	36	25	164	-1
1005001000	-2	9604	2990.778	3550.876	23.875	11.185	118.25	6.61	107.125	66.322	4092	107.125	0	0	4	9	9	4695	9604	0	6124	0	0	0	6496	-2	33	37	37	18	8	29	8	21	-2	125	124	-2	115	-2	-2	-2	109	-2	177	174	83	170	28	36	25	164	-1
1005001000	-2	7498	2110.444	2853.889	23.75	10.744	118.25	5.309	105.875	62.947	3844.444	109	0	0	4	9	9	1665	7498	0	3177	0	0	0	6656	-2	24	39	31	19	10	37	8	22	-2	118	126	-2	118	-2	-2	-2	111	-2	150	176	83	173	28	46	25	166	-1
1005001000	-2	9430	3024.222	3567.917	23.75	10.744	118.25	5.309	109	65.624	3844.444	109	0	0	4	9	9	5822	9430	0	4878	0	0	0	7090	-2	24	39	31	19	10	37	8	22	-2	118	126	-2	118	-2	-2	-2	111	-2	175	176	83	173	28	46	25	166	-1
1004001000	-2	9692	2981.111	3553.011	20.625	8.703	116.2	7.359	121.875	57.137	3908.778	121.875	0	0	4	9	9	5683	9692	0	4797	0	0	0	6660	-2	18	36	24	20	9	28	8	22	-2	118	125	-2	115	120	-2	-2	103	-2	174	175	83	169	141	46	26	161	-1
1001001000	-2	1400	509.222	445.337	17.375	5.43	108.75	10.533	154.375	7.921	8077.778	154.375	0	0	0	9	9	232	956	202	475	918	223	1400	179	-2	22	17	24	10	25	12	17	12	-2	113	101	122	104	104	127	106	93	-2	156	149	168	148	150	166	153	145	-1
1003002000	-2	9762	4130.889	3556.297	45.857	12.688	142.833	7.426	153.75	66.914	6742.667	173.5	0	0	2	9	9	6578	6400	7468	9762	1511	5461	0	0	-2	50	42	66	40	43	57	-2	23	-2	137	139	156	137	138	150	-2	-2	-2	189	188	204	191	181	198	21	58	-1
1002001000	-2	9343	5759.667	3353.741	25.125	9.13	114.286	9.3	149.875	43.573	6171.778	149.125	0	0	1	9	9	8054	9343	8476	4921	8314	0	5525	7206	-2	38	32	36	16	27	24	14	14	-2	117	118	131	107	119	-2	107	101	-2	171	169	179	164	166	36	157	157	-1
1002001000	-2	9764	6046.556	3478.009	25.125	9.13	114.286	9.3	149.875	43.573	6171.778	149.125	0	0	1	9	9	8130	9764	8536	4981	8813	0	6672	7525	-2	38	32	36	16	27	24	14	14	-2	117	118	131	107	119	-2	107	101	-2	171	169	179	164	166	36	157	157	-1
1003001000	-2	8938	5222.556	3751.913	20.875	7.623	104.833	6.121	129.75	48.787	5401.778	128.875	0	0	2	9	9	7244	7635	0	6602	8727	0	8938	7859	-2	32	31	24	15	18	24	12	11	-2	108	112	-2	104	111	-2	98	96	-2	161	162	36	160	161	56	152	150	-1
1003001000	-2	8938	5222.556	3751.913	20.875	7.623	104.833	6.121	129.75	48.787	5401.778	128.875	0	0	2	9	9	7244	7635	0	6602	8727	0	8938	7859	-2	32	31	24	15	18	24	12	11	-2	108	112	-2	104	111	-2	98	96	-2	161	162	36	160	161	56	152	150	-1
1002001000	-2	9119	5412.444	3201.386	17.125	7.079	101.571	9.752	142.375	33.328	6292.333	142.375	0	0	1	9	9	4449	8307	6913	5069	7222	0	7635	9119	-2	23	27	22	15	9	23	7	11	-2	107	106	121	95	98	-2	92	92	-2	158	156	169	155	152	56	147	146	-1
1002001000	-2	8893	5241.667	3213.937	17.5	6.595	102.143	9.28	142.75	33.394	6292.333	142.375	0	0	1	9	9	4646	8042	6654	3668	7128	0	8146	8893	-2	23	27	22	15	9	23	10	11	-2	107	106	121	95	98	-2	96	92	-2	158	156	169	155	152	56	150	146	-1
1002001000	-2	8969	5358.111	3201.535	16.875	7.557	103.143	8.983	143.375	33.623	6694.222	143.375	0	0	1	9	9	4510	6997	7823	4825	6457	0	8969	8644	-2	22	28	22	15	6	23	7	12	-2	108	105	122	96	100	-2	97	94	-2	159	154	170	156	154	56	151	147	-1
1002001000	-2	8969	5358.111	3201.535	16.875	7.557	103.143	8.983	143.375	33.623	6694.222	143.375	0	0	1	9	9	4510	6997	7823	4825	6457	0	8969	8644	-2	22	28	22	15	6	23	7	12	-2	108	105	122	96	100	-2	97	94	-2	159	154	170	156	154	56	151	147	-1
1002001000	-2	8617	5435.111	3083.241	16.625	7.21	107.857	12.171	143.25	45.417	6841.222	143.25	0	0	1	9	9	5525	6556	7999	6232	5771	8218	0	8617	-2	20	27	22	16	6	23	7	12	-2	107	105	127	96	100	125	-2	95	-2	159	155	174	157	155	172	25	149	-1
1002001000	-2	8975	5772.667	3302.939	15.625	6.594	103.143	9.172	144	37.57	7119.889	144	0	0	1	9	9	7597	5573	8975	6757	5705	0	8870	8479	-2	16	27	17	16	7	23	7	12	-2	104	105	124	97	100	-2	96	96	-2	160	155	173	158	156	46	153	151	-1
1002001000	-2	8975	5772.667	3302.939	15.625	6.594	103.143	9.172	144	37.57	7119.889	144	0	0	1	9	9	7597	5573	8975	6757	5705	0	8870	8479	-2	16	27	17	16	7	23	7	12	-2	104	105	124	97	100	-2	96	96	-2	160	155	173	158	156	46	153	151	-1
1002001000	-2	8327	5150.778	2948.84	16.375	6.945	103.429	10.055	144.5	37.845	6690	144.5	0	0	1	9	9	8327	5140	8295	6379	5229	0	6296	6693	-2	15	28	20	17	8	24	7	12	-2	103	107	126	98	100	-2	94	96	-2	160	156	175	158	157	46	151	153	-1
1002001000	-2	8327	5150.778	2948.84	16.375	6.945	103.429	10.055	144.5	37.845	6690	144.5	0	0	1	9	9	8327	5140	8295	6379	5229	0	6296	6693	-2	15	28	20	17	8	24	7	12	-2	103	107	126	98	100	-2	94	96	-2	160	156	175	158	157	46	151	153	-1
1001001000	-2	1611	430.778	497.256	19.25	4.465	113.875	9.198	152.25	17.042	8072	158.75	0	0	2	9	9	736	1611	116	0	324	694	398	0	-2	22	19	28	15	23	16	17	14	-2	116	112	126	110	110	127	114	96	-2	160	158	169	131	153	168	161	118	-1
1001001000	-2	13517	7896.111	3781.087	30.625	6.981	126.875	8.054	177.375	5.915	10428.889	177.125	0	0	0	9	9	13517	8812	10157	11656	4856	7512	5786	8771	-2	35	36	41	35	31	24	23	20	-2	126	134	140	126	127	128	124	110	-2	178	181	186	182	171	181	172	168	-1
1002002000	-2	9945	6840.778	3875.927	17.143	3.27	102.571	10.238	138.375	44.958	8497.889	153.125	0	0	1	9	9	9742	9945	7926	5572	9669	9160	0	9555	-2	20	19	20	15	15	20	-2	11	-2	104	108	115	93	101	113	-2	84	-2	158	160	164	152	152	161	21	139	-1
1002002000	-2	9822	6934.667	3895.505	17.143	3.27	102.571	10.238	138.375	44.958	8497.889	153.125	0	0	1	9	9	9719	9802	8478	5771	9822	9243	0	9579	-2	20	19	20	15	15	20	-2	11	-2	104	108	115	93	101	113	-2	84	-2	158	160	164	152	152	161	21	139	-1
1001001000	-2	9616	7214.778	2846.184	12.75	3.631	92.875	9.089	145.75	7.013	7493.222	145.75	0	0	0	9	9	9429	9616	9545	5784	7551	6562	7997	8451	-2	16	17	15	13	9	16	7	9	-2	93	100	108	88	89	102	82	81	-2	148	151	158	144	142	150	138	135	-1
1003003000	-2	2421	327	758.175	10.333	4.534	75.5	8.694	85.625	39.667	12701.778	141.875	0	0	6	9	9	0	0	0	524	0	0	2421	0	-2	8	10	-2	6	10	20	8	-2	-2	77	72	-2	68	71	94	71	-2	-2	101	95	21	98	94	118	137	21	-1
1001001000	-2	3251	1568.111	1443.764	8	1.5	72.375	4.414	114	18.187	9429.444	125.875	0	0	3	9	9	2383	2160	0	3157	0	3164	3251	0	-2	8	10	9	6	10	6	8	7	-2	76	72	79	69	69	77	72	65	-2	129	126	99	123	89	135	125	86	-1
1001001000	-2	7700	2259.778	2181.027	8.5	1.225	80	5.339	131.125	8.298	9760.778	134.75	0	0	0	9	9	1880	7700	123	1651	2026	1763	3714	1483	-2	8	8	10	7	11	8	8	8	-2	83	75	86	77	78	90	77	74	-2	138	133	113	132	131	143	133	126	-1
1001001000	-2	6399	2029	1747.88	20.875	3.257	126.5	6.285	178.625	6.836	10938.111	178.625	0	0	0	9	9	1496	2720	414	1769	2398	1857	6399	1210	-2	22	24	25	19	24	20	18	15	-2	128	130	134	124	120	131	131	114	-2	181	179	183	176	174	181	190	165	-1
1001001000	-2	11547	7711.222	3336.325	23.125	8.054	122.5	7.124	177	4.743	10868.556	177	0	0	0	9	9	10893	8998	9034	11547	7811	4329	8565	8226	-2	23	34	24	37	14	21	13	19	-2	119	136	129	122	123	122	119	110	-2	177	185	178	183	172	176	175	170	-1
1001001000	-2	11122	6987	3374.389	24.75	7.327	122.75	7.172	177.25	4.521	10868.556	177	0	0	0	9	9	11122	8732	7957	11016	6872	3602	8336	5248	-2	23	34	24	37	27	21	13	19	-2	119	136	129	122	125	122	119	110	-2	177	185	178	183	174	176	175	170	-1
1001001000	-2	9830	5920.333	3362.373	12.125	3.018	91.125	8.433	143.625	7.07	8654.333	143.125	0	0	0	9	9	6393	9641	4868	8302	9830	2554	2750	8947	-2	11	15	14	14	13	15	6	9	-2	91	99	102	88	94	98	80	77	-2	144	151	152	145	145	147	135	130	-1
