1006001000	-2	420	70.556	141.948	428.25	438.803	188	2.16	496.25	406.188	5552.667	502.875	0	0	3	9	9	0	223	420	0	-2	-2	-2	0	-2	97	90	84	116	1306	941	576	216	-2	190	189	185	-2	-2	-2	-2	-2	-2	212	252	242	142	1328	963	598	233	-1
1006002000	-2	600	172.333	248.173	460.571	451.053	192.333	4.989	480.125	422.772	5333.556	506.5	0	0	2	9	9	600	450	509	0	-2	-2	-2	0	-2	117	97	93	127	1295	930	565	-2	-2	199	191	187	-2	-2	-2	-2	-2	-2	293	257	243	141	1327	962	597	21	-1
1006002000	-2	5873	1369.556	2069.967	453.286	446.519	187.667	2.625	463.375	421.57	3990.778	503.125	0	0	2	9	9	3031	3430	5873	0	-2	-2	-2	0	-2	110	100	117	95	1282	917	552	-2	-2	190	184	189	-2	-2	-2	-2	-2	-2	242	236	232	141	1322	928	585	21	-1
1006002000	-2	5873	1369.556	2069.967	453.286	446.519	187.667	2.625	463.375	421.57	3990.778	503.125	0	0	2	9	9	3031	3430	5873	0	-2	-2	-2	0	-2	110	100	117	95	1282	917	552	-2	-2	190	184	189	-2	-2	-2	-2	-2	-2	242	236	232	141	1322	928	585	21	-1
1007003000	-2	6852	1062.556	2215.643	517.333	458.928	189.5	0.5	441	445.994	3824.222	493.5	0	0	3	9	9	2719	0	6852	0	-2	-2	-2	0	-2	114	-2	113	102	1290	925	560	-2	-2	190	-2	189	-2	-2	-2	-2	-2	-2	241	21	233	141	1322	957	592	21	-1
1007003000	-2	6852	1062.556	2215.643	517.333	458.928	189.5	0.5	441	445.994	3824.222	493.5	0	0	3	9	9	2719	0	6852	0	-2	-2	-2	0	-2	114	-2	113	102	1290	925	560	-2	-2	190	-2	189	-2	-2	-2	-2	-2	-2	241	21	233	141	1322	957	592	21	-1
1008007000	-2	6398	709.889	2011.051	108	5	186	0	507.25	500.552	3930	561.5	0	0	3	9	9	0	0	6398	0	-2	-2	-2	-1	-2	-2	-2	113	103	-2	-2	-2	-2	-2	-2	-2	186	-2	-2	-2	-2	-2	-2	21	21	230	140	1459	1094	729	364	-1
1008007000	-2	6398	709.889	2011.051	108	5	186	0	507.25	500.552	3930	561.5	0	0	3	9	9	0	0	6398	0	-2	-2	-2	-1	-2	-2	-2	113	103	-2	-2	-2	-2	-2	-2	-2	186	-2	-2	-2	-2	-2	-2	21	21	230	140	1459	1094	729	364	-1
1007005000	-2	3572	638.667	1241.073	112.25	4.815	188	2	548	465.528	2636.444	548	0	0	2	9	9	0	2185	3572	0	-2	-2	-2	-1	-2	116	115	114	104	-2	-2	-2	-2	-2	-2	190	186	-2	-2	-2	-2	-2	-2	127	241	230	140	1459	1094	729	364	-1
1007005000	-2	2279	476.667	896.249	112.25	4.815	188	2	548	465.528	2636.444	548	0	0	2	9	9	0	2020	2279	0	-2	-2	-2	-1	-2	116	115	114	104	-2	-2	-2	-2	-2	-2	190	186	-2	-2	-2	-2	-2	-2	127	241	230	140	1459	1094	729	364	-1
1006005000	-2	4582	1033.111	1586.842	112.5	5.59	191.333	2.357	563.875	452.875	4067.222	563.875	0	0	1	9	9	4582	2598	2127	0	-2	-2	-2	-1	-2	116	117	114	103	-2	-2	-2	-2	-2	193	193	188	-2	-2	-2	-2	-2	-2	247	246	232	140	1459	1094	729	364	-1
1008002000	-2	0	-1	0.943	445	473.499	193	0	465	426.497	2222.444	474.625	0	0	4	9	9	0	0	0	0	-2	-2	-2	-1	-2	54	54	80	94	1306	941	586	-2	-2	-2	-2	193	-2	-2	-2	-2	-2	-2	63	78	219	142	1313	948	593	364	-1
1006001000	-2	359	85.556	129.877	429.25	431.374	196	4.082	503	389.103	6147.889	511.625	0	0	2	9	9	359	187	232	0	-2	-2	-2	0	-2	116	97	95	120	1297	932	567	210	-2	201	191	196	-2	-2	-2	-2	-2	-2	307	259	264	141	1308	943	578	224	-1
1006002000	-2	2375	549.333	834.154	484	453.758	205.333	3.091	489	421.837	5718.444	517.625	0	0	2	9	9	1196	2375	1381	0	-2	-2	-2	0	-2	142	129	125	121	1322	957	592	-2	-2	208	201	207	-2	-2	-2	-2	-2	-2	279	276	291	141	1333	968	603	21	-1
1006005000	-2	4761	883.889	1520.915	129.75	8.584	207.667	3.399	528.625	480.696	5528.333	579	0	0	2	9	9	1769	4761	1433	0	-2	-2	-2	0	-2	143	129	128	119	-2	-2	-2	-2	-2	209	203	211	-2	-2	-2	-2	-2	-2	279	270	238	139	1459	1094	729	21	-1
1006005000	-2	4761	883.889	1520.915	129.75	8.584	207.667	3.399	528.625	480.696	5528.333	579	0	0	2	9	9	1769	4761	1433	0	-2	-2	-2	0	-2	143	129	128	119	-2	-2	-2	-2	-2	209	203	211	-2	-2	-2	-2	-2	-2	279	270	238	139	1459	1094	729	21	-1
1006002000	-2	14805	4517.556	6436.101	474.429	449.554	203.333	1.886	487.875	420.636	5358.667	519.625	0	0	2	9	9	14135	14805	11726	0	-2	-2	-2	0	-2	140	120	125	110	1307	942	577	-2	-2	206	202	202	-2	-2	-2	-2	-2	-2	290	290	267	140	1330	965	600	21	-1
1008004000	-2	7264	806.222	2283.169	591	461.296	188	0	416.25	467.566	4086.111	502.875	0	0	4	9	9	0	0	7264	0	-2	-2	-2	0	-2	-2	-2	117	87	1282	917	552	-2	-2	-2	-2	188	-2	-2	-2	-2	-2	-2	21	21	233	139	1330	965	600	21	-1
1008004000	-2	7264	806.222	2283.169	591	461.296	188	0	416.25	467.566	4086.111	502.875	0	0	4	9	9	0	0	7264	0	-2	-2	-2	0	-2	-2	-2	117	87	1282	917	552	-2	-2	-2	-2	188	-2	-2	-2	-2	-2	-2	21	21	233	139	1330	965	600	21	-1
1008005000	-2	3116	345.333	979.579	737.75	442.12	187	0	398.375	474.911	3911.444	492.5	0	0	4	9	9	0	0	3116	0	-2	-2	-2	0	-2	-2	-2	116	-2	1310	945	580	-2	-2	-2	-2	187	-2	-2	-2	-2	-2	-2	21	21	229	21	1323	958	593	21	-1
1008005000	-2	3115	345.222	979.265	737.75	442.12	187	0	398.375	474.911	3911.444	492.5	0	0	4	9	9	0	0	3115	0	-2	-2	-2	0	-2	-2	-2	116	-2	1310	945	580	-2	-2	-2	-2	187	-2	-2	-2	-2	-2	-2	21	21	229	21	1323	958	593	21	-1
1006006000	-2	7767	1354.333	2442.495	110.667	4.784	184.333	2.867	502	500.183	4004.444	559.75	0	0	2	9	9	7767	2390	2040	0	-2	-2	-2	0	-2	113	104	115	-2	-2	-2	-2	-2	-2	188	181	184	-2	-2	-2	-2	-2	-2	235	230	227	21	1459	1094	729	21	-1
1006005000	-2	8696	1774.556	2863.957	106.5	8.322	184.333	2.867	516.875	487.26	4004.444	559.75	0	0	2	9	9	8696	3541	3742	0	-2	-2	-2	0	-2	113	104	115	94	-2	-2	-2	-2	-2	188	181	184	-2	-2	-2	-2	-2	-2	235	230	227	140	1459	1094	729	21	-1
1006005000	-2	7790	1650.667	2607.771	106.5	8.559	185	2.16	560.125	455.551	3952.111	560.125	0	0	1	9	9	7790	3623	3452	0	-2	-2	-2	-1	-2	111	109	114	92	-2	-2	-2	-2	-2	188	183	184	-2	-2	-2	-2	-2	-2	236	234	225	140	1459	1094	729	364	-1
1006006000	-2	8661	1440.667	2706.063	111.333	2.055	185	2.16	545.25	470.716	3952.111	560.125	0	0	1	9	9	8661	2522	1792	0	-2	-2	-2	-1	-2	111	109	114	-2	-2	-2	-2	-2	-2	188	183	184	-2	-2	-2	-2	-2	-2	236	234	225	21	1459	1094	729	364	-1
1006005000	-2	10523	2043.556	3420.704	107.5	7.365	186.333	1.7	561.75	454.383	4065.778	561.75	0	0	1	9	9	10523	4691	3187	0	-2	-2	-2	-1	-2	110	111	114	95	-2	-2	-2	-2	-2	188	187	184	-2	-2	-2	-2	-2	-2	239	240	229	140	1459	1094	729	364	-1
1006005000	-2	9060	2097.222	3222.878	107.5	7.365	186.333	1.7	561.75	454.383	4065.778	561.75	0	0	1	9	9	9060	6080	3744	0	-2	-2	-2	-1	-2	110	111	114	95	-2	-2	-2	-2	-2	188	187	184	-2	-2	-2	-2	-2	-2	239	240	229	140	1459	1094	729	364	-1
1006005000	-2	8531	1829.667	2881.819	110.25	8.613	192.333	2.625	567.375	450.25	3938.222	567.375	0	0	1	9	9	8531	3456	4489	0	-2	-2	-2	-1	-2	111	116	118	96	-2	-2	-2	-2	-2	191	196	190	-2	-2	-2	-2	-2	-2	252	256	240	145	1459	1094	729	364	-1
1006005000	-2	9402	2050.333	3203.361	110.25	8.613	192.333	2.625	567.375	450.25	3938.222	567.375	0	0	1	9	9	9402	3918	5142	0	-2	-2	-2	-1	-2	111	116	118	96	-2	-2	-2	-2	-2	191	196	190	-2	-2	-2	-2	-2	-2	252	256	240	145	1459	1094	729	364	-1
1007005000	-2	7693	1644.444	3081.882	115.75	7.886	198	2	558.625	458.72	2857.667	558.625	0	0	2	9	9	0	7116	7693	0	-2	-2	-2	-1	-2	116	120	124	103	-2	-2	-2	-2	-2	-2	200	196	-2	-2	-2	-2	-2	-2	124	294	260	145	1459	1094	729	364	-1
1006005000	-2	10136	2965.222	4239.714	120.25	7.822	204.333	5.437	581.625	440.47	4299	581.625	0	0	1	9	9	7554	10136	9006	0	-2	-2	-2	-1	-2	126	122	126	107	-2	-2	-2	-2	-2	200	212	201	-2	-2	-2	-2	-2	-2	291	301	269	146	1459	1094	729	364	-1
1006005000	-2	10434	3186	4539.989	120.25	7.822	204.333	5.437	581.625	440.47	4299	581.625	0	0	1	9	9	8265	10434	9984	0	-2	-2	-2	-1	-2	126	122	126	107	-2	-2	-2	-2	-2	200	212	201	-2	-2	-2	-2	-2	-2	291	301	269	146	1459	1094	729	364	-1
1006005000	-2	11892	2766.333	4287.946	125.25	1.92	213	8.042	585.375	438.178	3251.444	585.375	0	0	1	9	9	8538	4476	11892	0	-2	-2	-2	-1	-2	126	127	122	126	-2	-2	-2	-2	-2	210	224	205	-2	-2	-2	-2	-2	-2	302	302	293	140	1459	1094	729	364	-1
1006005000	-2	10639	2673.111	4003.929	125.25	3.269	212.667	7.409	587.375	436.828	3376.333	587.375	0	0	1	9	9	8334	5094	10639	0	-2	-2	-2	-1	-2	124	126	121	130	-2	-2	-2	-2	-2	209	223	206	-2	-2	-2	-2	-2	-2	303	309	300	141	1459	1094	729	364	-1
1006005000	-2	11669	3187.889	4656.081	124.25	4.265	211	7.874	584.875	438.462	3766	584.875	0	0	1	9	9	10156	6875	11669	0	-2	-2	-2	-1	-2	125	124	118	130	-2	-2	-2	-2	-2	204	222	207	-2	-2	-2	-2	-2	-2	294	304	294	141	1459	1094	729	364	-1
1006005000	-2	11584	3168.222	4624.227	124.25	4.265	211	7.874	584.875	438.462	3766	584.875	0	0	1	9	9	10072	6867	11584	0	-2	-2	-2	-1	-2	125	124	118	130	-2	-2	-2	-2	-2	204	222	207	-2	-2	-2	-2	-2	-2	294	304	294	141	1459	1094	729	364	-1
1007002000	-2	0	-0.667	0.943	387.714	454.292	201.5	0.5	385.375	424.061	4357.889	474.25	0	0	6	9	9	0	0	0	0	-2	-2	0	0	-2	97	55	84	94	1268	903	-2	213	-2	202	-2	201	-2	-2	-2	-2	-2	-2	226	78	225	128	1275	910	21	220	-1
1007001000	-2	969	126	302.953	435	430.024	201.5	5.5	492.375	400.793	4166.778	508.125	0	0	3	9	9	0	173	969	0	-2	-2	-2	0	-2	121	99	109	131	1301	936	571	212	-2	-2	196	207	-2	-2	-2	-2	-2	-2	135	263	324	140	1312	947	582	236	-1
1007002000	-2	1275	150.889	398.471	470.143	452.087	201	5	461.5	428.047	3969.222	494.125	0	0	3	9	9	0	91	1275	0	-2	-2	-2	0	-2	124	103	120	121	1306	941	576	-2	-2	-2	196	206	-2	-2	-2	-2	-2	-2	135	254	285	141	1317	952	587	21	-1
1007002000	-2	69	6.778	22.019	470.143	452.087	201	5	450	433.565	3969.222	494.125	0	0	4	9	9	0	69	0	0	-2	-2	-2	0	-2	124	103	120	121	1306	941	576	-2	-2	-2	196	206	-2	-2	-2	-2	-2	-2	135	221	226	141	1317	952	587	21	-1
1006005000	-2	11797	3304.444	4874.851	130.75	9.601	215.333	2.625	538	475.517	4261.222	580.875	0	0	2	9	9	11797	11411	6540	0	-2	-2	-2	0	-2	145	131	129	118	-2	-2	-2	-2	-2	214	213	219	-2	-2	-2	-2	-2	-2	290	280	292	139	1459	1094	729	21	-1
1008005000	-2	5514	611.778	1733.198	710.75	428.177	191	0	384.875	457.372	4463.667	504.875	0	0	4	9	9	0	0	5514	0	-2	-2	-2	0	-2	-2	-2	119	-2	1273	908	543	-2	-2	-2	-2	191	-2	-2	-2	-2	-2	-2	21	21	238	21	1284	919	554	21	-1
1008005000	-2	5514	611.778	1733.198	710.75	428.177	191	0	384.875	457.372	4463.667	504.875	0	0	4	9	9	0	0	5514	0	-2	-2	-2	0	-2	-2	-2	119	-2	1273	908	543	-2	-2	-2	-2	191	-2	-2	-2	-2	-2	-2	21	21	238	21	1284	919	554	21	-1
1008005000	-2	2927	324.333	920.182	717.75	432.334	187	0	404.875	482.39	4093	501.375	0	0	4	9	9	0	0	2927	0	-2	-2	-2	0	-2	-2	-2	117	-2	1283	918	553	-2	-2	-2	-2	187	-2	-2	-2	-2	-2	-2	21	21	230	21	1340	975	610	21	-1
1007004000	-2	12447	1903.111	4004.415	593.4	459.763	184.5	2.5	431.375	466.123	4093	501.375	0	0	3	9	9	0	12447	4689	0	-2	-2	-2	0	-2	-2	96	117	-2	1283	918	553	-2	-2	-2	182	187	-2	-2	-2	-2	-2	-2	21	233	230	21	1340	975	610	21	-1
1007002000	-2	13217	2305.889	4518.443	452.714	454.865	185	3	449.25	439.575	2624.111	475.25	0	0	3	9	9	13217	0	7544	0	-2	-2	-2	0	-2	107	85	116	80	1292	927	562	-2	-2	188	-2	182	-2	-2	-2	-2	-2	-2	234	96	225	141	1324	959	594	21	-1
1007002000	-2	13217	2305.889	4518.443	452.714	454.865	185	3	449.25	439.575	2624.111	475.25	0	0	3	9	9	13217	0	7544	0	-2	-2	-2	0	-2	107	85	116	80	1292	927	562	-2	-2	188	-2	182	-2	-2	-2	-2	-2	-2	234	96	225	141	1324	959	594	21	-1
1006002000	-2	10237	2275.333	3512.451	457.714	457.211	181	4.243	509	399.556	3749.778	509	0	0	1	9	9	10237	4736	5514	0	-2	-2	-2	-1	-2	109	99	115	76	1300	935	570	-2	-2	187	178	178	-2	-2	-2	-2	-2	-2	232	228	221	141	1327	962	597	364	-1
1006002000	-2	10237	2275.333	3512.451	457.714	457.211	181	4.243	509	399.556	3749.778	509	0	0	1	9	9	10237	4736	5514	0	-2	-2	-2	-1	-2	109	99	115	76	1300	935	570	-2	-2	187	178	178	-2	-2	-2	-2	-2	-2	232	228	221	141	1327	962	597	364	-1
1006005000	-2	10190	2324.667	3554.091	100.75	14.567	180.333	4.028	559.25	456.068	3819.444	559.25	0	0	1	9	9	10190	6003	4738	0	-2	-2	-2	-1	-2	109	105	113	76	-2	-2	-2	-2	-2	186	178	177	-2	-2	-2	-2	-2	-2	233	230	220	145	1459	1094	729	364	-1
1006005000	-2	10123	2312.333	3534.321	100.75	14.567	180.333	4.028	559.25	456.068	3819.444	559.25	0	0	1	9	9	10123	6003	4694	0	-2	-2	-2	-1	-2	109	105	113	76	-2	-2	-2	-2	-2	186	178	177	-2	-2	-2	-2	-2	-2	233	230	220	145	1459	1094	729	364	-1
1006002000	-2	10474	2533.556	3808.481	454.857	453.228	181.667	2.357	461.375	434.897	3915.667	504.25	0	0	2	9	9	10474	7290	5046	0	-2	-2	-2	0	-2	108	108	115	72	1292	927	562	-2	-2	185	180	180	-2	-2	-2	-2	-2	-2	232	233	225	91	1328	963	598	21	-1
1006002000	-2	10474	2533.556	3808.481	454.857	453.228	181.667	2.357	461.375	434.897	3915.667	504.25	0	0	2	9	9	10474	7290	5046	0	-2	-2	-2	0	-2	108	108	115	72	1292	927	562	-2	-2	185	180	180	-2	-2	-2	-2	-2	-2	232	233	225	91	1328	963	598	21	-1
1006005000	-2	10502	2373.222	3678.275	103.25	15.466	185	1.414	555.75	460.425	3868.444	555.75	0	0	1	9	9	10502	4182	6684	0	-2	-2	-2	-1	-2	109	110	117	77	-2	-2	-2	-2	-2	186	183	186	-2	-2	-2	-2	-2	-2	237	241	236	86	1459	1094	729	364	-1
1006005000	-2	10386	2560.444	3790.125	105	16.416	192.667	3.091	563.25	455.354	4196.778	563.25	0	0	1	9	9	10386	6023	6644	0	-2	-2	-2	-1	-2	110	115	118	77	-2	-2	-2	-2	-2	191	197	190	-2	-2	-2	-2	-2	-2	258	269	247	86	1459	1094	729	364	-1
1006005000	-2	10386	2560.444	3790.125	105	16.416	192.667	3.091	563.25	455.354	4196.778	563.25	0	0	1	9	9	10386	6023	6644	0	-2	-2	-2	-1	-2	110	115	118	77	-2	-2	-2	-2	-2	191	197	190	-2	-2	-2	-2	-2	-2	258	269	247	86	1459	1094	729	364	-1
1007001000	-2	9313	1836.111	3472.409	435	431.768	200.5	4.5	497.125	409.66	2850.778	497.125	0	0	3	9	9	0	9313	7220	0	-2	-2	-2	0	-2	111	118	120	94	1303	938	573	223	-2	-2	205	196	-2	-2	-2	-2	-2	-2	125	315	261	146	1330	965	600	235	-1
1007001000	-2	10526	1940.333	3728.951	435	431.768	200.5	4.5	497.125	409.66	2850.778	497.125	0	0	3	9	9	0	10526	6945	0	-2	-2	-2	0	-2	111	118	120	94	1303	938	573	223	-2	-2	205	196	-2	-2	-2	-2	-2	-2	125	315	261	146	1330	965	600	235	-1
1007001000	-2	9931	1818.556	3502.152	426.75	426.678	200.5	8.5	496.875	410.446	2699.333	496.875	0	0	3	9	9	0	9931	6444	0	-2	-2	-2	0	-2	110	118	115	95	1288	923	558	207	-2	-2	209	192	-2	-2	-2	-2	-2	-2	125	315	255	146	1331	966	601	236	-1
1007001000	-2	9771	1831.556	3503.22	426.75	426.678	200.5	8.5	496.875	410.446	2699.333	496.875	0	0	3	9	9	0	9771	6721	0	-2	-2	-2	0	-2	110	118	115	95	1288	923	558	207	-2	-2	209	192	-2	-2	-2	-2	-2	-2	125	315	255	146	1331	966	601	236	-1
1007001000	-2	10742	2125	4016.063	437.75	433.913	204	7	498.375	410.105	2496.556	498.375	0	0	3	9	9	0	10742	8391	0	-2	-2	-2	0	-2	111	119	116	103	1309	944	579	221	-2	-2	211	197	-2	-2	-2	-2	-2	-2	125	310	267	147	1332	967	602	237	-1
1006002000	-2	8244	2269.889	3334.001	476	463.139	201.333	6.182	535.75	391.846	4109.667	535.75	0	0	1	9	9	7529	8244	4665	0	-2	-2	-2	-1	-2	110	118	116	105	1326	961	596	-2	-2	198	210	196	-2	-2	-2	-2	-2	-2	277	309	265	140	1342	977	612	364	-1
1007004000	-2	0	-0.778	0.916	52.4	49.54	195.5	0.5	434.875	296.033	4570.889	474.25	0	0	5	9	9	0	0	0	0	0	-2	-2	-1	-2	31	22	23	35	151	-2	-2	-2	-2	196	-2	195	-2	-2	-2	-2	-2	-2	231	177	231	358	295	1094	729	364	-1
1006001000	-2	1431	253.222	456.864	444.875	432.98	201	7.348	517.5	400.898	6380.222	519.5	0	0	2	9	9	572	284	1431	0	-2	-2	-2	0	-2	137	100	122	129	1315	950	585	221	-2	201	192	210	-2	-2	-2	-2	-2	-2	279	254	296	141	1340	975	610	245	-1
1007002000	-2	873	149.778	296.935	477.857	456.295	202.5	3.5	460.75	437.063	3530.889	495.5	0	0	3	9	9	483	0	873	0	-2	-2	-2	0	-2	140	102	124	117	1319	954	589	-2	-2	199	-2	206	-2	-2	-2	-2	-2	-2	257	122	261	130	1330	965	600	21	-1
1007002000	-2	374	79.333	150.684	479	457.755	201.5	3.5	461.125	438.344	3064.222	495.25	0	0	3	9	9	348	0	374	0	-2	-2	-2	0	-2	141	104	125	112	1322	957	592	-2	-2	198	-2	205	-2	-2	-2	-2	-2	-2	245	123	256	140	1333	968	603	21	-1
1007002000	-2	444	91.222	173.36	479	457.755	201.5	3.5	461.125	438.344	3064.222	495.25	0	0	3	9	9	444	0	385	0	-2	-2	-2	0	-2	141	104	125	112	1322	957	592	-2	-2	198	-2	205	-2	-2	-2	-2	-2	-2	245	123	256	140	1333	968	603	21	-1
1007006000	-2	1541	216.333	485.9	129.667	13.573	210	0	494.75	505.173	5856.778	579.5	0	0	3	9	9	414	1541	0	0	-2	-2	-2	0	-2	145	132	-2	112	-2	-2	-2	-2	-2	210	210	-2	-2	-2	-2	-2	-2	-2	239	256	21	139	1459	1094	729	21	-1
1007006000	-2	1556	220.556	491.519	129.667	13.573	210	0	494.625	505.232	5856.778	579.5	0	0	3	9	9	437	1556	0	0	-2	-2	-2	0	-2	145	132	-2	112	-2	-2	-2	-2	-2	210	210	-2	-2	-2	-2	-2	-2	-2	239	255	21	139	1459	1094	729	21	-1
1007007000	-2	14025	2548.111	4918.896	123	2	203	3	484.75	514.838	5040.889	577.125	0	0	3	9	9	0	14025	8916	0	-2	-2	-2	0	-2	-2	121	125	-2	-2	-2	-2	-2	-2	-2	200	206	-2	-2	-2	-2	-2	-2	21	266	267	21	1459	1094	729	21	-1
1006005000	-2	12074	3600.333	5136.619	120.25	15.514	205.333	4.11	534.25	477.596	5040.889	577.125	0	0	2	9	9	11048	12074	9289	0	-2	-2	-2	0	-2	139	121	125	96	-2	-2	-2	-2	-2	210	200	206	-2	-2	-2	-2	-2	-2	299	266	267	139	1459	1094	729	21	-1
1007003000	-2	11016	2441.556	4569.352	438.667	485.353	190.5	4.5	388.75	459.951	2781.444	490.375	0	0	4	9	9	0	11016	10964	0	-2	-2	0	0	-2	109	100	122	84	1291	926	-2	-2	-2	-2	186	195	-2	-2	-2	-2	-2	-2	124	241	247	141	1340	975	21	21	-1
1007003000	-2	11016	2441.556	4569.352	438.667	485.353	190.5	4.5	388.75	459.951	2781.444	490.375	0	0	4	9	9	0	11016	10964	0	-2	-2	0	0	-2	109	100	122	84	1291	926	-2	-2	-2	-2	186	195	-2	-2	-2	-2	-2	-2	124	241	247	141	1340	975	21	21	-1
1006002000	-2	10402	3152.667	4489.203	427.857	439.269	176.667	4.19	469.125	436.665	3206.778	497.125	0	0	2	9	9	9693	10402	8287	0	-2	-2	-2	0	-2	95	70	115	69	1247	882	517	-2	-2	181	171	178	-2	-2	-2	-2	-2	-2	224	219	220	144	1340	975	610	21	-1
1007003000	-2	9693	2038.111	3822.887	487.5	447.455	179.5	1.5	444.375	455.352	3206.778	497.125	0	0	3	9	9	9693	0	8658	0	-2	-2	-2	0	-2	95	-2	115	69	1247	882	517	-2	-2	181	-2	178	-2	-2	-2	-2	-2	-2	224	21	220	144	1340	975	610	21	-1
1006002000	-2	9112	2991.444	4233.173	440.857	453.242	174.333	3.771	468.25	437.162	3120.889	496.25	0	0	2	9	9	8788	9031	9112	0	-2	-2	-2	0	-2	100	71	108	68	1278	913	548	-2	-2	177	169	177	-2	-2	-2	-2	-2	-2	220	217	219	144	1340	975	610	21	-1
1006002000	-2	9112	2991.444	4233.173	440.857	453.242	174.333	3.771	468.25	437.162	3120.889	496.25	0	0	2	9	9	8788	9031	9112	0	-2	-2	-2	0	-2	100	71	108	68	1278	913	548	-2	-2	177	169	177	-2	-2	-2	-2	-2	-2	220	217	219	144	1340	975	610	21	-1
1007002000	-2	9579	2050.111	3841.08	439.714	451.775	176.5	0.5	453	446.94	2069.556	480.875	0	0	3	9	9	8880	0	9579	0	-2	-2	-2	0	-2	102	74	105	67	1275	910	545	-2	-2	176	-2	177	-2	-2	-2	-2	-2	-2	220	97	219	145	1339	974	609	21	-1
1007002000	-2	9579	2050.111	3841.08	439.714	451.775	176.5	0.5	453	446.94	2069.556	480.875	0	0	3	9	9	8880	0	9579	0	-2	-2	-2	0	-2	102	74	105	67	1275	910	545	-2	-2	176	-2	177	-2	-2	-2	-2	-2	-2	220	97	219	145	1339	974	609	21	-1
1007002000	-2	10362	2190.333	4106.687	440	447.644	176	1	444.875	450.107	2216.222	472.25	0	0	3	9	9	10362	0	9359	0	-2	-2	-2	0	-2	101	85	111	68	1270	905	540	-2	-2	175	-2	177	-2	-2	-2	-2	-2	-2	219	97	221	91	1335	970	605	21	-1
1007002000	-2	10362	2190.889	4107.657	440	447.644	176	1	444.875	450.107	2216.222	472.25	0	0	3	9	9	10362	0	9364	0	-2	-2	-2	0	-2	101	85	111	68	1270	905	540	-2	-2	175	-2	177	-2	-2	-2	-2	-2	-2	219	97	221	91	1335	970	605	21	-1
1007002000	-2	10017	2122.444	3978.833	442	451.548	176.5	1.5	444.875	449.483	2138.889	472.125	0	0	3	9	9	10017	0	9093	0	-2	-2	-2	0	-2	97	81	112	68	1277	912	547	-2	-2	175	-2	178	-2	-2	-2	-2	-2	-2	220	97	223	91	1334	969	604	21	-1
1007002000	-2	11249	2450.556	4587.854	442.714	451.758	179.5	0.5	445.625	448.067	2451.333	472.625	0	0	3	9	9	11249	0	10814	0	-2	-2	-2	0	-2	96	83	112	69	1278	913	548	-2	-2	179	-2	180	-2	-2	-2	-2	-2	-2	230	97	230	86	1332	967	602	21	-1
1007002000	-2	11249	2450.556	4587.854	442.714	451.758	179.5	0.5	445.625	448.067	2451.333	472.625	0	0	3	9	9	11249	0	10814	0	-2	-2	-2	0	-2	96	83	112	69	1278	913	548	-2	-2	179	-2	180	-2	-2	-2	-2	-2	-2	230	97	230	86	1332	967	602	21	-1
1007001000	-2	11313	2394.222	4488.409	413.75	431.993	179.5	0.5	472.625	427.711	2399.444	472.625	0	0	3	9	9	11313	0	10243	0	-2	-2	-2	0	-2	96	82	110	70	1282	917	552	201	-2	179	-2	180	-2	-2	-2	-2	-2	-2	230	97	230	86	1332	967	602	237	-1
1006001000	-2	12082	3326.444	4818.426	416.125	429.748	182.667	1.247	493	412.881	3852.333	493	0	0	2	9	9	12082	7706	10158	0	-2	-2	-2	0	-2	94	104	107	70	1281	916	552	205	-2	181	183	184	-2	-2	-2	-2	-2	-2	236	247	237	86	1332	967	602	237	-1
1007001000	-2	9971	1902.444	3622.438	417.375	433.134	186.5	1.5	477.5	426.57	2493.333	477.5	0	0	3	9	9	0	7159	9971	0	-2	-2	-2	0	-2	83	106	107	71	1287	922	558	205	-2	-2	188	185	-2	-2	-2	-2	-2	-2	91	256	241	86	1334	969	604	239	-1
1007001000	-2	9971	1902.444	3622.438	417.375	433.134	186.5	1.5	477.5	426.57	2493.333	477.5	0	0	3	9	9	0	7159	9971	0	-2	-2	-2	0	-2	83	106	107	71	1287	922	558	205	-2	-2	188	185	-2	-2	-2	-2	-2	-2	91	256	241	86	1334	969	604	239	-1
1007001000	-2	9636	2109.667	3949.503	418.125	437.12	183.5	0.5	480.625	430.277	2375.667	480.625	0	0	3	9	9	9359	0	9636	0	-2	-2	-2	0	-2	83	84	107	73	1293	928	564	213	-2	183	-2	184	-2	-2	-2	-2	-2	-2	241	97	238	87	1343	978	613	248	-1
1007001000	-2	9636	2109.667	3949.503	418.125	437.12	183.5	0.5	480.625	430.277	2375.667	480.625	0	0	3	9	9	9359	0	9636	0	-2	-2	-2	0	-2	83	84	107	73	1293	928	564	213	-2	183	-2	184	-2	-2	-2	-2	-2	-2	241	97	238	87	1343	978	613	248	-1
1008001000	-2	6294	698.444	1978.328	420.75	437.249	185	0	462.125	443.172	1244.667	462.125	0	0	4	9	9	0	0	6294	0	-2	-2	-2	0	-2	83	83	106	74	1292	932	572	224	-2	-2	-2	185	-2	-2	-2	-2	-2	-2	92	98	238	87	1343	978	613	248	-1
1005001000	-2	81	8.556	25.626	147.75	178.289	188.75	43.729	287.375	126.026	7304	342	0	0	6	9	9	0	0	81	0	0	-2	0	0	-2	27	20	20	29	90	571	245	180	-2	163	157	171	264	-2	-2	-2	-2	-2	192	185	202	362	295	586	256	221	-1
1006002000	-2	465	92	175.659	473.571	459.712	190	7.789	465.375	432.556	3526.889	503.5	0	0	3	9	9	371	0	465	0	-2	-2	-2	0	-2	137	100	121	95	1319	954	589	-2	-2	191	180	199	-2	-2	-2	-2	-2	-2	234	197	236	140	1330	965	600	21	-1
1006005000	-2	2540	449.333	876.905	126	13.874	199	6.377	519.625	485.863	3962.667	566.125	0	0	3	9	9	0	1512	2540	0	-2	-2	-2	0	-2	140	129	132	103	-2	-2	-2	-2	-2	195	194	208	-2	-2	-2	-2	-2	-2	213	240	263	138	1459	1094	729	21	-1
1006005000	-2	14162	4151.111	5970.344	124.75	13.627	209.333	4.028	537.75	475.718	6065.556	580.625	0	0	2	9	9	14162	13345	9861	0	-2	-2	-2	0	-2	138	128	131	102	-2	-2	-2	-2	-2	207	206	215	-2	-2	-2	-2	-2	-2	291	273	297	138	1459	1094	729	21	-1
1006005000	-2	14162	4151.111	5970.344	124.75	13.627	209.333	4.028	537.75	475.718	6065.556	580.625	0	0	2	9	9	14162	13345	9861	0	-2	-2	-2	0	-2	138	128	131	102	-2	-2	-2	-2	-2	207	206	215	-2	-2	-2	-2	-2	-2	291	273	297	138	1459	1094	729	21	-1
1008005000	-2	12388	1375.778	3893.409	613.75	532.667	193	0	349	481.818	3009.222	508.625	0	0	5	9	9	0	12388	0	0	-2	-2	0	0	-2	-2	107	-2	87	1313	948	-2	-2	-2	-2	193	-2	-2	-2	-2	-2	-2	-2	21	253	21	140	1340	975	21	21	-1
1008005000	-2	12388	1375.778	3893.409	613.75	532.667	193	0	349	481.818	3009.222	508.625	0	0	5	9	9	0	12388	0	0	-2	-2	0	0	-2	-2	107	-2	87	1313	948	-2	-2	-2	-2	193	-2	-2	-2	-2	-2	-2	-2	21	253	21	140	1340	975	21	21	-1
1007003000	-2	8848	1936.333	3624.682	320.833	322.338	174.5	3.5	309.375	310.563	2801.556	362.375	0	0	4	9	9	8848	0	8585	0	-2	-2	0	0	-2	74	-2	108	66	931	566	-2	180	-2	171	-2	178	-2	-2	-2	-2	-2	-2	213	21	219	145	987	622	21	247	-1
1007003000	-2	8848	1936.333	3624.682	320.833	322.338	174.5	3.5	309.375	310.563	2801.556	362.375	0	0	4	9	9	8848	0	8585	0	-2	-2	0	0	-2	74	-2	108	66	931	566	-2	180	-2	171	-2	178	-2	-2	-2	-2	-2	-2	213	21	219	145	987	622	21	247	-1
1007001000	-2	8140	1796.333	3362.33	279.25	297.518	165.5	8.5	346.375	284.945	1797	346.375	0	0	4	9	9	0	8033	8140	0	-2	-2	0	0	-2	80	62	103	66	944	579	214	186	-2	-2	157	174	-2	-2	-2	-2	-2	-2	89	204	216	146	988	623	258	247	-1
1007001000	-2	8140	1796.333	3362.33	279.25	297.518	165.5	8.5	346.375	284.945	1797	346.375	0	0	4	9	9	0	8033	8140	0	-2	-2	0	0	-2	80	62	103	66	944	579	214	186	-2	-2	157	174	-2	-2	-2	-2	-2	-2	89	204	216	146	988	623	258	247	-1
1007001000	-2	9049	1990.222	3725.21	283.375	298.921	167.5	6.5	344.75	283.016	1990.778	344.75	0	0	4	9	9	0	8869	9049	0	-2	-2	0	0	-2	81	66	104	66	950	585	220	195	-2	-2	161	174	-2	-2	-2	-2	-2	-2	89	208	216	145	983	618	253	246	-1
1007001000	-2	9049	1990.222	3725.21	283.375	298.921	167.5	6.5	344.75	283.016	1990.778	344.75	0	0	4	9	9	0	8869	9049	0	-2	-2	0	0	-2	81	66	104	66	950	585	220	195	-2	-2	161	174	-2	-2	-2	-2	-2	-2	89	208	216	145	983	618	253	246	-1
1007002000	-2	9491	2100.333	3931.005	297.714	318.405	168.5	4.5	319.875	304.329	2117.111	348.125	0	0	4	9	9	0	9418	9491	0	-2	-2	0	0	-2	81	70	103	66	953	588	223	-2	-2	-2	164	173	-2	-2	-2	-2	-2	-2	90	212	216	145	990	625	260	21	-1
1007002000	-2	9491	2100.333	3931.005	297.714	318.405	168.5	4.5	319.875	304.329	2117.111	348.125	0	0	4	9	9	0	9418	9491	0	-2	-2	0	0	-2	81	70	103	66	953	588	223	-2	-2	-2	164	173	-2	-2	-2	-2	-2	-2	90	212	216	145	990	625	260	21	-1
1006001000	-2	9451	2862	4089.077	287.5	302.943	168.333	3.091	359.375	269.976	2957	359.375	0	0	3	9	9	7201	9112	9451	0	-2	-2	0	0	-2	81	72	100	66	961	596	231	193	-2	170	164	171	-2	-2	-2	-2	-2	-2	212	213	215	146	979	614	249	247	-1
1006001000	-2	9451	2857	4081.452	287.5	302.943	168.333	3.091	359.375	269.976	2957	359.375	0	0	3	9	9	7201	9067	9451	0	-2	-2	0	0	-2	81	72	100	66	961	596	231	193	-2	170	164	171	-2	-2	-2	-2	-2	-2	212	213	215	146	979	614	249	247	-1
1007001000	-2	10469	2206.778	4137.814	287	300.843	172	0	338.625	284.999	2207.333	338.625	0	0	4	9	9	10469	0	9398	0	-2	-2	0	0	-2	81	74	103	67	957	592	227	195	-2	172	-2	172	-2	-2	-2	-2	-2	-2	216	97	218	91	978	613	248	248	-1
1007001000	-2	10469	2206.778	4137.814	287	300.843	172	0	338.625	284.999	2207.333	338.625	0	0	4	9	9	10469	0	9398	0	-2	-2	0	0	-2	81	74	103	67	957	592	227	195	-2	172	-2	172	-2	-2	-2	-2	-2	-2	216	97	218	91	978	613	248	248	-1
1007001000	-2	10102	2192.556	4104.963	289.125	302.151	175.5	2.5	345.875	290.355	2193.222	345.875	0	0	4	9	9	10102	0	9637	0	-2	-2	0	0	-2	81	74	104	67	961	596	232	198	-2	173	-2	178	-2	-2	-2	-2	-2	-2	219	98	225	89	994	629	264	249	-1
1007001000	-2	10102	2192.556	4104.963	289.125	302.151	175.5	2.5	345.875	290.355	2193.222	345.875	0	0	4	9	9	10102	0	9637	0	-2	-2	0	0	-2	81	74	104	67	961	596	232	198	-2	173	-2	178	-2	-2	-2	-2	-2	-2	219	98	225	89	994	629	264	249	-1
1008001000	-2	10122	1123.778	3181.352	412.375	435.26	182	0	462	443.864	1124.667	462	0	0	4	9	9	0	0	10122	0	-2	-2	-2	0	-2	81	81	105	68	1285	920	555	204	-2	-2	-2	182	-2	-2	-2	-2	-2	-2	91	97	233	89	1344	979	614	249	-1
1008001000	-2	10122	1123.778	3181.352	412.375	435.26	182	0	462	443.864	1124.667	462	0	0	4	9	9	0	0	10122	0	-2	-2	-2	0	-2	81	81	105	68	1285	920	555	204	-2	-2	-2	182	-2	-2	-2	-2	-2	-2	91	97	233	89	1344	979	614	249	-1
1007001000	-2	12096	2430.333	4581.373	416.625	439.425	182	1	483.875	433.598	2431.333	483.875	0	0	3	9	9	12096	0	9785	0	-2	-2	-2	0	-2	81	80	104	69	1295	930	565	209	-2	181	-2	183	-2	-2	-2	-2	-2	-2	236	98	236	87	1351	986	621	256	-1
1007001000	-2	12096	2430.333	4581.373	416.625	439.425	182	1	483.875	433.598	2431.333	483.875	0	0	3	9	9	12096	0	9785	0	-2	-2	-2	0	-2	81	80	104	69	1295	930	565	209	-2	181	-2	183	-2	-2	-2	-2	-2	-2	236	98	236	87	1351	986	621	256	-1
1006001000	-2	10515	2841.556	4136.857	414.375	437.819	177	0.816	500.875	421.969	3482	500.875	0	0	2	9	9	10515	6389	8678	0	-2	-2	-2	0	-2	80	75	101	69	1286	928	567	209	-2	178	177	176	-2	-2	-2	-2	-2	-2	232	238	228	87	1353	988	623	258	-1
1006001000	-2	10515	2841.556	4136.857	414.375	437.819	177	0.816	500.875	421.969	3482	500.875	0	0	2	9	9	10515	6389	8678	0	-2	-2	-2	0	-2	80	75	101	69	1286	928	567	209	-2	178	177	176	-2	-2	-2	-2	-2	-2	232	238	228	87	1353	988	623	258	-1
1006001000	-2	61	6.111	19.428	257	292.864	161.333	11.116	376	279.269	3237.111	390.375	0	0	5	9	9	0	61	0	0	-2	-2	0	0	-2	39	32	53	75	901	559	214	183	-2	166	146	172	-2	-2	-2	-2	-2	-2	184	170	190	310	1018	628	265	243	-1
1007007000	-2	1015	205.444	388.636	120.5	4.5	189.5	4.5	473.5	519.961	4099.111	563.875	0	0	3	9	9	842	1015	0	0	-2	-2	-2	0	-2	125	116	-2	-2	-2	-2	-2	-2	-2	194	185	-2	-2	-2	-2	-2	-2	-2	215	228	21	21	1459	1094	729	21	-1
1009008000	-2	0	-0.667	0.943	96	0	-0.01	-0.01	349.625	544.19	5456.889	574.375	0	0	6	9	9	0	0	0	0	-2	-2	0	0	-2	-2	-2	-2	96	-2	-2	-2	-2	-2	-2	-2	-2	-2	-2	-2	-2	-2	-2	21	21	21	139	1459	1094	21	21	-1
1009008000	-2	0	-0.667	0.943	96	0	-0.01	-0.01	349.625	544.19	5456.889	574.375	0	0	6	9	9	0	0	0	0	-2	-2	0	0	-2	-2	-2	-2	96	-2	-2	-2	-2	-2	-2	-2	-2	-2	-2	-2	-2	-2	-2	21	21	21	139	1459	1094	21	21	-1
1009006000	-2	0	-0.667	0.943	653.667	500.507	-0.01	-0.01	275.875	446.852	4476.667	509.125	0	0	6	9	9	0	0	0	0	-2	0	-2	0	-2	-2	-2	-2	85	1303	-2	573	-2	-2	-2	-2	-2	-2	-2	-2	-2	-2	-2	21	21	21	144	1344	21	614	21	-1
1009006000	-2	0	-0.667	0.943	653.667	500.507	-0.01	-0.01	275.875	446.852	4476.667	509.125	0	0	6	9	9	0	0	0	0	-2	0	-2	0	-2	-2	-2	-2	85	1303	-2	573	-2	-2	-2	-2	-2	-2	-2	-2	-2	-2	-2	21	21	21	144	1344	21	614	21	-1
1006002000	-2	9745	2669.444	3907.695	273.714	310.376	161.667	10.274	333.25	301.533	2670.667	364.5	0	0	3	9	9	5634	9745	8652	0	-2	-2	0	0	-2	51	52	102	60	917	553	-2	181	-2	160	150	175	-2	-2	-2	-2	-2	-2	199	199	216	145	1001	636	21	249	-1
1007003000	-2	8497	1569.444	3014.273	310.667	320.672	167.5	7.5	311	316.799	2670.667	364.5	0	0	4	9	9	5634	0	8497	0	-2	-2	0	0	-2	51	-2	102	60	917	553	-2	181	-2	160	-2	175	-2	-2	-2	-2	-2	-2	199	21	216	145	1001	636	21	249	-1
1006001000	-2	8776	2349.778	3437.579	269.625	297.187	160	9.416	363.125	279.34	2366.111	363.125	0	0	3	9	9	5089	8776	7289	0	-2	-2	0	0	-2	57	53	99	58	933	568	203	186	-2	159	149	172	-2	-2	-2	-2	-2	-2	199	197	213	145	999	634	269	249	-1
1006001000	-2	8776	2349.778	3437.579	269.625	297.187	160	9.416	363.125	279.34	2366.111	363.125	0	0	3	9	9	5089	8776	7289	0	-2	-2	0	0	-2	57	53	99	58	933	568	203	186	-2	159	149	172	-2	-2	-2	-2	-2	-2	199	197	213	145	999	634	269	249	-1
1007001000	-2	8985	1897.667	3557.933	269.5	296.704	161	10	343.375	289.265	1898.222	343.375	0	0	4	9	9	0	8985	8100	0	-2	-2	0	0	-2	57	55	97	58	932	567	202	188	-2	-2	151	171	-2	-2	-2	-2	-2	-2	67	197	212	146	991	626	261	247	-1
1007001000	-2	8985	1897.667	3557.933	269.5	296.704	161	10	343.375	289.265	1898.222	343.375	0	0	4	9	9	0	8985	8100	0	-2	-2	0	0	-2	57	55	97	58	932	567	202	188	-2	-2	151	171	-2	-2	-2	-2	-2	-2	67	197	212	146	991	626	261	247	-1
1006002000	-2	8713	2253.667	3500.696	282.714	315.681	158	6.976	331.875	298.313	2460.111	360.125	0	0	3	9	9	3230	8713	8346	0	-2	-2	0	0	-2	57	60	93	62	934	569	204	-2	-2	157	150	167	-2	-2	-2	-2	-2	-2	197	198	209	146	993	628	263	21	-1
1006002000	-2	8713	2253.667	3500.696	282.714	315.681	158	6.976	331.875	298.313	2460.111	360.125	0	0	3	9	9	3230	8713	8346	0	-2	-2	0	0	-2	57	60	93	62	934	569	204	-2	-2	157	150	167	-2	-2	-2	-2	-2	-2	197	198	209	146	993	628	263	21	-1
1006002000	-2	10120	2756.222	4090.399	282.143	317.609	160.333	6.944	331.25	298.748	2947.111	361.625	0	0	3	9	9	5271	10120	9421	0	-2	-2	0	0	-2	58	62	97	60	938	573	-2	187	-2	157	154	170	-2	-2	-2	-2	-2	-2	199	201	213	146	994	629	21	247	-1
1006002000	-2	10120	2756.222	4090.399	282.143	317.609	160.333	6.944	331.25	298.748	2947.111	361.625	0	0	3	9	9	5271	10120	9421	0	-2	-2	0	0	-2	58	62	97	60	938	573	-2	187	-2	157	154	170	-2	-2	-2	-2	-2	-2	199	201	213	146	994	629	21	247	-1
1007001000	-2	9555	1857.778	3522.298	275	298.664	166	5	350.125	285.966	1977.556	350.125	0	0	4	9	9	7171	0	9555	0	-2	-2	0	0	-2	59	67	98	59	941	576	212	188	-2	161	-2	171	-2	-2	-2	-2	-2	-2	205	98	217	146	994	629	264	248	-1
1007001000	-2	9555	1857.778	3522.298	275	298.664	166	5	350.125	285.966	1977.556	350.125	0	0	4	9	9	7171	0	9555	0	-2	-2	0	0	-2	59	67	98	59	941	576	212	188	-2	161	-2	171	-2	-2	-2	-2	-2	-2	205	98	217	146	994	629	264	248	-1
1006001000	-2	10289	3081.667	4381.878	278.375	301.674	165.667	4.497	365.75	275.508	3134.444	365.75	0	0	3	9	9	8473	10289	8979	0	-2	-2	0	0	-2	60	70	98	54	949	584	221	191	-2	162	163	172	-2	-2	-2	-2	-2	-2	208	215	219	146	995	630	265	248	-1
1006001000	-2	10289	3081.667	4381.878	278.375	301.674	165.667	4.497	365.75	275.508	3134.444	365.75	0	0	3	9	9	8473	10289	8979	0	-2	-2	0	0	-2	60	70	98	54	949	584	221	191	-2	162	163	172	-2	-2	-2	-2	-2	-2	208	215	219	146	995	630	265	248	-1
1006001000	-2	9762	2914.889	4161.524	395.5	427.211	169.667	4.19	492.125	421.36	2915.889	492.125	0	0	2	9	9	9762	7452	9028	0	-2	-2	-2	0	-2	62	71	95	56	1251	892	539	198	-2	164	171	174	-2	-2	-2	-2	-2	-2	214	226	222	89	1344	979	614	249	-1
1007001000	-2	9285	1900.889	3574.841	359.5	368.071	166.5	1.5	434.375	359.193	1901.667	434.375	0	0	3	9	9	9285	7831	0	0	-2	-2	-2	0	-2	60	68	74	44	962	911	552	205	-2	165	168	-2	-2	-2	-2	-2	-2	-2	216	223	82	86	1002	987	622	257	-1
1007001000	-2	9285	1900.889	3574.841	359.5	368.071	166.5	1.5	434.375	359.193	1901.667	434.375	0	0	3	9	9	9285	7831	0	0	-2	-2	-2	0	-2	60	68	74	44	962	911	552	205	-2	165	168	-2	-2	-2	-2	-2	-2	-2	216	223	82	86	1002	987	622	257	-1
1007001000	-2	9147	1965.111	3680.21	189.125	165.107	164	1	258.5	166.486	2249.778	258.5	0	0	5	9	9	8543	9147	0	0	0	-2	0	0	-2	59	64	71	45	250	565	265	194	-2	163	165	-2	-2	-2	-2	-2	-2	-2	212	218	82	92	259	656	291	258	-1
1005001000	-2	607	67	190.921	82.625	75.931	131	13.874	264.375	96.104	4492.556	284.875	0	0	6	9	9	0	607	0	-2	0	0	0	0	-2	15	13	17	25	54	195	173	169	-2	138	107	140	139	-2	-2	-2	-2	-2	159	171	162	429	296	211	336	351	-1
1005001000	-2	109	11.667	34.422	82.625	75.931	131	13.874	242.875	95.318	4492.556	284.875	0	0	6	9	9	0	109	0	-2	0	0	0	0	-2	15	13	17	25	54	195	173	169	-2	138	107	140	139	-2	-2	-2	-2	-2	159	138	162	429	296	210	336	213	-1
1007006000	-2	546	91.111	183.126	104.333	11.441	183	3	354.5	470.976	3137.333	559.125	0	0	4	9	9	546	280	0	0	-2	0	-2	0	-2	118	105	-2	90	-2	-2	-2	-2	-2	186	180	-2	-2	-2	-2	-2	-2	-2	225	219	21	141	1459	21	729	21	-1
1007006000	-2	1406	215.889	453.922	106.667	11.813	185.5	4.5	489.875	507.575	3241.333	561	0	0	3	9	9	1406	545	0	0	-2	-2	-2	0	-2	116	114	-2	90	-2	-2	-2	-2	-2	190	181	-2	-2	-2	-2	-2	-2	-2	234	220	21	141	1459	1094	729	21	-1
1007006000	-2	14926	3280.778	6140.366	109.333	14.817	203.5	4.5	500.875	502.215	5360.444	572.125	0	0	3	9	9	14609	0	14926	0	-2	-2	-2	0	-2	112	-2	126	90	-2	-2	-2	-2	-2	199	-2	208	-2	-2	-2	-2	-2	-2	262	21	280	141	1459	1094	729	21	-1
1008003000	-2	11938	1325.778	3751.987	377	429.725	180	0	342.625	423.175	2861.333	491.875	0	0	5	9	9	11938	0	0	0	-2	0	-2	0	-2	94	73	-2	83	1268	-2	538	206	-2	180	-2	-2	-2	-2	-2	-2	-2	-2	229	89	21	144	1354	21	624	259	-1
1007002000	-2	13121	2755.222	5167.296	339.857	408.131	187.5	7.5	370.875	408.034	2861.333	491.875	0	0	4	9	9	11682	0	13121	0	-2	0	-2	0	-2	94	73	118	82	1268	-2	538	206	-2	180	-2	195	-2	-2	-2	-2	-2	-2	229	89	247	144	1354	21	624	259	-1
1007003000	-2	8052	1393.111	2739.18	213.667	313.406	134.5	1.5	227.25	304.659	1647.111	335.625	0	0	5	9	9	4490	8052	0	0	-2	0	0	0	-2	47	42	71	37	906	-2	-2	179	-2	136	133	-2	-2	-2	-2	-2	-2	-2	182	184	85	51	1002	21	21	272	-1
1007003000	-2	8052	1393.111	2739.18	213.667	313.406	134.5	1.5	227.25	304.659	1647.111	335.625	0	0	5	9	9	4490	8052	0	0	-2	0	0	0	-2	47	42	71	37	906	-2	-2	179	-2	136	133	-2	-2	-2	-2	-2	-2	-2	182	184	85	51	1002	21	21	272	-1
1007001000	-2	8592	1535.444	2981.209	257.25	298.566	138	2	344.125	293.438	1548.889	344.125	0	0	4	9	9	5233	8592	0	0	-2	-2	0	0	-2	50	49	71	34	922	558	193	181	-2	140	136	-2	-2	-2	-2	-2	-2	-2	185	186	79	145	1000	635	270	253	-1
1007001000	-2	8592	1535.222	2980.933	257.25	298.566	138	2	344.125	293.438	1548.889	344.125	0	0	4	9	9	5231	8592	0	0	-2	-2	0	0	-2	50	49	71	34	922	558	193	181	-2	140	136	-2	-2	-2	-2	-2	-2	-2	185	186	79	145	1000	635	270	253	-1
1006001000	-2	8964	2166.111	3228.897	261.375	298.336	148.333	8.994	358.875	280.074	2229.222	358.875	0	0	3	9	9	5579	8964	4958	0	-2	-2	0	0	-2	51	51	88	34	926	561	196	184	-2	141	143	161	-2	-2	-2	-2	-2	-2	185	192	205	146	996	631	266	250	-1
1006001000	-2	8964	2166.111	3228.897	261.375	298.336	148.333	8.994	358.875	280.074	2229.222	358.875	0	0	3	9	9	5579	8964	4958	0	-2	-2	0	0	-2	51	51	88	34	926	561	196	184	-2	141	143	161	-2	-2	-2	-2	-2	-2	185	192	205	146	996	631	266	250	-1
1007002000	-2	8727	1583	3057.672	269	314.948	139.5	3.5	311.5	310.146	1950.444	327.875	0	0	4	9	9	5526	8727	0	0	-2	-2	0	0	-2	51	49	71	54	920	555	-2	183	-2	143	136	-2	-2	-2	-2	-2	-2	-2	187	185	80	146	995	630	21	248	-1
1007002000	-2	8754	1587.444	3066.544	269	314.948	139.5	3.5	311.5	310.146	1950.444	327.875	0	0	4	9	9	5539	8754	0	0	-2	-2	0	0	-2	51	49	71	54	920	555	-2	183	-2	143	136	-2	-2	-2	-2	-2	-2	-2	187	185	80	146	995	630	21	248	-1
1007002000	-2	8736	1678.667	3190.878	269.857	314.935	141	4	312.25	309.784	1962.556	328.5	0	0	4	9	9	6378	8736	0	0	-2	-2	0	0	-2	52	52	73	53	921	556	-2	182	-2	145	137	-2	-2	-2	-2	-2	-2	-2	189	187	81	147	995	630	21	248	-1
1007002000	-2	8736	1678.667	3190.878	269.857	314.935	141	4	312.25	309.784	1962.556	328.5	0	0	4	9	9	6378	8736	0	0	-2	-2	0	0	-2	52	52	73	53	921	556	-2	182	-2	145	137	-2	-2	-2	-2	-2	-2	-2	189	187	81	147	995	630	21	248	-1
1007001000	-2	10602	1971.444	3778.634	262.125	301.744	147	2	344.625	290.072	2243.556	344.625	0	0	4	9	9	7147	10602	0	0	-2	-2	0	0	-2	57	54	73	25	932	567	204	185	-2	149	145	-2	-2	-2	-2	-2	-2	-2	196	195	81	147	995	630	265	248	-1
1007001000	-2	10602	1973.111	3780.919	262.125	301.744	147	2	344.625	290.072	2243.556	344.625	0	0	4	9	9	7162	10602	0	0	-2	-2	0	0	-2	57	54	73	25	932	567	204	185	-2	149	145	-2	-2	-2	-2	-2	-2	-2	196	195	81	147	995	630	265	248	-1
1007001000	-2	8953	1761	3331.856	382.375	431.492	153	1	477.375	430.97	1987.889	477.375	0	0	3	9	9	6904	8953	0	0	-2	-2	-2	0	-2	58	56	73	27	1248	884	520	193	-2	152	154	-2	-2	-2	-2	-2	-2	-2	203	205	82	147	1343	978	613	248	-1
1007001000	-2	8953	1761	3331.856	382.375	431.492	153	1	477.375	430.97	1987.889	477.375	0	0	3	9	9	6904	8953	0	0	-2	-2	-2	0	-2	58	56	73	27	1248	884	520	193	-2	152	154	-2	-2	-2	-2	-2	-2	-2	203	205	82	147	1343	978	613	248	-1
1007001000	-2	7487	1577.333	2958.126	264.625	301.103	151.5	0.5	349.875	291.301	1954.889	349.875	0	0	4	9	9	6715	7487	0	0	-2	-2	0	0	-2	54	53	71	26	928	572	221	192	-2	151	152	-2	-2	-2	-2	-2	-2	-2	203	207	82	147	1002	637	272	249	-1
1007001000	-2	7487	1577.333	2958.126	264.625	301.103	151.5	0.5	349.875	291.301	1954.889	349.875	0	0	4	9	9	6715	7487	0	0	-2	-2	0	0	-2	54	53	71	26	928	572	221	192	-2	151	152	-2	-2	-2	-2	-2	-2	-2	203	207	82	147	1002	637	272	249	-1
1007001000	-2	7585	1615.889	3028.706	275.25	257.306	153	1	354.5	228.243	1973.667	354.5	0	0	3	9	9	6966	7585	0	0	-2	-2	-2	0	-2	53	51	72	30	602	659	537	198	-2	152	154	-2	-2	-2	-2	-2	-2	-2	205	208	82	157	630	675	622	257	-1
1007001000	-2	7585	1615.889	3028.706	275.25	257.306	153	1	354.5	228.243	1973.667	354.5	0	0	3	9	9	6966	7585	0	0	-2	-2	-2	0	-2	53	51	72	30	602	659	537	198	-2	152	154	-2	-2	-2	-2	-2	-2	-2	205	208	82	157	630	675	622	257	-1
1005002000	-2	0	-0.778	0.916	46.429	47.446	162.5	56.958	285.875	175.348	6752	348.125	0	0	5	9	9	0	0	0	0	-2	0	-2	-1	-2	12	11	20	19	21	114	128	-2	-2	135	116	139	-2	260	-2	-2	-2	-2	162	144	167	52	429	350	619	364	-1
1005001000	-2	201	22.111	63.25	96.125	73.55	124.5	14.009	224.5	71.542	4335.222	252.25	0	0	7	9	9	0	201	0	0	0	0	0	0	-2	23	20	28	31	127	208	169	163	-2	134	105	141	118	-2	-2	-2	-2	-2	154	161	161	139	290	278	306	307	-1
1006001000	-2	13077	4073.667	5781.919	441.875	443.513	189.667	7.409	509.75	411.548	4253.889	509.75	0	0	2	9	9	11133	12461	13077	0	-2	-2	-2	0	-2	105	105	124	86	1326	961	596	232	-2	183	186	200	-2	-2	-2	-2	-2	-2	237	238	255	142	1349	984	619	254	-1
1006001000	-2	13077	4073.667	5781.919	441.875	443.513	189.667	7.409	509.75	411.548	4253.889	509.75	0	0	2	9	9	11133	12461	13077	0	-2	-2	-2	0	-2	105	105	124	86	1326	961	596	232	-2	183	186	200	-2	-2	-2	-2	-2	-2	237	238	255	142	1349	984	619	254	-1
1007002000	-2	10156	2087.667	3923.107	241.571	295.515	176	10	277.375	282.813	2243.111	353.25	0	0	5	9	9	8637	0	10156	0	-2	0	0	0	-2	79	69	114	66	952	-2	224	187	-2	166	-2	186	-2	-2	-2	-2	-2	-2	210	84	232	144	993	21	263	272	-1
1007002000	-2	10156	2087.667	3923.107	241.571	295.515	176	10	277.375	282.813	2243.111	353.25	0	0	5	9	9	8637	0	10156	0	-2	0	0	0	-2	79	69	114	66	952	-2	224	187	-2	166	-2	186	-2	-2	-2	-2	-2	-2	210	84	232	144	993	21	263	272	-1
1006002000	-2	8532	1560.444	2890.129	151	171.585	129	4.967	218.75	157.297	2213.889	247.25	0	0	4	9	9	4889	8532	0	627	-2	0	0	0	-2	45	39	59	24	547	-2	177	166	-2	133	132	-2	122	-2	-2	-2	-2	-2	180	181	85	156	576	21	278	273	-1
1006002000	-2	8105	1440	2700.12	151	171.585	129	4.967	218.75	157.297	2213.889	247.25	0	0	4	9	9	4271	8105	0	588	-2	0	0	0	-2	45	39	59	24	547	-2	177	166	-2	133	132	-2	122	-2	-2	-2	-2	-2	180	181	85	156	576	21	278	273	-1
1006002000	-2	9104	1876.333	3317.243	252.714	310.162	127.667	4.989	314.25	312.789	1906.778	345.5	0	0	3	9	9	6853	9104	0	936	-2	-2	0	0	-2	46	41	59	23	889	542	-2	169	-2	133	129	-2	121	-2	-2	-2	-2	-2	180	178	80	146	1001	636	21	272	-1
1006002000	-2	9104	1876.333	3317.243	252.714	310.162	127.667	4.989	314.25	312.789	1906.778	345.5	0	0	3	9	9	6853	9104	0	936	-2	-2	0	0	-2	46	41	59	23	889	542	-2	169	-2	133	129	-2	121	-2	-2	-2	-2	-2	180	178	80	146	1001	636	21	272	-1
1007001000	-2	8202	1511.667	2905.242	248	300.459	130.5	2.5	328.375	306.752	1625.556	328.375	0	0	4	9	9	5409	8202	0	0	-2	-2	0	0	-2	46	43	55	10	915	551	188	176	-2	133	128	-2	-2	-2	-2	-2	-2	-2	179	178	82	17	999	634	269	269	-1
1007001000	-2	8795	1547.333	3022.005	245.75	298.571	131	3	327.375	305.506	1928.889	327.375	0	0	4	9	9	5137	8795	0	0	-2	-2	0	0	-2	45	43	55	10	910	545	186	172	-2	134	128	-2	-2	-2	-2	-2	-2	-2	179	178	82	18	996	631	266	269	-1
1007001000	-2	8795	1547.333	3022.005	245.75	298.571	131	3	327.375	305.506	1928.889	327.375	0	0	4	9	9	5137	8795	0	0	-2	-2	0	0	-2	45	43	55	10	910	545	186	172	-2	134	128	-2	-2	-2	-2	-2	-2	-2	179	178	82	18	996	631	266	269	-1
1007001000	-2	8658	1450.222	2894.299	246.125	296.125	133	2	329.625	306.635	2039.889	329.625	0	0	4	9	9	4400	8658	0	0	-2	-2	0	0	-2	46	44	63	10	906	541	185	174	-2	135	131	-2	-2	-2	-2	-2	-2	-2	182	181	82	18	1000	635	270	269	-1
1007001000	-2	8658	1450.222	2894.299	246.125	296.125	133	2	329.625	306.635	2039.889	329.625	0	0	4	9	9	4400	8658	0	0	-2	-2	0	0	-2	46	44	63	10	906	541	185	174	-2	135	131	-2	-2	-2	-2	-2	-2	-2	182	181	82	18	1000	635	270	269	-1
1007001000	-2	8994	1420.111	2927.427	250.5	300.063	136.5	0.5	327.75	304.874	2335.889	327.75	0	0	4	9	9	3793	8994	0	0	-2	-2	0	0	-2	46	45	56	10	916	551	196	184	-2	137	136	-2	-2	-2	-2	-2	-2	-2	188	186	82	18	996	631	266	255	-1
1007001000	-2	8994	1374.222	2892.904	250.5	300.063	136.5	0.5	327.75	304.874	2335.889	327.75	0	0	4	9	9	3380	8994	0	0	-2	-2	0	0	-2	46	45	56	10	916	551	196	184	-2	137	136	-2	-2	-2	-2	-2	-2	-2	188	186	82	18	996	631	266	255	-1
1006001000	-2	9516	1594.444	3181.537	260.875	303.775	140.667	2.357	353.75	288.792	2387.444	353.75	0	0	4	9	9	4840	9516	0	0	-2	-2	0	0	-2	45	49	63	25	931	570	216	188	-2	139	139	-2	144	-2	-2	-2	-2	-2	193	192	83	195	1002	637	272	256	-1
1006001000	-2	9516	1594.444	3181.537	260.875	303.775	140.667	2.357	353.75	288.792	2387.444	353.75	0	0	4	9	9	4840	9516	0	0	-2	-2	0	0	-2	45	49	63	25	931	570	216	188	-2	139	139	-2	144	-2	-2	-2	-2	-2	193	192	83	195	1002	637	272	256	-1
1006001000	-2	9201	1458.556	2999.492	208.5	210.459	136.333	3.771	308.875	195.435	2384.778	308.875	0	0	4	9	9	3932	9201	0	0	-2	-2	0	0	-2	43	45	52	24	574	536	214	180	-2	139	139	-2	131	-2	-2	-2	-2	-2	193	192	83	195	630	638	273	267	-1
1006001000	-2	9201	1458.556	2999.492	208.5	210.459	136.333	3.771	308.875	195.435	2384.778	308.875	0	0	4	9	9	3932	9201	0	0	-2	-2	0	0	-2	43	45	52	24	574	536	214	180	-2	139	139	-2	131	-2	-2	-2	-2	-2	193	192	83	195	630	638	273	267	-1
1006001000	-2	9318	1959.667	3639.948	121.25	90.901	133.333	3.399	218.875	76.108	2190.222	218.875	0	0	5	9	9	8183	9318	0	138	0	0	0	0	-2	34	42	31	23	231	238	201	170	-2	132	138	-2	130	-2	-2	-2	-2	-2	185	191	55	196	259	284	312	269	-1
1003002000	-2	847	191.333	330.381	66.429	51.536	191.5	90.471	232.375	121.786	6037.333	253.375	0	0	4	9	9	847	28	766	0	0	0	0	83	-2	11	9	30	-2	41	119	131	124	-2	102	86	118	-2	277	-2	299	267	-2	156	120	176	21	339	349	340	358	-1
1003002000	-2	847	191.333	330.381	66.429	51.536	191.5	90.471	232.375	121.786	6037.333	253.375	0	0	4	9	9	847	28	766	0	0	0	0	83	-2	11	9	30	-2	41	119	131	124	-2	102	86	118	-2	277	-2	299	267	-2	156	120	176	21	339	349	340	358	-1
1006001000	-2	6789	1636.444	2664.334	273.125	294.303	159.667	6.018	366.125	276.826	3341.222	366.125	0	0	3	9	9	6789	6246	1699	0	-2	-2	0	0	-2	76	53	102	57	931	566	213	187	-2	157	154	168	-2	-2	-2	-2	-2	-2	201	199	209	144	996	631	266	283	-1
1006001000	-2	9022	1778.778	3363.102	187.625	191.942	141.667	5.312	269	164.297	1937.778	269	0	0	5	9	9	6991	9022	0	0	-2	0	0	0	-2	52	46	73	41	648	285	182	174	-2	142	148	-2	135	-2	-2	-2	-2	-2	192	195	87	145	662	297	278	296	-1
1007002000	-2	9842	2178.556	4076.277	96.429	72.983	130	1	162.5	103.025	2325.222	192.75	0	0	6	9	9	9842	9767	0	0	0	0	0	0	-2	43	38	47	12	208	-2	163	164	-2	129	131	-2	-2	-2	-2	-2	-2	-2	177	180	86	21	229	21	290	296	-1
1007001000	-2	9591	1880.444	3558.478	107	73.777	130	1	192.75	91.972	2325.222	192.75	0	0	6	9	9	7335	9591	0	0	0	0	0	0	-2	43	38	47	12	208	181	163	164	-2	129	131	-2	-2	-2	-2	-2	-2	-2	177	180	86	21	229	263	290	296	-1
1007001000	-2	10676	2015.889	3846.913	107.125	76.967	126	0	183.625	86.592	2069.444	183.625	0	0	6	9	9	7469	10676	0	0	0	0	0	0	-2	42	35	42	9	207	195	160	167	-2	126	126	-2	-2	-2	-2	-2	-2	-2	174	175	86	22	227	211	278	296	-1
1007001000	-2	10676	2015.889	3846.913	107.125	76.967	126	0	183.625	86.592	2069.444	183.625	0	0	6	9	9	7469	10676	0	0	0	0	0	0	-2	42	35	42	9	207	195	160	167	-2	126	126	-2	-2	-2	-2	-2	-2	-2	174	175	86	22	227	211	278	296	-1
1006001000	-2	10594	2537.444	3818.57	113.75	84.839	128.333	6.848	197.625	77.716	2784.667	197.625	0	0	5	9	9	5128	10594	7117	0	0	0	0	0	-2	41	37	41	9	212	235	168	167	-2	123	124	138	-2	-2	-2	-2	-2	-2	171	173	183	22	227	261	271	273	-1
1006001000	-2	10201	2471.444	3705.155	113.75	84.839	128.333	6.848	197.625	77.716	2784.667	197.625	0	0	5	9	9	5038	10201	7006	0	0	0	0	0	-2	41	37	41	9	212	235	168	167	-2	123	124	138	-2	-2	-2	-2	-2	-2	171	173	183	22	227	261	271	273	-1
1006001000	-2	9102	2423.667	3544.851	157.125	171.519	126.667	6.018	239.875	147.432	2976.444	239.875	0	0	4	9	9	5290	9102	7425	0	-2	0	0	0	-2	39	35	41	9	563	235	172	163	-2	124	121	135	-2	-2	-2	-2	-2	-2	172	169	181	22	573	260	269	273	-1
1006001000	-2	9413	2452.889	3620.319	157.125	171.519	126.667	6.018	239.875	147.432	2976.444	239.875	0	0	4	9	9	5053	9413	7614	0	-2	0	0	0	-2	39	35	41	9	563	235	172	163	-2	124	121	135	-2	-2	-2	-2	-2	-2	172	169	181	22	573	260	269	273	-1
1006001000	-2	8700	1994.556	3031.57	161.375	178.901	117.333	6.65	256.5	152.241	2595.778	256.5	0	0	4	9	9	4643	8700	0	4612	-2	0	0	0	-2	35	36	38	8	584	243	178	169	-2	123	121	-2	108	-2	-2	-2	-2	-2	172	170	83	196	626	261	271	273	-1
1006001000	-2	8700	1994.556	3031.57	161.375	178.901	117.333	6.65	256.5	152.241	2595.778	256.5	0	0	4	9	9	4643	8700	0	4612	-2	0	0	0	-2	35	36	38	8	584	243	178	169	-2	123	121	-2	108	-2	-2	-2	-2	-2	172	170	83	196	626	261	271	273	-1
1006001000	-2	9582	2079.556	3243.431	164.25	183.291	119.667	6.848	257.75	151.979	2733.333	257.75	0	0	4	9	9	4698	9582	0	4440	-2	0	0	0	-2	33	37	37	9	598	245	182	173	-2	125	124	-2	110	-2	-2	-2	-2	-2	177	174	83	195	627	262	271	273	-1
1006001000	-2	9582	2079.556	3243.431	164.25	183.291	119.667	6.848	257.75	151.979	2733.333	257.75	0	0	4	9	9	4698	9582	0	4440	-2	0	0	0	-2	33	37	37	9	598	245	182	173	-2	125	124	-2	110	-2	-2	-2	-2	-2	177	174	83	195	627	262	271	273	-1
1007001000	-2	7485	1015.889	2345.032	128.125	110.723	122	4	198.875	102.97	2046.667	202	0	0	6	9	9	1660	7485	0	0	0	0	0	0	-2	24	39	31	10	323	241	186	171	-2	118	126	-2	-2	-2	-2	-2	-2	-2	150	176	83	19	332	285	273	273	-1
1007001000	-2	9410	1692.556	3277.805	128.125	110.723	122	4	202	101.812	2046.667	202	0	0	6	9	9	5825	9410	0	0	0	0	0	0	-2	24	39	31	10	323	241	186	171	-2	118	126	-2	-2	-2	-2	-2	-2	-2	175	176	83	19	332	285	273	273	-1
1006001000	-2	9688	2256.333	3410.921	102.125	82.425	116.333	7.846	208.75	63.886	2535.111	208.75	0	0	5	9	9	5677	9688	0	4944	0	0	0	0	-2	18	36	24	9	164	222	181	163	-2	118	125	-2	106	-2	-2	-2	-2	-2	174	175	83	196	209	285	274	274	-1
1004001000	-2	955	217.444	317.412	107.25	87.745	142.4	69.93	237.5	68.229	4390	237.5	0	0	4	9	9	232	955	201	571	0	0	0	0	-2	22	17	24	18	215	204	182	176	-2	113	101	122	95	-2	-2	-2	281	-2	156	149	168	215	290	309	311	302	-1
1005001000	-2	7468	2307.222	3198.889	164.375	164.875	138.5	12.052	275.125	136.957	3125.889	275.125	0	0	3	9	9	6570	6400	7468	331	-2	0	0	0	-2	50	42	66	31	564	207	184	171	-2	137	139	156	122	-2	-2	-2	-2	-2	189	188	204	164	616	251	287	302	-1
1006002000	-2	9344	2872.778	4075.273	83.714	64.247	122	6.377	176.75	102.121	2946.667	203.25	0	0	5	9	9	8037	9344	8476	0	0	0	0	0	-2	38	32	36	9	-2	167	154	150	-2	117	118	131	-2	-2	-2	-2	-2	-2	171	169	179	22	21	264	291	297	-1
1006002000	-2	9764	2936	4171.997	83.714	64.247	122	6.377	176.75	102.121	2946.667	203.25	0	0	5	9	9	8126	9764	8536	0	0	0	0	0	-2	38	32	36	9	-2	167	154	150	-2	117	118	131	-2	-2	-2	-2	-2	-2	171	169	179	22	21	264	291	297	-1
1007001000	-2	7635	1652.556	3093.584	96.375	72.978	110	2	182.75	101.08	1713.111	182.75	0	0	6	9	9	7240	7635	0	0	0	0	0	0	-2	32	31	24	9	182	172	156	165	-2	108	112	-2	-2	-2	-2	-2	-2	-2	161	162	36	22	230	263	290	298	-1
1007001000	-2	7635	1652.556	3093.584	96.375	72.978	110	2	182.75	101.08	1713.111	182.75	0	0	6	9	9	7240	7635	0	0	0	0	0	0	-2	32	31	24	9	182	172	156	165	-2	108	112	-2	-2	-2	-2	-2	-2	-2	161	162	36	22	230	263	290	298	-1
1005001000	-2	8300	2948.333	3424.008	94.5	74.97	107.75	8.584	216.75	53.178	3598	216.75	0	0	4	9	9	4447	8300	6913	6877	0	0	0	0	-2	23	27	22	8	182	174	160	160	-2	107	106	121	97	-2	-2	-2	-2	-2	158	156	169	187	228	261	277	298	-1
1005001000	-2	8018	2683.111	3139.613	94.5	74.97	107.75	8.584	216.75	53.178	3598	216.75	0	0	4	9	9	4625	8018	6654	4853	0	0	0	0	-2	23	27	22	8	182	174	160	160	-2	107	106	121	97	-2	-2	-2	-2	-2	158	156	169	187	228	261	277	298	-1
1005001000	-2	7823	2788.556	3227.529	94.875	75.496	107.25	9.984	213.875	49.911	3727.333	213.875	0	0	4	9	9	4516	6986	7823	5774	0	0	0	0	-2	22	28	22	8	186	175	161	157	-2	108	105	122	94	-2	-2	-2	-2	-2	159	154	170	185	227	261	271	284	-1
1005001000	-2	7823	2788.556	3227.529	94.875	75.496	107.25	9.984	213.875	49.911	3727.333	213.875	0	0	4	9	9	4516	6986	7823	5774	0	0	0	0	-2	22	28	22	8	186	175	161	157	-2	108	105	122	94	-2	-2	-2	-2	-2	159	154	170	185	227	261	271	284	-1
1005001000	-2	7999	2955	3356.177	95.25	76.918	108	12.207	206.875	46.102	3936.333	206.875	0	0	4	9	9	5524	6547	7999	6527	0	0	0	0	-2	20	27	22	7	186	181	162	157	-2	107	105	127	93	-2	-2	-2	-2	-2	159	155	174	179	227	208	271	282	-1
1005001000	-2	8975	3193.111	3668.221	94.125	77.681	106.75	10.848	211.5	49.671	4087.778	211.5	0	0	4	9	9	7615	5567	8975	6583	0	0	0	0	-2	16	27	17	8	178	186	163	158	-2	104	105	124	94	-2	-2	-2	-2	-2	160	155	173	178	209	263	272	282	-1
1005001000	-2	8975	3193.111	3668.221	94.125	77.681	106.75	10.848	211.5	49.671	4087.778	211.5	0	0	4	9	9	7615	5567	8975	6583	0	0	0	0	-2	16	27	17	8	178	186	163	158	-2	104	105	124	94	-2	-2	-2	-2	-2	160	155	173	178	209	263	272	282	-1
1005001000	-2	8415	3123.556	3610.931	93.375	76.154	107.75	11.388	215.5	52.813	3843.222	215.5	0	0	4	9	9	8415	5139	8265	6295	0	0	0	0	-2	15	28	20	8	171	185	162	158	-2	103	107	126	95	-2	-2	-2	-2	-2	160	156	175	181	210	286	273	283	-1
1005001000	-2	8415	3123.556	3610.931	93.375	76.154	107.75	11.388	215.5	52.813	3843.222	215.5	0	0	4	9	9	8415	5139	8265	6295	0	0	0	0	-2	15	28	20	8	171	185	162	158	-2	103	107	126	95	-2	-2	-2	-2	-2	160	156	175	181	210	286	273	283	-1
1005001000	-2	1617	274.333	526.699	112	90.974	114	8.602	222.125	71.557	4288	237.125	0	0	5	9	9	739	1617	115	0	0	0	0	0	-2	22	19	28	18	225	208	192	184	-2	116	112	126	102	-2	-2	-2	-2	-2	160	158	169	121	290	297	280	302	-1
1005001000	-2	13309	4246.444	5050.283	107.625	78.546	128.25	10.109	245.625	50.658	4823.667	245.625	0	0	4	9	9	13309	8812	9982	6117	0	0	0	0	-2	35	36	41	12	219	183	175	160	-2	126	134	140	113	-2	-2	-2	-2	-2	178	181	186	270	286	270	289	305	-1
1004001000	-2	9944	4064.111	4575.29	83	67.393	136	62.408	230	67.43	4363.444	230	0	0	4	9	9	9761	9944	7924	8950	0	0	0	0	-2	20	19	20	8	172	155	144	126	-2	104	108	115	93	-2	-2	-2	260	-2	158	160	164	172	275	315	292	304	-1
1004001000	-2	9802	4114	4613.817	83	67.393	136	62.408	230	67.43	4363.444	230	0	0	4	9	9	9699	9802	8478	9049	0	0	0	0	-2	20	19	20	8	172	155	144	126	-2	104	108	115	93	-2	-2	-2	260	-2	158	160	164	172	275	315	292	304	-1
1004001000	-2	9657	4075.889	4578.857	86.375	72.705	133.6	72.489	224	73.573	4268.556	224	0	0	4	9	9	9463	9657	9537	8028	0	0	0	0	-2	16	17	15	8	173	160	153	149	-2	93	100	108	89	-2	-2	-2	278	-2	148	151	158	148	275	316	293	303	-1
1003002000	-2	3762	946.111	1400.398	14	6.256	132.5	56.429	169.5	119.784	10661.889	226	0	0	5	9	9	0	0	0	0	0	3762	2730	2025	-2	8	10	-2	7	12	18	26	17	-2	77	72	-2	80	-2	180	197	189	-2	101	95	21	99	78	302	336	324	-1
1001001000	-2	3285	1515	1247.556	20.5	13.793	139.625	66.515	228.875	115.887	9021.111	235	0	0	1	9	9	2367	2159	0	1129	3154	3285	-2	1545	-2	8	10	9	7	19	33	46	32	-2	76	72	79	71	174	215	224	206	-2	129	126	99	120	322	351	409	275	-1
1001001000	-2	7992	1218.444	2471.621	35.375	34.205	161.5	81.98	301.5	194.523	7526.444	317.125	0	0	1	9	9	1869	7992	134	979	-2	-2	-2	0	-2	8	8	10	7	20	71	102	57	-2	83	75	86	78	217	251	264	238	-2	138	133	114	129	483	578	570	267	-1
1005001000	-2	2704	573.222	889.827	121.125	100.013	127.25	6.3	251.5	58.892	4763.444	251.5	0	0	4	9	9	1524	2704	383	550	0	0	0	0	-2	22	24	25	17	241	234	212	194	-2	128	130	134	117	-2	-2	-2	-2	-2	181	179	183	330	250	309	276	304	-1
1005001000	-2	10889	3991.778	4554.499	104.5	82.465	124.75	8.258	255.25	59.139	4537.444	255.25	0	0	4	9	9	10889	8970	9025	7044	0	0	0	0	-2	23	34	24	12	214	186	180	163	-2	119	136	129	115	-2	-2	-2	-2	-2	177	185	178	291	291	310	290	320	-1
1005001000	-2	11115	4048.778	4597.216	104.5	82.465	124.75	8.258	255.25	59.139	4537.444	255.25	0	0	4	9	9	11115	8725	7928	8673	0	0	0	0	-2	23	34	24	12	214	186	180	163	-2	119	136	129	115	-2	-2	-2	-2	-2	177	185	178	291	291	310	290	320	-1
1004001000	-2	9651	3505.111	3908.049	75.375	64.546	124	59.272	225.625	79.251	4421.222	225.625	0	0	3	9	9	6400	9651	4945	9387	0	0	0	1165	-2	11	15	14	8	161	142	139	113	-2	91	99	102	86	-2	-2	-2	242	-2	144	151	152	144	276	316	293	329	-1
