1006001000	-2	600	151	223.352	429.5	438.721	189	2.16	503.75	401.376	4178.889	503.75	0	0	2	9	9	387	380	600	0	-2	-2	-2	0	-2	98	91	84	117	1307	942	577	220	-2	191	190	186	-2	-2	-2	-2	-2	-2	269	254	243	142	1328	963	598	233	-1
1006002000	-2	747	202.222	293.811	461.571	451.829	194	4.082	481.625	421.967	4213.333	508	0	0	2	9	9	747	504	577	0	-2	-2	-2	0	-2	117	97	94	127	1297	932	567	-2	-2	199	194	189	-2	-2	-2	-2	-2	-2	293	264	248	141	1327	962	597	21	-1
1006002000	-2	5415	1506.333	2163.333	453.857	446.078	188	2.944	470.375	428.815	2970.667	503.25	0	0	2	9	9	4012	4138	5415	0	-2	-2	-2	0	-2	113	101	117	95	1282	917	552	-2	-2	191	184	189	-2	-2	-2	-2	-2	-2	245	235	232	140	1331	960	599	21	-1
1006002000	-2	5415	1506.333	2163.333	453.857	446.078	188	2.944	470.375	428.815	2970.667	503.25	0	0	2	9	9	4012	4138	5415	0	-2	-2	-2	0	-2	113	101	117	95	1282	917	552	-2	-2	191	184	189	-2	-2	-2	-2	-2	-2	245	235	232	140	1331	960	599	21	-1
1006002000	-2	6171	1521.333	2263.558	459.714	449.273	188.667	1.886	468	425.83	2870.444	493.75	0	0	2	9	9	4274	3255	6171	0	-2	-2	-2	0	-2	114	107	114	102	1292	927	562	-2	-2	190	186	190	-2	-2	-2	-2	-2	-2	240	237	234	141	1322	957	592	21	-1
1006002000	-2	6171	1524.222	2265.882	459.714	449.273	188.667	1.886	468	425.83	2870.444	493.75	0	0	2	9	9	4276	3279	6171	0	-2	-2	-2	0	-2	114	107	114	102	1292	927	562	-2	-2	190	186	190	-2	-2	-2	-2	-2	-2	240	237	234	141	1322	957	592	21	-1
1006005000	-2	5578	1177.444	1866.107	110.75	4.603	189.333	1.247	562.125	454.112	2814.111	562.125	0	0	1	9	9	2693	2335	5578	0	-2	-2	-2	-1	-2	115	112	113	103	-2	-2	-2	-2	-2	191	189	188	-2	-2	-2	-2	-2	-2	241	239	231	140	1459	1094	729	364	-1
1006005000	-2	5578	1177.444	1866.107	110.75	4.603	189.333	1.247	562.125	454.112	2814.111	562.125	0	0	1	9	9	2693	2335	5578	0	-2	-2	-2	-1	-2	115	112	113	103	-2	-2	-2	-2	-2	191	189	188	-2	-2	-2	-2	-2	-2	241	239	231	140	1459	1094	729	364	-1
1007005000	-2	4357	708.889	1437.196	113.75	5.804	189	1	548	465.526	1840.778	548	0	0	2	9	9	0	2032	4357	0	-2	-2	-2	-1	-2	119	117	115	104	-2	-2	-2	-2	-2	-2	190	188	-2	-2	-2	-2	-2	-2	127	240	231	140	1459	1094	729	364	-1
1007005000	-2	3218	591.111	1138.574	113.75	5.804	189	1	548	465.526	1840.778	548	0	0	2	9	9	0	2111	3218	0	-2	-2	-2	-1	-2	119	117	115	104	-2	-2	-2	-2	-2	-2	190	188	-2	-2	-2	-2	-2	-2	127	240	231	140	1459	1094	729	364	-1
1006005000	-2	5538	1370.889	2063.873	113.5	6.185	191	2.944	563.75	452.966	3002	563.75	0	0	1	9	9	5538	2568	4241	0	-2	-2	-2	-1	-2	118	118	115	103	-2	-2	-2	-2	-2	192	194	187	-2	-2	-2	-2	-2	-2	246	247	231	140	1459	1094	729	364	-1
1008003000	-2	516	56.333	162.519	428.5	511.75	192	0	497.5	431.075	1639.222	497.5	0	0	3	9	9	0	0	516	0	-2	-2	-2	-1	-2	68	54	81	95	1319	954	-2	-2	-2	-2	-2	192	-2	-2	-2	-2	-2	-2	84	78	296	142	1326	961	729	364	-1
1006001000	-2	522	148.778	219.854	430.25	431.374	196	3.266	504.875	388.495	4643.333	512	0	0	2	9	9	516	309	522	0	-2	-2	-2	0	-2	117	98	96	121	1298	933	568	211	-2	200	192	196	-2	-2	-2	-2	-2	-2	307	262	264	141	1309	944	579	233	-1
1006002000	-2	2776	730	1095.977	485.714	453.979	206.667	3.3	489.75	422.689	4181.222	517.625	0	0	2	9	9	1321	2481	2776	0	-2	-2	-2	0	-2	143	130	128	122	1324	959	594	-2	-2	209	202	209	-2	-2	-2	-2	-2	-2	279	276	291	141	1335	970	605	21	-1
1006005000	-2	7297	1643.444	2623.378	130.75	8.584	208.333	3.859	536.125	476.515	4031	579	0	0	2	9	9	2192	7297	5310	0	-2	-2	-2	0	-2	144	130	129	120	-2	-2	-2	-2	-2	210	203	212	-2	-2	-2	-2	-2	-2	279	277	291	139	1459	1094	729	21	-1
1006005000	-2	7297	1643.444	2623.378	130.75	8.584	208.333	3.859	536.125	476.515	4031	579	0	0	2	9	9	2192	7297	5310	0	-2	-2	-2	0	-2	144	130	129	120	-2	-2	-2	-2	-2	210	203	212	-2	-2	-2	-2	-2	-2	279	277	291	139	1459	1094	729	21	-1
1006002000	-2	11913	3913.889	5537.877	476	449.105	204.333	1.886	488	420.571	3914.778	519.75	0	0	2	9	9	11504	11913	11816	0	-2	-2	-2	0	-2	141	125	126	111	1308	943	578	-2	-2	207	203	203	-2	-2	-2	-2	-2	-2	290	290	268	140	1330	965	600	21	-1
1007003000	-2	9990	1888.333	3603.857	511.833	456.8	190.5	1.5	444.25	449.413	3095.222	503.125	0	0	3	9	9	9990	0	7013	0	-2	-2	-2	0	-2	115	-2	118	87	1282	917	552	-2	-2	192	-2	189	-2	-2	-2	-2	-2	-2	245	21	233	139	1330	965	600	21	-1
1007003000	-2	9990	1888.333	3603.857	511.833	456.8	190.5	1.5	444.25	449.413	3095.222	503.125	0	0	3	9	9	9990	0	7013	0	-2	-2	-2	0	-2	115	-2	118	87	1282	917	552	-2	-2	192	-2	189	-2	-2	-2	-2	-2	-2	245	21	233	139	1330	965	600	21	-1
1007004000	-2	9698	1904.444	3604.188	614.2	468.427	187.5	1.5	425.5	458.496	3059.889	492.375	0	0	3	9	9	9698	0	7450	0	-2	-2	-2	0	-2	114	-2	116	-2	1312	947	582	-2	-2	189	-2	186	-2	-2	-2	-2	-2	-2	238	21	229	21	1323	958	593	21	-1
1007004000	-2	9698	1905.444	3605.727	614.2	468.427	187.5	1.5	425.5	458.496	3059.889	492.375	0	0	3	9	9	9698	0	7459	0	-2	-2	-2	0	-2	114	-2	116	-2	1312	947	582	-2	-2	189	-2	186	-2	-2	-2	-2	-2	-2	238	21	229	21	1323	958	593	21	-1
1006006000	-2	9369	1909.111	3112.994	111.667	4.784	185	3.266	545.375	470.63	3007.333	560.25	0	0	1	9	9	9369	3003	4819	0	-2	-2	-2	-1	-2	114	105	116	-2	-2	-2	-2	-2	-2	189	181	185	-2	-2	-2	-2	-2	-2	237	231	228	21	1459	1094	729	364	-1
1006005000	-2	8924	2158.333	3218.584	107.5	8.322	185	3.266	517.375	486.967	3007.333	560.25	0	0	2	9	9	8924	4866	5643	0	-2	-2	-2	0	-2	114	105	116	95	-2	-2	-2	-2	-2	189	181	185	-2	-2	-2	-2	-2	-2	237	231	228	140	1459	1094	729	21	-1
1006005000	-2	8118	2040.889	3134.582	107.25	7.949	185.333	2.867	560.375	455.37	2889.778	560.375	0	0	1	9	9	8118	7052	3207	0	-2	-2	-2	-1	-2	111	109	115	94	-2	-2	-2	-2	-2	189	182	185	-2	-2	-2	-2	-2	-2	237	234	226	140	1459	1094	729	364	-1
1006005000	-2	8868	1685.556	2876.606	107.25	7.949	185.333	2.867	560.375	455.37	2889.778	560.375	0	0	1	9	9	8868	4018	2293	0	-2	-2	-2	-1	-2	111	109	115	94	-2	-2	-2	-2	-2	189	182	185	-2	-2	-2	-2	-2	-2	237	234	226	140	1459	1094	729	364	-1
1006005000	-2	9461	2315.333	3467.271	108.25	7.293	187.333	1.7	562.125	454.118	3000.778	562.125	0	0	1	9	9	9461	6721	4665	0	-2	-2	-2	-1	-2	110	112	115	96	-2	-2	-2	-2	-2	189	188	185	-2	-2	-2	-2	-2	-2	240	242	229	140	1459	1094	729	364	-1
1006005000	-2	9185	2469.222	3694.083	108.25	7.293	187.333	1.7	562.125	454.118	3000.778	562.125	0	0	1	9	9	9185	8550	4497	0	-2	-2	-2	-1	-2	110	112	115	96	-2	-2	-2	-2	-2	189	188	185	-2	-2	-2	-2	-2	-2	240	242	229	140	1459	1094	729	364	-1
1006005000	-2	9495	2185	3355.037	110.25	8.613	193	2.16	568.25	449.634	2901.333	568.25	0	0	1	9	9	9495	4014	6165	0	-2	-2	-2	-1	-2	111	116	118	96	-2	-2	-2	-2	-2	192	196	191	-2	-2	-2	-2	-2	-2	255	258	242	145	1459	1094	729	364	-1
1006005000	-2	9830	2349.222	3543.405	110.25	8.613	193	2.16	568.25	449.634	2901.333	568.25	0	0	1	9	9	9830	4674	6648	0	-2	-2	-2	-1	-2	111	116	118	96	-2	-2	-2	-2	-2	192	196	191	-2	-2	-2	-2	-2	-2	255	258	242	145	1459	1094	729	364	-1
1006005000	-2	8538	2816.111	3985.163	116.5	7.533	199.333	1.247	578.625	442.556	3180.778	578.625	0	0	1	9	9	8512	8538	8304	0	-2	-2	-2	-1	-2	118	120	124	104	-2	-2	-2	-2	-2	199	201	198	-2	-2	-2	-2	-2	-2	276	300	262	145	1459	1094	729	364	-1
1006005000	-2	9145	2886.778	4089.376	120.75	8.227	204.667	4.497	581.75	440.382	3180	581.75	0	0	1	9	9	8410	8435	9145	0	-2	-2	-2	-1	-2	128	122	126	107	-2	-2	-2	-2	-2	202	211	201	-2	-2	-2	-2	-2	-2	291	301	270	146	1459	1094	729	364	-1
1006005000	-2	10031	3126.111	4440.73	120.75	8.227	204.667	4.497	581.75	440.382	3180	581.75	0	0	1	9	9	10031	8435	9678	0	-2	-2	-2	-1	-2	128	122	126	107	-2	-2	-2	-2	-2	202	211	201	-2	-2	-2	-2	-2	-2	291	301	270	146	1459	1094	729	364	-1
1006005000	-2	9735	2388	3740.741	127.75	2.165	214	8.042	586.25	437.6	2391.667	586.25	0	0	1	9	9	8459	3307	9735	0	-2	-2	-2	-1	-2	127	131	125	128	-2	-2	-2	-2	-2	211	225	206	-2	-2	-2	-2	-2	-2	302	302	300	140	1459	1094	729	364	-1
1006005000	-2	9525	2471	3854.613	126.75	3.112	213.333	7.587	587.25	436.908	2489.556	587.25	0	0	1	9	9	9525	3445	9278	0	-2	-2	-2	-1	-2	126	129	122	130	-2	-2	-2	-2	-2	209	224	207	-2	-2	-2	-2	-2	-2	303	308	300	141	1459	1094	729	364	-1
1006005000	-2	9676	2691.667	4001.91	126.25	3.269	212	6.377	584.875	438.462	2709.111	584.875	0	0	1	9	9	9676	5071	9487	0	-2	-2	-2	-1	-2	127	125	122	131	-2	-2	-2	-2	-2	207	221	208	-2	-2	-2	-2	-2	-2	294	304	294	141	1459	1094	729	364	-1
1006005000	-2	9676	2691.111	4000.967	126.25	3.269	212	6.377	584.875	438.462	2709.111	584.875	0	0	1	9	9	9676	5071	9482	0	-2	-2	-2	-1	-2	127	125	122	131	-2	-2	-2	-2	-2	207	221	208	-2	-2	-2	-2	-2	-2	294	304	294	141	1459	1094	729	364	-1
1007002000	-2	479	52.556	150.774	390.714	455.814	203	1	401.25	422.038	3171.667	479.375	0	0	5	9	9	0	0	479	0	-2	-2	0	0	-2	98	55	85	94	1273	908	-2	222	-2	202	-2	204	-2	-2	-2	-2	-2	-2	226	78	333	128	1280	915	21	229	-1
1007001000	-2	1384	183.333	433.083	436.625	429.524	202	5	492.75	401.218	3143.333	508.125	0	0	3	9	9	0	274	1384	0	-2	-2	-2	0	-2	121	100	117	132	1302	937	572	212	-2	-2	197	207	-2	-2	-2	-2	-2	-2	135	263	324	140	1313	948	583	236	-1
1007002000	-2	1850	220.889	577.803	471.857	450.772	201	6	461.875	427.903	3001	494.5	0	0	3	9	9	0	146	1850	0	-2	-2	-2	0	-2	127	103	121	129	1306	941	576	-2	-2	-2	195	207	-2	-2	-2	-2	-2	-2	135	253	289	141	1317	952	587	21	-1
1007002000	-2	623	94.667	201.014	471.857	450.772	201	6	456.25	430.427	3001	494.5	0	0	3	9	9	0	237	623	0	-2	-2	-2	0	-2	127	103	121	129	1306	941	576	-2	-2	-2	195	207	-2	-2	-2	-2	-2	-2	135	253	244	141	1317	952	587	21	-1
1006005000	-2	9910	3033.556	4325.086	131.5	9.233	216.667	3.771	538	475.517	3041.333	580.875	0	0	2	9	9	9592	7808	9910	0	-2	-2	-2	0	-2	145	132	130	119	-2	-2	-2	-2	-2	214	214	222	-2	-2	-2	-2	-2	-2	290	280	292	139	1459	1094	729	21	-1
1007004000	-2	8902	1673.222	3198.19	589.8	454.043	189.5	2.5	413.25	441.224	3320.667	505.25	0	0	3	9	9	0	8902	6165	0	-2	-2	-2	0	-2	-2	102	120	-2	1274	909	544	-2	-2	-2	187	192	-2	-2	-2	-2	-2	-2	21	244	239	21	1285	920	555	21	-1
1007004000	-2	8902	1673.222	3198.19	589.8	454.043	189.5	2.5	413.25	441.224	3320.667	505.25	0	0	3	9	9	0	8902	6165	0	-2	-2	-2	0	-2	-2	102	120	-2	1274	909	544	-2	-2	-2	187	192	-2	-2	-2	-2	-2	-2	21	244	239	21	1285	920	555	21	-1
1006003000	-2	9275	2699.444	3886.827	512.5	457.029	185.333	3.3	458.375	447.456	3038.444	501.25	0	0	2	9	9	9275	8655	6373	0	-2	-2	-2	0	-2	106	97	118	-2	1283	918	553	-2	-2	189	181	186	-2	-2	-2	-2	-2	-2	239	232	229	21	1340	975	610	21	-1
1007004000	-2	9149	1929	3617.6	593.8	459.339	183.5	2.5	431.125	466.23	3038.444	501.25	0	0	3	9	9	0	9149	8220	0	-2	-2	-2	0	-2	-2	97	118	-2	1283	918	553	-2	-2	-2	181	186	-2	-2	-2	-2	-2	-2	21	232	229	21	1340	975	610	21	-1
1007002000	-2	10173	2046.778	3857.86	453.143	454.52	186.5	1.5	449.625	439.384	2058.222	475.625	0	0	3	9	9	10173	0	8256	0	-2	-2	-2	0	-2	107	88	116	80	1292	927	562	-2	-2	188	-2	185	-2	-2	-2	-2	-2	-2	234	96	228	141	1324	959	594	21	-1
1007002000	-2	10173	2046.778	3857.86	453.143	454.52	186.5	1.5	449.625	439.384	2058.222	475.625	0	0	3	9	9	10173	0	8256	0	-2	-2	-2	0	-2	107	88	116	80	1292	927	562	-2	-2	188	-2	185	-2	-2	-2	-2	-2	-2	234	96	228	141	1324	959	594	21	-1
1006002000	-2	9556	2708.333	3905.56	457.857	457.092	181.333	3.3	509.125	399.466	2813	509.125	0	0	1	9	9	9556	8425	6403	0	-2	-2	-2	-1	-2	109	99	115	77	1300	935	570	-2	-2	186	179	179	-2	-2	-2	-2	-2	-2	232	228	222	141	1327	962	597	364	-1
1006002000	-2	9556	2708.333	3905.56	457.857	457.092	181.333	3.3	509.125	399.466	2813	509.125	0	0	1	9	9	9556	8425	6403	0	-2	-2	-2	-1	-2	109	99	115	77	1300	935	570	-2	-2	186	179	179	-2	-2	-2	-2	-2	-2	232	228	222	141	1327	962	597	364	-1
1006005000	-2	9371	2664.778	3844.923	101	14.646	181	3.559	559.375	455.974	2838	559.375	0	0	1	9	9	9371	8373	6248	0	-2	-2	-2	-1	-2	109	106	113	76	-2	-2	-2	-2	-2	186	179	178	-2	-2	-2	-2	-2	-2	232	231	221	145	1459	1094	729	364	-1
1006005000	-2	9366	2661.778	3841.371	101	14.646	181	3.559	559.375	455.974	2838	559.375	0	0	1	9	9	9366	8368	6231	0	-2	-2	-2	-1	-2	109	106	113	76	-2	-2	-2	-2	-2	186	179	178	-2	-2	-2	-2	-2	-2	232	231	221	145	1459	1094	729	364	-1
1006002000	-2	9027	2644.222	3801.223	455.286	453.674	182.333	2.625	504.625	405.011	2953.444	504.625	0	0	1	9	9	9027	8453	6327	0	-2	-2	-2	-1	-2	108	108	115	72	1293	928	563	-2	-2	186	180	181	-2	-2	-2	-2	-2	-2	233	233	227	91	1328	963	598	364	-1
1006002000	-2	9027	2644.222	3801.223	455.286	453.674	182.333	2.625	504.625	405.011	2953.444	504.625	0	0	1	9	9	9027	8453	6327	0	-2	-2	-2	-1	-2	108	108	115	72	1293	928	563	-2	-2	186	180	181	-2	-2	-2	-2	-2	-2	233	233	227	91	1328	963	598	364	-1
1006005000	-2	8759	2553.667	3641.202	103.25	15.466	186.333	0.943	556.25	460.08	2887.444	556.25	0	0	1	9	9	8759	7058	7175	0	-2	-2	-2	-1	-2	109	110	117	77	-2	-2	-2	-2	-2	187	185	187	-2	-2	-2	-2	-2	-2	239	242	237	86	1459	1094	729	364	-1
1006005000	-2	10350	2891.889	4169.341	105.5	16.771	193	2.828	563.5	455.19	3061	563.5	0	0	1	9	9	10350	8729	6957	0	-2	-2	-2	-1	-2	110	116	119	77	-2	-2	-2	-2	-2	191	197	191	-2	-2	-2	-2	-2	-2	257	271	248	86	1459	1094	729	364	-1
1006005000	-2	10350	2891.889	4169.341	105.5	16.771	193	2.828	563.5	455.19	3061	563.5	0	0	1	9	9	10350	8729	6957	0	-2	-2	-2	-1	-2	110	116	119	77	-2	-2	-2	-2	-2	191	197	191	-2	-2	-2	-2	-2	-2	257	271	248	86	1459	1094	729	364	-1
1007001000	-2	9976	2045.333	3845.686	435.25	431.586	202.5	4.5	497.5	409.445	2090.556	497.5	0	0	3	9	9	0	9976	8440	0	-2	-2	-2	0	-2	111	119	121	94	1303	938	573	223	-2	-2	207	198	-2	-2	-2	-2	-2	-2	125	315	264	146	1330	965	600	235	-1
1007001000	-2	9976	2028.667	3818.163	435.25	431.586	202.5	4.5	497.5	409.445	2090.556	497.5	0	0	3	9	9	0	9976	8290	0	-2	-2	-2	0	-2	111	119	121	94	1303	938	573	223	-2	-2	207	198	-2	-2	-2	-2	-2	-2	125	315	264	146	1330	965	600	235	-1
1007001000	-2	9491	1891	3569.741	427	426.627	201	9	496.75	410.52	1952	496.75	0	0	3	9	9	0	9491	7536	0	-2	-2	-2	0	-2	110	119	115	95	1288	923	559	207	-2	-2	210	192	-2	-2	-2	-2	-2	-2	125	315	254	146	1331	966	601	236	-1
1007001000	-2	9491	1937.889	3645.547	427	426.627	201	9	496.75	410.52	1952	496.75	0	0	3	9	9	0	9491	7958	0	-2	-2	-2	0	-2	110	119	115	95	1288	923	559	207	-2	-2	210	192	-2	-2	-2	-2	-2	-2	125	315	254	146	1331	966	601	236	-1
1007001000	-2	8473	1759.556	3304.19	438.125	434.351	205.5	7.5	498.75	409.894	1760.333	498.75	0	0	3	9	9	0	7371	8473	0	-2	-2	-2	0	-2	111	119	116	103	1310	945	580	221	-2	-2	213	198	-2	-2	-2	-2	-2	-2	125	310	270	147	1332	967	602	237	-1
1006002000	-2	8242	2477.222	3546.542	477.143	463.814	202.333	6.128	537	391.01	3017.444	537	0	0	1	9	9	8242	7934	6128	0	-2	-2	-2	-1	-2	111	119	116	105	1328	963	598	-2	-2	198	211	198	-2	-2	-2	-2	-2	-2	283	309	269	140	1342	977	612	364	-1
1006004000	-2	0	-0.778	0.916	52.6	49.938	197.333	2.055	442.125	290.282	3453.222	475.75	0	0	5	9	9	0	0	0	0	0	-2	-2	-1	-2	31	22	23	35	152	-2	-2	-2	-2	197	200	195	-2	-2	-2	-2	-2	-2	232	234	231	358	295	1094	729	364	-1
1006001000	-2	1901	349.444	611.919	445.625	433.147	201.667	7.364	519	401.381	4742.111	520.5	0	0	2	9	9	815	437	1901	0	-2	-2	-2	0	-2	138	100	122	131	1316	951	586	221	-2	201	193	211	-2	-2	-2	-2	-2	-2	279	254	304	141	1344	975	610	245	-1
1007002000	-2	1305	212	431.002	479.286	455.197	202.5	4.5	460.75	437.067	2678.667	495.5	0	0	3	9	9	611	0	1305	0	-2	-2	-2	0	-2	141	102	132	118	1319	954	589	-2	-2	198	-2	207	-2	-2	-2	-2	-2	-2	255	122	263	130	1330	965	600	21	-1
1007002000	-2	823	143.889	283.119	480.286	457.516	201.5	4.5	461.875	438.569	2378.444	495.625	0	0	3	9	9	480	0	823	0	-2	-2	-2	0	-2	141	107	127	113	1323	958	593	-2	-2	197	-2	206	-2	-2	-2	-2	-2	-2	245	123	258	141	1334	969	604	21	-1
1007002000	-2	807	141.889	278.599	480.286	457.516	201.5	4.5	461.875	438.569	2378.444	495.625	0	0	3	9	9	478	0	807	0	-2	-2	-2	0	-2	141	107	127	113	1323	958	593	-2	-2	197	-2	206	-2	-2	-2	-2	-2	-2	245	123	258	141	1334	969	604	21	-1
1007006000	-2	2621	386.111	834.73	129.667	13.573	210	1	495	505.051	4276.222	579.875	0	0	3	9	9	862	2621	0	0	-2	-2	-2	0	-2	145	132	-2	112	-2	-2	-2	-2	-2	209	211	-2	-2	-2	-2	-2	-2	-2	240	257	21	139	1459	1094	729	21	-1
1007006000	-2	4379	779.111	1516.114	129.667	13.573	210	1	502.375	501.585	4276.222	579.875	0	0	3	9	9	2641	4379	0	0	-2	-2	-2	0	-2	145	132	-2	112	-2	-2	-2	-2	-2	209	211	-2	-2	-2	-2	-2	-2	-2	275	281	21	139	1459	1094	729	21	-1
1006006000	-2	12190	3735.444	5299.756	129	7.874	206.667	4.19	520.5	490.692	3737.556	578.125	0	0	2	9	9	12190	10720	10717	0	-2	-2	-2	0	-2	140	122	125	-2	-2	-2	-2	-2	-2	211	201	208	-2	-2	-2	-2	-2	-2	299	268	273	21	1459	1094	729	21	-1
1006005000	-2	10333	3350.778	4741.961	121	15.443	206.667	4.19	535.25	477.04	3737.556	578.125	0	0	2	9	9	9908	9924	10333	0	-2	-2	-2	0	-2	140	122	125	97	-2	-2	-2	-2	-2	211	201	208	-2	-2	-2	-2	-2	-2	299	268	273	139	1459	1094	729	21	-1
1007003000	-2	9182	2003.222	3750.091	440.833	485.939	191	5	389	459.873	2114.222	490.625	0	0	4	9	9	0	8853	9182	0	-2	-2	0	0	-2	114	100	123	85	1294	929	-2	-2	-2	-2	186	196	-2	-2	-2	-2	-2	-2	124	242	248	141	1340	975	21	21	-1
1007003000	-2	9182	2003.222	3750.091	440.833	485.939	191	5	389	459.873	2114.222	490.625	0	0	4	9	9	0	8853	9182	0	-2	-2	0	0	-2	114	100	123	85	1294	929	-2	-2	-2	-2	186	196	-2	-2	-2	-2	-2	-2	124	242	248	141	1340	975	21	21	-1
1006002000	-2	7907	2387.778	3394.251	428.571	439.479	176.667	4.784	469.25	436.594	2404.667	497.25	0	0	2	9	9	7044	7907	6547	0	-2	-2	-2	0	-2	95	71	115	70	1248	883	518	-2	-2	181	170	179	-2	-2	-2	-2	-2	-2	224	219	221	144	1340	975	610	21	-1
1006002000	-2	7907	2403.889	3414.24	428.571	439.479	176.667	4.784	469.25	436.594	2404.667	497.25	0	0	2	9	9	7044	7907	6692	0	-2	-2	-2	0	-2	95	71	115	70	1248	883	518	-2	-2	181	170	179	-2	-2	-2	-2	-2	-2	224	219	221	144	1340	975	610	21	-1
1006002000	-2	7200	2281.444	3231.566	441.143	453.03	174.667	4.028	468.125	437.234	2282.222	496.125	0	0	2	9	9	6692	7200	6649	0	-2	-2	-2	0	-2	101	71	109	68	1278	913	548	-2	-2	178	169	177	-2	-2	-2	-2	-2	-2	220	216	219	144	1340	975	610	21	-1
1006002000	-2	7200	2281.444	3231.566	441.143	453.03	174.667	4.028	468.125	437.234	2282.222	496.125	0	0	2	9	9	6692	7200	6649	0	-2	-2	-2	0	-2	101	71	109	68	1278	913	548	-2	-2	178	169	177	-2	-2	-2	-2	-2	-2	220	216	219	144	1340	975	610	21	-1
1007001000	-2	6758	1488	2786.065	410.625	429.393	176.5	0.5	481	425.494	1488.778	481	0	0	3	9	9	6758	0	6642	0	-2	-2	-2	0	-2	103	74	108	68	1275	910	545	202	-2	177	-2	176	-2	-2	-2	-2	-2	-2	221	97	219	145	1339	974	609	244	-1
1007001000	-2	6758	1488	2786.065	410.625	429.393	176.5	0.5	481	425.494	1488.778	481	0	0	3	9	9	6758	0	6642	0	-2	-2	-2	0	-2	103	74	108	68	1275	910	545	202	-2	177	-2	176	-2	-2	-2	-2	-2	-2	221	97	219	145	1339	974	609	244	-1
1007001000	-2	7503	1572.556	2950.849	410.5	426.475	176.5	0.5	472.25	429.692	1573.333	472.25	0	0	3	9	9	7503	0	6658	0	-2	-2	-2	0	-2	102	86	112	68	1271	906	541	198	-2	176	-2	177	-2	-2	-2	-2	-2	-2	220	97	220	91	1335	970	605	240	-1
1007001000	-2	7503	1572.556	2950.849	410.5	426.475	176.5	0.5	472.25	429.692	1573.333	472.25	0	0	3	9	9	7503	0	6658	0	-2	-2	-2	0	-2	102	86	112	68	1271	906	541	198	-2	176	-2	177	-2	-2	-2	-2	-2	-2	220	97	220	91	1335	970	605	240	-1
1007002000	-2	7372	1569.333	2941.631	443.143	451.435	176.5	0.5	445	449.421	1570.111	472.25	0	0	3	9	9	7372	0	6760	0	-2	-2	-2	0	-2	100	82	112	69	1278	913	548	-2	-2	176	-2	177	-2	-2	-2	-2	-2	-2	221	97	223	91	1334	969	604	21	-1
1007002000	-2	8047	1709.222	3204.088	443.429	451.99	179.5	0.5	445.625	448.067	1710	472.625	0	0	3	9	9	8047	0	7344	0	-2	-2	-2	0	-2	97	83	113	69	1279	914	549	-2	-2	179	-2	180	-2	-2	-2	-2	-2	-2	230	97	230	86	1332	967	602	21	-1
1007002000	-2	8047	1709.222	3204.088	443.429	451.99	179.5	0.5	445.625	448.067	1710	472.625	0	0	3	9	9	8047	0	7344	0	-2	-2	-2	0	-2	97	83	113	69	1279	914	549	-2	-2	179	-2	180	-2	-2	-2	-2	-2	-2	230	97	230	86	1332	967	602	21	-1
1007001000	-2	7943	1709.889	3203.122	413.875	431.897	180	1	472.75	427.641	1710.667	472.75	0	0	3	9	9	7943	0	7454	0	-2	-2	-2	0	-2	96	83	110	70	1282	917	552	201	-2	179	-2	181	-2	-2	-2	-2	-2	-2	230	97	231	86	1332	967	602	237	-1
1006001000	-2	8888	2761.889	3921.994	416.375	429.557	184.333	1.7	493.625	412.499	2773.667	493.625	0	0	2	9	9	8469	8888	7508	0	-2	-2	-2	0	-2	94	105	107	71	1281	916	552	205	-2	182	186	185	-2	-2	-2	-2	-2	-2	238	249	238	86	1332	967	602	237	-1
1007001000	-2	8135	1799.556	3368.834	418.125	433.173	188.5	1.5	477.75	426.436	1851.444	477.75	0	0	3	9	9	0	8069	8135	0	-2	-2	-2	0	-2	83	109	108	71	1288	923	558	205	-2	-2	190	187	-2	-2	-2	-2	-2	-2	91	257	242	86	1334	969	604	239	-1
1007001000	-2	8135	1799.556	3368.834	418.125	433.173	188.5	1.5	477.75	426.436	1851.444	477.75	0	0	3	9	9	0	8069	8135	0	-2	-2	-2	0	-2	83	109	108	71	1288	923	558	205	-2	-2	190	187	-2	-2	-2	-2	-2	-2	91	257	242	86	1334	969	604	239	-1
1007001000	-2	7832	1712	3205.53	418.875	436.687	184.5	0.5	480.875	430.137	1712.889	480.875	0	0	3	9	9	7584	0	7832	0	-2	-2	-2	0	-2	83	89	107	73	1293	928	565	213	-2	184	-2	185	-2	-2	-2	-2	-2	-2	242	97	239	87	1343	978	613	248	-1
1007001000	-2	7832	1712	3205.53	418.875	436.687	184.5	0.5	480.875	430.137	1712.889	480.875	0	0	3	9	9	7584	0	7832	0	-2	-2	-2	0	-2	83	89	107	73	1293	928	565	213	-2	184	-2	185	-2	-2	-2	-2	-2	-2	242	97	239	87	1343	978	613	248	-1
1008001000	-2	7480	830.222	2351.052	421.25	438.04	185	0	462	443.235	895.333	462	0	0	4	9	9	0	0	7480	0	-2	-2	-2	0	-2	83	83	106	74	1294	934	572	224	-2	-2	-2	185	-2	-2	-2	-2	-2	-2	92	98	237	87	1343	978	613	248	-1
1005001000	-2	0	-0.444	0.831	148.375	178.589	189.75	43.095	288.875	127.122	5466.444	342.375	0	0	7	9	9	0	0	0	0	0	-2	0	0	-2	27	20	20	29	90	571	249	181	-2	163	160	172	264	-2	-2	-2	-2	-2	192	187	202	362	295	591	260	222	-1
1006002000	-2	899	177.667	294.037	473.714	459.607	190.333	7.364	468.75	430.564	2728.778	503.5	0	0	2	9	9	395	313	899	0	-2	-2	-2	0	-2	138	100	121	95	1319	954	589	-2	-2	191	181	199	-2	-2	-2	-2	-2	-2	233	221	240	140	1330	965	600	21	-1
1006005000	-2	2813	616.556	991.175	126.75	13.627	200.333	6.848	523.875	483.318	2973.222	566.75	0	0	2	9	9	831	1913	2813	0	-2	-2	-2	0	-2	140	130	133	104	-2	-2	-2	-2	-2	196	195	210	-2	-2	-2	-2	-2	-2	243	241	266	138	1459	1094	729	21	-1
1006005000	-2	12645	3910.222	5544.308	125.5	14.045	210.333	4.028	539.5	474.791	4480.667	582.375	0	0	2	9	9	12645	11241	11314	0	-2	-2	-2	0	-2	139	129	132	102	-2	-2	-2	-2	-2	208	207	216	-2	-2	-2	-2	-2	-2	299	279	297	138	1459	1094	729	21	-1
1006005000	-2	12645	3910.222	5544.308	125.5	14.045	210.333	4.028	539.5	474.791	4480.667	582.375	0	0	2	9	9	12645	11241	11314	0	-2	-2	-2	0	-2	139	129	132	102	-2	-2	-2	-2	-2	208	207	216	-2	-2	-2	-2	-2	-2	299	279	297	138	1459	1094	729	21	-1
1007004000	-2	10509	2275.333	4260.222	517.2	516.408	198.5	3.5	379.5	467.598	2302.444	509	0	0	4	9	9	0	9975	10509	0	-2	-2	0	0	-2	-2	108	124	87	1316	951	-2	-2	-2	-2	195	202	-2	-2	-2	-2	-2	-2	21	255	263	140	1340	975	21	21	-1
1007004000	-2	10509	2275.333	4260.222	517.2	516.408	198.5	3.5	379.5	467.598	2302.444	509	0	0	4	9	9	0	9975	10509	0	-2	-2	0	0	-2	-2	108	124	87	1316	951	-2	-2	-2	-2	195	202	-2	-2	-2	-2	-2	-2	21	255	263	140	1340	975	21	21	-1
1006001000	-2	6760	2087.444	2960.446	274.875	292.891	170.667	7.93	362.625	272.726	2088	362.625	0	0	3	9	9	6760	5996	6037	0	-2	-2	0	0	-2	77	61	110	67	932	567	204	181	-2	173	160	179	-2	-2	-2	-2	-2	-2	214	209	220	145	987	622	257	247	-1
1006001000	-2	6760	2087.444	2960.446	274.875	292.891	170.667	7.93	362.625	272.726	2088	362.625	0	0	3	9	9	6760	5996	6037	0	-2	-2	0	0	-2	77	61	110	67	932	567	204	181	-2	173	160	179	-2	-2	-2	-2	-2	-2	214	209	220	145	987	622	257	247	-1
1007001000	-2	6108	1322.667	2477.137	279.5	297.405	166.5	8.5	346.625	284.826	1323.111	346.625	0	0	4	9	9	0	5802	6108	0	-2	-2	0	0	-2	80	62	104	66	944	579	214	187	-2	-2	158	175	-2	-2	-2	-2	-2	-2	89	205	217	146	988	623	258	247	-1
1007001000	-2	6108	1322.667	2477.137	279.5	297.405	166.5	8.5	346.625	284.826	1323.111	346.625	0	0	4	9	9	0	5802	6108	0	-2	-2	0	0	-2	80	62	104	66	944	579	214	187	-2	-2	158	175	-2	-2	-2	-2	-2	-2	89	205	217	146	988	623	258	247	-1
1007001000	-2	6536	1447.333	2709.333	283.125	299.104	168	6	344.875	282.956	1447.889	344.875	0	0	4	9	9	0	6536	6496	0	-2	-2	0	0	-2	81	67	104	63	950	585	220	195	-2	-2	162	174	-2	-2	-2	-2	-2	-2	89	209	216	145	983	618	253	246	-1
1007001000	-2	6536	1447.333	2709.333	283.125	299.104	168	6	344.875	282.956	1447.889	344.875	0	0	4	9	9	0	6536	6496	0	-2	-2	0	0	-2	81	67	104	63	950	585	220	195	-2	-2	162	174	-2	-2	-2	-2	-2	-2	89	209	216	145	983	618	253	246	-1
1007001000	-2	7224	1522.667	2855.555	284.625	299.847	168.5	3.5	348.125	285.159	1523.333	348.125	0	0	4	9	9	0	7224	6486	0	-2	-2	0	0	-2	81	70	103	66	953	588	223	193	-2	-2	165	172	-2	-2	-2	-2	-2	-2	90	213	215	145	990	625	260	247	-1
1007001000	-2	7224	1522.667	2855.555	284.625	299.847	168.5	3.5	348.125	285.159	1523.333	348.125	0	0	4	9	9	0	7224	6486	0	-2	-2	0	0	-2	81	70	103	66	953	588	223	193	-2	-2	165	172	-2	-2	-2	-2	-2	-2	90	213	215	145	990	625	260	247	-1
1006001000	-2	7324	2149.222	3081.962	287.625	302.866	169	2.16	359.25	270.044	2149.778	359.25	0	0	3	9	9	5265	7324	6760	0	-2	-2	0	0	-2	81	72	101	66	961	596	231	193	-2	170	166	171	-2	-2	-2	-2	-2	-2	211	214	214	146	979	614	249	247	-1
1006001000	-2	7324	2149.222	3081.962	287.625	302.866	169	2.16	359.25	270.044	2149.778	359.25	0	0	3	9	9	5265	7324	6760	0	-2	-2	0	0	-2	81	72	101	66	961	596	231	193	-2	170	166	171	-2	-2	-2	-2	-2	-2	211	214	214	146	979	614	249	247	-1
1007001000	-2	7853	1639.889	3077.558	286.875	300.934	173	0	338.75	284.945	1640.444	338.75	0	0	4	9	9	7853	0	6912	0	-2	-2	0	0	-2	81	74	103	66	957	592	227	195	-2	173	-2	173	-2	-2	-2	-2	-2	-2	217	97	218	91	978	613	248	248	-1
1007001000	-2	7853	1639.889	3077.558	286.875	300.934	173	0	338.75	284.945	1640.444	338.75	0	0	4	9	9	7853	0	6912	0	-2	-2	0	0	-2	81	74	103	66	957	592	227	195	-2	173	-2	173	-2	-2	-2	-2	-2	-2	217	97	218	91	978	613	248	248	-1
1007001000	-2	7543	1586.889	2976.35	289.5	301.948	175.5	2.5	345.75	290.41	1587.667	345.75	0	0	4	9	9	7543	0	6745	0	-2	-2	0	0	-2	81	75	105	67	961	596	232	199	-2	173	-2	178	-2	-2	-2	-2	-2	-2	218	98	225	89	994	629	264	249	-1
1007001000	-2	7543	1586.889	2976.35	289.5	301.948	175.5	2.5	345.75	290.41	1587.667	345.75	0	0	4	9	9	7543	0	6745	0	-2	-2	0	0	-2	81	75	105	67	961	596	232	199	-2	173	-2	178	-2	-2	-2	-2	-2	-2	218	98	225	89	994	629	264	249	-1
1008001000	-2	6976	774.222	2192.66	412.375	435.26	182	0	462	443.864	775.111	462	0	0	4	9	9	0	0	6976	0	-2	-2	-2	0	-2	81	81	105	68	1285	920	555	204	-2	-2	-2	182	-2	-2	-2	-2	-2	-2	91	97	233	89	1344	979	614	249	-1
1008001000	-2	6976	774.222	2192.66	412.375	435.26	182	0	462	443.864	775.111	462	0	0	4	9	9	0	0	6976	0	-2	-2	-2	0	-2	81	81	105	68	1285	920	555	204	-2	-2	-2	182	-2	-2	-2	-2	-2	-2	91	97	233	89	1344	979	614	249	-1
1007001000	-2	8482	1727	3250.168	416.875	439.241	182	2	484	433.527	1727.778	484	0	0	3	9	9	8482	0	7069	0	-2	-2	-2	0	-2	81	81	105	69	1295	930	565	209	-2	180	-2	184	-2	-2	-2	-2	-2	-2	236	98	237	87	1351	986	621	256	-1
1007001000	-2	8482	1727	3250.168	416.875	439.241	182	2	484	433.527	1727.778	484	0	0	3	9	9	8482	0	7069	0	-2	-2	-2	0	-2	81	81	105	69	1295	930	565	209	-2	180	-2	184	-2	-2	-2	-2	-2	-2	236	98	237	87	1351	986	621	256	-1
1006001000	-2	8202	2493.667	3542.045	414.875	438.2	178	1.633	501.25	421.727	2594.444	501.25	0	0	2	9	9	8202	7337	6912	0	-2	-2	-2	0	-2	80	75	101	69	1287	929	568	210	-2	178	176	180	-2	-2	-2	-2	-2	-2	231	238	232	87	1353	988	623	258	-1
1006001000	-2	8202	2493.667	3542.045	414.875	438.2	178	1.633	501.25	421.727	2594.444	501.25	0	0	2	9	9	8202	7337	6912	0	-2	-2	-2	0	-2	80	75	101	69	1287	929	568	210	-2	178	176	180	-2	-2	-2	-2	-2	-2	231	238	232	87	1353	988	623	258	-1
1006001000	-2	335	101.111	145.774	257.375	292.888	162	11.576	384.75	274.471	2507.222	390.5	0	0	3	9	9	324	257	335	0	-2	-2	0	0	-2	39	32	54	75	901	560	215	183	-2	167	146	173	-2	-2	-2	-2	-2	-2	199	189	217	310	1018	633	269	243	-1
1007007000	-2	2292	374.111	757.667	123	3	190.5	3.5	476.875	518.351	2910	564.25	0	0	3	9	9	2292	1083	0	0	-2	-2	-2	0	-2	126	120	-2	-2	-2	-2	-2	-2	-2	194	187	-2	-2	-2	-2	-2	-2	-2	240	230	21	21	1459	1094	729	21	-1
1007006000	-2	13115	2704.222	5080.718	115	13.589	198	1	497.875	503.656	4081.333	575.25	0	0	3	9	9	13115	11231	0	0	-2	-2	-2	0	-2	127	122	-2	96	-2	-2	-2	-2	-2	199	197	-2	-2	-2	-2	-2	-2	-2	264	256	21	139	1459	1094	729	21	-1
1007006000	-2	13227	2716.667	5106.275	115	13.589	198	1	497.875	503.656	4081.333	575.25	0	0	3	9	9	13227	11231	0	0	-2	-2	-2	0	-2	127	122	-2	96	-2	-2	-2	-2	-2	199	197	-2	-2	-2	-2	-2	-2	-2	264	256	21	139	1459	1094	729	21	-1
1009006000	-2	0	-0.667	0.943	654.333	500.886	-0.01	-0.01	275.875	446.852	3232	509.125	0	0	6	9	9	0	0	0	0	-2	0	-2	0	-2	-2	-2	-2	85	1304	-2	574	-2	-2	-2	-2	-2	-2	-2	-2	-2	-2	-2	21	21	21	144	1344	21	614	21	-1
1009006000	-2	0	-0.667	0.943	654.333	500.886	-0.01	-0.01	275.875	446.852	3232	509.125	0	0	6	9	9	0	0	0	0	-2	0	-2	0	-2	-2	-2	-2	85	1304	-2	574	-2	-2	-2	-2	-2	-2	-2	-2	-2	-2	-2	21	21	21	144	1344	21	614	21	-1
1006002000	-2	7344	1939	2839.534	274.714	310.372	162.333	10.077	333.5	301.429	1942.222	364.75	0	0	3	9	9	4240	7344	5873	0	-2	-2	0	0	-2	54	52	103	60	918	554	-2	182	-2	159	152	176	-2	-2	-2	-2	-2	-2	199	200	217	145	1001	636	21	249	-1
1006002000	-2	7343	1938.889	2839.323	274.714	310.372	162.333	10.077	333.5	301.429	1942.222	364.75	0	0	3	9	9	4240	7343	5873	0	-2	-2	0	0	-2	54	52	103	60	918	554	-2	182	-2	159	152	176	-2	-2	-2	-2	-2	-2	199	200	217	145	1001	636	21	249	-1
1006001000	-2	6220	1674.333	2436.156	269.75	297.096	159.667	8.654	362.875	279.481	1674.889	362.875	0	0	3	9	9	3815	6220	5040	0	-2	-2	0	0	-2	57	54	99	58	933	568	203	186	-2	158	150	171	-2	-2	-2	-2	-2	-2	198	197	212	145	999	634	269	249	-1
1006001000	-2	6220	1674.333	2436.156	269.75	297.096	159.667	8.654	362.875	279.481	1674.889	362.875	0	0	3	9	9	3815	6220	5040	0	-2	-2	0	0	-2	57	54	99	58	933	568	203	186	-2	158	150	171	-2	-2	-2	-2	-2	-2	198	197	212	145	999	634	269	249	-1
1007001000	-2	6603	1394	2614.088	269.75	296.541	161.5	9.5	343.625	289.145	1394.556	343.625	0	0	4	9	9	0	6603	5949	0	-2	-2	0	0	-2	57	56	98	58	932	567	202	188	-2	-2	152	171	-2	-2	-2	-2	-2	-2	67	198	213	146	991	626	261	247	-1
1007001000	-2	6603	1394	2614.088	269.75	296.541	161.5	9.5	343.625	289.145	1394.556	343.625	0	0	4	9	9	0	6603	5949	0	-2	-2	0	0	-2	57	56	98	58	932	567	202	188	-2	-2	152	171	-2	-2	-2	-2	-2	-2	67	198	213	146	991	626	261	247	-1
1006002000	-2	6843	1775	2667.09	282.857	315.676	158	6.683	332	298.257	1837.111	360.25	0	0	3	9	9	3191	6843	5947	0	-2	-2	0	0	-2	57	60	95	60	934	569	205	-2	-2	156	151	167	-2	-2	-2	-2	-2	-2	197	199	209	146	993	628	263	21	-1
1006002000	-2	6843	1775	2667.09	282.857	315.676	158	6.683	332	298.257	1837.111	360.25	0	0	3	9	9	3191	6843	5947	0	-2	-2	0	0	-2	57	60	95	60	934	569	205	-2	-2	156	151	167	-2	-2	-2	-2	-2	-2	197	199	209	146	993	628	263	21	-1
1006001000	-2	7379	2094.222	3035.177	273.125	297.942	161	6.481	361.875	277.098	2150.889	361.875	0	0	3	9	9	4714	7379	6761	0	-2	-2	0	0	-2	59	62	98	60	938	573	208	187	-2	158	155	170	-2	-2	-2	-2	-2	-2	200	201	214	146	994	629	264	247	-1
1006001000	-2	7379	2094.222	3035.177	273.125	297.942	161	6.481	361.875	277.098	2150.889	361.875	0	0	3	9	9	4714	7379	6761	0	-2	-2	0	0	-2	59	62	98	60	938	573	208	187	-2	158	155	170	-2	-2	-2	-2	-2	-2	200	201	214	146	994	629	264	247	-1
1007001000	-2	6431	1385.333	2594.937	275.375	298.412	165.5	5.5	350	286.024	1388.111	350	0	0	4	9	9	6043	0	6431	0	-2	-2	0	0	-2	59	68	99	60	941	576	212	188	-2	160	-2	171	-2	-2	-2	-2	-2	-2	205	98	216	146	994	629	264	248	-1
1007001000	-2	6431	1385.333	2594.937	275.375	298.412	165.5	5.5	350	286.024	1388.111	350	0	0	4	9	9	6043	0	6431	0	-2	-2	0	0	-2	59	68	99	60	941	576	212	188	-2	160	-2	171	-2	-2	-2	-2	-2	-2	205	98	216	146	994	629	264	248	-1
1006001000	-2	7750	2282.889	3251.049	279	301.3	166	4.32	365.875	275.439	2283.556	365.875	0	0	3	9	9	6501	7750	6301	0	-2	-2	0	0	-2	61	70	99	56	949	584	222	191	-2	162	164	172	-2	-2	-2	-2	-2	-2	208	216	219	146	995	630	265	248	-1
1006001000	-2	7750	2282.889	3251.049	279	301.3	166	4.32	365.875	275.439	2283.556	365.875	0	0	3	9	9	6501	7750	6301	0	-2	-2	0	0	-2	61	70	99	56	949	584	222	191	-2	162	164	172	-2	-2	-2	-2	-2	-2	208	216	219	146	995	630	265	248	-1
1006001000	-2	6812	2079.778	2956.269	397.25	428.441	169.667	4.028	492.25	421.281	2080.667	492.25	0	0	2	9	9	6812	5633	6281	0	-2	-2	-2	0	-2	63	71	97	56	1255	894	544	198	-2	164	172	173	-2	-2	-2	-2	-2	-2	214	227	222	89	1344	979	614	249	-1
1007001000	-2	6906	1428.333	2683.643	361.75	371.574	167	2	434.5	359.123	1429.222	434.5	0	0	3	9	9	6906	5957	0	0	-2	-2	-2	0	-2	60	68	74	44	976	914	553	205	-2	165	169	-2	-2	-2	-2	-2	-2	-2	215	225	82	86	1002	987	622	257	-1
1007001000	-2	6906	1428.333	2683.643	361.75	371.574	167	2	434.5	359.123	1429.222	434.5	0	0	3	9	9	6906	5957	0	0	-2	-2	-2	0	-2	60	68	74	44	976	914	553	205	-2	165	169	-2	-2	-2	-2	-2	-2	-2	215	225	82	86	1002	987	622	257	-1
1007001000	-2	7962	1550.556	2938.621	190.5	165.554	164.5	1.5	258.5	166.581	1551.111	258.5	0	0	5	9	9	7962	5997	0	0	0	-2	0	0	-2	60	64	71	45	250	565	274	195	-2	163	166	-2	-2	-2	-2	-2	-2	-2	212	219	82	91	259	656	291	258	-1
1005001000	-2	1283	224.333	439.794	82.75	75.817	130.75	13.736	269.375	91.417	3356.556	284.75	0	0	5	9	9	0	740	1283	-2	0	0	0	0	-2	15	14	17	25	54	195	173	169	-2	138	107	140	138	-2	-2	-2	-2	-2	159	171	196	428	296	218	336	351	-1
1005001000	-2	474	52.222	149.123	82.75	75.817	130.75	13.736	264.75	95.621	3356.556	284.75	0	0	6	9	9	0	474	0	-2	0	0	0	0	-2	15	14	17	25	54	195	173	169	-2	138	107	140	138	-2	-2	-2	-2	-2	159	171	162	428	296	215	336	351	-1
1007006000	-2	495	107.333	202.977	104.667	11.842	183	3	488.375	508.348	2259.333	559	0	0	3	9	9	479	495	0	0	-2	-2	-2	0	-2	119	105	-2	90	-2	-2	-2	-2	-2	186	180	-2	-2	-2	-2	-2	-2	-2	224	218	21	141	1459	1094	729	21	-1
1006005000	-2	3847	750.778	1294.898	112.25	13.423	190.667	8.179	518.25	486.473	2379.889	561.125	0	0	2	9	9	2203	715	3847	0	-2	-2	-2	0	-2	117	116	126	90	-2	-2	-2	-2	-2	190	181	201	-2	-2	-2	-2	-2	-2	233	221	248	141	1459	1094	729	21	-1
1006005000	-2	12980	3960	5660.733	112.25	13.645	200.333	6.342	529.75	479.954	3962.556	572.625	0	0	2	9	9	12980	9897	12771	0	-2	-2	-2	0	-2	113	120	126	90	-2	-2	-2	-2	-2	198	194	209	-2	-2	-2	-2	-2	-2	261	251	282	141	1459	1094	729	21	-1
1008003000	-2	8639	959.222	2715.212	378.167	430.248	181	0	342.75	423.142	2090.778	492.125	0	0	5	9	9	8639	0	0	0	-2	0	-2	0	-2	95	74	-2	83	1270	-2	540	207	-2	181	-2	-2	-2	-2	-2	-2	-2	-2	230	89	21	144	1354	21	624	259	-1
1007002000	-2	10179	2058.778	3877.108	341.143	408.525	188.5	7.5	371.125	407.953	2090.778	492.125	0	0	4	9	9	8356	0	10179	0	-2	0	-2	0	-2	95	74	119	83	1270	-2	540	207	-2	181	-2	196	-2	-2	-2	-2	-2	-2	230	89	248	144	1354	21	624	259	-1
1006002000	-2	5813	1778.444	2544.004	264.143	310.951	146.333	16.049	320	312.071	1842	351.375	0	0	3	9	9	4424	5813	5775	0	-2	-2	0	0	-2	48	43	89	38	907	545	-2	179	-2	136	134	169	-2	-2	-2	-2	-2	-2	181	185	211	51	1002	637	21	272	-1
1006002000	-2	5813	1778.444	2544.004	264.143	310.951	146.333	16.049	320	312.071	1842	351.375	0	0	3	9	9	4424	5813	5775	0	-2	-2	0	0	-2	48	43	89	38	907	545	-2	179	-2	136	134	169	-2	-2	-2	-2	-2	-2	181	185	211	51	1002	637	21	272	-1
1006001000	-2	6260	1702.111	2466.354	260	297.215	146	11.431	360.125	281.795	1702.778	360.125	0	0	3	9	9	4010	6260	5055	0	-2	-2	0	0	-2	50	49	89	37	923	558	193	181	-2	140	136	162	-2	-2	-2	-2	-2	-2	186	186	206	145	1000	635	270	253	-1
1006001000	-2	6260	1702.111	2466.354	260	297.215	146	11.431	360.125	281.795	1702.778	360.125	0	0	3	9	9	4010	6260	5055	0	-2	-2	0	0	-2	50	49	89	37	923	558	193	181	-2	140	136	162	-2	-2	-2	-2	-2	-2	186	186	206	145	1000	635	270	253	-1
1006001000	-2	6569	1653.111	2431.118	261.625	298.192	149.333	8.994	359	280.006	1664.222	359	0	0	3	9	9	4340	6569	3975	0	-2	-2	0	0	-2	51	51	90	34	926	561	196	184	-2	142	144	162	-2	-2	-2	-2	-2	-2	185	192	206	146	996	631	266	250	-1
1006001000	-2	6569	1653.111	2431.118	261.625	298.192	149.333	8.994	359	280.006	1664.222	359	0	0	3	9	9	4340	6569	3975	0	-2	-2	0	0	-2	51	51	90	34	926	561	196	184	-2	142	144	162	-2	-2	-2	-2	-2	-2	185	192	206	146	996	631	266	250	-1
1007002000	-2	6549	1322.333	2491.329	269.714	315.086	139.5	3.5	311.5	310.146	1380.556	327.875	0	0	4	9	9	5358	6549	0	0	-2	-2	0	0	-2	51	50	72	55	921	556	-2	183	-2	143	136	-2	-2	-2	-2	-2	-2	-2	187	185	80	146	995	630	21	248	-1
1007002000	-2	6549	1322.556	2491.689	269.714	315.086	139.5	3.5	311.5	310.146	1380.556	327.875	0	0	4	9	9	5360	6549	0	0	-2	-2	0	0	-2	51	50	72	55	921	556	-2	183	-2	143	136	-2	-2	-2	-2	-2	-2	-2	187	185	80	146	995	630	21	248	-1
1006001000	-2	6424	1945	2771.326	262.375	294.499	147.333	9.031	358	279.923	1992.556	343.75	0	0	3	9	9	6013	6424	5074	0	-2	-2	0	0	-2	53	52	89	51	921	556	195	182	-2	146	137	159	-2	-2	-2	-2	-2	-2	190	186	203	147	995	630	265	248	-1
1006001000	-2	6424	1945	2771.326	262.375	294.499	147.333	9.031	358	279.923	1992.556	343.75	0	0	3	9	9	6013	6424	5074	0	-2	-2	0	0	-2	53	52	89	51	921	556	195	182	-2	146	137	159	-2	-2	-2	-2	-2	-2	190	186	203	147	995	630	265	248	-1
1007001000	-2	7443	1581.778	2964.727	262.375	301.689	147.5	1.5	344.75	290.008	1594.778	344.75	0	0	4	9	9	6799	7443	0	0	-2	-2	0	0	-2	57	54	73	25	932	567	205	186	-2	149	146	-2	-2	-2	-2	-2	-2	-2	196	196	81	147	995	630	265	248	-1
1007001000	-2	7443	1582.444	2965.901	262.375	301.689	147.5	1.5	344.75	290.008	1594.778	344.75	0	0	4	9	9	6805	7443	0	0	-2	-2	0	0	-2	57	54	73	25	932	567	205	186	-2	149	146	-2	-2	-2	-2	-2	-2	-2	196	196	81	147	995	630	265	248	-1
1007001000	-2	6503	1412.889	2646.246	383.625	431.243	158	3	478.125	430.495	1413.889	478.125	0	0	3	9	9	6221	6503	0	0	-2	-2	-2	0	-2	58	60	73	30	1249	885	521	193	-2	161	155	-2	-2	-2	-2	-2	-2	-2	208	206	82	147	1343	978	613	248	-1
1007001000	-2	6503	1412.889	2646.246	383.625	431.243	158	3	478.125	430.495	1413.889	478.125	0	0	3	9	9	6221	6503	0	0	-2	-2	-2	0	-2	58	60	73	30	1249	885	521	193	-2	161	155	-2	-2	-2	-2	-2	-2	-2	208	206	82	147	1343	978	613	248	-1
1007001000	-2	7052	1415.444	2668.949	265.125	301.458	153.5	1.5	350.25	291.116	1411.222	350.25	0	0	4	9	9	7052	5693	0	0	-2	-2	0	0	-2	54	53	71	26	929	573	222	193	-2	152	155	-2	-2	-2	-2	-2	-2	-2	204	209	82	147	1002	637	272	249	-1
1007001000	-2	7052	1415.444	2668.949	265.125	301.458	153.5	1.5	350.25	291.116	1411.222	350.25	0	0	4	9	9	7052	5693	0	0	-2	-2	0	0	-2	54	53	71	26	929	573	222	193	-2	152	155	-2	-2	-2	-2	-2	-2	-2	204	209	82	147	1002	637	272	249	-1
1007001000	-2	7269	1474.667	2776.863	276.5	256.938	154	2	354.75	228.083	1476	354.75	0	0	3	9	9	7269	6011	0	0	-2	-2	-2	0	-2	53	53	72	35	602	660	539	198	-2	152	156	-2	-2	-2	-2	-2	-2	-2	205	210	82	157	630	675	622	257	-1
1007001000	-2	7269	1474.667	2776.863	276.5	256.938	154	2	354.75	228.083	1476	354.75	0	0	3	9	9	7269	6011	0	0	-2	-2	-2	0	-2	53	53	72	35	602	660	539	198	-2	152	156	-2	-2	-2	-2	-2	-2	-2	205	210	82	157	630	675	622	257	-1
1005003000	-2	0	-0.778	0.916	32.833	36.503	162.25	57.164	299.625	203.055	5040.333	348.125	0	0	5	9	9	0	0	0	0	-2	0	-2	-1	-2	12	11	20	19	21	114	-2	-2	-2	135	115	139	-2	260	-2	-2	-2	-2	162	144	167	52	429	350	729	364	-1
1005001000	-2	432	57.444	135.195	96.625	73.063	126	14.612	225.125	70.925	3185.667	252.5	0	0	6	9	9	87	432	0	0	0	0	0	0	-2	27	20	28	31	127	208	169	163	-2	135	106	144	119	-2	-2	-2	-2	-2	156	162	162	140	290	278	306	307	-1
1006001000	-2	10514	3088	4405.913	443.375	443.895	189.667	6.65	509.875	411.461	3090.333	509.875	0	0	2	9	9	8103	9183	10514	0	-2	-2	-2	0	-2	105	109	124	86	1328	963	598	234	-2	184	186	199	-2	-2	-2	-2	-2	-2	239	238	254	142	1349	984	619	254	-1
1006001000	-2	10514	3088	4405.913	443.375	443.895	189.667	6.65	509.875	411.461	3090.333	509.875	0	0	2	9	9	8103	9183	10514	0	-2	-2	-2	0	-2	105	109	124	86	1328	963	598	234	-2	184	186	199	-2	-2	-2	-2	-2	-2	239	238	254	142	1349	984	619	254	-1
1007002000	-2	8452	1679.556	3171.231	242.571	295.921	176.5	11.5	277.625	282.773	1680.444	353.5	0	0	5	9	9	6668	0	8452	0	-2	0	0	0	-2	80	70	114	67	954	-2	225	188	-2	165	-2	188	-2	-2	-2	-2	-2	-2	210	84	234	144	993	21	263	272	-1
1007002000	-2	8452	1679.556	3171.231	242.571	295.921	176.5	11.5	277.625	282.773	1680.444	353.5	0	0	5	9	9	6668	0	8452	0	-2	0	0	0	-2	80	70	114	67	954	-2	225	188	-2	165	-2	188	-2	-2	-2	-2	-2	-2	210	84	234	144	993	21	263	272	-1
1006002000	-2	6790	1466.444	2603.73	151.571	171.767	128.333	5.249	218.75	157.297	1681.667	247.25	0	0	4	9	9	5824	6790	0	588	-2	0	0	0	-2	45	40	60	24	548	-2	178	166	-2	133	131	-2	121	-2	-2	-2	-2	-2	180	181	85	156	576	21	278	273	-1
1006002000	-2	6790	1429.778	2548.903	151.571	171.767	128.333	5.249	218.75	157.297	1681.667	247.25	0	0	4	9	9	5518	6790	0	564	-2	0	0	0	-2	45	40	60	24	548	-2	178	166	-2	133	131	-2	121	-2	-2	-2	-2	-2	180	181	85	156	576	21	278	273	-1
1006001000	-2	6898	1385.556	2612.334	244.75	292.956	128	4.546	345.5	293.845	1386.111	345.5	0	0	4	9	9	5578	6898	0	0	-2	-2	0	0	-2	46	41	60	23	896	542	180	170	-2	133	129	-2	122	-2	-2	-2	-2	-2	180	178	80	146	1001	636	271	272	-1
1006001000	-2	6898	1385.556	2612.334	244.75	292.956	128	4.546	345.5	293.845	1386.111	345.5	0	0	4	9	9	5578	6898	0	0	-2	-2	0	0	-2	46	41	60	23	896	542	180	170	-2	133	129	-2	122	-2	-2	-2	-2	-2	180	178	80	146	1001	636	271	272	-1
1007001000	-2	6084	1164.333	2215.672	248.375	300.215	131	3	328.375	306.753	1198.444	328.375	0	0	4	9	9	4401	6084	0	0	-2	-2	0	0	-2	47	43	57	10	915	551	188	176	-2	134	128	-2	-2	-2	-2	-2	-2	-2	180	177	82	17	999	634	269	269	-1
1007001000	-2	6692	1299.889	2465.442	245.875	298.488	131	3	327.25	305.567	1404	327.25	0	0	4	9	9	5013	6692	0	0	-2	-2	0	0	-2	46	43	55	10	910	545	186	172	-2	134	128	-2	-2	-2	-2	-2	-2	-2	179	177	82	18	996	631	266	269	-1
1007001000	-2	6692	1299.889	2465.442	245.875	298.488	131	3	327.25	305.567	1404	327.25	0	0	4	9	9	5013	6692	0	0	-2	-2	0	0	-2	46	43	55	10	910	545	186	172	-2	134	128	-2	-2	-2	-2	-2	-2	-2	179	177	82	18	996	631	266	269	-1
1007001000	-2	5955	1276	2390.832	246.875	296.272	134	1	329.75	306.574	1463.667	329.75	0	0	4	9	9	5535	5955	0	0	-2	-2	0	0	-2	46	44	66	10	907	542	186	174	-2	135	133	-2	-2	-2	-2	-2	-2	-2	182	182	82	18	1000	635	270	269	-1
1007001000	-2	5955	1276	2390.832	246.875	296.272	134	1	329.75	306.574	1463.667	329.75	0	0	4	9	9	5535	5955	0	0	-2	-2	0	0	-2	46	44	66	10	907	542	186	174	-2	135	133	-2	-2	-2	-2	-2	-2	-2	182	182	82	18	1000	635	270	269	-1
1007001000	-2	6561	1343.889	2527.273	250.625	300.041	136.5	0.5	327.75	304.874	1715.556	327.75	0	0	4	9	9	5540	6561	0	0	-2	-2	0	0	-2	46	45	56	10	916	551	197	184	-2	137	136	-2	-2	-2	-2	-2	-2	-2	187	187	82	18	996	631	266	255	-1
1007001000	-2	6561	1309.444	2471.343	250.625	300.041	136.5	0.5	327.75	304.874	1715.556	327.75	0	0	4	9	9	5230	6561	0	0	-2	-2	0	0	-2	46	45	56	10	916	551	197	184	-2	137	136	-2	-2	-2	-2	-2	-2	-2	187	187	82	18	996	631	266	255	-1
1006001000	-2	6856	1474.444	2761.949	261.875	303.757	140	0.816	353.875	288.722	1717	353.875	0	0	4	9	9	6420	6856	0	0	-2	-2	0	0	-2	45	49	68	25	932	571	217	188	-2	139	140	-2	141	-2	-2	-2	-2	-2	193	193	83	195	1002	637	272	256	-1
1006001000	-2	6856	1474.444	2761.949	261.875	303.757	140	0.816	353.875	288.722	1717	353.875	0	0	4	9	9	6420	6856	0	0	-2	-2	0	0	-2	45	49	68	25	932	571	217	188	-2	139	140	-2	141	-2	-2	-2	-2	-2	193	193	83	195	1002	637	272	256	-1
1006001000	-2	6510	1406.444	2634.157	209.125	210.764	136	3.559	308.75	195.509	1723.333	308.75	0	0	4	9	9	6154	6510	0	0	-2	-2	0	0	-2	43	45	53	24	575	537	215	181	-2	139	138	-2	131	-2	-2	-2	-2	-2	192	192	83	195	630	638	273	267	-1
1006001000	-2	6510	1406.444	2634.157	209.125	210.764	136	3.559	308.75	195.509	1723.333	308.75	0	0	4	9	9	6154	6510	0	0	-2	-2	0	0	-2	43	45	53	24	575	537	215	181	-2	139	138	-2	131	-2	-2	-2	-2	-2	192	192	83	195	630	638	273	267	-1
1006001000	-2	7198	1547.222	2857.138	121.5	91.078	133	3.742	219	76.053	1565.444	219	0	0	5	9	9	7198	6571	0	158	0	0	0	0	-2	34	42	31	23	231	238	202	171	-2	132	138	-2	129	-2	-2	-2	-2	-2	186	191	55	196	259	284	312	269	-1
1003002000	-2	1258	276.333	493.333	66.429	51.536	191.5	90.413	235	119.541	4399.444	253.25	0	0	4	9	9	1136	53	1258	0	0	0	0	42	-2	11	9	30	-2	41	119	131	124	-2	102	86	118	-2	277	-2	298	268	-2	156	141	176	21	339	349	340	358	-1
1003002000	-2	1258	276.333	493.333	66.429	51.536	191.5	90.413	235	119.541	4399.444	253.25	0	0	4	9	9	1136	53	1258	0	0	0	0	42	-2	11	9	30	-2	41	119	131	124	-2	102	86	118	-2	277	-2	298	268	-2	156	141	176	21	339	349	340	358	-1
1006001000	-2	7354	1825	2907.469	274.25	294.799	160.667	6.018	366.25	276.755	2407.556	366.25	0	0	3	9	9	6860	7354	2217	0	-2	-2	0	0	-2	77	54	103	57	933	568	214	188	-2	158	155	169	-2	-2	-2	-2	-2	-2	201	199	210	144	996	631	266	283	-1
1006001000	-2	6524	1395.444	2614.721	247	282.047	140.667	5.793	355.375	293.082	1400.333	355.375	0	0	4	9	9	6041	6524	0	0	-2	-2	0	0	-2	52	47	75	43	882	520	183	174	-2	142	147	-2	133	-2	-2	-2	-2	-2	192	194	87	145	1008	643	278	296	-1
1007002000	-2	8301	1723.667	3235.38	97.286	72.857	130.5	1.5	162.625	103.044	1728.556	192.875	0	0	6	9	9	8301	7214	0	0	0	0	0	0	-2	44	38	50	12	208	-2	164	165	-2	129	132	-2	-2	-2	-2	-2	-2	-2	178	180	86	21	229	21	290	296	-1
1007001000	-2	7986	1662.889	3120.501	107.875	73.686	130.5	1.5	191.375	90.341	1728.556	192.875	0	0	6	9	9	7986	6982	0	0	0	0	0	0	-2	44	38	50	12	208	182	164	165	-2	129	132	-2	-2	-2	-2	-2	-2	-2	178	180	86	21	229	263	290	284	-1
1007001000	-2	7646	1477	2803.545	107.75	76.612	127	0	183.875	86.567	1477.111	183.875	0	0	6	9	9	5649	7646	0	0	0	0	0	0	-2	42	37	43	10	207	196	160	167	-2	127	127	-2	-2	-2	-2	-2	-2	-2	175	176	86	22	227	211	278	296	-1
1007001000	-2	7646	1477	2803.545	107.75	76.612	127	0	183.875	86.567	1477.111	183.875	0	0	6	9	9	5649	7646	0	0	0	0	0	0	-2	42	37	43	10	207	196	160	167	-2	127	127	-2	-2	-2	-2	-2	-2	-2	175	176	86	22	227	211	278	296	-1
1006001000	-2	7694	1932.111	2840.502	114.125	85.051	130.333	8.994	198.375	77.576	2005.444	198.375	0	0	5	9	9	4845	7694	4852	0	0	0	0	0	-2	41	38	41	9	213	236	168	167	-2	123	125	143	-2	-2	-2	-2	-2	-2	171	174	188	22	227	261	271	273	-1
1006001000	-2	7504	1913.111	2801.326	114.125	85.051	130.333	8.994	198.375	77.576	2005.444	198.375	0	0	5	9	9	5026	7504	4690	0	0	0	0	0	-2	41	38	41	9	213	236	168	167	-2	123	125	143	-2	-2	-2	-2	-2	-2	171	174	188	22	227	261	271	273	-1
1006001000	-2	7340	1973	2856.938	157.5	171.399	128	7.789	240.5	147.178	2152.111	240.5	0	0	4	9	9	5610	7340	4811	0	-2	0	0	0	-2	39	37	41	9	563	236	172	163	-2	123	122	139	-2	-2	-2	-2	-2	-2	172	170	185	22	573	260	269	273	-1
1006001000	-2	7633	1964.111	2867.924	157.5	171.399	128	7.789	240.5	147.178	2152.111	240.5	0	0	4	9	9	5006	7633	5042	0	-2	0	0	0	-2	39	37	41	9	563	236	172	163	-2	123	122	139	-2	-2	-2	-2	-2	-2	172	170	185	22	573	260	269	273	-1
1006001000	-2	7010	1645.333	2488.918	162.25	178.915	117.333	6.6	256.625	152.17	1898.333	256.625	0	0	4	9	9	4421	7010	0	3381	-2	0	0	0	-2	38	37	38	8	585	244	179	169	-2	122	122	-2	108	-2	-2	-2	-2	-2	172	171	83	196	626	261	271	273	-1
1006001000	-2	7010	1645.333	2488.918	162.25	178.915	117.333	6.6	256.625	152.17	1898.333	256.625	0	0	4	9	9	4421	7010	0	3381	-2	0	0	0	-2	38	37	38	8	585	244	179	169	-2	122	122	-2	108	-2	-2	-2	-2	-2	172	171	83	196	626	261	271	273	-1
1006001000	-2	7956	1792.778	2772.792	165.5	184.436	120	7.789	257.875	151.911	2039	257.875	0	0	4	9	9	4911	7956	0	3272	-2	0	0	0	-2	34	39	38	9	603	245	183	173	-2	126	125	-2	109	-2	-2	-2	-2	-2	177	175	83	195	627	262	271	273	-1
1006001000	-2	7956	1792.778	2772.792	165.5	184.436	120	7.789	257.875	151.911	2039	257.875	0	0	4	9	9	4911	7956	0	3272	-2	0	0	0	-2	34	39	38	9	603	245	183	173	-2	126	125	-2	109	-2	-2	-2	-2	-2	177	175	83	195	627	262	271	273	-1
1007001000	-2	7793	1383.556	2692.123	128.5	111.119	122.5	4.5	202.125	101.781	1506.778	202.125	0	0	6	9	9	4661	7793	0	0	0	0	0	0	-2	24	39	31	10	324	242	186	172	-2	118	127	-2	-2	-2	-2	-2	-2	-2	175	177	83	19	332	285	273	273	-1
1007001000	-2	7908	1447.556	2787.125	128.5	111.119	122.5	4.5	202.125	101.781	1506.778	202.125	0	0	6	9	9	5122	7908	0	0	0	0	0	0	-2	24	39	31	10	324	242	186	172	-2	118	127	-2	-2	-2	-2	-2	-2	-2	175	177	83	19	332	285	273	273	-1
1006001000	-2	7897	1874.222	2836.965	102.25	82.545	116.333	7.846	208.75	63.886	1908.556	208.75	0	0	5	9	9	5332	7897	0	3641	0	0	0	0	-2	18	36	24	9	164	222	182	163	-2	118	125	-2	106	-2	-2	-2	-2	-2	174	175	83	196	209	285	274	274	-1
1004001000	-2	1058	270.222	367.435	107.25	87.745	143.4	70.902	237.625	68.081	3182.667	237.625	0	0	4	9	9	279	1058	357	740	0	0	0	0	-2	22	17	24	18	215	204	182	176	-2	114	101	122	96	-2	-2	-2	284	-2	157	149	168	215	290	309	311	302	-1
1005001000	-2	8002	2167.667	3131.21	165	165.129	139.75	11.713	275.125	136.979	2262.111	275.125	0	0	4	9	9	6106	5405	8002	0	-2	0	0	0	-2	50	42	66	32	565	208	185	172	-2	138	140	157	124	-2	-2	-2	-2	-2	189	189	204	163	616	251	287	302	-1
1006001000	-2	6584	2099	2971.786	96.25	68.308	123.333	5.437	203.5	84.103	2158.111	203.5	0	0	5	9	9	6279	6584	6030	0	0	0	0	0	-2	38	33	36	9	182	167	154	151	-2	119	120	131	-2	-2	-2	-2	-2	-2	172	170	179	22	233	264	291	297	-1
1006002000	-2	7033	2157.889	3060.997	84	64.281	123.333	5.437	177	102.105	2158.111	203.5	0	0	5	9	9	6286	7033	6104	0	0	0	0	0	-2	38	33	36	9	-2	167	154	151	-2	119	120	131	-2	-2	-2	-2	-2	-2	172	170	179	22	21	264	291	297	-1
1007001000	-2	5808	1269	2375.052	96.375	72.978	110	3	182.875	101.055	1269.111	182.875	0	0	6	9	9	5808	5615	0	0	0	0	0	0	-2	32	31	24	9	182	172	156	165	-2	107	113	-2	-2	-2	-2	-2	-2	-2	161	163	36	22	230	263	290	298	-1
1007001000	-2	5808	1269	2375.052	96.375	72.978	110	3	182.875	101.055	1269.111	182.875	0	0	6	9	9	5808	5615	0	0	0	0	0	0	-2	32	31	24	9	182	172	156	165	-2	107	113	-2	-2	-2	-2	-2	-2	-2	161	163	36	22	230	263	290	298	-1
1005001000	-2	6062	2419.778	2724.564	94.875	75.101	108	9.67	216.625	53.35	2552	216.625	0	0	4	9	9	5163	5724	4831	6062	0	0	0	0	-2	23	28	22	8	182	175	160	161	-2	107	106	123	96	-2	-2	-2	-2	-2	157	155	170	187	228	261	277	298	-1
1005001000	-2	6033	2396.333	2702.495	94.875	75.101	108	9.67	216.625	53.35	2552	216.625	0	0	4	9	9	5286	5646	4604	6033	0	0	0	0	-2	23	28	22	8	182	175	160	161	-2	107	106	123	96	-2	-2	-2	-2	-2	157	155	170	187	228	261	277	298	-1
1005001000	-2	5796	2435.444	2727.747	95.25	75.643	107.25	10.686	214	49.727	2670.778	214	0	0	4	9	9	5144	5796	5525	5456	0	0	0	0	-2	23	28	22	8	186	177	161	157	-2	108	105	123	93	-2	-2	-2	-2	-2	159	155	171	184	227	261	271	284	-1
1005001000	-2	5796	2435.444	2727.747	95.25	75.643	107.25	10.686	214	49.727	2670.778	214	0	0	4	9	9	5144	5796	5525	5456	0	0	0	0	-2	23	28	22	8	186	177	161	157	-2	108	105	123	93	-2	-2	-2	-2	-2	159	155	171	184	227	261	271	284	-1
1005001000	-2	5822	2508.889	2806.953	95.625	77.04	108.75	12.517	207.125	45.884	2747.333	207.125	0	0	4	9	9	5822	5471	5726	5563	0	0	0	0	-2	20	27	23	7	186	182	162	158	-2	108	106	128	93	-2	-2	-2	-2	-2	160	155	175	179	227	208	271	282	-1
1005001000	-2	7171	2701.667	3059.203	94.375	77.661	107.25	11.211	211.625	49.565	2891	211.625	0	0	4	9	9	7171	5209	6210	5727	0	0	0	0	-2	16	27	18	8	178	186	163	159	-2	104	106	125	94	-2	-2	-2	-2	-2	159	156	174	178	209	263	272	282	-1
1005001000	-2	7171	2701.667	3059.203	94.375	77.661	107.25	11.211	211.625	49.565	2891	211.625	0	0	4	9	9	7171	5209	6210	5727	0	0	0	0	-2	16	27	18	8	178	186	163	159	-2	104	106	125	94	-2	-2	-2	-2	-2	159	156	174	178	209	263	272	282	-1
1005001000	-2	7553	2658.778	3049.513	93.5	76.305	108	11.424	215.75	52.637	2791.222	215.75	0	0	4	9	9	7553	4916	6186	5276	0	0	0	0	-2	15	28	20	8	171	186	162	158	-2	102	106	127	97	-2	-2	-2	-2	-2	160	156	176	182	210	286	273	283	-1
1005001000	-2	7553	2658.778	3049.513	93.5	76.305	108	11.424	215.75	52.637	2791.222	215.75	0	0	4	9	9	7553	4916	6186	5276	0	0	0	0	-2	15	28	20	8	171	186	162	158	-2	102	106	127	97	-2	-2	-2	-2	-2	160	156	176	182	210	286	273	283	-1
1005001000	-2	2017	335.889	638.532	112.625	91.096	114.5	8.617	222.25	71.381	3179.222	237.625	0	0	5	9	9	737	2017	271	0	0	0	0	0	-2	22	20	29	18	226	208	193	185	-2	117	113	126	102	-2	-2	-2	-2	-2	160	158	169	122	290	297	280	302	-1
1005001000	-2	10431	3522.556	4156.615	108.625	78.388	128.25	10.779	245.75	50.512	3492.556	245.75	0	0	4	9	9	10431	6250	9307	5717	0	0	0	0	-2	40	36	41	12	220	184	176	160	-2	126	134	141	112	-2	-2	-2	-2	-2	178	181	187	270	286	270	289	305	-1
1004001000	-2	7925	3089.778	3481.431	83.5	67.352	136.6	61.704	229.625	66.415	3134.556	230.25	0	0	4	9	9	7925	6882	6116	6887	0	0	0	0	-2	20	20	21	8	172	155	145	127	-2	104	110	117	93	-2	-2	-2	259	-2	158	160	166	172	275	310	292	304	-1
1004001000	-2	7917	3066.556	3458.888	83.5	67.352	136.6	61.704	229.625	66.415	3134.556	230.25	0	0	4	9	9	7917	6823	5998	6863	0	0	0	0	-2	20	20	21	8	172	155	145	127	-2	104	110	117	93	-2	-2	-2	259	-2	158	160	166	172	275	310	292	304	-1
1004001000	-2	7437	3073.444	3456.212	86.625	72.694	134	72.255	224.375	73.191	3073.778	224.375	0	0	4	9	9	7437	7119	7118	5989	0	0	0	0	-2	16	18	15	8	173	160	153	150	-2	94	100	108	90	-2	-2	-2	278	-2	148	151	158	151	275	316	293	303	-1
1003002000	-2	3758	1104	1444.362	14	6.256	132.5	56.429	175.375	117.218	7589.778	226	0	0	3	9	9	530	0	0	116	0	3758	2855	2679	-2	8	10	-2	7	12	18	26	17	-2	77	72	-2	80	-2	180	197	189	-2	144	95	21	103	78	302	336	324	-1
1001001000	-2	3080	1486.556	1270.893	20.125	14.111	139.5	66.914	230.75	117.092	6461.111	235	0	0	1	9	9	2740	3080	0	2097	500	2959	-2	2007	-2	8	7	9	7	19	33	46	32	-2	76	70	79	71	174	216	224	206	-2	129	124	99	120	322	351	409	292	-1
1001001000	-2	6827	1242.111	2147.291	35.375	34.205	161.625	82.117	302.875	192.94	5521	317	0	0	1	9	9	2612	6827	413	1335	-2	-2	-2	0	-2	8	8	10	7	20	71	102	57	-2	83	75	86	78	217	252	264	238	-2	138	133	126	129	483	578	569	267	-1
1005001000	-2	4224	884.667	1336.112	122	100.627	128.75	5.494	251.75	58.598	3462.556	251.75	0	0	4	9	9	1848	4224	1124	768	0	0	0	0	-2	23	24	25	17	243	235	213	196	-2	129	131	135	120	-2	-2	-2	-2	-2	182	179	184	330	250	309	276	304	-1
1005001000	-2	9212	3294.333	3800.469	105.125	82.39	125.75	7.628	255.5	58.811	3395.889	255.5	0	0	4	9	9	9212	7006	8039	5394	0	0	0	0	-2	24	34	26	12	215	187	180	163	-2	120	136	130	117	-2	-2	-2	-2	-2	178	185	179	291	291	310	290	320	-1
1005001000	-2	9126	3310.111	3780.123	105.125	82.39	125.75	7.628	255.5	58.811	3395.889	255.5	0	0	4	9	9	9126	6282	7901	6484	0	0	0	0	-2	24	34	26	12	215	187	180	163	-2	120	136	130	117	-2	-2	-2	-2	-2	178	185	179	291	291	310	290	320	-1
1004001000	-2	7230	2962.222	3177.54	75.625	64.56	123.6	58.96	225.625	79.265	3214.444	225.625	0	0	3	9	9	5706	7230	5874	7063	0	0	0	789	-2	11	16	14	8	161	143	139	113	-2	91	98	102	86	-2	-2	-2	241	-2	144	151	153	143	276	316	293	329	-1
