1001001000	-2	1078	698	290.368	48.25	11.244	147.875	8.81	246	17.972	15777.333	246	0	0	0	9	9	594	708	593	771	771	1078	779	990	-2	54	42	28	51	45	40	65	61	-2	144	147	130	150	151	143	159	159	-2	261	233	219	250	244	234	282	245	-1
1001001000	-2	760	384.667	205.862	55.75	11.723	149.625	6.061	225.375	21.295	15175	234.875	0	0	0	9	9	458	319	332	459	431	760	167	538	-2	58	51	34	53	54	51	71	74	-2	148	144	138	150	155	152	159	151	-2	234	186	232	243	227	242	194	245	-1
1002002000	-2	11841	8020.333	4439.497	54.143	5.111	139.571	4.982	192.75	66.612	15498.444	213.625	0	0	1	9	9	11841	8840	0	11311	10922	11498	8345	9428	-2	55	48	-2	63	60	51	52	50	-2	141	133	-2	139	147	145	139	133	-2	231	211	21	215	235	236	200	193	-1
1002002000	-2	11841	8020.333	4439.497	54.143	5.111	139.571	4.982	192.75	66.612	15498.444	213.625	0	0	1	9	9	11841	8840	0	11311	10922	11498	8345	9428	-2	55	48	-2	63	60	51	52	50	-2	141	133	-2	139	147	145	139	133	-2	231	211	21	215	235	236	200	193	-1
1001001000	-2	13413	9129.111	3801.548	54.25	3.992	138.25	3.8	210.125	13.42	14979.111	210.875	0	0	0	9	9	10759	7838	8188	13413	12354	10065	7426	12121	-2	55	49	54	61	60	51	52	52	-2	138	134	135	139	144	143	140	133	-2	231	202	194	215	221	224	197	197	-1
1001001000	-2	13680	9262.667	3895.972	54.25	3.992	138.25	3.8	210.125	13.42	14979.111	210.875	0	0	0	9	9	10823	7811	8222	13680	12736	10168	7537	12389	-2	55	49	54	61	60	51	52	52	-2	138	134	135	139	144	143	140	133	-2	231	202	194	215	221	224	197	197	-1
1002001000	-2	10789	5400.333	3590.713	54.75	4.235	137.857	3.523	188.625	47.901	14000	204.25	0	0	1	9	9	6792	5875	0	10789	9847	4071	4057	7174	-2	56	55	54	62	59	47	53	52	-2	141	135	-2	137	141	139	141	131	-2	228	202	65	204	206	206	211	187	-1
1002001000	-2	10789	5400.333	3590.713	54.75	4.235	137.857	3.523	188.625	47.901	14000	204.25	0	0	1	9	9	6792	5875	0	10789	9847	4071	4057	7174	-2	56	55	54	62	59	47	53	52	-2	141	135	-2	137	141	139	141	131	-2	228	202	65	204	206	206	211	187	-1
1004002000	-2	5982	2033.667	2140.134	56.286	5.006	136.8	4.622	146.375	74.975	12159.667	185.25	0	0	3	9	9	0	4680	0	0	1651	2797	3195	5982	-2	59	57	55	-2	61	46	62	54	-2	-2	136	-2	-2	141	136	142	129	-2	68	208	66	21	206	202	215	185	-1
1004002000	-2	4744	1268.444	1719.223	56.286	5.006	136.8	4.622	141.125	72.319	12159.667	185.25	0	0	3	9	9	0	3983	0	0	1013	466	1212	4744	-2	59	57	55	-2	61	46	62	54	-2	-2	136	-2	-2	141	136	142	129	-2	68	208	66	21	206	160	215	185	-1
1003002000	-2	7890	2946.667	2627.836	57.143	6.151	138	6.028	168.25	74.34	13743	207.375	0	0	2	9	9	5003	4692	0	0	1308	4120	3509	7890	-2	57	58	55	-2	66	46	64	54	-2	145	139	-2	-2	140	136	142	126	-2	232	225	66	21	205	203	214	180	-1
1002001000	-2	864	217.667	332.522	46.25	11.486	164	6.633	208.625	68.633	8608.111	235.75	0	0	5	9	9	0	0	864	740	357	0	0	0	-2	54	38	28	50	43	35	63	59	-2	157	160	154	167	167	169	174	-2	-2	186	187	330	250	253	192	196	75	-1
1001001000	-2	867	608.889	242.92	54.75	11.691	153.5	4.899	238.5	6.856	14922.778	238.5	0	0	0	9	9	677	521	867	602	551	687	739	838	-2	58	42	36	53	56	52	65	76	-2	152	144	150	154	159	152	160	157	-2	248	236	232	244	227	242	234	245	-1
1001001000	-2	6497	1417.889	1870.29	74.25	6.591	157.5	4.583	219	18.868	12437.667	228.5	0	0	1	9	9	993	1527	0	1407	490	6497	682	1167	-2	83	70	66	66	81	75	71	82	-2	157	151	158	158	160	162	164	150	-2	220	217	177	230	206	242	227	233	-1
1001001000	-2	11363	3204.667	3224.787	73.75	6.379	157.875	5.278	214.125	17.208	12369.333	228.625	0	0	1	9	9	3557	1993	0	4646	2325	11363	3183	1777	-2	84	70	69	67	80	74	66	80	-2	158	153	163	158	158	164	162	147	-2	220	210	182	224	210	244	200	223	-1
1001001000	-2	11363	3204.667	3224.787	73.75	6.379	157.875	5.278	214.125	17.208	12369.333	228.625	0	0	1	9	9	3557	1993	0	4646	2325	11363	3183	1777	-2	84	70	69	67	80	74	66	80	-2	158	153	163	158	158	164	162	147	-2	220	210	182	224	210	244	200	223	-1
1001001000	-2	13820	10518	3864.475	68.5	7.176	155.625	5.171	235.25	7.98	11592.444	235.25	0	0	0	9	9	11973	12891	11405	10624	12567	10812	10572	13820	-2	81	66	66	72	76	66	56	65	-2	156	153	154	158	158	161	161	144	-2	231	231	233	229	253	243	228	234	-1
1004004000	-2	15121	7312.778	6791.67	55.2	5.492	138.4	2.577	140.625	93.11	14927.444	210.625	0	0	3	9	9	13594	14484	8358	14260	0	0	15121	0	-2	57	48	58	63	-2	-2	50	-2	-2	142	136	136	141	-2	-2	137	-2	-2	231	212	195	215	21	21	209	21	-1
1004004000	-2	15121	7312.778	6791.67	55.2	5.492	138.4	2.577	140.625	93.11	14927.444	210.625	0	0	3	9	9	13594	14484	8358	14260	0	0	15121	0	-2	57	48	58	63	-2	-2	50	-2	-2	142	136	136	141	-2	-2	137	-2	-2	231	212	195	215	21	21	209	21	-1
1001001000	-2	13514	8902.667	4015.723	50	9.042	133.625	4.554	196.5	11.446	13039.889	196.25	0	0	0	9	9	9535	6677	5702	13514	11818	9998	13229	9653	-2	56	49	57	62	52	48	46	30	-2	137	134	133	137	139	133	133	123	-2	216	196	187	204	200	198	197	174	-1
1001001000	-2	14031	9072.333	4152.632	50	9.042	133.625	4.554	196.5	11.446	13039.889	196.25	0	0	0	9	9	9727	6678	5702	14031	12114	10024	13546	9831	-2	56	49	57	62	52	48	46	30	-2	137	134	133	137	139	133	133	123	-2	216	196	187	204	200	198	197	174	-1
1001001000	-2	13926	7325.111	4097.115	49	8.888	133.25	4.943	195.25	11.155	12589.889	195.125	0	0	0	9	9	6642	5210	3148	13926	9300	7423	12556	7723	-2	55	49	56	57	54	45	48	28	-2	136	133	132	136	139	131	137	122	-2	211	196	186	201	200	193	203	172	-1
1001001000	-2	13767	7781.778	3629.489	48.875	8.781	133.25	4.943	195.125	11.095	12589.889	195.125	0	0	0	9	9	7923	6753	4794	13767	8971	8675	10897	8258	-2	55	49	56	56	54	45	48	28	-2	136	133	132	136	139	131	137	122	-2	211	196	186	200	200	193	203	172	-1
1001001000	-2	13655	7125.222	3611.704	48	9.327	132.375	5.219	191.75	9.808	12464.333	191.75	0	0	0	9	9	6835	8190	3845	13655	8930	5269	9095	8310	-2	52	50	55	57	57	44	41	28	-2	135	136	132	135	136	129	136	120	-2	201	201	185	195	195	186	200	171	-1
1001001000	-2	12157	5717.556	3361.613	49.25	8.969	132.75	5.309	192.375	10.062	12464.333	191.75	0	0	0	9	9	4868	6402	2377	12157	6688	3464	8414	7090	-2	52	50	55	57	57	44	51	28	-2	135	136	132	136	136	130	137	120	-2	201	201	185	197	195	187	202	171	-1
1001001000	-2	10386	5395.111	3156.446	47.25	8.941	133.75	5.093	197.125	12.313	13061.444	197.125	0	0	0	9	9	10386	5256	3645	9401	4168	3029	4384	8289	-2	51	52	55	56	52	45	39	28	-2	136	138	133	134	139	131	137	122	-2	213	213	189	196	203	187	201	175	-1
1001001000	-2	10872	5987.778	2992.81	47.125	8.978	133.875	5.036	197.125	12.313	13061.444	197.125	0	0	0	9	9	9138	6090	5276	10872	5574	4420	4304	8218	-2	51	52	55	56	52	44	39	28	-2	136	138	133	134	139	132	137	122	-2	213	213	189	196	203	187	201	175	-1
1002001000	-2	11902	6257.111	3985.788	50.125	10.142	138.429	5.288	194.875	56.929	12232.667	194.875	0	0	1	9	9	8284	6370	9890	11902	5391	4711	0	9768	-2	52	57	59	58	60	45	40	30	-2	142	143	141	139	142	135	-2	127	-2	233	241	213	214	218	203	50	187	-1
1002001000	-2	13223	6761.444	4329.899	50.125	10.142	138.429	5.288	194.875	56.929	12232.667	194.875	0	0	1	9	9	9340	6434	10537	13223	5871	5290	0	10160	-2	52	57	59	58	60	45	40	30	-2	142	143	141	139	142	135	-2	127	-2	233	241	213	214	218	203	50	187	-1
1002001000	-2	11615	5940.222	3599.63	57.5	6.325	145.429	7.248	212.5	57.799	11533.444	212.5	0	0	1	9	9	0	6825	7346	8898	6811	5105	6864	11615	-2	57	61	65	62	65	48	51	51	-2	-2	155	146	149	148	142	148	130	-2	65	241	246	226	248	239	238	197	-1
1001001000	-2	11947	6387.111	3150.319	62.25	5.673	150.625	8.015	232.25	17.789	11452.111	237.125	0	0	0	9	9	3620	6895	9113	6136	5749	6310	7716	11947	-2	67	63	67	64	70	53	59	55	-2	154	162	148	154	156	144	153	134	-2	193	242	240	229	248	251	237	218	-1
1002002000	-2	13451	5974.444	4021.874	63.571	4.777	151.571	8.139	208.375	71.332	11452.111	237.125	0	0	1	9	9	6305	6048	10061	6839	5135	0	5933	13451	-2	67	63	67	64	70	-2	59	55	-2	154	162	148	154	156	-2	153	134	-2	232	242	240	229	248	21	237	218	-1
1001001000	-2	10964	5376.778	3062.217	70.375	5.957	162.875	9.13	234.625	8.817	6516.667	234.625	0	0	0	9	9	5829	2823	10964	4240	6711	5956	3338	8532	-2	67	68	63	68	75	75	82	65	-2	161	176	152	158	164	166	176	150	-2	243	243	241	223	230	238	240	219	-1
1001001000	-2	10544	5159.778	2925.361	72	7.45	164.25	9.731	239.75	5.19	6594.111	239.75	0	0	0	9	9	6272	2779	10544	3980	5635	5637	3365	8228	-2	65	68	62	75	79	76	85	66	-2	158	177	154	159	167	169	179	151	-2	244	250	241	237	231	238	239	238	-1
1001001000	-2	11958	6436	3304.26	69.875	5.622	161.125	7.991	239.75	5.117	7616.111	239.75	0	0	0	9	9	7369	4865	11958	5447	7182	5798	4647	10660	-2	66	66	63	68	74	76	80	66	-2	156	171	153	158	160	165	175	151	-2	235	245	243	238	231	248	239	239	-1
1001001000	-2	11853	6342.222	3274.858	69.875	5.622	161.125	7.991	239.75	5.117	7616.111	239.75	0	0	0	9	9	7248	4807	11853	5265	7177	5576	4643	10513	-2	66	66	63	68	74	76	80	66	-2	156	171	153	158	160	165	175	151	-2	235	245	243	238	231	248	239	239	-1
1002001000	-2	1220	236.222	409.582	47.625	10.885	161	5.451	206.625	65.295	10475.444	238.625	0	0	5	9	9	0	0	1220	0	218	690	0	0	-2	55	37	28	50	42	47	61	61	-2	158	155	154	165	160	165	170	-2	-2	186	181	297	191	253	277	193	75	-1
1003001000	-2	561	243.778	194.935	64	10.989	155.833	5.58	185.5	66.761	11680.444	200.875	0	0	2	9	9	0	372	399	332	346	0	186	561	-2	62	42	57	70	74	62	64	81	-2	-2	145	156	157	162	-2	161	154	-2	76	235	195	237	226	71	199	245	-1
1003001000	-2	547	199.889	185.268	65.375	10.416	153.167	5.336	185.25	66.324	12398.667	197.375	0	0	2	9	9	0	63	224	279	362	0	326	547	-2	65	44	61	70	76	62	64	81	-2	-2	143	157	154	156	-2	159	150	-2	76	236	183	237	226	74	205	245	-1
1003001000	-2	270	71.889	94.117	65.375	10.416	153.167	5.336	163.375	54.882	12398.667	197.375	0	0	4	9	9	0	0	0	85	185	0	109	270	-2	65	44	61	70	76	62	64	81	-2	-2	143	157	154	156	-2	159	150	-2	76	163	175	185	226	74	186	222	-1
1003003000	-2	13440	6561.667	4910.644	76.167	6.362	162.167	5.336	175.625	89.566	8833.889	230.125	0	0	2	9	9	10663	7898	0	9614	10001	0	7441	13440	-2	86	72	-2	75	81	-2	66	77	-2	163	166	-2	166	161	-2	166	151	-2	231	221	21	228	214	21	228	241	-1
1005005000	-2	14199	6106.444	6830.783	55.5	5.408	141.75	3.269	121.25	100.376	15447.889	209.75	0	0	4	9	9	13849	13458	0	13454	0	14199	0	0	-2	57	48	-2	63	-2	54	-2	-2	-2	147	138	-2	141	-2	141	-2	-2	-2	232	212	21	222	21	220	21	21	-1
1005005000	-2	14199	6106.444	6830.783	55.5	5.408	141.75	3.269	121.25	100.376	15447.889	209.75	0	0	4	9	9	13849	13458	0	13454	0	14199	0	0	-2	57	48	-2	63	-2	54	-2	-2	-2	147	138	-2	141	-2	141	-2	-2	-2	232	212	21	222	21	220	21	21	-1
1003003000	-2	12760	7795.333	5653.831	46.167	8.295	130	5.508	148.875	74.595	12043.556	191.5	0	0	2	9	9	12760	12149	0	12402	0	11996	12553	8300	-2	50	46	-2	57	-2	50	44	30	-2	136	130	-2	136	-2	132	125	121	-2	208	191	21	203	21	192	185	170	-1
1001001000	-2	14203	11115.333	4367.8	45.125	10.373	131.625	5.936	192.375	11.124	12043.556	191.5	0	0	0	9	9	14203	13933	8836	13007	13908	13206	13645	9302	-2	50	46	58	57	41	50	29	30	-2	136	130	134	137	139	132	124	121	-2	208	191	191	203	200	192	184	170	-1
1001001000	-2	13906	9113.889	4344.278	44.125	9.752	129.375	5.43	185.875	9.266	11677	185.25	0	0	0	9	9	13906	6711	5998	13023	13156	9947	12421	6865	-2	49	47	57	54	42	46	29	29	-2	132	127	132	133	138	130	123	120	-2	193	186	185	193	197	187	181	165	-1
1001001000	-2	13906	9113.889	4344.278	44.125	9.752	129.375	5.43	185.875	9.266	11677	185.25	0	0	0	9	9	13906	6711	5998	13023	13156	9947	12421	6865	-2	49	47	57	54	42	46	29	29	-2	132	127	132	133	138	130	123	120	-2	193	186	185	193	197	187	181	165	-1
1001001000	-2	12279	6203.556	4261.387	43.125	10.13	126.75	5.403	180.75	8.913	11139.778	180.25	0	0	0	9	9	8771	3536	3539	12279	11349	2261	10496	3603	-2	50	43	56	54	44	43	28	27	-2	132	125	131	129	133	127	120	117	-2	190	183	184	185	189	182	171	162	-1
1001001000	-2	12279	6203.556	4261.387	43.125	10.13	126.75	5.403	180.75	8.913	11139.778	180.25	0	0	0	9	9	8771	3536	3539	12279	11349	2261	10496	3603	-2	50	43	56	54	44	43	28	27	-2	132	125	131	129	133	127	120	117	-2	190	183	184	185	189	182	171	162	-1
1002001000	-2	11198	4621.889	3804.077	42.125	10.277	125.571	5.095	163.75	43.115	9742.111	163.75	0	0	1	9	9	8772	4313	3163	11198	0	1466	8455	4232	-2	50	47	54	54	39	39	27	27	-2	133	126	130	128	-2	125	119	118	-2	194	186	183	183	52	178	169	165	-1
1002001000	-2	11198	4593.778	3795.806	42.125	10.277	125.571	5.095	163.75	43.115	9742.111	163.75	0	0	1	9	9	8717	4274	3133	11198	0	1466	8416	4142	-2	50	47	54	54	39	39	27	27	-2	133	126	130	128	-2	125	119	118	-2	194	186	183	183	52	178	169	165	-1
1001001000	-2	11038	6238.222	3603.498	42.75	10.268	127.75	5.044	182.75	12.091	11845.333	184.875	0	0	0	9	9	9877	7918	5112	11038	9696	1291	6013	5201	-2	49	49	56	54	39	39	28	28	-2	133	127	131	130	134	127	120	120	-2	198	189	187	189	195	163	171	170	-1
1001001000	-2	11038	6238.222	3603.498	42.75	10.268	127.75	5.044	182.75	12.091	11845.333	184.875	0	0	0	9	9	9877	7918	5112	11038	9696	1291	6013	5201	-2	49	49	56	54	39	39	28	28	-2	133	127	131	130	134	127	120	120	-2	198	189	187	189	195	163	171	170	-1
1002001000	-2	12679	6345.889	4804.02	44.25	10.791	132.714	4.802	178.125	51.123	11659.333	181.5	0	0	1	9	9	9987	4646	8413	12679	8226	971	0	12193	-2	50	51	58	56	39	43	29	28	-2	134	138	134	134	136	131	-2	122	-2	213	214	203	201	203	163	50	178	-1
1003001000	-2	11427	6276.889	4741.504	46.625	10.38	137.333	5.676	176.625	71.934	10398.556	176.625	0	0	2	9	9	11397	8845	10144	11427	0	5396	0	9285	-2	51	56	59	57	41	46	33	30	-2	138	145	141	139	-2	134	-2	127	-2	225	250	218	212	60	205	50	193	-1
1003001000	-2	11427	6276.889	4741.504	46.625	10.38	137.333	5.676	176.625	71.934	10398.556	176.625	0	0	2	9	9	11397	8845	10144	11427	0	5396	0	9285	-2	51	56	59	57	41	46	33	30	-2	138	145	141	139	-2	134	-2	127	-2	225	250	218	212	60	205	50	193	-1
1004001000	-2	11013	4495.889	4342.749	51	8.5	145.8	7.782	170.75	89.995	8220.333	170.75	0	0	3	9	9	0	6258	10176	7717	0	5301	0	11013	-2	52	59	61	59	43	53	35	46	-2	-2	157	146	149	-2	144	-2	133	-2	66	256	234	240	54	253	47	216	-1
1004001000	-2	11456	5084	4714.939	51	8.5	145.8	7.782	170.75	89.995	8220.333	170.75	0	0	3	9	9	0	8150	10887	7632	0	7633	0	11456	-2	52	59	61	59	43	53	35	46	-2	-2	157	146	149	-2	144	-2	133	-2	66	256	234	240	54	253	47	216	-1
1004001000	-2	11770	5369	5037.755	50.125	7.688	144.4	8.593	168.75	87.381	8110.333	168.75	0	0	3	9	9	0	7008	11644	7468	0	10433	0	11770	-2	51	59	56	58	42	49	35	51	-2	-2	159	144	143	-2	144	-2	132	-2	66	256	228	229	55	253	51	212	-1
1004001000	-2	11618	4815.444	4574.979	50.125	7.688	144.4	8.593	168.75	87.381	8110.333	168.75	0	0	3	9	9	0	6080	11618	6813	0	8571	0	10259	-2	51	59	56	58	42	49	35	51	-2	-2	159	144	143	-2	144	-2	132	-2	66	256	228	229	55	253	51	212	-1
1003001000	-2	12669	6652.333	5119.842	55.125	5.061	150.333	6.823	196.75	79.345	8162	196.75	0	0	2	9	9	0	7055	12669	6722	0	9143	11765	12519	-2	52	60	57	63	46	58	52	53	-2	-2	162	149	151	-2	148	153	139	-2	66	251	241	251	55	252	239	219	-1
1002001000	-2	10792	5974.111	3731.258	56.25	5.238	150.143	6.334	211	61.946	9559.222	219.625	0	0	1	9	9	6304	5557	10792	4528	0	8271	7985	10332	-2	52	60	57	63	47	63	54	54	-2	147	163	148	149	-2	149	154	141	-2	243	250	243	193	55	252	239	213	-1
1003002000	-2	104	21.778	41.603	30	9.928	193.5	10.5	229.75	39.41	10725.222	413.25	0	0	5	9	9	0	0	104	0	95	0	0	-1	-2	31	27	19	40	29	17	47	-2	-2	186	-2	179	206	201	185	204	-2	-2	220	151	231	237	241	215	238	305	-1
1001001000	-2	1561	780.889	407.682	69.125	12.293	153.625	6.224	233.25	9.808	16935.778	233.25	0	0	0	9	9	768	661	1177	662	504	1561	810	887	-2	78	41	63	72	76	78	64	81	-2	149	142	160	154	159	160	157	148	-2	220	236	245	244	226	242	234	219	-1
1002001000	-2	1323	587.889	409.412	70.625	12.257	149.714	5.675	208.5	56.87	15482.556	208.5	0	0	1	9	9	846	0	989	509	394	1323	587	645	-2	81	43	65	73	78	80	64	81	-2	144	-2	158	146	152	154	153	141	-2	231	63	250	222	227	243	234	198	-1
1002001000	-2	672	285.556	265.06	70.375	11.532	144.143	6.128	188.25	48.589	13593.111	192.125	0	0	1	9	9	521	0	670	79	87	672	143	400	-2	82	45	66	71	77	79	63	80	-2	142	-2	156	137	145	148	144	137	-2	208	64	235	197	202	208	203	189	-1
1002001000	-2	699	280.556	264.247	70.375	11.532	144.143	6.128	188.25	48.907	13593.111	192.125	0	0	1	9	9	507	0	699	71	87	614	115	434	-2	82	45	66	71	77	79	63	80	-2	142	-2	156	137	145	148	144	137	-2	208	64	239	197	202	204	203	189	-1
1002002000	-2	4575	1686.222	1824.521	76.857	6.266	153.857	4.486	177.75	63.639	14894.889	234.125	0	0	1	9	9	482	1640	0	493	3691	4575	4222	75	-2	86	73	-2	76	81	81	65	76	-2	157	158	-2	153	151	159	154	145	-2	180	196	21	177	237	209	232	170	-1
1002002000	-2	5111	1859.333	2032.572	76.857	6.266	153.857	4.486	178	63.855	14894.889	234.125	0	0	1	9	9	494	1722	0	526	4352	5111	4443	88	-2	86	73	-2	76	81	81	65	76	-2	157	158	-2	153	151	159	154	145	-2	180	196	21	177	237	209	234	170	-1
1002002000	-2	16199	10965.556	6008.496	66	9.32	151.286	5.824	213.375	73.019	14915.778	241.875	0	0	1	9	9	14023	14441	11259	13894	13256	0	15620	16199	-2	80	62	66	71	75	-2	53	55	-2	159	153	155	156	146	-2	149	141	-2	240	237	254	247	230	21	237	241	-1
1001001000	-2	14746	10836.889	4057.653	66.625	8.873	152	5.766	241.875	7.219	14915.778	241.875	0	0	0	9	9	10577	12014	10633	12313	14055	11937	11259	14746	-2	80	62	66	71	75	71	53	55	-2	159	153	155	156	146	157	149	141	-2	240	237	254	247	230	249	237	241	-1
1002001000	-2	12847	8872.556	4814.439	48.875	9.727	137.857	5.41	190.125	48.535	12462.333	190.125	0	0	1	9	9	0	11063	11604	11176	12564	10122	10479	12847	-2	55	45	63	57	42	55	43	31	-2	-2	138	142	140	142	142	135	126	-2	65	211	210	209	207	227	208	184	-1
1002001000	-2	12847	8872.556	4814.439	48.875	9.727	137.857	5.41	190.125	48.535	12462.333	190.125	0	0	1	9	9	0	11063	11604	11176	12564	10122	10479	12847	-2	55	45	63	57	42	55	43	31	-2	-2	138	142	140	142	142	135	126	-2	65	211	210	209	207	227	208	184	-1
1001001000	-2	13028	9495	4176.379	34	12.062	125.5	6.021	178.75	9.08	10764.667	178.625	0	0	0	9	9	12090	12703	8907	11557	11114	13028	11618	4440	-2	43	33	56	24	23	46	21	26	-2	131	123	132	129	128	128	120	113	-2	186	180	182	185	182	185	173	157	-1
1001001000	-2	14387	10368.222	4516.123	35.375	12.318	125.625	5.765	178.75	9.08	10764.667	178.625	0	0	0	9	9	14387	12984	10236	12975	11538	13715	12505	4976	-2	43	43	56	24	23	46	21	27	-2	131	123	132	129	128	128	120	114	-2	186	180	182	185	182	185	173	157	-1
1001001000	-2	12218	9567.778	4298.517	34.625	10.012	122.5	5.196	173.75	7.344	10684.111	173.25	0	0	0	9	9	11563	12064	11574	12218	11670	11660	12014	3349	-2	44	40	49	34	23	41	19	27	-2	127	122	123	128	127	123	119	111	-2	178	177	173	179	179	178	170	156	-1
1001001000	-2	12218	9567.778	4298.517	34.625	10.012	122.5	5.196	173.75	7.344	10684.111	173.25	0	0	0	9	9	11563	12064	11574	12218	11670	11660	12014	3349	-2	44	40	49	34	23	41	19	27	-2	127	122	123	128	127	123	119	111	-2	178	177	173	179	179	178	170	156	-1
1002001000	-2	12186	7603.667	4749.636	31.75	10.219	121.857	5.41	156.5	45.302	9189.889	156.5	0	0	1	9	9	10365	0	10924	11616	12134	6852	12186	4358	-2	44	30	46	34	24	38	14	24	-2	126	-2	123	127	127	121	118	111	-2	180	38	173	177	180	177	169	158	-1
1002001000	-2	12186	7603.667	4749.636	31.75	10.219	121.857	5.41	156.5	45.302	9189.889	156.5	0	0	1	9	9	10365	0	10924	11616	12134	6852	12186	4358	-2	44	30	46	34	24	38	14	24	-2	126	-2	123	127	127	121	118	111	-2	180	38	173	177	180	177	169	158	-1
1003001000	-2	11992	5977.889	4958.786	32.375	11.124	120.333	5.406	138	59.716	7621.333	138	0	0	2	9	9	10370	0	10665	11605	0	3842	11992	5329	-2	43	30	52	34	24	37	14	25	-2	123	-2	127	126	-2	117	117	112	-2	176	38	179	177	32	172	169	161	-1
1003001000	-2	11992	5982.111	4961.138	32.375	11.124	120.333	5.406	138	59.716	7621.333	138	0	0	2	9	9	10366	0	10693	11605	0	3842	11992	5343	-2	43	30	52	34	24	37	14	25	-2	123	-2	127	126	-2	117	117	112	-2	176	38	179	177	32	172	169	161	-1
1003001000	-2	13104	6218	5299.716	31.625	11.916	120	5.745	139.125	60.086	7717.444	139.125	0	0	2	9	9	13104	0	10558	11614	0	2083	10926	7679	-2	43	23	53	34	23	38	14	25	-2	123	-2	127	126	-2	118	114	112	-2	178	38	182	178	33	172	168	164	-1
1003001000	-2	14628	6606.667	5689.521	32.375	11.661	126.333	4.922	147.5	65.462	9340.222	149.875	0	0	2	9	9	14628	0	12707	10783	0	2032	10616	8696	-2	43	24	53	34	23	40	15	27	-2	131	-2	132	128	-2	127	122	118	-2	200	38	198	187	33	167	181	176	-1
1003001000	-2	14628	6606.667	5689.521	32.375	11.661	126.333	4.922	147.5	65.462	9340.222	149.875	0	0	2	9	9	14628	0	12707	10783	0	2032	10616	8696	-2	43	24	53	34	23	40	15	27	-2	131	-2	132	128	-2	127	122	118	-2	200	38	198	187	33	167	181	176	-1
1005001000	-2	13842	4464.889	5410.401	32.375	10.988	127	4.301	116.625	75.278	6439.111	116.625	0	0	4	9	9	13842	0	12408	0	0	6649	0	7287	-2	43	23	51	34	24	40	16	28	-2	130	-2	131	-2	-2	127	-2	120	-2	200	38	199	45	33	188	51	179	-1
1004001000	-2	15891	5867.333	5849.093	37.125	10.117	133.4	5.004	147.375	81.659	8401.111	147.375	0	0	3	9	9	15891	9827	12861	0	0	6113	0	8116	-2	43	45	52	34	25	46	23	29	-2	135	139	134	-2	-2	135	-2	124	-2	218	229	208	45	33	206	51	189	-1
1005001000	-2	13261	4023	4811.435	37.375	9.987	134.5	6.103	134.375	87.683	6787.333	134.375	0	0	4	9	9	0	7464	13261	0	0	6609	0	8875	-2	43	47	49	34	25	48	23	30	-2	-2	142	135	-2	-2	136	-2	125	-2	66	262	213	45	34	212	51	192	-1
1005001000	-2	13261	4023	4811.435	37.375	9.987	134.5	6.103	134.375	87.683	6787.333	134.375	0	0	4	9	9	0	7464	13261	0	0	6609	0	8875	-2	43	47	49	34	25	48	23	30	-2	-2	142	135	-2	-2	136	-2	125	-2	66	262	213	45	34	212	51	192	-1
1005001000	-2	10327	4020.667	4547.377	34.875	9.075	132.5	5.22	124.875	83.34	6626.667	124.875	0	0	4	9	9	9081	0	10327	0	0	7467	0	9313	-2	37	30	49	34	25	49	24	31	-2	133	-2	135	-2	-2	138	-2	124	-2	218	38	211	45	34	212	51	190	-1
1005001000	-2	10327	4020.667	4547.377	34.875	9.075	132.5	5.22	124.875	83.34	6626.667	124.875	0	0	4	9	9	9081	0	10327	0	0	7467	0	9313	-2	37	30	49	34	25	49	24	31	-2	133	-2	135	-2	-2	138	-2	124	-2	218	38	211	45	34	212	51	190	-1
1005001000	-2	11888	3330	4117.835	34.75	9.457	132.25	5.494	123.625	81.824	6593.222	125	0	0	4	9	9	6995	0	4965	0	0	6124	0	11888	-2	37	25	49	34	26	50	25	32	-2	130	-2	134	-2	-2	140	-2	125	-2	201	39	209	45	34	219	51	191	-1
1001001000	-2	0	-0.222	0.629	22.5	6.423	152.625	9.433	179.875	9.293	19424.111	269.5	0	0	8	9	9	0	0	0	0	0	0	0	0	-2	20	23	18	25	24	14	37	19	-2	148	132	150	156	158	151	163	163	-2	174	160	177	186	183	179	190	190	-1
1001001000	-2	643	246.111	188.739	64.375	12.144	135.75	5.19	182.125	5.395	11893.778	186.125	0	0	0	9	9	317	270	368	52	162	643	75	330	-2	78	42	62	66	74	78	50	65	-2	137	128	146	131	139	137	136	132	-2	190	176	183	182	175	189	185	177	-1
1001001000	-2	5972	1450.111	1986.717	73	5	145.625	5.314	193.375	31.827	16136	213.5	0	0	2	9	9	0	0	3410	171	5972	2507	914	79	-2	81	70	73	74	78	73	63	72	-2	144	145	158	144	147	146	143	138	-2	162	162	240	170	223	225	208	157	-1
1001001000	-2	16568	11269.889	4576.673	71.25	6.476	154.75	6.036	239.75	8.452	14779.333	239.875	0	0	0	9	9	13086	11363	8720	10288	13814	12496	15096	16568	-2	79	69	72	74	78	73	57	68	-2	159	158	165	154	150	157	151	144	-2	239	222	238	241	254	246	237	241	-1
1001001000	-2	16568	11269.889	4576.673	71.25	6.476	154.75	6.036	239.75	8.452	14779.333	239.875	0	0	0	9	9	13086	11363	8720	10288	13814	12496	15096	16568	-2	79	69	72	74	78	73	57	68	-2	159	158	165	154	150	157	151	144	-2	239	222	238	241	254	246	237	241	-1
1002001000	-2	15274	11264.222	6051.028	52.75	10.317	142.571	6.543	209	56.241	13245.111	209	0	0	1	9	9	0	13945	15274	13398	15104	13880	14758	15021	-2	54	50	65	60	49	66	45	33	-2	-2	141	150	147	145	147	139	129	-2	66	231	248	238	221	249	221	198	-1
1002001000	-2	15274	11264.222	6051.028	52.75	10.317	142.571	6.543	209	56.241	13245.111	209	0	0	1	9	9	0	13945	15274	13398	15104	13880	14758	15021	-2	54	50	65	60	49	66	45	33	-2	-2	141	150	147	145	147	139	129	-2	66	231	248	238	221	249	221	198	-1
1001001000	-2	12403	9072.667	3823.086	29.25	12.784	117	5.05	168	7.382	9398.889	167.25	0	0	0	9	9	11579	11682	9974	11378	9730	12403	10026	4884	-2	35	15	50	16	35	43	14	26	-2	121	114	121	120	118	123	108	111	-2	171	168	170	172	171	179	159	154	-1
1001001000	-2	12403	9072.667	3823.086	29.25	12.784	117	5.05	168	7.382	9398.889	167.25	0	0	0	9	9	11579	11682	9974	11378	9730	12403	10026	4884	-2	35	15	50	16	35	43	14	26	-2	121	114	121	120	118	123	108	111	-2	171	168	170	172	171	179	159	154	-1
1001001000	-2	10936	7619.778	3391.833	25.875	11.107	113.375	5.721	162.25	7.013	7801.444	162.25	0	0	0	9	9	8992	10936	8839	8620	10600	8453	8872	3268	-2	36	15	44	16	21	38	13	24	-2	119	112	121	118	113	114	107	103	-2	165	164	169	167	163	167	157	146	-1
1001001000	-2	10936	7619.778	3391.833	25.875	11.107	113.375	5.721	162.25	7.013	7801.444	162.25	0	0	0	9	9	8992	10936	8839	8620	10600	8453	8872	3268	-2	36	15	44	16	21	38	13	24	-2	119	112	121	118	113	114	107	103	-2	165	164	169	167	163	167	157	146	-1
1001001000	-2	10878	7148.333	3378.635	27.125	10.764	113.125	5.418	162.25	6.629	7547.667	162.125	0	0	0	9	9	8392	10878	9693	7532	9908	7619	7781	2534	-2	38	21	45	19	20	38	13	23	-2	118	114	120	116	114	114	106	103	-2	164	166	169	164	165	167	155	148	-1
1001001000	-2	10878	7148.333	3378.635	27.125	10.764	113.125	5.418	162.25	6.629	7547.667	162.125	0	0	0	9	9	8392	10878	9693	7532	9908	7619	7781	2534	-2	38	21	45	19	20	38	13	23	-2	118	114	120	116	114	114	106	103	-2	164	166	169	164	165	167	155	148	-1
1001001000	-2	10924	7205.556	3366.952	25.25	10.952	112.25	5.333	162.375	6.537	8174.889	162.375	0	0	0	9	9	8785	9465	10924	7438	9938	7601	8005	2696	-2	37	21	44	19	12	33	12	24	-2	117	113	120	113	115	112	104	104	-2	163	167	170	163	167	165	155	149	-1
1001001000	-2	10924	7205.556	3366.952	25.25	10.952	112.25	5.333	162.375	6.537	8174.889	162.375	0	0	0	9	9	8785	9465	10924	7438	9938	7601	8005	2696	-2	37	21	44	19	12	33	12	24	-2	117	113	120	113	115	112	104	104	-2	163	167	170	163	167	165	155	149	-1
1002001000	-2	11157	6789.556	4104.178	24.25	10.802	111.714	4.832	145.25	47.646	7764.111	145.25	0	0	1	9	9	11157	8420	10766	10103	0	8566	7864	4232	-2	36	15	42	20	12	33	12	24	-2	117	113	116	114	-2	113	106	103	-2	165	167	167	164	20	169	159	151	-1
1002001000	-2	11150	6780.111	4102.229	24.25	10.802	111.714	4.832	145.25	47.646	7764.111	145.25	0	0	1	9	9	11150	8419	10766	10061	0	8568	7864	4195	-2	36	15	42	20	12	33	12	24	-2	117	113	116	114	-2	113	106	103	-2	165	167	167	164	20	169	159	151	-1
1002001000	-2	12898	7873.222	4622.079	26.375	9.759	115.143	5.693	153.125	43.993	8621.889	153.125	0	0	1	9	9	12898	0	12158	11242	10275	8197	9966	6125	-2	35	16	44	26	20	33	13	24	-2	119	-2	121	117	120	115	110	104	-2	173	38	175	169	176	174	165	155	-1
1002001000	-2	12898	7873.222	4622.079	26.375	9.759	115.143	5.693	153.125	43.993	8621.889	153.125	0	0	1	9	9	12898	0	12158	11242	10275	8197	9966	6125	-2	35	16	44	26	20	33	13	24	-2	119	-2	121	117	120	115	110	104	-2	173	38	175	169	176	174	165	155	-1
1002001000	-2	13802	8505.556	4786.784	27.125	10.203	119.571	4.305	158.875	45.605	9299.667	158.875	0	0	1	9	9	13802	0	12403	11270	10707	10861	8971	8538	-2	29	16	46	29	20	38	14	25	-2	121	-2	124	121	123	122	114	112	-2	178	39	181	175	181	181	170	166	-1
1002001000	-2	13987	8591.333	4837.793	27.125	10.203	119.571	4.305	158.875	45.605	9299.667	158.875	0	0	1	9	9	13987	0	12403	11394	10815	11120	8971	8634	-2	29	16	46	29	20	38	14	25	-2	121	-2	124	121	123	122	114	112	-2	178	39	181	175	181	181	170	166	-1
1004001000	-2	13710	6647	6015.68	28.875	10.068	125.4	4.271	133.75	72.152	7022.556	133.75	0	0	3	9	9	13710	0	12517	11308	0	12242	0	10048	-2	29	22	47	29	21	42	15	26	-2	124	-2	129	126	-2	130	-2	118	-2	191	38	195	186	34	196	51	179	-1
1004001000	-2	13710	6647	6015.68	28.875	10.068	125.4	4.271	133.75	72.152	7022.556	133.75	0	0	3	9	9	13710	0	12517	11308	0	12242	0	10048	-2	29	22	47	29	21	42	15	26	-2	124	-2	129	126	-2	130	-2	118	-2	191	38	195	186	34	196	51	179	-1
1004001000	-2	14843	6321.556	5855.246	28.25	10.651	127.8	5.192	138.5	75.73	7293.222	138.5	0	0	3	9	9	14843	0	12583	10044	0	9729	0	9697	-2	25	22	47	30	18	43	15	26	-2	128	-2	133	126	-2	133	-2	119	-2	203	39	204	189	34	205	51	183	-1
1004001000	-2	14843	6321.556	5855.246	28.25	10.651	127.8	5.192	138.5	75.73	7293.222	138.5	0	0	3	9	9	14843	0	12583	10044	0	9729	0	9697	-2	25	22	47	30	18	43	15	26	-2	128	-2	133	126	-2	133	-2	119	-2	203	39	204	189	34	205	51	183	-1
1004001000	-2	11396	4829.889	4626.363	27.625	10.535	126.6	4.224	142.5	69.289	7253.889	142.5	0	0	3	9	9	11396	5911	10549	0	0	6295	0	9320	-2	24	21	46	29	17	43	16	25	-2	127	128	127	-2	-2	132	-2	119	-2	200	203	194	45	65	201	51	181	-1
1004001000	-2	11396	4829.889	4626.363	27.625	10.535	126.6	4.224	142.5	69.289	7253.889	142.5	0	0	3	9	9	11396	5911	10549	0	0	6295	0	9320	-2	24	21	46	29	17	43	16	25	-2	127	128	127	-2	-2	132	-2	119	-2	200	203	194	45	65	201	51	181	-1
1001001000	-2	674	294.222	250.702	28.625	4.715	118.5	6.205	159	17.536	9653.667	166.5	0	0	2	9	9	316	0	674	460	0	656	253	291	-2	39	25	24	28	27	33	28	25	-2	122	104	120	116	124	125	117	120	-2	167	121	172	162	141	178	167	164	-1
1001001000	-2	4965	1504.444	1660.167	65.25	5.472	137.875	6.294	191.125	29.006	13446.556	201	0	0	1	9	9	0	781	4965	410	2685	1007	314	3380	-2	66	59	68	70	73	67	55	64	-2	139	134	153	140	135	135	136	131	-2	156	188	256	192	200	194	157	186	-1
1001001000	-2	14332	12149.778	4359.59	64.875	6.193	148.5	6.576	240.125	9.13	17706	240.125	0	0	0	9	9	14305	13758	12400	12328	14286	14202	13739	14332	-2	65	62	71	71	71	68	56	55	-2	149	148	164	149	146	147	146	139	-2	241	239	238	241	240	248	254	220	-1
1001001000	-2	15731	13007	4686.101	64.875	6.193	148.5	6.576	240.125	9.13	17706	240.125	0	0	0	9	9	15433	14715	13362	12804	14912	15021	15087	15731	-2	65	62	71	71	71	68	56	55	-2	149	148	164	149	146	147	146	139	-2	241	239	238	241	240	248	254	220	-1
1001001000	-2	15598	13276.778	4711.669	45.25	9.203	133.5	6.423	202.375	9.313	14690.889	202.375	0	0	0	9	9	15328	14088	15188	14874	15598	14820	14766	14831	-2	48	42	63	44	42	54	38	31	-2	136	131	146	139	128	135	126	127	-2	210	199	217	212	192	204	195	190	-1
1001001000	-2	15598	13276.778	4711.669	45.25	9.203	133.5	6.423	202.375	9.313	14690.889	202.375	0	0	0	9	9	15328	14088	15188	14874	15598	14820	14766	14831	-2	48	42	63	44	42	54	38	31	-2	136	131	146	139	128	135	126	127	-2	210	199	217	212	192	204	195	190	-1
1001001000	-2	11774	7417.111	3554.541	24.75	11.893	108.875	6.954	156.75	8.584	7634.889	156.125	0	0	0	9	9	8348	11774	8216	8586	11560	8979	5611	3682	-2	21	14	47	13	30	38	12	23	-2	107	111	122	107	110	114	97	103	-2	151	162	169	159	159	165	144	145	-1
1001001000	-2	11774	7297.111	3585.372	24.75	11.893	108.875	6.954	156.75	8.584	7634.889	156.125	0	0	0	9	9	8258	11774	7867	8586	11507	8979	5239	3466	-2	21	14	47	13	30	38	12	23	-2	107	111	122	107	110	114	97	103	-2	151	162	169	159	159	165	144	145	-1
1001001000	-2	10096	6329.111	3084.181	21.75	10.674	106.625	5.521	153.125	6.679	6702.889	153.125	0	0	0	9	9	7767	10096	7561	6317	9857	7181	5605	2580	-2	24	15	41	13	12	36	11	22	-2	109	109	116	106	106	110	98	99	-2	154	159	162	152	153	159	144	142	-1
1001001000	-2	10096	6329.111	3084.181	21.75	10.674	106.625	5.521	153.125	6.679	6702.889	153.125	0	0	0	9	9	7767	10096	7561	6317	9857	7181	5605	2580	-2	24	15	41	13	12	36	11	22	-2	109	109	116	106	106	110	98	99	-2	154	159	162	152	153	159	144	142	-1
1001001000	-2	10392	6069.889	3410.961	21.375	10.475	105.125	6.79	152	7.211	7075.111	152	0	0	0	9	9	2640	9351	8893	6016	10392	7481	7581	2277	-2	32	15	40	13	12	31	11	17	-2	111	108	115	106	107	104	92	98	-2	154	158	162	153	155	153	140	141	-1
1001001000	-2	10392	6069.889	3410.961	21.375	10.475	105.125	6.79	152	7.211	7075.111	152	0	0	0	9	9	2640	9351	8893	6016	10392	7481	7581	2277	-2	32	15	40	13	12	31	11	17	-2	111	108	115	106	107	104	92	98	-2	154	158	162	153	155	153	140	141	-1
1001001000	-2	9721	5979.444	3336.016	19.875	9.225	103.75	6.887	151.625	7.245	7526.889	151.375	0	0	0	9	9	2193	8458	9721	5841	8290	9250	7487	2577	-2	28	15	38	13	11	27	12	15	-2	110	109	114	105	103	101	92	96	-2	155	160	161	152	153	151	140	141	-1
1001001000	-2	9721	5979.444	3336.016	19.875	9.225	103.75	6.887	151.625	7.245	7526.889	151.375	0	0	0	9	9	2193	8458	9721	5841	8290	9250	7487	2577	-2	28	15	38	13	11	27	12	15	-2	110	109	114	105	103	101	92	96	-2	155	160	161	152	153	151	140	141	-1
1001001000	-2	10666	6931	3087.383	19.625	9.46	105.375	6.518	155.125	6.623	8307.889	155.125	0	0	0	9	9	4318	8297	10666	7579	8489	9176	8824	5032	-2	23	15	40	13	11	28	12	15	-2	112	109	114	106	105	106	93	98	-2	159	160	164	155	157	157	144	145	-1
1001001000	-2	10666	6931	3087.383	19.625	9.46	105.375	6.518	155.125	6.623	8307.889	155.125	0	0	0	9	9	4318	8297	10666	7579	8489	9176	8824	5032	-2	23	15	40	13	11	28	12	15	-2	112	109	114	106	105	106	93	98	-2	159	160	164	155	157	157	144	145	-1
1002001000	-2	11597	7181.111	4223.931	20.75	9.523	109	6.928	146.25	41.06	8376.778	146.25	0	0	1	9	9	8420	0	11258	11597	10498	8937	8630	5292	-2	23	15	42	16	12	28	12	18	-2	115	-2	117	113	110	110	96	102	-2	165	39	170	163	166	165	150	152	-1
1002001000	-2	11597	7181.111	4223.931	20.75	9.523	109	6.928	146.25	41.06	8376.778	146.25	0	0	1	9	9	8420	0	11258	11597	10498	8937	8630	5292	-2	23	15	42	16	12	28	12	18	-2	115	-2	117	113	110	110	96	102	-2	165	39	170	163	166	165	150	152	-1
1001001000	-2	12205	8961.667	3710.89	22.25	10.293	112.375	5.243	168.875	6.313	9908	168.75	0	0	0	9	9	12126	11423	11063	12205	9646	9239	9431	5524	-2	23	16	42	17	12	36	13	19	-2	117	115	118	114	111	116	103	105	-2	170	177	174	168	170	174	160	158	-1
1001001000	-2	12205	8961.667	3710.89	22.25	10.293	112.375	5.243	168.875	6.313	9908	168.75	0	0	0	9	9	12126	11423	11063	12205	9646	9239	9431	5524	-2	23	16	42	17	12	36	13	19	-2	117	115	118	114	111	116	103	105	-2	170	177	174	168	170	174	160	158	-1
1001001000	-2	13803	9674	3912.592	24	10.677	118.625	5.7	178.875	7.27	9870	178.875	0	0	0	9	9	13803	12544	11705	11744	11088	10413	8755	7016	-2	24	15	42	24	13	40	13	21	-2	122	118	124	119	123	124	111	108	-2	183	183	183	176	184	187	170	165	-1
1001001000	-2	13786	9679.222	3949.873	24	11.236	119.125	5.51	180.75	7.224	10448.778	180.75	0	0	0	9	9	13153	13786	12228	8974	10419	11622	9789	7144	-2	23	14	43	25	13	41	13	20	-2	121	119	124	119	123	126	112	109	-2	185	185	183	177	186	190	173	167	-1
1001001000	-2	13786	9679.222	3949.873	24	11.236	119.125	5.51	180.75	7.224	10448.778	180.75	0	0	0	9	9	13153	13786	12228	8974	10419	11622	9789	7144	-2	23	14	43	25	13	41	13	20	-2	121	119	124	119	123	126	112	109	-2	185	185	183	177	186	190	173	167	-1
1001001000	-2	11399	7913.444	3422.204	23.5	10.932	114.75	4.737	173.625	5.872	9895.778	173.625	0	0	0	9	9	11147	11399	11240	5971	6008	8692	8943	7823	-2	22	14	43	25	13	39	13	19	-2	115	118	121	118	110	119	109	108	-2	173	181	178	173	172	181	168	163	-1
1001001000	-2	751	422.222	325.768	15.5	2.062	107.875	4.256	153.625	19.455	13012.444	162.375	0	0	2	9	9	642	0	751	676	290	746	0	697	-2	15	13	16	18	18	15	12	17	-2	111	99	114	107	106	111	106	109	-2	162	117	173	159	161	170	125	162	-1
1001001000	-2	185	38.778	73.221	15.5	2.062	107.875	4.256	131.625	10.062	13012.444	162.375	0	0	6	9	9	0	0	0	166	0	185	0	0	-2	15	13	16	18	18	15	12	17	-2	111	99	114	107	106	111	106	109	-2	130	117	132	147	126	148	125	128	-1
1001001000	-2	1378	559.444	497.064	60.375	7.952	130.5	5.766	180.875	8.838	9822.333	180.875	0	0	0	9	9	461	79	906	37	1378	554	322	1300	-2	59	46	67	65	69	69	55	53	-2	130	125	144	129	129	133	130	124	-2	177	171	197	175	191	185	180	171	-1
1001001000	-2	2182	983.333	765.276	59.375	6.855	132	6.205	179.125	13.28	11086.222	185.625	0	0	0	9	9	320	535	1864	250	2182	1066	735	1900	-2	57	57	66	62	68	65	54	46	-2	137	126	145	132	130	133	129	124	-2	156	163	198	180	191	189	181	175	-1
1001001000	-2	15418	12971.111	4614.609	59.5	6.442	142.875	5.644	231.625	11.618	18117.667	231.625	0	0	0	9	9	15418	13670	14779	13949	14668	14788	15086	14384	-2	53	61	67	62	66	65	53	49	-2	144	141	155	145	139	144	141	134	-2	233	219	241	241	228	250	229	212	-1
1001001000	-2	16498	13151.444	4850.784	40	9.747	129.25	6.036	190.875	8.71	14467.667	190.75	0	0	0	9	9	15092	14781	15114	16498	14980	15727	14997	11176	-2	37	39	59	32	40	52	30	31	-2	127	128	143	131	127	132	122	124	-2	187	192	209	195	187	195	184	178	-1
1001001000	-2	15348	11941.111	4573.069	39.75	9.769	129.125	6.092	190.75	8.771	14467.667	190.75	0	0	0	9	9	14096	13121	14926	12095	15291	13162	15348	9433	-2	37	39	59	32	38	52	30	31	-2	127	128	143	131	126	132	122	124	-2	187	192	209	195	186	195	184	178	-1
1001001000	-2	10017	5426.444	3067.513	19.5	11.565	99.375	9.591	144.75	10.627	6428.444	144.75	0	0	0	9	9	3657	10017	6941	9194	5563	7022	2162	4284	-2	15	14	42	11	10	36	11	17	-2	101	99	116	92	98	112	87	90	-2	142	150	162	143	141	158	131	131	-1
1001001000	-2	10017	5426.444	3067.513	19.5	11.565	99.375	9.591	144.75	10.627	6428.444	144.75	0	0	0	9	9	3657	10017	6941	9194	5563	7022	2162	4284	-2	15	14	42	11	10	36	11	17	-2	101	99	116	92	98	112	87	90	-2	142	150	162	143	141	158	131	131	-1
1001001000	-2	8761	5621.222	2633.574	18.375	9.656	98.625	7.713	145	7.906	6165.778	144.875	0	0	0	9	9	3369	8761	8582	5759	6276	7582	6212	4052	-2	19	14	38	11	10	30	10	15	-2	102	102	113	94	101	100	86	91	-2	146	151	160	142	145	147	133	136	-1
1001001000	-2	8761	5611.889	2633.393	18.375	9.656	98.625	7.713	145	7.906	6165.778	144.875	0	0	0	9	9	3368	8761	8581	5758	6266	7581	6163	4031	-2	19	14	38	11	10	30	10	15	-2	102	102	113	94	101	100	86	91	-2	146	151	160	142	145	147	133	136	-1
1001001000	-2	10166	5774.889	2846.113	17.875	8.781	100.125	7.491	147.625	8.215	6278.667	147.25	0	0	0	9	9	3529	10166	9098	5168	6491	7107	5866	4551	-2	20	15	34	11	9	30	11	13	-2	100	105	113	95	100	107	90	91	-2	145	155	161	143	146	156	138	137	-1
1001001000	-2	10166	5774.889	2846.113	17.875	8.781	100.125	7.491	147.625	8.215	6278.667	147.25	0	0	0	9	9	3529	10166	9098	5168	6491	7107	5866	4551	-2	20	15	34	11	9	30	11	13	-2	100	105	113	95	100	107	90	91	-2	145	155	161	143	146	156	138	137	-1
1001001000	-2	10599	6085.111	3335.002	17.125	7.897	97.5	6.538	145.75	6.942	7281	145.625	0	0	0	9	9	3298	10037	10599	4550	5825	9728	6496	4235	-2	20	13	33	11	10	26	11	13	-2	102	99	110	94	97	100	89	89	-2	147	150	159	143	145	149	136	137	-1
1001001000	-2	10610	6117.444	3340.413	17.125	7.897	97.5	6.538	145.75	6.942	7281	145.625	0	0	0	9	9	3357	10131	10610	4553	5846	9733	6529	4300	-2	20	13	33	11	10	26	11	13	-2	102	99	110	94	97	100	89	89	-2	147	150	159	143	145	149	136	137	-1
1001001000	-2	11380	7348.889	3196.95	18.125	8.838	99.125	6.698	148.75	6.629	8198.222	148.75	0	0	0	9	9	5430	10673	11380	5968	7670	9411	8185	7425	-2	20	14	37	13	10	27	11	13	-2	103	101	112	98	98	101	91	89	-2	150	152	162	147	148	151	141	139	-1
1001001000	-2	11380	7348.889	3196.95	18.125	8.838	99.125	6.698	148.75	6.629	8198.222	148.75	0	0	0	9	9	5430	10673	11380	5968	7670	9411	8185	7425	-2	20	14	37	13	10	27	11	13	-2	103	101	112	98	98	101	91	89	-2	150	152	162	147	148	151	141	139	-1
1001001000	-2	11822	9113.778	3293.148	19.125	9.333	104	6.557	156.75	6.534	9490.889	156.625	0	0	0	9	9	9508	10131	11822	9937	10220	9584	9918	10906	-2	21	14	40	14	12	27	11	14	-2	107	104	115	107	105	106	94	94	-2	157	159	167	159	160	159	147	146	-1
1001001000	-2	11822	9138.778	3300.789	19.125	9.333	104	6.557	156.75	6.534	9490.889	156.625	0	0	0	9	9	9525	10131	11822	9946	10216	9701	9918	10992	-2	21	14	40	14	12	27	11	14	-2	107	104	115	107	105	106	94	94	-2	157	159	167	159	160	159	147	146	-1
1001001000	-2	11705	9097.889	3417.57	20.625	10.21	108.375	6.518	164.625	7.123	9498.222	164.5	0	0	0	9	9	11110	9046	11705	11102	11491	8191	10039	9199	-2	21	14	41	15	13	34	12	15	-2	109	112	117	109	108	115	96	101	-2	162	171	173	164	167	172	153	155	-1
1001001000	-2	11705	9097.889	3417.57	20.625	10.21	108.375	6.518	164.625	7.123	9498.222	164.5	0	0	0	9	9	11110	9046	11705	11102	11491	8191	10039	9199	-2	21	14	41	15	13	34	12	15	-2	109	112	117	109	108	115	96	101	-2	162	171	173	164	167	172	153	155	-1
1001001000	-2	11673	8611.556	3442.181	20.5	10.583	109	6.576	167	7.483	9883.889	166.75	0	0	0	9	9	11002	9796	11673	10822	8570	8816	10753	6074	-2	21	15	41	14	12	35	11	15	-2	110	115	117	109	108	115	97	101	-2	165	176	174	165	169	175	156	156	-1
1001001000	-2	11673	8611.556	3442.181	20.5	10.583	109	6.576	167	7.483	9883.889	166.75	0	0	0	9	9	11002	9796	11673	10822	8570	8816	10753	6074	-2	21	15	41	14	12	35	11	15	-2	110	115	117	109	108	115	97	101	-2	165	176	174	165	169	175	156	156	-1
1001001000	-2	11334	8197.111	3407.949	21.75	11.155	109.5	6.403	168.5	7.399	9656.667	168.5	0	0	0	9	9	11334	9818	10641	10182	6701	8232	10941	5927	-2	21	14	42	17	13	39	12	16	-2	111	114	118	109	108	116	98	102	-2	167	176	175	167	170	178	158	157	-1
1001001000	-2	11334	8197.111	3407.949	21.75	11.155	109.5	6.403	168.5	7.399	9656.667	168.5	0	0	0	9	9	11334	9818	10641	10182	6701	8232	10941	5927	-2	21	14	42	17	13	39	12	16	-2	111	114	118	109	108	116	98	102	-2	167	176	175	167	170	178	158	157	-1
1002001000	-2	114	12.444	35.911	13.5	0.866	127.286	3.057	153.5	30.545	16763.111	210.5	0	0	7	9	9	0	0	0	0	0	0	114	0	-2	14	12	13	13	14	13	14	15	-2	129	-2	129	126	121	126	131	129	-2	153	99	155	149	147	151	220	154	-1
1001001000	-2	155	59.444	58.93	15.875	2.571	96.75	5.142	122.625	7.952	9007.333	141.75	0	0	3	9	9	0	155	0	77	0	107	67	131	-2	15	22	15	14	17	16	13	15	-2	100	92	105	94	91	104	95	93	-2	118	139	123	121	111	128	116	125	-1
1001001000	-2	15121	10744.778	4871.354	50.375	8.41	133.75	6.098	201.625	8.659	14747.333	201.625	0	0	0	9	9	14765	14526	15121	9862	6188	12742	14984	8517	-2	46	51	65	44	58	55	48	36	-2	132	133	146	137	124	136	134	128	-2	198	200	219	199	194	207	207	189	-1
1001001000	-2	15121	10744.778	4871.354	50.375	8.41	133.75	6.098	201.625	8.659	14747.333	201.625	0	0	0	9	9	14765	14526	15121	9862	6188	12742	14984	8517	-2	46	51	65	44	58	55	48	36	-2	132	133	146	137	124	136	134	128	-2	198	200	219	199	194	207	207	189	-1
1001001000	-2	15479	9836.889	4495.157	34.125	10.612	123.375	5.023	176.25	7.693	11824	176	0	0	0	9	9	8208	14299	11818	15479	7501	13317	10907	7005	-2	28	31	55	27	34	48	23	27	-2	121	124	134	126	118	126	118	120	-2	170	181	189	183	173	180	169	165	-1
1001001000	-2	15479	9836.889	4495.157	34.125	10.612	123.375	5.023	176.25	7.693	11824	176	0	0	0	9	9	8208	14299	11818	15479	7501	13317	10907	7005	-2	28	31	55	27	34	48	23	27	-2	121	124	134	126	118	126	118	120	-2	170	181	189	183	173	180	169	165	-1
1001001000	-2	8237	5186.667	2304.423	16.5	8.139	96.375	8.276	142.125	8.824	6370	141.75	0	0	0	9	9	3801	7286	7301	8237	4881	5696	4832	4648	-2	14	17	35	10	10	23	10	13	-2	100	100	112	93	93	101	83	89	-2	144	147	159	142	136	147	130	132	-1
1001001000	-2	8222	4997.333	2261.617	16.5	8.139	96.375	8.276	142.125	8.824	6370	141.75	0	0	0	9	9	3703	7120	6937	8222	4727	5305	4472	4492	-2	14	17	35	10	10	23	10	13	-2	100	100	112	93	93	101	83	89	-2	144	147	159	142	136	147	130	132	-1
1001001000	-2	7424	4896.444	2175.902	15.25	7.496	94.125	7.474	140.75	7.378	5985.556	140.625	0	0	0	9	9	3334	6865	7180	5112	4123	7424	5124	4908	-2	14	13	31	10	8	24	10	12	-2	98	97	107	94	92	98	81	86	-2	143	144	155	140	136	145	130	133	-1
1001001000	-2	7424	4896.444	2175.902	15.25	7.496	94.125	7.474	140.75	7.378	5985.556	140.625	0	0	0	9	9	3334	6865	7180	5112	4123	7424	5124	4908	-2	14	13	31	10	8	24	10	12	-2	98	97	107	94	92	98	81	86	-2	143	144	155	140	136	145	130	133	-1
1002001000	-2	7675	3903.444	2664.26	13	5.05	91.429	5.067	124.625	38.655	5396.556	124.625	0	0	1	9	9	2938	7675	0	2361	4202	7291	5011	5655	-2	14	11	15	9	8	25	10	12	-2	97	90	-2	94	92	98	84	85	-2	143	141	23	141	137	146	132	134	-1
1002001000	-2	9626	4393.667	3266.686	13.125	5.254	91	4.84	124.75	38.71	6363	124.625	0	0	1	9	9	2945	9626	0	2128	3956	8329	6340	6221	-2	13	12	15	10	8	26	10	11	-2	93	90	-2	94	92	99	84	85	-2	141	142	23	141	138	147	132	134	-1
1002001000	-2	9626	4393.667	3266.686	13.125	5.254	91	4.84	124.75	38.71	6363	124.625	0	0	1	9	9	2945	9626	0	2128	3956	8329	6340	6221	-2	13	12	15	10	8	26	10	11	-2	93	90	-2	94	92	99	84	85	-2	141	142	23	141	138	147	132	134	-1
1001001000	-2	11009	6554.333	3543.178	15.75	8.136	94.875	5.533	144.5	5.895	8134.222	144.5	0	0	0	9	9	3683	10231	11009	2892	5924	10079	7711	7462	-2	13	13	32	11	9	27	10	11	-2	98	93	104	94	94	101	88	87	-2	146	145	156	143	141	150	137	138	-1
1001001000	-2	11009	6554.333	3543.178	15.75	8.136	94.875	5.533	144.5	5.895	8134.222	144.5	0	0	0	9	9	3683	10231	11009	2892	5924	10079	7711	7462	-2	13	13	32	11	9	27	10	11	-2	98	93	104	94	94	101	88	87	-2	146	145	156	143	141	150	137	138	-1
1001001000	-2	11453	7584.556	3566.385	15.875	7.801	97.5	5.766	150.5	5.895	9403.222	150.375	0	0	0	9	9	5803	9595	11453	4010	6800	9700	9985	10917	-2	13	12	32	13	10	26	10	11	-2	101	97	108	94	96	103	91	90	-2	154	152	161	147	147	156	144	143	-1
1001001000	-2	11453	7143.778	3600.293	15.875	7.801	97.5	5.766	150.5	5.895	9403.222	150.375	0	0	0	9	9	5256	9595	11453	3830	5032	8697	9617	10816	-2	13	12	32	13	10	26	10	11	-2	101	97	108	94	96	103	91	90	-2	154	152	161	147	147	156	144	143	-1
1001001000	-2	10789	8390.667	3157.386	17.625	9.512	102	7.071	157.75	6.759	9156	157.625	0	0	0	9	9	6981	9150	10401	8704	9642	9400	10789	10451	-2	13	14	38	13	11	29	10	13	-2	104	103	115	99	100	109	94	92	-2	159	160	170	154	157	164	150	148	-1
1001001000	-2	10789	8390.667	3157.386	17.625	9.512	102	7.071	157.75	6.759	9156	157.625	0	0	0	9	9	6981	9150	10401	8704	9642	9400	10789	10451	-2	13	14	38	13	11	29	10	13	-2	104	103	115	99	100	109	94	92	-2	159	160	170	154	157	164	150	148	-1
1001001000	-2	11397	7958.556	3214.454	16.75	8.7	100.875	6.827	156.625	6.143	9402.667	156.625	0	0	0	9	9	7273	8648	10693	6395	7855	8988	11397	10380	-2	12	14	36	13	10	26	10	13	-2	104	102	113	97	98	108	93	92	-2	159	159	167	152	155	163	150	148	-1
1001001000	-2	11397	7958.556	3214.454	16.75	8.7	100.875	6.827	156.625	6.143	9402.667	156.625	0	0	0	9	9	7273	8648	10693	6395	7855	8988	11397	10380	-2	12	14	36	13	10	26	10	13	-2	104	102	113	97	98	108	93	92	-2	159	159	167	152	155	163	150	148	-1
1001001000	-2	11828	8814.667	3303.901	16.375	7.598	100.5	6.103	155.375	5.851	9743	155.25	0	0	0	9	9	9817	9748	11828	7469	10254	9483	10815	9920	-2	12	15	32	13	10	26	10	13	-2	103	102	110	97	99	108	92	93	-2	158	158	163	151	155	163	148	147	-1
1004003000	-2	753	247.333	293.175	10.333	1.247	88	3.033	101.625	51.728	12745	138.75	0	0	3	9	9	408	0	753	0	427	639	0	1	-2	10	-2	10	9	10	10	-2	13	-2	88	-2	89	-2	84	93	-2	86	-2	140	21	146	71	134	144	21	136	-1
1004003000	-2	753	247.333	293.175	10.333	1.247	88	3.033	101.625	51.728	12745	138.75	0	0	3	9	9	408	0	753	0	427	639	0	1	-2	10	-2	10	9	10	10	-2	13	-2	88	-2	89	-2	84	93	-2	86	-2	140	21	146	71	134	144	21	136	-1
1001001000	-2	6312	3490.333	2366.974	26.375	10.343	105.5	6.403	151.375	9.259	8559.778	152.75	0	0	0	9	9	6054	6312	2300	2386	312	6229	5156	2666	-2	20	22	44	16	29	42	16	22	-2	104	111	115	103	101	113	102	95	-2	153	158	163	151	143	159	152	132	-1
1001001000	-2	9545	5610.111	3047.28	20.5	8.818	105.125	5.441	153.125	6.623	7802.889	153.5	0	0	0	9	9	7186	8394	6195	9545	1677	8437	4196	4863	-2	15	14	33	13	24	36	12	17	-2	105	107	114	102	106	111	96	100	-2	152	155	165	155	145	160	146	147	-1
1002001000	-2	8670	5090.222	2957.099	11.75	3.112	90.571	5.315	124.375	37.148	5999.778	124.375	0	0	1	9	9	6592	8670	0	7584	4455	6881	6489	5143	-2	12	12	13	9	9	19	9	11	-2	88	95	-2	93	91	99	82	86	-2	137	143	27	142	134	147	131	134	-1
1002001000	-2	7742	4486.444	2640.984	11.75	3.112	90.571	5.315	123.875	37.042	5999.778	124.375	0	0	1	9	9	5999	7742	0	6921	3840	6182	5104	4592	-2	12	12	13	9	9	19	9	11	-2	88	95	-2	93	91	99	82	86	-2	137	143	27	142	134	147	131	130	-1
1002001000	-2	8221	4524.778	2786.612	10.75	3.419	87.143	4.486	121.5	35.976	5749.667	121.375	0	0	1	9	9	5828	7495	0	4471	3480	8221	4819	6411	-2	11	11	11	9	7	19	8	10	-2	86	90	-2	91	86	94	80	83	-2	135	140	27	137	132	142	129	130	-1
1002001000	-2	8221	4524.778	2786.612	10.75	3.419	87.143	4.486	121.5	35.976	5749.667	121.375	0	0	1	9	9	5828	7495	0	4471	3480	8221	4819	6411	-2	11	11	11	9	7	19	8	10	-2	86	90	-2	91	86	94	80	83	-2	135	140	27	137	132	142	129	130	-1
1001001000	-2	9185	4508.222	3092.65	10.75	4.146	87.375	6.102	135.625	6.651	7617.556	135.75	0	0	0	9	9	2018	7667	9185	363	3726	7140	4264	6213	-2	11	11	11	8	7	21	8	9	-2	84	86	100	90	86	92	80	81	-2	132	137	150	136	133	140	127	130	-1
1001001000	-2	9120	3994.778	2858.409	10.75	4.146	87.375	6.102	135.625	6.651	7617.556	135.75	0	0	0	9	9	1552	6538	9120	232	3459	5732	4158	5164	-2	11	11	11	8	7	21	8	9	-2	84	86	100	90	86	92	80	81	-2	132	137	150	136	133	140	127	130	-1
1001001000	-2	10870	4620.667	3335.722	11.25	3.929	87.875	6.133	137.25	6.339	9395.444	137.125	0	0	0	9	9	1972	6100	10870	414	4492	8186	4630	4924	-2	11	11	12	9	8	21	8	10	-2	85	84	101	90	86	93	83	81	-2	135	135	151	138	134	143	131	131	-1
1001001000	-2	11118	5051.111	3516.188	11.25	3.929	87.875	6.133	137.25	6.339	9395.444	137.125	0	0	0	9	9	2101	7823	11118	459	4923	8032	4467	6539	-2	11	11	12	9	8	21	8	10	-2	85	84	101	90	86	93	83	81	-2	135	135	151	138	134	143	131	131	-1
1002001000	-2	10290	4664.556	3672.652	11.25	4.023	86.714	4.267	123.25	37.732	8570.333	123	0	0	1	9	9	2404	10290	0	1119	4999	8155	7323	7693	-2	11	11	13	9	8	21	8	9	-2	86	85	-2	91	84	95	84	82	-2	137	137	24	141	133	146	135	133	-1
1002001000	-2	10290	4664.556	3672.652	11.25	4.023	86.714	4.267	123.25	37.732	8570.333	123	0	0	1	9	9	2404	10290	0	1119	4999	8155	7323	7693	-2	11	11	13	9	8	21	8	9	-2	86	85	-2	91	84	95	84	82	-2	137	137	24	141	133	146	135	133	-1
1002001000	-2	12060	5707.444	4396.973	11.625	3.603	89	4	127.125	39.142	8803.333	126.875	0	0	1	9	9	3961	12060	0	1892	4540	10189	8205	10522	-2	11	11	14	11	8	20	9	9	-2	89	86	-2	92	87	97	88	84	-2	144	141	24	144	138	149	140	137	-1
1002001000	-2	12060	5707.444	4396.973	11.625	3.603	89	4	127.125	39.142	8803.333	126.875	0	0	1	9	9	3961	12060	0	1892	4540	10189	8205	10522	-2	11	11	14	11	8	20	9	9	-2	89	86	-2	92	87	97	88	84	-2	144	141	24	144	138	149	140	137	-1
1002001000	-2	11605	4974.556	3933.5	12.125	4.136	90.429	4.468	129.625	40.075	8991.333	129.625	0	0	1	9	9	3903	7650	0	3537	1413	8622	8043	11605	-2	11	10	15	11	9	22	9	10	-2	90	86	-2	92	91	100	88	86	-2	147	142	24	146	144	152	142	140	-1
1002001000	-2	11607	5938	4413.086	12.375	4.06	90.714	4.233	129.75	40.115	8991.333	129.625	0	0	1	9	9	5161	11174	0	3022	3422	10935	8123	11607	-2	11	12	15	11	9	22	9	10	-2	90	88	-2	92	91	100	88	86	-2	147	143	24	146	144	152	142	140	-1
1002001000	-2	11068	6048	4168.812	12	3.571	89.286	3.493	128.25	39.512	8988.444	128	0	0	1	9	9	6100	11025	0	2396	5608	9778	8459	11068	-2	11	12	15	11	9	20	9	9	-2	88	89	-2	91	87	97	87	86	-2	145	144	24	144	140	149	140	140	-1
1001001000	-2	316	137.333	93.213	11.25	1.714	80.875	4.106	120.625	8.514	5560.556	123.375	0	0	0	9	9	138	61	316	209	161	175	157	21	-2	13	9	13	10	11	14	10	10	-2	83	76	84	79	81	89	79	76	-2	124	100	128	121	121	129	124	118	-1
1001001000	-2	9647	4258	2691.959	17.25	5.607	99.875	6.373	146.25	5.517	8068.667	147.75	0	0	0	9	9	5499	5054	4815	9647	2352	5473	1033	4451	-2	15	15	19	12	26	26	10	15	-2	102	105	107	95	99	108	89	94	-2	150	147	151	149	139	154	138	142	-1
1001001000	-2	8473	5183.444	2415.898	10	2.646	86.875	5.71	135	6.5	7008.556	135.5	0	0	0	9	9	6606	6110	7241	8473	2587	5167	4543	5926	-2	10	11	11	7	8	16	8	9	-2	84	90	99	86	84	90	79	83	-2	136	138	148	136	129	138	127	128	-1
1001001000	-2	9551	5966.333	2669.194	9.875	2.619	86.75	5.651	135.5	6.083	7008.556	135.5	0	0	0	9	9	7131	6786	7947	9551	3086	5798	6314	7086	-2	10	10	11	7	8	16	8	9	-2	84	89	99	86	84	90	79	83	-2	136	138	148	136	129	138	127	132	-1
1001001000	-2	8247	5375.222	2356.496	9.25	2.437	82.5	4.69	131.625	4.998	7511.778	131.5	0	0	0	9	9	5120	6598	8247	3415	4463	7078	6639	6819	-2	9	10	10	7	7	15	8	8	-2	82	84	92	83	78	86	77	78	-2	131	134	142	131	126	135	127	127	-1
1001001000	-2	8247	5375.222	2356.496	9.25	2.437	82.5	4.69	131.625	4.998	7511.778	131.5	0	0	0	9	9	5120	6598	8247	3415	4463	7078	6639	6819	-2	9	10	10	7	7	15	8	8	-2	82	84	92	83	78	86	77	78	-2	131	134	142	131	126	135	127	127	-1
1001001000	-2	8765	3822.333	2792.756	9	2.915	80.5	4.583	126.875	8.477	7970.778	129.875	0	0	0	9	9	1374	5096	8765	414	2784	5659	3759	6552	-2	9	10	9	7	6	16	7	8	-2	79	77	90	83	79	84	77	75	-2	127	127	141	109	126	134	126	125	-1
1001001000	-2	8428	3274.556	2631.659	9	2.915	80.5	4.583	126	10.416	7970.778	129.875	0	0	1	9	9	1005	3834	8428	0	2147	4768	3754	5537	-2	9	10	9	7	6	16	7	8	-2	79	77	90	83	79	84	77	75	-2	127	127	141	102	126	134	126	125	-1
1001001000	-2	8942	3689.444	3070.691	9.375	2.87	81.125	4.622	127.25	10.059	8778.778	131.125	0	0	1	9	9	1378	4545	8942	0	1922	8145	3598	4677	-2	9	11	10	7	7	16	7	8	-2	80	77	90	85	78	85	77	77	-2	129	127	141	104	127	136	127	127	-1
1001001000	-2	8942	3689.444	3070.691	9.375	2.87	81.125	4.622	127.25	10.059	8778.778	131.125	0	0	1	9	9	1378	4545	8942	0	1922	8145	3598	4677	-2	9	11	10	7	7	16	7	8	-2	80	77	90	85	78	85	77	77	-2	129	127	141	104	127	136	127	127	-1
1001001000	-2	9142	4051.889	3062.374	9.375	2.87	81.875	4.936	133.125	5.349	9715	133.25	0	0	0	9	9	1881	4485	8699	1261	1474	9142	4522	5005	-2	9	10	11	7	7	16	7	8	-2	81	76	91	85	79	87	79	77	-2	133	128	143	136	128	139	130	128	-1
1001001000	-2	8814	4692.778	3020.196	9.375	2.69	83.125	4.781	136.25	4.994	9955	136.25	0	0	0	9	9	2940	5916	8806	1331	2200	8814	6217	6013	-2	9	10	12	7	7	15	7	8	-2	83	77	92	84	80	89	81	79	-2	138	131	145	138	132	142	133	131	-1
1001001000	-2	8814	4692.778	3020.196	9.375	2.69	83.125	4.781	136.25	4.994	9955	136.25	0	0	0	9	9	2940	5916	8806	1331	2200	8814	6217	6013	-2	9	10	12	7	7	15	7	8	-2	83	77	92	84	80	89	81	79	-2	138	131	145	138	132	142	133	131	-1
1001001000	-2	8481	5317.444	2386.377	9.25	2.681	83.25	4.893	137.25	5.214	9562.889	137.25	0	0	0	9	9	3844	6281	7300	3736	5302	8481	5818	7097	-2	9	9	12	7	7	15	7	8	-2	83	77	91	86	80	90	80	79	-2	140	131	145	141	133	143	132	133	-1
1001001000	-2	8481	5317.444	2386.377	9.25	2.681	83.25	4.893	137.25	5.214	9562.889	137.25	0	0	0	9	9	3844	6281	7300	3736	5302	8481	5818	7097	-2	9	9	12	7	7	15	7	8	-2	83	77	91	86	80	90	80	79	-2	140	131	145	141	133	143	132	133	-1
1001001000	-2	235	106.333	83.241	11.125	1.053	83.25	3.382	117.125	13.148	5230.333	125.125	0	0	2	9	9	150	0	172	169	93	235	140	0	-2	13	10	12	10	11	12	10	11	-2	85	82	86	82	81	89	84	77	-2	126	100	130	110	121	130	126	94	-1
1001001000	-2	10003	5533.222	3213.749	13.125	4.622	91.5	5.385	139.125	7.44	8122.111	140.25	0	0	0	9	9	9082	5935	7275	10003	1983	6393	2185	6945	-2	11	13	13	8	23	17	8	12	-2	83	97	98	93	93	96	85	87	-2	138	142	149	146	127	145	129	137	-1
1001001000	-2	9080	5523.556	2609.991	8.375	1.996	79.375	4.151	126.75	7.595	7838.889	128.5	0	0	0	9	9	7221	5019	6903	9080	3355	6207	4024	7905	-2	8	9	9	6	7	13	7	8	-2	78	81	87	79	77	84	75	74	-2	130	130	137	130	112	132	118	125	-1
1001001000	-2	9142	5781.222	2554.248	8.375	1.996	79.375	4.151	128.5	4.848	7838.889	128.5	0	0	0	9	9	7333	5082	7172	9142	4629	6466	4215	7994	-2	8	9	9	6	7	13	7	8	-2	78	81	87	79	77	84	75	74	-2	130	130	137	130	122	132	122	125	-1
1001001000	-2	6287	4056.333	1913.083	7.625	1.495	76.125	3.887	124.375	5.337	8191.889	125.375	0	0	0	9	9	3843	5970	6287	3060	2440	5202	3960	5747	-2	8	8	8	6	6	11	7	7	-2	77	75	84	74	75	80	73	71	-2	126	125	134	124	114	128	122	122	-1
1008003000	-2	0	-0.222	0.629	7.5	0.5	81	0	60.375	30.397	15007.444	150.5	0	0	8	9	9	0	0	0	0	0	0	0	0	-2	8	-2	8	7	7	8	7	-2	-2	-2	-2	-2	-2	-2	-2	81	-2	-2	78	21	33	80	55	92	103	21	-1
1004001000	-2	224	24.667	70.478	7	0.707	70.6	3.262	79.5	20.658	9001	116.625	0	0	7	9	9	224	0	0	0	0	0	0	0	-2	8	7	7	7	8	7	6	6	-2	68	69	-2	70	-2	77	69	-2	-2	116	85	59	87	56	94	87	52	-1
1001001000	-2	510	202.556	203.889	7.5	0.707	73.625	2.446	108	14.552	8981.556	119.25	0	0	3	9	9	510	267	0	0	179	400	469	0	-2	8	7	7	7	9	8	7	7	-2	72	75	75	72	73	79	72	71	-2	120	121	93	88	112	122	120	88	-1
1001001000	-2	8915	4085.556	3371.322	11.25	1.09	93.75	4.176	152.875	4.136	12982.444	152.875	0	0	0	9	9	8915	2248	644	7698	4891	2344	8796	1236	-2	12	12	12	10	10	11	10	13	-2	94	97	98	90	89	97	98	87	-2	157	152	153	151	149	153	161	147	-1
1001001000	-2	9447	6693.222	2867.281	10.25	1.714	89.875	4.729	142.5	3.937	8962.333	143.375	0	0	0	9	9	9447	5153	8336	9025	4360	7453	7841	8626	-2	10	13	11	9	8	12	8	11	-2	84	100	92	93	87	89	88	86	-2	142	140	146	150	136	144	141	141	-1
1001001000	-2	9320	6428.889	2799.303	10.875	1.691	90.25	4.603	142.625	5.611	8962.333	143.375	0	0	0	9	9	9214	6116	6860	9320	3610	7056	7379	8307	-2	10	13	11	9	13	12	8	11	-2	84	100	92	93	90	89	88	86	-2	142	147	146	150	130	144	141	141	-1
1001001000	-2	9614	6105	2679.458	6.875	0.781	74.75	4.235	122.875	4.649	8808.222	123.75	0	0	0	9	9	7658	5919	8539	9614	4049	6516	5291	7361	-2	7	8	8	6	6	7	6	7	-2	73	77	80	75	74	81	70	68	-2	123	124	128	127	114	128	119	120	-1
