1001001000	-2	1139	247.111	362.573	17.625	4.121	98.5	5.788	157.625	40.795	12905.889	199.25	0	0	4	9	9	1139	0	0	0	196	449	442	0	-2	15	13	12	17	22	19	18	25	-2	88	94	94	102	108	101	100	101	-2	200	115	113	125	183	183	221	121	-1
1001001000	-2	784	212.222	321.237	19	4.123	95.25	4.994	137.625	28.28	12799.667	173.875	0	0	5	9	9	784	0	0	0	360	768	0	0	-2	19	13	14	17	24	22	18	25	-2	89	87	92	101	101	96	98	98	-2	173	109	111	125	166	181	119	117	-1
1001001000	-2	11136	7533.111	3393.997	12.875	4.91	84.5	5.025	162.5	17.741	15104.889	167.75	0	0	0	9	9	9392	9426	5641	11136	10881	9877	5872	5575	-2	22	10	8	11	16	18	7	11	-2	85	81	81	84	90	93	86	76	-2	170	172	143	165	192	176	139	143	-1
1001001000	-2	11136	7533.111	3393.997	12.875	4.91	84.5	5.025	162.5	17.741	15104.889	167.75	0	0	0	9	9	9392	9426	5641	11136	10881	9877	5872	5575	-2	22	10	8	11	16	18	7	11	-2	85	81	81	84	90	93	86	76	-2	170	172	143	165	192	176	139	143	-1
1001001000	-2	12876	8804	3846.031	13.125	4.594	84.875	4.885	163.25	17.028	14856.111	168	0	0	0	9	9	8975	9567	9840	12876	12553	8642	5009	11776	-2	22	10	11	12	15	18	7	10	-2	86	81	83	85	90	93	85	76	-2	170	172	148	164	192	176	136	148	-1
1001001000	-2	13045	8893.778	3923.338	13.125	4.594	84.875	4.885	163.25	17.028	14856.111	168	0	0	0	9	9	9053	9567	9852	13045	12931	8641	5010	11947	-2	22	10	11	12	15	18	7	10	-2	86	81	83	85	90	93	85	76	-2	170	172	148	164	192	176	136	148	-1
1001001000	-2	10728	5762.222	2926.523	13.5	4.472	83.5	4.717	159.625	13.133	14396.111	159.125	0	0	0	9	9	5930	6835	7565	10728	4608	3863	3987	8346	-2	22	10	14	12	15	18	8	9	-2	87	80	81	81	86	90	88	75	-2	170	158	146	154	168	176	170	135	-1
1001001000	-2	10728	5762.222	2926.523	13.5	4.472	83.5	4.717	159.625	13.133	14396.111	159.125	0	0	0	9	9	5930	6835	7565	10728	4608	3863	3987	8346	-2	22	10	14	12	15	18	8	9	-2	87	80	81	81	86	90	88	75	-2	170	158	146	154	168	176	170	135	-1
1001001000	-2	8832	4416	2505.379	13.375	4.554	83.375	4.029	161.25	13.59	14233.556	160.875	0	0	0	9	9	4807	5503	5529	8832	1375	3606	3598	6496	-2	22	10	16	12	14	17	8	8	-2	87	83	81	84	86	87	85	74	-2	170	178	147	158	168	172	163	134	-1
1001001000	-2	5182	3184.889	1687.886	13.375	4.554	83.375	4.029	157	18.405	14233.556	160.875	0	0	0	9	9	3838	4370	5182	4078	911	2823	2514	4950	-2	22	10	16	12	14	17	8	8	-2	87	83	81	84	86	87	85	74	-2	170	178	147	124	168	172	163	134	-1
1001001000	-2	6877	4138.889	2154.696	12.875	4.371	83.5	4.848	160	14.396	13963.778	159.625	0	0	0	9	9	4967	4864	5543	6381	1773	4498	2349	6877	-2	22	10	15	11	14	15	8	8	-2	89	85	81	85	84	87	85	72	-2	171	179	148	158	157	173	163	131	-1
1001001000	-2	543	114.222	162.486	18.5	3.808	117.125	6.071	181.75	38.288	5459.667	196	0	0	2	9	9	135	0	543	29	45	154	124	0	-2	18	14	14	16	22	22	17	25	-2	119	115	106	117	128	112	119	121	-2	199	141	269	159	192	162	184	148	-1
1001001000	-2	919	416.778	293.046	19.625	4.357	98.875	3.689	170.375	18	12981.778	177.5	0	0	1	9	9	919	176	581	0	420	552	678	427	-2	20	13	17	16	25	23	17	26	-2	95	92	98	103	104	99	100	100	-2	187	175	171	126	166	181	173	184	-1
1001001000	-2	5810	980.889	1724.796	20.875	4.226	99.125	4.226	151.75	19.201	11435.333	167.5	0	0	0	9	9	913	465	294	387	318	5810	526	117	-2	24	14	18	16	26	24	20	25	-2	97	95	102	100	101	102	105	91	-2	159	147	147	129	166	181	166	119	-1
1001001000	-2	11220	3138.111	3152.09	20.875	3.919	99.375	5.122	166.125	9.333	11211.667	167.625	0	0	0	9	9	3702	2719	586	4239	2238	11220	2629	912	-2	25	14	22	15	25	21	23	22	-2	96	97	105	100	99	104	105	89	-2	159	149	171	163	166	183	166	172	-1
1001001000	-2	11220	3138.111	3152.09	20.875	3.919	99.375	5.122	166.125	9.333	11211.667	167.625	0	0	0	9	9	3702	2719	586	4239	2238	11220	2629	912	-2	25	14	22	15	25	21	23	22	-2	96	97	105	100	99	104	105	89	-2	159	149	171	163	166	183	166	172	-1
1001001000	-2	12988	9735.556	3594.051	16	4.123	97.625	5.243	174.25	7.98	10663.333	174.25	0	0	0	9	9	11535	11184	10878	9412	11514	10665	9446	12988	-2	24	12	11	14	20	17	13	17	-2	96	96	96	102	100	104	101	86	-2	170	170	172	168	192	182	167	173	-1
1001001000	-2	15325	11685.444	4415.509	12.25	4.38	84.125	3.982	169.25	15.441	14851.111	169.25	0	0	0	9	9	12565	13640	9308	14350	15325	13665	13058	13260	-2	21	11	7	11	16	14	7	11	-2	86	84	81	83	90	86	87	76	-2	170	173	144	180	191	176	175	145	-1
1001001000	-2	15325	11685.444	4415.509	12.25	4.38	84.125	3.982	169.25	15.441	14851.111	169.25	0	0	0	9	9	12565	13640	9308	14350	15325	13665	13058	13260	-2	21	11	7	11	16	14	7	11	-2	86	84	81	83	90	86	87	76	-2	170	173	144	180	191	176	175	145	-1
1001001000	-2	13121	9233.556	3788.719	12	4.031	80.625	4.386	150.625	12.903	13914	150.625	0	0	0	9	9	9807	8114	6813	13121	12797	11295	11201	9956	-2	20	10	9	11	15	15	7	9	-2	85	78	79	79	87	82	83	72	-2	170	149	137	147	161	159	155	127	-1
1001001000	-2	13841	9457.889	3971.242	12	4.031	80.625	4.386	150.625	12.903	13914	150.625	0	0	0	9	9	9977	8113	6812	13841	13415	11559	11404	10002	-2	20	10	9	11	15	15	7	9	-2	85	78	79	79	87	82	83	72	-2	170	149	137	147	161	159	155	127	-1
1001001000	-2	13979	7979.444	3651.88	11.875	3.951	80.5	4.183	150.875	13.633	13222	150.375	0	0	0	9	9	7852	8242	6827	13979	10473	6806	11045	6593	-2	20	9	10	11	14	15	7	9	-2	84	80	79	79	85	83	83	71	-2	171	152	139	145	159	159	158	124	-1
1001001000	-2	13603	8173.444	3459.766	11.625	4.121	80.375	4.241	150.375	14.124	13222	150.375	0	0	0	9	9	8764	9685	8146	13603	10131	7641	9276	6317	-2	20	9	8	11	14	15	7	9	-2	84	80	78	79	85	83	83	71	-2	171	152	135	145	159	159	158	124	-1
1001001000	-2	13555	7065.222	3484.483	11.5	4.213	79	4.33	145.125	14.811	13043.667	145.125	0	0	0	9	9	9067	9340	4332	13555	6716	6572	6698	7309	-2	20	9	8	11	14	15	7	8	-2	86	80	76	79	80	79	82	70	-2	175	152	131	143	142	143	153	122	-1
1001001000	-2	12813	5685.667	3228.9	12.125	4.014	79.25	4.206	145.75	14.298	13043.667	145.125	0	0	0	9	9	6864	7294	4252	12813	4323	4044	5593	5990	-2	20	9	13	11	14	15	7	8	-2	86	80	78	79	80	79	82	70	-2	175	152	136	143	142	143	153	122	-1
1001001000	-2	9554	5585.556	3073.881	11.875	4.4	80.75	4.603	150.625	17.139	13304	150.625	0	0	0	9	9	8980	7930	5205	9554	3399	2263	5144	7797	-2	21	10	8	10	15	15	8	8	-2	87	85	78	79	83	81	82	71	-2	175	180	139	142	147	143	153	126	-1
1001001000	-2	11289	6637.556	3087.082	11.875	4.4	80.75	4.603	150.625	17.139	13304	150.625	0	0	0	9	9	8403	9444	6751	11289	6481	3809	6082	7481	-2	21	10	8	10	15	15	8	8	-2	87	85	78	79	83	81	82	71	-2	175	180	139	142	147	143	153	126	-1
1001001000	-2	10833	6685.222	3363.346	12.375	4.241	87	5.408	170.5	11.779	13421.111	170.5	0	0	0	9	9	6821	7623	9497	10833	7341	1764	7103	9187	-2	21	10	8	11	16	15	9	9	-2	92	93	83	89	89	89	86	75	-2	172	180	159	165	187	178	175	148	-1
1001001000	-2	11655	7247.889	3604.787	12.375	4.241	87	5.408	170.5	11.779	13421.111	170.5	0	0	0	9	9	7679	7648	10172	11655	7988	2073	7882	10136	-2	21	10	8	11	16	15	9	9	-2	92	93	83	89	89	89	86	75	-2	172	180	159	165	187	178	175	148	-1
1001001000	-2	8599	5859.111	2606.215	14.375	4.241	91.875	5.555	180.5	9.354	11649.111	180.5	0	0	0	9	9	6078	4942	8199	7426	7074	3192	7224	8599	-2	20	11	9	13	17	16	20	9	-2	95	98	86	93	93	96	94	80	-2	172	180	195	165	187	191	177	177	-1
1001001000	-2	9459	5547.667	3008.514	15.125	3.855	95.75	6.078	171.25	17.789	9791.111	176.125	0	0	0	9	9	2334	5567	8950	4728	5686	4308	8899	9459	-2	19	13	11	14	18	16	21	9	-2	98	103	91	98	96	99	99	82	-2	132	181	179	168	187	190	176	157	-1
1001001000	-2	10903	5547.444	3117.352	15.125	3.855	95.75	6.078	176.125	10.005	9791.111	176.125	0	0	0	9	9	5154	5000	8990	4072	4253	3358	8199	10903	-2	19	13	11	14	18	16	21	9	-2	98	103	91	98	96	99	99	82	-2	171	181	179	168	187	190	176	157	-1
1001001000	-2	8431	4473	2620.846	18.875	3.689	106.25	7.479	173.625	8.817	5677.444	173.625	0	0	0	9	9	3580	2297	8431	3554	5698	5412	2939	8348	-2	14	22	20	19	20	18	25	13	-2	109	116	100	100	107	107	117	94	-2	182	182	180	162	169	177	179	158	-1
1001001000	-2	7575	4148.667	2293.376	19.875	4.014	107.25	8.043	178.75	5.19	5631.111	178.75	0	0	0	9	9	2827	2561	7575	3909	5429	5049	2741	7249	-2	14	22	20	20	22	20	27	14	-2	108	116	102	99	107	108	122	96	-2	183	189	180	176	170	177	178	177	-1
1001001000	-2	10671	5649.111	3030.403	19.75	4.116	103.625	7.889	178.75	5.117	6932.222	178.75	0	0	0	9	9	5936	3903	10671	4989	6513	5426	3628	9778	-2	14	20	19	21	19	20	29	16	-2	98	113	97	98	102	106	119	96	-2	174	184	182	177	170	187	178	178	-1
1001001000	-2	10601	5612.333	3007.471	19.75	4.116	103.625	7.889	178.75	5.117	6932.222	178.75	0	0	0	9	9	5955	4024	10601	4727	6464	5408	3619	9715	-2	14	20	19	21	19	20	29	16	-2	98	113	97	98	102	106	119	96	-2	174	184	182	177	170	187	178	178	-1
1001001000	-2	859	114.111	268.658	18.375	3.533	113.5	4.153	161.25	33.995	7635.889	198.875	0	0	6	9	9	170	0	859	0	0	0	0	0	-2	19	13	19	15	18	23	16	24	-2	112	110	107	117	121	111	116	114	-2	197	137	236	151	155	135	142	137	-1
1001001000	-2	903	382.889	306.159	21.75	4.918	100.875	4.256	159.375	28.465	13001.778	179.125	0	0	1	9	9	444	151	825	0	491	903	267	367	-2	23	14	27	16	25	27	17	25	-2	98	94	103	103	106	104	104	95	-2	160	121	212	125	165	180	173	139	-1
1001001000	-2	827	303.667	357.626	20.75	3.897	97.125	5.036	152.375	28.657	14668.889	175.625	0	0	2	9	9	795	72	827	0	113	793	0	135	-2	23	14	22	16	24	24	18	25	-2	95	89	102	96	98	103	103	91	-2	160	109	177	118	165	182	124	184	-1
1001001000	-2	764	184.222	247.512	20.75	3.897	97.125	5.036	146.375	27.982	14668.889	175.625	0	0	3	9	9	456	0	139	0	134	764	0	167	-2	23	14	22	16	24	24	18	25	-2	95	89	102	96	98	103	103	91	-2	160	108	130	118	165	182	124	184	-1
1001001000	-2	11456	6998.778	3390.389	21	3.571	105.125	5.883	169.125	9.36	8214.889	169.125	0	0	0	9	9	9381	6857	3106	9593	9548	6681	6369	11456	-2	26	15	25	17	21	22	23	19	-2	105	107	111	105	101	111	109	92	-2	170	160	172	167	153	184	167	180	-1
1001001000	-2	13423	10775.667	3936.002	12	4.33	86.125	3.887	169.5	12.217	15002.889	169.5	0	0	0	9	9	12663	12064	9586	12217	12612	13423	12392	12026	-2	21	11	7	11	16	12	7	11	-2	91	88	81	86	89	86	89	79	-2	171	177	145	190	168	171	174	160	-1
1001001000	-2	13423	10775.667	3936.002	12	4.33	86.125	3.887	169.5	12.217	15002.889	169.5	0	0	0	9	9	12663	12064	9586	12217	12612	13423	12392	12026	-2	21	11	7	11	16	12	7	11	-2	91	88	81	86	89	86	89	79	-2	171	177	145	190	168	171	174	160	-1
1001001000	-2	12999	10156.556	3827.114	11.25	3.767	79.625	3.806	146.375	10.977	13503.778	146.375	0	0	0	9	9	12569	11222	8857	12498	12999	12087	11666	9513	-2	19	10	7	11	14	13	7	9	-2	84	80	79	79	84	79	81	71	-2	167	150	140	148	145	145	151	125	-1
1001001000	-2	14511	11352.444	4215.907	11.25	3.767	79.625	3.806	146.375	10.977	13503.778	146.375	0	0	0	9	9	14453	12535	10310	13043	14511	13149	13036	11137	-2	19	10	7	11	14	13	7	9	-2	84	80	79	79	84	79	81	71	-2	167	150	140	148	145	145	151	125	-1
1001001000	-2	13379	9988	4035.682	11	3.571	77.875	3.887	140.25	10.686	11932.111	140.25	0	0	0	9	9	12978	9766	9718	12715	13379	11085	13088	7165	-2	18	9	7	11	14	13	7	9	-2	80	78	77	77	83	78	81	69	-2	154	142	132	140	146	142	149	117	-1
1001001000	-2	13379	9988	4035.682	11	3.571	77.875	3.887	140.25	10.686	11932.111	140.25	0	0	0	9	9	12978	9766	9718	12715	13379	11085	13088	7165	-2	18	9	7	11	14	13	7	9	-2	80	78	77	77	83	78	81	69	-2	154	142	132	140	146	142	149	117	-1
1001001000	-2	13191	7265	4030.264	9.875	2.571	76	3.937	134.125	9.02	11699.222	134.125	0	0	0	9	9	7966	7117	7623	13191	10805	4312	11450	2923	-2	14	8	7	11	13	11	7	8	-2	77	77	77	76	80	77	78	66	-2	144	137	132	134	140	137	137	112	-1
1001001000	-2	13191	7265	4030.264	9.875	2.571	76	3.937	134.125	9.02	11699.222	134.125	0	0	0	9	9	7966	7117	7623	13191	10805	4312	11450	2923	-2	14	8	7	11	13	11	7	8	-2	77	77	77	76	80	77	78	66	-2	144	137	132	134	140	137	137	112	-1
1001001000	-2	13365	6253.444	3928.471	9.875	2.713	76.125	3.723	129.875	15.243	11610.667	134.25	0	0	0	9	9	8254	6732	6647	13365	8592	636	7988	4069	-2	14	8	7	10	14	11	7	8	-2	78	79	76	76	80	77	76	67	-2	146	142	132	134	141	97	132	115	-1
1001001000	-2	12965	6231	3831.927	9.875	2.713	76.125	3.723	129.875	15.243	11610.667	134.25	0	0	0	9	9	8163	7199	6614	12965	8421	636	7908	4175	-2	14	8	7	10	14	11	7	8	-2	78	79	76	76	80	77	76	67	-2	146	142	132	134	141	97	132	115	-1
1001001000	-2	11961	6935.444	3130.987	10.125	2.571	77.75	4.521	140.125	10.13	12306.111	140.125	0	0	0	9	9	9020	7739	7777	11961	8333	4353	6218	7020	-2	13	9	7	11	14	12	7	8	-2	78	82	79	78	83	77	78	67	-2	151	153	141	141	146	134	136	119	-1
1001001000	-2	11961	6935.444	3130.987	10.125	2.571	77.75	4.521	140.125	10.13	12306.111	140.125	0	0	0	9	9	9020	7739	7777	11961	8333	4353	6218	7020	-2	13	9	7	11	14	12	7	8	-2	78	82	79	78	83	77	78	67	-2	151	153	141	141	146	134	136	119	-1
1001001000	-2	12693	5999.111	3879.229	10.75	2.487	81.25	5.449	146.25	23.435	13365.889	156.125	0	0	0	9	9	5293	6834	6504	12693	4761	653	6480	10776	-2	12	10	8	12	15	13	8	8	-2	80	90	82	81	85	78	84	70	-2	127	181	153	152	167	102	157	131	-1
1001001000	-2	11979	7586	3450.288	11.75	2.278	87.875	5.231	180.875	15.276	13069.778	182.5	0	0	0	9	9	9717	9010	8272	11979	7605	3640	7703	10350	-2	13	11	8	13	15	14	11	9	-2	86	97	85	89	92	86	90	78	-2	195	189	167	196	195	179	176	150	-1
1001001000	-2	11979	7586	3450.288	11.75	2.278	87.875	5.231	180.875	15.276	13069.778	182.5	0	0	0	9	9	9717	9010	8272	11979	7605	3640	7703	10350	-2	13	11	8	13	15	14	11	9	-2	86	97	85	89	92	86	90	78	-2	195	189	167	196	195	179	176	150	-1
1001001000	-2	9734	6232.111	2842.579	13.75	2.222	94.375	5.407	186.5	8.396	10942.778	186.5	0	0	0	9	9	7723	5586	7179	6534	6238	3568	9529	9734	-2	13	13	12	15	15	14	18	10	-2	95	102	88	95	96	96	99	84	-2	195	195	180	179	197	192	177	177	-1
1001001000	-2	10411	6935.444	2854.571	13.75	2.222	94.375	5.407	186.5	8.396	10942.778	186.5	0	0	0	9	9	8293	6708	8434	6584	7163	5370	9458	10411	-2	13	13	12	15	15	14	18	10	-2	95	102	88	95	96	96	99	84	-2	195	195	180	179	197	192	177	177	-1
1001001000	-2	11462	7478.667	3230.512	13.75	2.537	93.875	6.009	185.75	7.259	10867.778	185.75	0	0	0	9	9	8825	5242	11462	6141	7299	8355	9835	10151	-2	12	13	12	14	15	15	19	10	-2	93	104	86	94	96	96	98	84	-2	195	195	180	179	189	192	179	177	-1
1001001000	-2	10684	6785.333	3102.347	13.75	2.537	93.875	6.009	185.75	7.259	10867.778	185.75	0	0	0	9	9	8255	4636	10684	5490	6175	6676	10257	8897	-2	12	13	12	14	15	15	19	10	-2	93	104	86	94	96	96	98	84	-2	195	195	180	179	189	192	179	177	-1
1001001000	-2	11413	7027.444	2991.072	15.125	2.976	97.125	6.071	182.75	10.615	9347.222	182.75	0	0	0	9	9	7241	6302	11413	5802	6939	7377	8319	9856	-2	13	14	15	15	15	16	22	11	-2	95	109	90	95	98	99	102	89	-2	192	190	180	190	183	191	178	158	-1
1001001000	-2	11552	6115.333	3171.593	15.25	3.382	97.125	7.008	173.625	19.319	9453	182.25	0	0	0	9	9	5216	4855	11552	3872	6924	6666	5949	10006	-2	12	14	13	16	15	17	23	12	-2	94	109	89	95	96	100	106	88	-2	182	189	182	132	183	191	178	152	-1
1002002000	-2	-1	-1.889	0.314	19	1.512	157.571	7.208	398.25	62.247	9466.111	397.625	0	0	0	9	9	-2	-2	-2	-2	-2	-2	-2	-1	-2	20	17	18	21	21	18	18	-2	-2	165	154	154	163	161	143	163	-2	-2	422	400	414	449	418	384	455	244	-1
1001001000	-2	1224	527	376.763	22	4.796	97.375	4.948	172.25	9.808	15337.333	172.25	0	0	0	9	9	735	408	975	114	265	1224	596	428	-2	24	15	29	16	24	27	18	23	-2	94	92	104	97	100	102	101	89	-2	159	175	184	183	165	181	173	158	-1
1001001000	-2	950	305.556	363.754	20.125	5.555	90.5	5.831	148.75	30.277	17504.778	169	0	0	2	9	9	662	0	807	93	149	950	0	91	-2	24	14	29	15	20	24	12	23	-2	89	85	101	88	91	94	95	81	-2	170	104	189	129	166	182	112	138	-1
1002001000	-2	654	169.889	205.677	18.5	5.05	85	6.845	136	32.939	16210.222	153.625	0	0	2	9	9	654	0	281	85	150	320	0	41	-2	24	12	24	14	19	22	11	22	-2	82	82	99	81	86	89	-2	76	-2	154	100	193	143	120	165	85	128	-1
1002001000	-2	636	166.333	199.837	18.5	5.05	85	6.845	135.75	33.067	16210.222	153.625	0	0	2	9	9	636	0	271	88	145	316	0	43	-2	24	12	24	14	19	22	11	22	-2	82	82	99	81	86	89	-2	76	-2	154	100	193	143	118	165	85	128	-1
1001001000	-2	5232	1888.778	2006.127	20.125	5.487	95.5	6	138.875	23.914	14665.556	176.125	0	0	0	9	9	484	1956	326	461	3668	4808	5232	66	-2	27	14	30	17	21	21	14	17	-2	96	99	107	91	91	99	95	86	-2	119	135	133	116	176	149	174	109	-1
1001001000	-2	5727	2102	2244.328	20.125	5.487	95.5	6	140.5	24.965	14665.556	176.125	0	0	0	9	9	518	2058	344	538	4269	5400	5727	66	-2	27	14	30	17	21	21	14	17	-2	96	99	107	91	91	99	95	86	-2	119	135	133	116	176	162	174	109	-1
1001001000	-2	15496	11702.889	4382.637	15	4.69	95.25	4.576	183.875	6.623	13593.778	183.875	0	0	0	9	9	13135	11067	11248	13592	11982	13868	14940	15496	-2	25	13	14	14	19	14	8	13	-2	99	98	98	96	91	99	96	85	-2	179	176	193	186	193	188	176	180	-1
1001001000	-2	13413	10119.778	3728.104	15	4.69	95.25	4.576	183.875	6.623	13593.778	183.875	0	0	0	9	9	10186	10538	10265	11758	12461	11924	10535	13413	-2	25	13	14	14	19	14	8	13	-2	99	98	98	96	91	99	96	85	-2	179	176	193	186	193	188	176	180	-1
1001001000	-2	12169	9740.667	3581.005	12.25	4.176	85	3.536	166.75	11.333	14251.778	166.75	0	0	0	9	9	9826	10952	11703	10815	12169	11046	8996	12161	-2	21	11	8	12	16	12	7	11	-2	91	87	82	86	85	85	86	78	-2	171	178	151	177	158	176	174	149	-1
1001001000	-2	12169	9740.667	3581.005	12.25	4.176	85	3.536	166.75	11.333	14251.778	166.75	0	0	0	9	9	9826	10952	11703	10815	12169	11046	8996	12161	-2	21	11	8	12	16	12	7	11	-2	91	87	82	86	85	85	86	78	-2	171	178	151	177	158	176	174	149	-1
1001001000	-2	11691	9063.111	4224.905	8.875	2.421	76.125	2.803	132.75	8.511	10734.111	132.75	0	0	0	9	9	11477	10912	11235	11245	11092	11691	11424	2494	-2	14	8	7	7	11	9	6	9	-2	77	77	77	76	77	79	77	69	-2	139	135	130	133	134	141	138	112	-1
1001001000	-2	13411	9918.556	4709.066	8.875	2.421	76.125	2.803	132.75	8.511	10734.111	132.75	0	0	0	9	9	12909	11216	12736	12082	12054	12369	13411	2492	-2	14	8	7	7	11	9	6	9	-2	77	77	77	76	77	79	77	69	-2	139	135	130	133	134	141	138	112	-1
1001001000	-2	13345	9282.444	4567.137	8.75	1.714	73.625	3.16	127.375	6.688	11006.444	127.375	0	0	0	9	9	11015	10686	10804	12404	13345	9983	13230	2077	-2	12	8	7	8	11	8	7	9	-2	72	75	75	74	77	75	75	66	-2	127	130	127	127	134	133	130	111	-1
1001001000	-2	13345	9282.444	4567.137	8.75	1.714	73.625	3.16	127.375	6.688	11006.444	127.375	0	0	0	9	9	11015	10686	10804	12404	13345	9983	13230	2077	-2	12	8	7	8	11	8	7	9	-2	72	75	75	74	77	75	75	66	-2	127	130	127	127	134	133	130	111	-1
1001001000	-2	13675	8189.889	4307.018	8.5	1.5	73.875	3.257	128.125	6.153	10766	128.125	0	0	0	9	9	9455	7734	9017	12471	13675	5644	12453	3262	-2	11	8	7	8	11	8	7	8	-2	72	76	75	75	77	75	75	66	-2	128	132	127	128	134	132	131	113	-1
1001001000	-2	13675	8189.889	4307.018	8.5	1.5	73.875	3.257	128.125	6.153	10766	128.125	0	0	0	9	9	9455	7734	9017	12471	13675	5644	12453	3262	-2	11	8	7	8	11	8	7	8	-2	72	76	75	75	77	75	75	66	-2	128	132	127	128	134	132	131	113	-1
1001001000	-2	12537	7607.889	4152.087	8.875	1.452	74.375	3.238	126.75	9.51	11142.444	130	0	0	0	9	9	9149	6161	8962	12476	12537	2139	10908	6141	-2	11	8	8	11	10	8	7	8	-2	72	77	75	75	78	75	76	67	-2	130	133	129	129	136	106	134	117	-1
1001001000	-2	13118	7779.222	4304.991	8.875	1.452	74.375	3.238	126.75	9.51	11142.444	130	0	0	0	9	9	9259	6162	9014	12709	13118	2139	11375	6239	-2	11	8	8	11	10	8	7	8	-2	72	77	75	75	78	75	76	67	-2	130	133	129	129	136	106	134	117	-1
1001001000	-2	12913	8677.889	4050.695	8.875	1.452	75.375	3.806	135	6.982	11844.222	135	0	0	0	9	9	12285	7224	11210	12913	12173	4237	9611	8450	-2	10	8	8	11	11	8	7	8	-2	72	79	77	76	80	73	78	68	-2	133	145	138	133	143	129	137	122	-1
1001001000	-2	13562	8790.778	4151.306	10	1.225	79.5	4.33	149.5	9.631	13032.556	149.5	0	0	0	9	9	13562	8448	12862	13008	9985	4454	8345	8455	-2	11	10	8	12	11	10	9	9	-2	76	86	81	79	83	78	82	71	-2	154	168	151	144	155	143	148	133	-1
1001001000	-2	13562	8790.778	4151.306	10	1.225	79.5	4.33	149.5	9.631	13032.556	149.5	0	0	0	9	9	13562	8448	12862	13008	9985	4454	8345	8455	-2	11	10	8	12	11	10	9	9	-2	76	86	81	79	83	78	82	71	-2	154	168	151	144	155	143	148	133	-1
1001001000	-2	12609	8519.111	3634.476	10.125	1.166	80.875	4.781	156.375	18.795	13283.889	156.375	0	0	0	9	9	12609	8747	11330	11102	6948	5817	10509	9612	-2	11	10	8	12	11	10	10	9	-2	77	90	82	79	84	79	83	73	-2	154	204	153	144	157	146	153	140	-1
1001001000	-2	13953	9431	4059.897	11.125	1.763	85.875	5.302	171.375	13.999	13000.222	171.375	0	0	0	9	9	13953	9293	13063	11099	8804	5911	12508	10250	-2	11	11	9	12	11	11	15	9	-2	83	96	85	85	90	81	89	78	-2	173	201	164	162	186	156	165	164	-1
1001001000	-2	13153	8236.556	3966.916	12.125	2.803	88.5	5.657	185.875	10.856	12427.333	185.875	0	0	0	9	9	13153	5145	12318	7652	7484	6509	12502	9368	-2	12	12	10	12	11	12	19	9	-2	87	99	86	89	91	84	93	79	-2	195	201	168	192	196	179	178	178	-1
1001001000	-2	13153	8236.556	3966.916	12.125	2.803	88.5	5.657	185.875	10.856	12427.333	185.875	0	0	0	9	9	13153	5145	12318	7652	7484	6509	12502	9368	-2	12	12	10	12	11	12	19	9	-2	87	99	86	89	91	84	93	79	-2	195	201	168	192	196	179	178	178	-1
1001001000	-2	11569	6806.778	3346.386	12.25	3.419	88.375	4.923	188.875	11.33	12400.889	188.875	0	0	0	9	9	7089	3807	10540	6440	6716	5617	11569	9485	-2	11	11	11	10	11	13	21	10	-2	86	98	87	88	91	84	92	81	-2	202	202	168	184	196	184	179	196	-1
1001001000	-2	11569	6806.778	3346.386	12.25	3.419	88.375	4.923	188.875	11.33	12400.889	188.875	0	0	0	9	9	7089	3807	10540	6440	6716	5617	11569	9485	-2	11	11	11	10	11	13	21	10	-2	86	98	87	88	91	84	92	81	-2	202	202	168	184	196	184	179	196	-1
1001001000	-2	10876	6374	2966.775	11.75	2.905	87.125	4.936	177.875	19.631	12266.667	183	0	0	0	9	9	4271	5670	8264	7508	8398	4715	7666	10876	-2	11	10	10	10	11	13	19	10	-2	85	98	85	83	90	83	90	83	-2	140	202	166	163	198	180	179	195	-1
1001001000	-2	64	6.889	20.201	15	2.449	121.5	1.936	149	1.414	13080.556	276	0	0	7	9	9	0	0	0	64	0	0	0	0	-2	18	17	14	13	13	16	11	18	-2	120	122	121	121	120	119	125	124	-2	149	149	149	150	148	147	152	148	-1
1001001000	-2	601	167	193.92	18	6.708	80.75	7.378	126.625	20.174	12331.889	133.375	0	0	2	9	9	85	152	601	64	224	379	0	0	-2	22	11	17	12	16	20	33	13	-2	79	75	94	73	82	81	90	72	-2	134	126	160	125	134	139	107	88	-1
1001001000	-2	5867	1660.222	1794.662	17.25	5.019	87.25	5.995	150.75	17.333	16673.222	155.625	0	0	0	9	9	319	894	2989	516	5867	2852	723	784	-2	25	12	24	16	19	18	10	14	-2	87	88	101	84	87	87	86	78	-2	122	147	179	141	162	164	158	133	-1
1001001000	-2	14700	10648.222	4096.391	16.5	4.031	96.5	5.244	178.75	8.452	13733	178.875	0	0	0	9	9	12639	10799	8963	10405	12375	12497	13458	14700	-2	25	13	19	16	19	14	12	14	-2	99	99	106	93	93	98	97	87	-2	178	161	177	180	193	185	176	180	-1
1001001000	-2	14700	10648.222	4096.391	16.5	4.031	96.5	5.244	178.75	8.452	13733	178.875	0	0	0	9	9	12639	10799	8963	10405	12375	12497	13458	14700	-2	25	13	19	16	19	14	12	14	-2	99	99	106	93	93	98	97	87	-2	178	161	177	180	193	185	176	180	-1
1001001000	-2	14552	11681.222	4233.326	12.75	3.865	90.625	3.903	181	8.031	13909.333	181	0	0	0	9	9	12321	11258	14112	13301	13774	12762	13053	14552	-2	21	11	9	13	16	12	8	12	-2	97	92	94	91	88	89	91	83	-2	180	178	194	177	169	188	189	173	-1
1001001000	-2	14552	11681.222	4233.326	12.75	3.865	90.625	3.903	181	8.031	13909.333	181	0	0	0	9	9	12321	11258	14112	13301	13774	12762	13053	14552	-2	21	11	9	13	16	12	8	12	-2	97	92	94	91	88	89	91	83	-2	180	178	194	177	169	188	189	173	-1
1001001000	-2	13593	10017.444	4751.796	8.25	2.046	73.375	2.913	125.625	6.556	10432.556	125.625	0	0	0	9	9	13593	12115	11934	13423	11522	12296	12717	2559	-2	13	7	7	7	9	8	6	9	-2	74	74	77	74	76	74	71	67	-2	129	129	127	127	130	130	124	109	-1
1001001000	-2	13593	10017.444	4751.796	8.25	2.046	73.375	2.913	125.625	6.556	10432.556	125.625	0	0	0	9	9	13593	12115	11934	13423	11522	12296	12717	2559	-2	13	7	7	7	9	8	6	9	-2	74	74	77	74	76	74	71	67	-2	129	129	127	127	130	130	124	109	-1
1001001000	-2	12804	8772.889	4474.974	8	1.5	71.625	2.997	119.5	6.124	9178	119.5	0	0	0	9	9	11361	11590	10159	10911	10467	12804	10613	1053	-2	11	7	7	8	9	7	6	9	-2	71	73	76	72	74	71	71	65	-2	120	124	122	119	124	123	120	104	-1
1001001000	-2	12804	8772.889	4474.974	8	1.5	71.625	2.997	119.5	6.124	9178	119.5	0	0	0	9	9	11361	11590	10159	10911	10467	12804	10613	1053	-2	11	7	7	8	9	7	6	9	-2	71	73	76	72	74	71	71	65	-2	120	124	122	119	124	123	120	104	-1
1001001000	-2	11154	7658.778	3943.707	7.875	1.364	71	3.391	119.25	6.22	8873	119.25	0	0	0	9	9	6695	10363	8733	9867	11063	11154	9659	1397	-2	10	7	7	8	10	7	6	8	-2	69	72	75	73	75	70	70	64	-2	117	124	124	118	126	122	118	105	-1
1001001000	-2	11154	7658.778	3943.707	7.875	1.364	71	3.391	119.25	6.22	8873	119.25	0	0	0	9	9	6695	10363	8733	9867	11063	11154	9659	1397	-2	10	7	7	8	10	7	6	8	-2	69	72	75	73	75	70	70	64	-2	117	124	124	118	126	122	118	105	-1
1001001000	-2	11828	7161	3700.732	8	1.225	71.25	3.345	121.125	5.925	9390.111	121.125	0	0	0	9	9	6247	8234	7881	6893	11828	9393	11600	2375	-2	10	7	7	7	10	8	7	8	-2	68	74	74	72	76	70	71	65	-2	116	126	124	119	129	124	122	109	-1
1001001000	-2	11828	7161	3700.732	8	1.225	71.25	3.345	121.125	5.925	9390.111	121.125	0	0	0	9	9	6247	8234	7881	6893	11828	9393	11600	2375	-2	10	7	7	7	10	8	7	8	-2	68	74	74	72	76	70	71	65	-2	116	126	124	119	129	124	122	109	-1
1001001000	-2	13055	8357	3799.34	8.125	1.166	72	3.391	124.875	6.431	10280.667	124.875	0	0	0	9	9	10551	7957	8554	9996	13055	7854	12489	4759	-2	10	7	7	8	10	8	7	8	-2	69	74	73	72	77	72	74	65	-2	120	127	126	120	135	129	129	113	-1
1001001000	-2	12378	8220.889	3629.673	8.125	1.166	72	3.391	124.875	6.431	10280.667	124.875	0	0	0	9	9	10621	7959	8554	9827	12378	7830	11941	4880	-2	10	7	7	8	10	8	7	8	-2	69	74	73	72	77	72	74	65	-2	120	127	126	120	135	129	129	113	-1
1001001000	-2	12363	9123.667	3500.918	8.375	0.992	74	3.808	131.875	6.623	11063.444	131.875	0	0	0	9	9	12363	8805	9336	11173	12036	8506	10940	8956	-2	10	8	8	7	10	8	8	8	-2	71	78	74	73	80	73	76	67	-2	128	140	132	126	141	133	135	120	-1
1001001000	-2	12363	9123.667	3500.918	8.375	0.992	74	3.808	131.875	6.623	11063.444	131.875	0	0	0	9	9	12363	8805	9336	11173	12036	8506	10940	8956	-2	10	8	8	7	10	8	8	8	-2	71	78	74	73	80	73	76	67	-2	128	140	132	126	141	133	135	120	-1
1001001000	-2	12534	9458.333	3602.082	8.5	0.866	76.5	4.5	139.625	7.466	11560.778	139.625	0	0	0	9	9	12534	9252	11296	12129	11649	9586	10441	8240	-2	10	8	8	8	10	8	8	8	-2	73	82	77	75	82	75	80	68	-2	137	152	140	134	147	138	143	126	-1
1001001000	-2	13296	9606.889	3728.223	8.5	0.866	76.5	4.5	139.625	7.466	11560.778	139.625	0	0	0	9	9	13296	8846	11296	12134	12052	9600	10916	8324	-2	10	8	8	8	10	8	8	8	-2	73	82	77	75	82	75	80	68	-2	137	152	140	134	147	138	143	126	-1
1001001000	-2	13628	10418.333	3822.657	9.375	0.857	81.875	5.061	156.5	8.93	12335.222	156.5	0	0	0	9	9	13628	10663	12720	11521	12545	10336	11610	10744	-2	10	9	9	8	11	9	10	9	-2	75	90	83	80	87	80	85	75	-2	154	175	155	148	166	153	155	146	-1
1001001000	-2	13628	10418.333	3822.657	9.375	0.857	81.875	5.061	156.5	8.93	12335.222	156.5	0	0	0	9	9	13628	10663	12720	11521	12545	10336	11610	10744	-2	10	9	9	8	11	9	10	9	-2	75	90	83	80	87	80	85	75	-2	154	175	155	148	166	153	155	146	-1
1001001000	-2	14576	9598	4134.408	10.25	2.046	84.625	5.171	166.875	14.581	12477.667	166.875	0	0	0	9	9	13364	7581	14576	8188	12443	7935	11853	10444	-2	11	10	9	8	11	9	15	9	-2	81	95	85	81	88	81	88	78	-2	165	203	163	151	169	157	163	164	-1
1001001000	-2	14576	9598	4134.408	10.25	2.046	84.625	5.171	166.875	14.581	12477.667	166.875	0	0	0	9	9	13364	7581	14576	8188	12443	7935	11853	10444	-2	11	10	9	8	11	9	15	9	-2	81	95	85	81	88	81	88	78	-2	165	203	163	151	169	157	163	164	-1
1001001000	-2	11497	7196.222	4105.831	10.25	1.714	83	4.637	152.75	14.898	12472.111	164.25	0	0	0	9	9	11497	891	11119	5462	9272	6168	10394	9965	-2	11	10	9	8	11	10	14	9	-2	80	92	83	80	87	81	85	76	-2	164	117	158	149	170	157	156	151	-1
1001001000	-2	11497	7196.222	4105.831	10.25	1.714	83	4.637	152.75	14.898	12472.111	164.25	0	0	0	9	9	11497	891	11119	5462	9272	6168	10394	9965	-2	11	10	9	8	11	10	14	9	-2	80	92	83	80	87	81	85	76	-2	164	117	158	149	170	157	156	151	-1
1002002000	-2	431	202.111	143.261	11.857	3.603	73.143	4.29	109.625	33.897	10394.778	121	0	0	1	9	9	214	431	272	212	136	398	158	0	-2	16	12	13	10	9	17	6	-2	-2	74	67	81	69	71	75	75	-2	-2	121	115	131	118	118	129	124	21	-1
1001001000	-2	4755	1717.556	1705.608	14.375	3.426	81.75	5.54	138.625	24.995	14426.444	146.5	0	0	1	9	9	377	1904	4755	439	3135	913	0	3937	-2	21	12	17	14	16	14	9	12	-2	83	79	94	82	79	81	83	73	-2	126	134	195	136	146	142	100	130	-1
1001001000	-2	14097	11633.889	4164.419	14.375	3.199	91.875	4.512	183.5	6.144	16251.556	183.5	0	0	0	9	9	12835	12732	12451	12068	13753	12891	14097	13880	-2	21	12	16	15	16	13	10	12	-2	93	94	102	92	88	88	91	87	-2	180	178	177	180	193	187	193	180	-1
1001001000	-2	14949	12386.667	4450.848	14.375	3.199	91.875	4.512	183.5	6.144	16251.556	183.5	0	0	0	9	9	14588	13683	13437	12298	14132	13489	14949	14906	-2	21	12	16	15	16	13	10	12	-2	93	94	102	92	88	88	91	87	-2	180	178	177	180	193	187	193	180	-1
1001001000	-2	15458	12750.889	4599.926	10.625	2.446	84	4.416	164.125	11.14	15865.778	164.125	0	0	0	9	9	15387	12452	14142	13271	14564	14762	14724	15458	-2	16	10	9	12	11	10	7	10	-2	89	83	90	89	82	82	79	78	-2	184	159	171	177	153	162	155	152	-1
1001001000	-2	15458	12750.889	4599.926	10.625	2.446	84	4.416	164.125	11.14	15865.778	164.125	0	0	0	9	9	15387	12452	14142	13271	14564	14762	14724	15458	-2	16	10	9	12	11	10	7	10	-2	89	83	90	89	82	82	79	78	-2	184	159	171	177	153	162	155	152	-1
1001001000	-2	12010	7241.667	4220.796	7.625	1.654	67.75	3.631	113.375	6.781	7692.556	113.375	0	0	0	9	9	7467	12010	8880	10848	9582	10868	5064	458	-2	11	7	7	7	8	7	5	9	-2	67	71	74	71	65	67	64	63	-2	111	122	120	117	112	118	106	101	-1
1001001000	-2	11478	6992.111	4133.092	7.625	1.654	67.75	3.631	113.375	6.781	7692.556	113.375	0	0	0	9	9	7131	11478	8142	10735	9336	10868	4924	317	-2	11	7	7	7	8	7	5	9	-2	67	71	74	71	65	67	64	63	-2	111	122	120	117	112	118	106	101	-1
1001001000	-2	11255	6151	3832.816	7.75	1.199	66.625	2.497	108.875	10.216	6969.111	108.875	0	0	0	9	9	4062	11255	6818	7054	10448	8826	6800	98	-2	10	7	7	8	8	7	6	9	-2	67	69	69	69	68	65	64	62	-2	111	118	113	111	114	114	107	83	-1
1001001000	-2	11255	6151	3832.816	7.75	1.199	66.625	2.497	108.875	10.216	6969.111	108.875	0	0	0	9	9	4062	11255	6818	7054	10448	8826	6800	98	-2	10	7	7	8	8	7	6	9	-2	67	69	69	69	68	65	64	62	-2	111	118	113	111	114	114	107	83	-1
1001001000	-2	10087	5533.778	3686.497	7.375	1.111	67	2.784	109.125	10.08	7047.222	109.125	0	0	0	9	9	2336	10087	7315	5866	9912	8577	5564	149	-2	9	6	7	7	9	7	6	8	-2	66	68	70	70	70	65	65	62	-2	108	116	115	112	117	114	107	84	-1
1001001000	-2	10087	5533.778	3686.497	7.375	1.111	67	2.784	109.125	10.08	7047.222	109.125	0	0	0	9	9	2336	10087	7315	5866	9912	8577	5564	149	-2	9	6	7	7	9	7	6	8	-2	66	68	70	70	70	65	65	62	-2	108	116	115	112	117	114	107	84	-1
1001001000	-2	8577	5433.111	3149.95	7.375	1.111	66.5	2.179	110.125	10.203	7338.222	110.125	0	0	0	9	9	3375	7556	6973	6949	8228	8577	6944	298	-2	9	6	7	7	9	7	6	8	-2	67	68	68	68	69	65	65	62	-2	112	117	115	112	117	115	109	84	-1
1001001000	-2	8577	5433.111	3149.95	7.375	1.111	66.5	2.179	110.125	10.203	7338.222	110.125	0	0	0	9	9	3375	7556	6973	6949	8228	8577	6944	298	-2	9	6	7	7	9	7	6	8	-2	67	68	68	68	69	65	65	62	-2	112	117	115	112	117	115	109	84	-1
1001001000	-2	11508	7260	3690.722	7.5	1	68.25	2.107	116.375	4.211	8820.556	116.375	0	0	0	9	9	5952	7665	7565	9992	11508	10281	10124	2255	-2	9	6	7	7	9	7	7	8	-2	68	70	70	70	70	66	68	64	-2	115	120	120	116	120	119	114	107	-1
1001001000	-2	11508	7260	3690.722	7.5	1	68.25	2.107	116.375	4.211	8820.556	116.375	0	0	0	9	9	5952	7665	7565	9992	11508	10281	10124	2255	-2	9	6	7	7	9	7	7	8	-2	68	70	70	70	70	66	68	64	-2	115	120	120	116	120	119	114	107	-1
1001001000	-2	11979	9187.444	3519.859	7.875	1.053	70.875	2.421	124.375	4.414	9881.444	124.375	0	0	0	9	9	10318	10622	7282	10837	11979	10842	11797	9012	-2	10	7	8	7	9	7	7	8	-2	70	74	71	72	74	70	70	66	-2	123	130	127	121	130	125	123	116	-1
1001001000	-2	11979	9187.444	3519.859	7.875	1.053	70.875	2.421	124.375	4.414	9881.444	124.375	0	0	0	9	9	10318	10622	7282	10837	11979	10842	11797	9012	-2	10	7	8	7	9	7	7	8	-2	70	74	71	72	74	70	70	66	-2	123	130	127	121	130	125	123	116	-1
1001001000	-2	12776	9943.111	3869.291	8.125	0.927	72.875	2.666	130.625	4.794	10429.778	130.625	0	0	0	9	9	11495	11686	7075	10355	12776	11939	12729	11435	-2	10	7	8	7	9	8	8	8	-2	72	77	72	73	76	71	74	68	-2	130	137	130	126	137	130	133	122	-1
1001001000	-2	12776	9943.111	3869.291	8.125	0.927	72.875	2.666	130.625	4.794	10429.778	130.625	0	0	0	9	9	11495	11686	7075	10355	12776	11939	12729	11435	-2	10	7	8	7	9	8	8	8	-2	72	77	72	73	76	71	74	68	-2	130	137	130	126	137	130	133	122	-1
1001001000	-2	12816	10147.556	3870.817	8.875	0.781	76.875	3.516	142.875	5.797	10663.889	142.875	0	0	0	9	9	12564	12299	8561	11938	11139	9265	12816	12748	-2	10	8	8	8	10	9	9	9	-2	74	82	76	76	82	76	78	71	-2	141	153	140	138	150	143	144	134	-1
1001001000	-2	12421	9346.444	3443.433	9.125	1.053	78.25	3.631	147.75	6.016	10930.333	147.75	0	0	0	9	9	12421	10520	9830	10793	9591	8927	10610	11428	-2	11	8	8	8	10	9	10	9	-2	75	83	77	76	83	77	82	73	-2	150	157	142	142	156	146	149	140	-1
1001001000	-2	12421	9346.444	3443.433	9.125	1.053	78.25	3.631	147.75	6.016	10930.333	147.75	0	0	0	9	9	12421	10520	9830	10793	9591	8927	10610	11428	-2	11	8	8	8	10	9	10	9	-2	75	83	77	76	83	77	82	73	-2	150	157	142	142	156	146	149	140	-1
1001001000	-2	11529	7807	3201.928	9.125	0.781	75.25	3.527	138.625	6.04	10467.778	138.625	0	0	0	9	9	10064	9489	8902	7301	5383	8469	9128	11529	-2	10	9	8	8	10	9	10	9	-2	73	80	72	76	78	75	79	69	-2	139	149	132	136	144	138	142	129	-1
1005005000	-2	464	71.222	149.699	16	4.637	76.25	5.717	66.5	46.872	13166.111	125.375	0	0	6	9	9	0	0	0	179	0	464	0	0	-2	17	-2	22	9	-2	16	-2	-2	-2	75	-2	85	69	-2	76	-2	-2	-2	92	21	103	119	21	134	21	21	-1
1005005000	-2	0	-0.222	0.629	16	4.637	76.25	5.717	57.625	36.885	13166.111	125.375	0	0	8	9	9	0	0	0	0	0	0	0	0	-2	17	-2	22	9	-2	16	-2	-2	-2	75	-2	85	69	-2	76	-2	-2	-2	92	21	103	86	21	96	21	21	-1
1001001000	-2	1109	450.333	418.144	12.875	2.848	73.5	5.745	120.25	12.765	9774.111	124	0	0	0	9	9	319	174	1101	111	846	294	101	1109	-2	18	10	17	12	12	13	11	10	-2	72	70	87	70	70	72	78	69	-2	119	117	142	117	132	124	95	116	-1
1001001000	-2	3396	1041.333	1306.765	12.5	2.646	76.125	5.085	117.25	19.084	11540.444	130.75	0	0	1	9	9	172	468	3396	272	1580	0	210	3276	-2	18	10	15	13	12	12	10	10	-2	79	72	87	74	72	78	77	70	-2	96	121	151	123	135	96	95	121	-1
1001001000	-2	15133	12301.222	4413.587	12.75	2.222	87.875	5.158	184.75	9.23	18669.556	184.75	0	0	0	9	9	14399	13695	14201	12487	13762	12867	15133	14169	-2	17	11	15	14	12	12	10	11	-2	91	86	99	86	81	88	89	83	-2	193	179	180	180	169	189	201	187	-1
1001001000	-2	15183	12004.444	4479.771	9.75	2.107	79	3.162	144.625	5.978	14924.556	144.625	0	0	0	9	9	14805	13238	13737	14156	13177	15183	13867	9879	-2	14	8	9	12	9	9	7	10	-2	79	79	84	84	77	78	76	75	-2	145	146	151	155	141	143	142	134	-1
1001001000	-2	14615	11236.778	4212.667	9.75	2.107	79	3.162	144.625	5.978	14924.556	144.625	0	0	0	9	9	14615	11405	13440	11366	13424	13557	13475	9851	-2	14	8	9	12	9	9	7	10	-2	79	79	84	84	77	78	76	75	-2	145	146	151	155	141	143	142	134	-1
1001001000	-2	8417	3373	3160.306	7.125	1.536	63.375	4.526	99.125	14.04	4059.111	99.125	0	0	1	9	9	80	8417	5330	4763	3136	7725	908	0	-2	10	6	6	7	7	7	5	9	-2	64	66	70	68	57	65	58	59	-2	81	113	112	108	100	110	96	73	-1
1001001000	-2	8417	3373	3160.306	7.125	1.536	63.375	4.526	99.125	14.04	4059.111	99.125	0	0	1	9	9	80	8417	5330	4763	3136	7725	908	0	-2	10	6	6	7	7	7	5	9	-2	64	66	70	68	57	65	58	59	-2	81	113	112	108	100	110	96	73	-1
1001001000	-2	8284	3248.111	2787.442	7.375	1.317	63.5	2.915	100.625	12.348	4084.889	100.625	0	0	0	9	9	2633	8284	5130	3477	3254	6350	57	50	-2	9	6	7	8	8	7	5	9	-2	64	65	68	67	61	63	59	61	-2	105	112	111	107	104	106	76	84	-1
1001001000	-2	8286	3238.222	2787.097	7.375	1.317	63.5	2.915	100.625	12.348	4084.889	100.625	0	0	0	9	9	2611	8286	5136	3446	3224	6337	56	50	-2	9	6	7	8	8	7	5	9	-2	64	65	68	67	61	63	59	61	-2	105	112	111	107	104	106	76	84	-1
1001001000	-2	8461	3920.444	2975.229	7.25	0.968	65	2.646	108.5	5.477	5553.111	108.5	0	0	0	9	9	2491	8461	5690	4316	4994	7944	1000	390	-2	9	6	7	7	8	7	6	8	-2	64	67	69	68	62	65	64	61	-2	105	115	114	109	107	115	104	99	-1
1001001000	-2	8461	3920.444	2975.229	7.25	0.968	65	2.646	108.5	5.477	5553.111	108.5	0	0	0	9	9	2491	8461	5690	4316	4994	7944	1000	390	-2	9	6	7	7	8	7	6	8	-2	64	67	69	68	62	65	64	61	-2	105	115	114	109	107	115	104	99	-1
1001001000	-2	7063	4108.333	2778.859	7.125	1.053	64.625	1.867	109	4.062	6219.444	109	0	0	0	9	9	2938	7063	7023	5514	5869	6841	1323	406	-2	9	6	7	7	8	6	6	8	-2	66	65	67	67	62	64	64	62	-2	108	113	114	110	109	112	105	101	-1
1001001000	-2	7075	4159.111	2779.863	7.125	1.053	64.625	1.867	109	4.062	6219.444	109	0	0	0	9	9	3021	7075	7046	5643	5905	6889	1434	421	-2	9	6	7	7	8	6	6	8	-2	66	65	67	67	62	64	64	62	-2	108	113	114	110	109	112	105	101	-1
1001001000	-2	9228	6263.778	3140.886	8.25	2.332	66.375	2.395	113.25	4.085	7682.889	112.75	0	0	0	9	9	4570	8017	8957	8207	9228	8917	6306	2174	-2	9	6	7	14	8	7	7	8	-2	66	67	67	72	64	66	65	64	-2	111	117	117	116	113	117	110	105	-1
1001001000	-2	9228	6263.778	3140.886	8.25	2.332	66.375	2.395	113.25	4.085	7682.889	112.75	0	0	0	9	9	4570	8017	8957	8207	9228	8917	6306	2174	-2	9	6	7	14	8	7	7	8	-2	66	67	67	72	64	66	65	64	-2	111	117	117	116	113	117	110	105	-1
1001001000	-2	12080	9195.111	3382.024	8.375	2.288	69.125	2.26	121	2.646	9396.889	120.5	0	0	0	9	9	8700	10158	10058	11319	12080	9752	10915	9776	-2	9	6	8	14	8	7	7	8	-2	70	70	69	74	68	67	69	66	-2	122	123	122	124	122	121	119	115	-1
1001001000	-2	13011	9322.667	3481.799	8.375	2.288	69.125	2.26	121	2.646	9396.889	120.5	0	0	0	9	9	8795	10158	10058	11319	13011	9752	10915	9898	-2	9	6	8	14	8	7	7	8	-2	70	70	69	74	68	67	69	66	-2	122	123	122	124	122	121	119	115	-1
1001001000	-2	11953	9406	3604.976	8.25	0.829	72.625	1.317	130.125	2.26	9585.111	130.125	0	0	0	9	9	9570	11066	7213	11714	11953	10257	11575	11308	-2	10	7	8	8	9	8	8	8	-2	73	74	73	74	73	71	73	70	-2	130	132	131	128	134	130	130	126	-1
1001001000	-2	11953	9406	3604.976	8.25	0.829	72.625	1.317	130.125	2.26	9585.111	130.125	0	0	0	9	9	9570	11066	7213	11714	11953	10257	11575	11308	-2	10	7	8	8	9	8	8	8	-2	73	74	73	74	73	71	73	70	-2	130	132	131	128	134	130	130	126	-1
1001001000	-2	11917	9066.333	3483.869	8.25	0.829	73.125	1.833	133.125	3.257	9280.778	133.125	0	0	0	9	9	8277	10865	7677	11331	11917	9452	11136	10944	-2	10	7	8	8	9	8	8	8	-2	73	76	74	73	74	73	73	69	-2	134	136	133	130	138	135	132	127	-1
1001001000	-2	11917	9066.333	3483.869	8.25	0.829	73.125	1.833	133.125	3.257	9280.778	133.125	0	0	0	9	9	8277	10865	7677	11331	11917	9452	11136	10944	-2	10	7	8	8	9	8	8	8	-2	73	76	74	73	74	73	73	69	-2	134	136	133	130	138	135	132	127	-1
1001001000	-2	12019	9138.222	3497.059	8.375	0.696	74.125	2.26	135.5	3.464	9497.556	135.5	0	0	0	9	9	9380	10804	7481	11141	12019	8995	11241	11185	-2	10	8	8	8	9	8	8	8	-2	75	78	72	75	75	73	75	70	-2	139	140	131	135	139	135	135	130	-1
1001001000	-2	12019	9138.222	3497.059	8.375	0.696	74.125	2.26	135.5	3.464	9497.556	135.5	0	0	0	9	9	9380	10804	7481	11141	12019	8995	11241	11185	-2	10	8	8	8	9	8	8	8	-2	75	78	72	75	75	73	75	70	-2	139	140	131	135	139	135	135	130	-1
1007007000	-2	0	-0.222	0.629	12.5	3.5	102.5	2.5	47	45.078	14540.889	182.75	0	0	8	9	9	0	0	0	0	0	0	0	0	-2	-2	-2	-2	9	-2	16	-2	-2	-2	-2	-2	-2	100	-2	105	-2	-2	-2	21	21	21	121	21	129	21	21	-1
1007007000	-2	64	6.889	20.201	11	4	64.5	2.5	36.875	27.507	8079.667	107.5	0	0	7	9	9	0	0	0	64	0	0	0	0	-2	-2	-2	-2	7	-2	15	-2	-2	-2	-2	-2	-2	62	-2	67	-2	-2	-2	21	21	21	86	21	83	21	21	-1
1001001000	-2	15513	11627.333	4479.319	10.25	1.92	81	4.899	157	8.986	17560.556	157	0	0	0	9	9	14509	13836	14348	9042	11964	12229	15513	13207	-2	13	9	12	13	9	9	8	9	-2	84	82	89	82	71	81	82	77	-2	160	156	172	154	146	159	166	143	-1
1001001000	-2	15513	11627.333	4479.319	10.25	1.92	81	4.899	157	8.986	17560.556	157	0	0	0	9	9	14509	13836	14348	9042	11964	12229	15513	13207	-2	13	9	12	13	9	9	8	9	-2	84	82	89	82	71	81	82	77	-2	160	156	172	154	146	159	166	143	-1
1001001000	-2	13675	8159.889	4313.387	9	1.658	76.25	3.597	130.125	6.954	11946.444	130.125	0	0	0	9	9	6161	12790	11027	13675	7230	10350	9469	2739	-2	12	8	8	11	8	8	7	10	-2	77	77	83	80	71	74	74	74	-2	126	136	140	139	123	128	129	120	-1
1001001000	-2	13675	8159.889	4313.387	9	1.658	76.25	3.597	130.125	6.954	11946.444	130.125	0	0	0	9	9	6161	12790	11027	13675	7230	10350	9469	2739	-2	12	8	8	11	8	8	7	10	-2	77	77	83	80	71	74	74	74	-2	126	136	140	139	123	128	129	120	-1
1001001000	-2	3467	1338.111	1337.755	6.875	1.452	62.625	3.603	94.75	12.517	2223.778	94.75	0	0	0	9	9	822	3467	3020	3016	523	998	198	1	-2	10	6	6	7	6	7	5	8	-2	63	63	68	66	56	65	60	60	-2	102	105	110	106	78	93	90	74	-1
1001001000	-2	3239	1230.444	1264.833	6.875	1.452	62.625	3.603	95	12.44	2223.778	94.75	0	0	0	9	9	724	3239	2840	2851	523	712	186	1	-2	10	6	6	7	6	7	5	8	-2	63	63	68	66	56	65	60	60	-2	102	105	110	106	78	93	92	74	-1
1001001000	-2	3842	1117	1325.815	6.75	1.199	62	3.041	94.375	10.547	2237.444	94.375	0	0	0	9	9	983	3077	3842	119	417	1253	304	60	-2	9	5	7	7	6	6	6	8	-2	63	62	68	64	57	62	60	60	-2	103	105	110	88	78	89	98	84	-1
1001001000	-2	3842	1117	1325.815	6.75	1.199	62	3.041	94.375	10.547	2237.444	94.375	0	0	0	9	9	983	3077	3842	119	417	1253	304	60	-2	9	5	7	7	6	6	6	8	-2	63	62	68	64	57	62	60	60	-2	103	105	110	88	78	89	98	84	-1
1001001000	-2	5399	2172.111	1893.289	6.75	1.199	62.75	1.984	104.75	3.072	4591.111	104.75	0	0	0	9	9	1259	3267	5399	850	3318	4597	632	229	-2	9	5	7	7	6	6	6	8	-2	65	63	66	63	59	62	62	62	-2	106	106	111	104	103	106	101	101	-1
1001001000	-2	6932	2924.889	2310.528	6.75	0.829	62.75	1.92	105.875	3.295	5351.556	105.625	0	0	0	9	9	1820	4182	6932	1710	5455	4730	829	668	-2	8	6	7	8	6	6	6	7	-2	64	62	66	65	60	62	62	61	-2	106	108	112	106	105	107	103	100	-1
1001001000	-2	6932	2924.889	2310.528	6.75	0.829	62.75	1.92	105.875	3.295	5351.556	105.625	0	0	0	9	9	1820	4182	6932	1710	5455	4730	829	668	-2	8	6	7	8	6	6	6	7	-2	64	62	66	65	60	62	62	61	-2	106	108	112	106	105	107	103	100	-1
1001001000	-2	9206	4687.333	3159.07	7.25	0.968	65	1.936	110.625	3.706	6930.889	110.125	0	0	0	9	9	2657	6937	9206	2863	7791	8196	3062	1476	-2	9	6	7	8	7	7	6	8	-2	65	64	67	69	63	65	64	63	-2	108	114	116	110	111	114	108	104	-1
1001001000	-2	9206	4687.333	3159.07	7.25	0.968	65	1.936	110.625	3.706	6930.889	110.125	0	0	0	9	9	2657	6937	9206	2863	7791	8196	3062	1476	-2	9	6	7	8	7	7	6	8	-2	65	64	67	69	63	65	64	63	-2	108	114	116	110	111	114	108	104	-1
1001001000	-2	11024	8118.222	3112.919	8	2.062	67.875	2.666	118.375	2.781	8681.778	117.625	0	0	0	9	9	7091	7338	8879	9979	10047	9773	11024	8935	-2	9	6	7	13	7	7	7	8	-2	69	67	68	74	65	67	68	65	-2	119	119	120	122	117	120	118	112	-1
1001001000	-2	10601	7931.778	3030.316	8	2.062	67.875	2.666	118.375	2.781	8681.778	117.625	0	0	0	9	9	6788	7338	8879	9715	9707	9714	10601	8646	-2	9	6	7	13	7	7	7	8	-2	69	67	68	74	65	67	68	65	-2	119	119	120	122	117	120	118	112	-1
1001001000	-2	12024	8615.444	3376.198	7.75	1.09	70.125	1.615	124.5	2.5	8690.222	124.5	0	0	0	9	9	9261	8966	7692	12024	11758	7797	10661	9382	-2	10	6	8	8	8	7	7	8	-2	73	71	70	71	69	70	70	67	-2	128	126	125	123	125	126	124	119	-1
1001001000	-2	12024	8615.444	3376.198	7.75	1.09	70.125	1.615	124.5	2.5	8690.222	124.5	0	0	0	9	9	9261	8966	7692	12024	11758	7797	10661	9382	-2	10	6	8	8	8	7	7	8	-2	73	71	70	71	69	70	70	67	-2	128	126	125	123	125	126	124	119	-1
1001001000	-2	11568	7855.778	3063.793	7.625	0.857	69.75	1.392	124.375	2.288	7974.778	124.375	0	0	0	9	9	8533	7849	7430	10463	11568	7514	8853	8494	-2	9	6	8	8	8	7	7	8	-2	72	71	70	70	69	69	70	67	-2	128	126	124	121	125	126	124	121	-1
1001001000	-2	11568	7855.778	3063.793	7.625	0.857	69.75	1.392	124.375	2.288	7974.778	124.375	0	0	0	9	9	8533	7849	7430	10463	11568	7514	8853	8494	-2	9	6	8	8	8	7	7	8	-2	72	71	70	70	69	69	70	67	-2	128	126	124	121	125	126	124	121	-1
1001001000	-2	10806	7762.889	3108.07	7.625	0.857	68.875	1.691	122.625	2.118	7822.111	122.625	0	0	0	9	9	8215	7014	6642	9957	10806	7545	10803	8886	-2	9	6	7	8	8	8	7	8	-2	72	70	68	70	69	68	68	66	-2	126	124	121	120	123	125	122	120	-1
1009009000	-2	0	-0.222	0.629	-0.01	-0.01	-0.01	-0.01	21	0	10594.667	113	0	0	8	9	9	0	0	0	0	0	0	0	0	-2	-2	-2	-2	-2	-2	-2	-2	-2	-2	-2	-2	-2	-2	-2	-2	-2	-2	-2	21	21	21	21	21	21	21	21	-1
1009009000	-2	0	-0.222	0.629	-0.01	-0.01	-0.01	-0.01	21	0	10594.667	113	0	0	8	9	9	0	0	0	0	0	0	0	0	-2	-2	-2	-2	-2	-2	-2	-2	-2	-2	-2	-2	-2	-2	-2	-2	-2	-2	-2	21	21	21	21	21	21	21	21	-1
1001001000	-2	5659	2244.222	1766.499	6.875	1.166	64.375	3.967	110.875	4.649	8092.889	110.875	0	0	0	9	9	1425	4494	1322	2365	1494	3075	5659	366	-2	9	6	8	8	6	6	6	6	-2	68	63	68	69	56	65	64	62	-2	114	109	113	116	103	114	114	104	-1
1001001000	-2	5905	2928.667	2372.879	7.125	1.053	67.625	3.998	111.625	4.581	6621.556	111.625	0	0	0	9	9	917	5786	4514	5905	2262	5688	696	592	-2	9	6	7	8	6	7	6	8	-2	69	66	70	73	59	71	66	67	-2	111	111	116	117	105	118	107	108	-1
1001001000	-2	4757	1913.778	1871.301	6.75	1.199	62.625	3.389	101.125	8.58	3632.778	101.125	0	0	0	9	9	879	3084	4648	3117	433	4757	230	78	-2	9	5	7	7	6	6	6	8	-2	63	62	68	66	56	64	61	61	-2	104	104	112	106	83	107	100	93	-1
1001001000	-2	4199	1497	1537.267	6.75	1.199	62.625	3.389	98	11.853	3632.778	101.125	0	0	0	9	9	498	2586	3319	2383	413	4199	76	1	-2	9	5	7	7	6	6	6	8	-2	63	62	68	66	56	64	61	61	-2	102	104	112	106	79	107	95	79	-1
1001001000	-2	4069	1163.556	1182.109	6.75	0.829	61	2.828	101.875	4.014	4075.667	101.875	0	0	0	9	9	612	1933	4069	530	1194	1468	400	268	-2	8	6	7	7	6	6	6	8	-2	62	62	67	62	57	60	59	59	-2	103	104	111	101	98	101	99	98	-1
1001001000	-2	4069	1163.556	1182.109	6.75	0.829	61	2.828	101.875	4.014	4075.667	101.875	0	0	0	9	9	612	1933	4069	530	1194	1468	400	268	-2	8	6	7	7	6	6	6	8	-2	62	62	67	62	57	60	59	59	-2	103	104	111	101	98	101	99	98	-1
1001001000	-2	4428	1172	1366.436	6.625	0.696	60.875	1.763	102.75	3.269	4818.222	102.75	0	0	0	9	9	612	838	4428	331	2717	786	524	314	-2	8	6	7	7	6	6	6	7	-2	61	62	64	62	59	60	58	61	-2	102	105	110	102	102	102	98	101	-1
1001001000	-2	4511	949	1394.253	6.625	0.696	60.875	1.763	100.75	6.457	4818.222	102.75	0	0	0	9	9	129	567	4511	175	2107	560	310	184	-2	8	6	7	7	6	6	6	7	-2	61	62	64	62	59	60	58	61	-2	86	105	110	102	102	102	98	101	-1
1001001000	-2	5820	1620.778	1831.508	6.375	0.857	61.25	1.561	105.625	2.288	6486	105.625	0	0	0	9	9	718	874	5820	838	4020	762	890	667	-2	8	5	6	7	6	6	6	7	-2	62	59	64	61	59	62	61	62	-2	107	104	111	104	105	106	104	104	-1
1001001000	-2	6059	1986.111	2021.642	6.375	0.857	61.25	1.561	105.625	2.288	6486	105.625	0	0	0	9	9	1234	1465	6059	1029	5316	1023	932	819	-2	8	5	6	7	6	6	6	7	-2	62	59	64	61	59	62	61	62	-2	107	104	111	104	105	106	104	104	-1
1001001000	-2	6723	2609.889	1893.296	6.75	0.829	62.75	1.92	108.25	2.222	6584.667	108.25	0	0	0	9	9	1292	2758	6723	1059	4627	2558	2300	2174	-2	8	6	7	8	6	6	6	7	-2	65	62	65	64	59	61	63	63	-2	110	107	113	107	106	109	108	106	-1
1001001000	-2	6723	2609.889	1893.296	6.75	0.829	62.75	1.92	108.25	2.222	6584.667	108.25	0	0	0	9	9	1292	2758	6723	1059	4627	2558	2300	2174	-2	8	6	7	8	6	6	6	7	-2	65	62	65	64	59	61	63	63	-2	110	107	113	107	106	109	108	106	-1
1001001000	-2	11188	6136.889	2967.822	7.25	1.92	65.375	2.595	114.375	2.233	8150.333	113.75	0	0	0	9	9	5101	7287	7161	3251	7641	6044	11188	7561	-2	8	6	7	12	6	6	6	7	-2	69	63	66	70	63	63	65	64	-2	118	113	116	117	113	113	114	111	-1
1001001000	-2	11188	6136.889	2967.822	7.25	1.92	65.375	2.595	114.375	2.233	8150.333	113.75	0	0	0	9	9	5101	7287	7161	3251	7641	6044	11188	7561	-2	8	6	7	12	6	6	6	7	-2	69	63	66	70	63	63	65	64	-2	118	113	116	117	113	113	114	111	-1
1001001000	-2	9834	7805	2903.492	7.125	0.599	66	1.936	116.625	1.996	8245.556	116.625	0	0	0	9	9	8920	7313	7595	9172	9834	7966	9826	9621	-2	8	6	7	7	7	7	7	8	-2	70	64	66	68	65	65	66	64	-2	121	115	117	117	117	117	115	114	-1
1001001000	-2	10431	8003.889	2977.05	7.625	1.409	66.5	2.739	117.25	2.681	8245.556	116.625	0	0	0	9	9	9157	7313	8065	9698	9569	8182	10431	9622	-2	8	6	7	11	7	7	7	8	-2	70	64	66	72	65	65	66	64	-2	121	115	117	122	117	117	115	114	-1
1001001000	-2	9911	8030.333	2928.555	7	0.5	65.5	1.323	116.125	1.965	8243.111	116.125	0	0	0	9	9	9522	7329	8646	9553	9446	9135	9911	8733	-2	7	6	7	8	7	7	7	7	-2	68	64	66	66	66	66	64	64	-2	120	116	116	115	116	118	113	115	-1
1005005000	-2	103	22.556	36.13	5	0	52.75	1.92	51.125	31.311	2799.111	90.75	0	0	5	9	9	0	0	103	0	67	0	35	0	-2	-2	5	5	-2	5	-2	5	-2	-2	-2	52	56	-2	51	-2	52	-2	-2	21	67	96	21	90	21	72	21	-1
1001001000	-2	2263	580.111	737.243	7.125	1.053	66.5	3.841	91.625	10.629	5732.111	109.375	0	0	2	9	9	0	1495	499	2263	358	270	338	0	-2	9	6	7	8	6	6	7	8	-2	67	64	70	72	59	69	64	67	-2	84	102	90	114	80	92	89	82	-1
1001001000	-2	1441	570.111	558.615	6.5	1	61.25	2.681	94.125	8.936	3786.222	100.75	0	0	0	9	9	494	611	1037	1398	86	1441	49	17	-2	8	5	6	7	6	6	6	8	-2	61	62	66	63	56	60	60	62	-2	100	103	96	103	80	100	91	80	-1
1001001000	-2	2598	1111.444	928.057	6.5	1	61.25	2.681	100.75	4.265	3786.222	100.75	0	0	0	9	9	762	1335	2598	2093	663	2208	201	145	-2	8	5	6	7	6	6	6	8	-2	61	62	66	63	56	60	60	62	-2	103	103	108	103	97	100	99	93	-1
1001001000	-2	2877	801.333	777.778	6.375	0.857	60.375	1.317	101.875	2.147	5076.333	101.875	0	0	0	9	9	541	854	2877	315	898	613	659	457	-2	8	6	7	6	6	5	6	7	-2	61	60	63	61	58	60	60	60	-2	103	102	107	101	100	101	100	101	-1
1001001000	-2	2877	801.333	777.778	6.375	0.857	60.375	1.317	101.875	2.147	5076.333	101.875	0	0	0	9	9	541	854	2877	315	898	613	659	457	-2	8	6	7	6	6	5	6	7	-2	61	60	63	61	58	60	60	60	-2	103	102	107	101	100	101	100	101	-1
1001001000	-2	3181	832.111	920.055	6.125	0.781	59.625	1.576	102.875	2.421	6592	102.875	0	0	0	9	9	294	421	3181	409	1547	499	635	505	-2	7	6	7	6	5	5	6	7	-2	58	59	63	60	58	59	59	61	-2	101	102	109	102	103	102	101	103	-1
1001001000	-2	2476	530.778	729.758	6.125	0.781	59.625	1.576	98	9.26	6592	102.875	0	0	0	9	9	208	101	2476	128	870	284	492	220	-2	7	6	7	6	5	5	6	7	-2	58	59	63	60	58	59	59	61	-2	101	82	109	83	103	102	101	103	-1
1001001000	-2	4956	1197	1411.134	5.875	0.781	60	1.581	104.25	2.681	6871.556	104.25	0	0	0	9	9	397	524	4956	718	1811	1051	824	494	-2	7	5	6	6	6	5	5	7	-2	59	58	63	60	59	59	60	62	-2	103	102	111	103	105	103	103	104	-1
1001001000	-2	4956	1197	1411.134	5.875	0.781	60	1.581	104.25	2.681	6871.556	104.25	0	0	0	9	9	397	524	4956	718	1811	1051	824	494	-2	7	5	6	6	6	5	5	7	-2	59	58	63	60	59	59	60	62	-2	103	102	111	103	105	103	103	104	-1
1001001000	-2	6032	2031.444	1677.557	6.25	0.661	61.125	1.364	106.875	2.204	7185	106.75	0	0	0	9	9	1127	1304	6032	1214	3461	2429	1176	1542	-2	7	6	6	7	6	5	6	7	-2	62	60	64	62	60	60	60	61	-2	108	105	112	107	106	107	105	105	-1
1001001000	-2	6874	3841.444	1980.148	6.25	0.661	62.625	1.932	110.75	2.278	8206.222	110.75	0	0	0	9	9	2187	3985	6874	2290	5862	5203	4309	3865	-2	7	5	6	7	6	6	6	7	-2	66	61	65	64	61	61	61	62	-2	114	110	114	112	109	111	108	108	-1
1001001000	-2	6874	3841.444	1980.148	6.25	0.661	62.625	1.932	110.75	2.278	8206.222	110.75	0	0	0	9	9	2187	3985	6874	2290	5862	5203	4309	3865	-2	7	5	6	7	6	6	6	7	-2	66	61	65	64	61	61	61	62	-2	114	110	114	112	109	111	108	108	-1
1001001000	-2	9194	6378.667	2674.999	6.375	0.484	63.5	1.5	112.625	1.495	8478.778	112.625	0	0	0	9	9	5416	7077	8003	8970	6945	4450	7355	9194	-2	7	6	6	7	6	6	6	7	-2	66	61	64	65	63	63	62	64	-2	115	110	113	114	112	113	111	113	-1
1001001000	-2	9194	6378.667	2674.999	6.375	0.484	63.5	1.5	112.625	1.495	8478.778	112.625	0	0	0	9	9	5416	7077	8003	8970	6945	4450	7355	9194	-2	7	6	6	7	6	6	6	7	-2	66	61	64	65	63	63	62	64	-2	115	110	113	114	112	113	111	113	-1
1006006000	-2	109	11.889	34.34	6	0	55	1.633	42.5	28.914	3454.889	93.625	0	0	7	9	9	0	0	109	0	0	0	0	0	-2	-2	6	6	-2	-2	-2	6	-2	-2	-2	53	57	-2	-2	-2	55	-2	-2	21	68	97	21	21	21	70	21	-1
1001001000	-2	2296	825.111	713.145	6.625	0.857	64.25	3.8	100.5	8.888	4573	105.625	0	0	0	9	9	1738	826	562	2296	63	935	622	386	-2	8	6	7	7	6	5	7	7	-2	64	61	67	71	58	67	62	64	-2	106	101	87	111	85	108	103	103	-1
1001001000	-2	859	291.333	310.572	6	0.866	60	1.936	91.25	8.983	3488.333	98.875	0	0	0	9	9	212	268	816	859	27	318	31	93	-2	8	6	6	6	5	5	6	6	-2	61	60	63	61	56	59	59	61	-2	102	98	82	101	74	90	90	93	-1
1001001000	-2	997	368.667	323.075	6	0.866	60	1.936	98.875	3.516	3488.333	98.875	0	0	0	9	9	290	333	820	997	154	493	56	177	-2	8	6	6	6	5	5	6	6	-2	61	60	63	61	56	59	59	61	-2	102	100	104	101	96	98	98	92	-1
1001001000	-2	992	422.333	252.153	5.875	0.599	58.875	1.615	100	3.64	6242.778	101.125	0	0	0	9	9	416	327	992	446	496	377	526	223	-2	7	6	6	6	5	5	6	6	-2	60	58	62	59	57	57	58	60	-2	103	101	106	100	99	93	97	101	-1
1009009000	-2	0	-0.222	0.629	-0.01	-0.01	-0.01	-0.01	21	0	13263.667	132.625	0	0	8	9	9	0	0	0	0	0	0	0	0	-2	-2	-2	-2	-2	-2	-2	-2	-2	-2	-2	-2	-2	-2	-2	-2	-2	-2	-2	21	21	21	21	21	21	21	21	-1
1008008000	-2	95	10.333	29.941	7	0	57	0	30.75	25.796	5767	95.625	0	0	7	9	9	0	0	0	0	0	0	95	0	-2	-2	-2	-2	-2	-2	-2	7	-2	-2	-2	-2	-2	-2	-2	-2	57	-2	-2	21	21	21	21	21	21	99	21	-1
1008008000	-2	101	11	31.826	7	0	58	0	30.75	25.796	6474.556	97.625	0	0	7	9	9	0	0	0	0	0	0	101	0	-2	-2	-2	-2	-2	-2	-2	7	-2	-2	-2	-2	-2	-2	-2	-2	58	-2	-2	21	21	21	21	21	21	99	21	-1
1002002000	-2	14374	8858.333	5196.907	10.429	6.068	72.143	5.768	118.625	37.236	13782.889	128.5	0	0	1	9	9	14374	12108	5952	12198	11728	10873	12494	0	-2	8	7	7	14	6	24	7	-2	-2	71	66	67	75	67	83	76	-2	-2	132	126	127	136	129	142	136	21	-1
1001001000	-2	2874	826.556	857.92	6.875	1.166	67.875	3.855	100.25	11.935	7430.556	112.125	0	0	1	9	9	606	136	2874	1310	672	560	1283	0	-2	7	7	7	8	6	5	9	6	-2	68	66	68	75	60	69	69	68	-2	94	86	115	117	108	93	105	84	-1
1001001000	-2	2964	898.667	852.394	6.875	1.166	67.875	3.855	105	11.258	7430.556	112.125	0	0	0	9	9	1529	631	804	2964	83	754	968	357	-2	7	7	7	8	6	5	9	6	-2	68	66	68	75	60	69	69	68	-2	112	109	92	117	83	115	111	101	-1
1001001000	-2	706	255.556	214.347	5.75	0.661	58.5	1.936	97	3.24	3300.111	97.125	0	0	0	9	9	264	117	706	464	193	387	121	50	-2	7	5	6	6	5	5	6	6	-2	58	57	61	61	55	58	58	60	-2	98	96	102	101	95	97	96	91	-1
