1002001000	-2	15222	10712.333	5814.235	97.625	9.499	204.857	8.271	280	69.268	14300.667	280	0	0	1	9	9	14465	14474	14473	12782	0	15222	11686	13311	-2	97	90	84	109	89	94	108	110	-2	201	204	189	209	-2	202	214	215	-2	320	292	278	309	103	293	341	304	-1
1002001000	-2	14636	9771.556	5341.708	111.875	11.516	207.571	6.207	272.375	53.374	13575.778	272.375	0	0	1	9	9	12822	13287	14636	12407	12160	12551	10083	0	-2	117	97	93	112	113	110	130	123	-2	207	201	197	209	211	211	217	-2	-2	293	288	291	302	286	301	286	132	-1
1001001000	-2	15401	12895.444	4676.108	110.625	5.337	197.125	4.196	272.375	15.124	15481.778	272.375	0	0	0	9	9	15021	14982	11734	15081	14807	14158	15401	14877	-2	110	100	117	115	117	110	108	108	-2	198	192	195	197	203	204	196	192	-2	290	271	250	274	280	295	267	252	-1
1001001000	-2	15401	12895.444	4676.108	110.625	5.337	197.125	4.196	272.375	15.124	15481.778	272.375	0	0	0	9	9	15021	14982	11734	15081	14807	14158	15401	14877	-2	110	100	117	115	117	110	108	108	-2	198	192	195	197	203	204	196	192	-2	290	271	250	274	280	295	267	252	-1
1001001000	-2	15046	12501.556	4497.019	110.375	5.999	197	3.937	269.875	13.004	14994.667	269.875	0	0	0	9	9	14047	14056	11901	14208	14493	14187	15046	14578	-2	114	104	113	115	119	110	109	99	-2	198	193	194	198	203	202	197	191	-2	290	261	253	273	280	283	266	253	-1
1001001000	-2	15530	12999.556	4704.979	110.375	5.999	197	3.937	269.875	13.004	14994.667	269.875	0	0	0	9	9	14741	14720	11901	14821	15196	14841	15530	15248	-2	114	104	113	115	119	110	109	99	-2	198	193	194	198	203	202	197	191	-2	290	261	253	273	280	283	266	253	-1
1001001000	-2	15471	12579.556	4558.601	112.375	3.672	196.25	3.231	263.25	11.256	14048.778	263.25	0	0	0	9	9	13971	14369	11583	14535	14742	14247	15471	14300	-2	115	111	113	116	118	106	109	111	-2	200	194	194	196	200	198	198	190	-2	287	261	252	263	265	265	267	246	-1
1001001000	-2	15471	12579.556	4558.601	112.375	3.672	196.25	3.231	263.25	11.256	14048.778	263.25	0	0	0	9	9	13971	14369	11583	14535	14742	14247	15471	14300	-2	115	111	113	116	118	106	109	111	-2	200	194	194	196	200	198	198	190	-2	287	261	252	263	265	265	267	246	-1
1002001000	-2	15537	11077.222	5962.428	114.75	4.409	195.714	3.99	244.25	45.096	12160.444	244.25	0	0	1	9	9	0	14632	12670	14320	14367	14096	15537	14075	-2	116	115	114	120	120	105	115	113	-2	-2	195	194	197	200	195	201	188	-2	127	267	253	264	265	261	273	244	-1
1002001000	-2	14308	10609.889	5689.527	114.75	4.409	195.714	3.99	244.25	45.096	12160.444	244.25	0	0	1	9	9	0	13975	12566	13866	13764	13542	14308	13470	-2	116	115	114	120	120	105	115	113	-2	-2	195	194	197	200	195	201	188	-2	127	267	253	264	265	261	273	244	-1
1001001000	-2	14609	12625	4473.095	116.875	6.071	196.625	5.407	266.375	15.475	13743	266.375	0	0	0	9	9	13859	14327	13608	14338	14366	14292	14228	14609	-2	116	117	114	122	125	105	123	113	-2	204	198	193	198	199	195	201	185	-2	291	284	253	265	264	262	273	239	-1
1006001000	-2	11864	2487.111	4664.733	74.75	19.753	216.333	8.807	177.5	124.518	4757.333	177.5	0	0	5	9	9	0	0	-2	10524	0	11864	0	0	-2	54	54	80	105	63	84	56	102	-2	-2	-2	204	221	-2	224	-2	-2	-2	63	78	389	309	70	301	76	134	-1
1002001000	-2	15880	11114.889	6010.601	111.25	9.846	211.571	5.395	276	54.802	13084.111	276	0	0	1	9	9	14158	15880	15748	13666	12967	14071	13546	0	-2	116	97	95	112	114	110	123	123	-2	211	201	209	213	218	211	218	-2	-2	307	295	291	303	286	301	293	132	-1
1001001000	-2	15148	11220.778	4137.315	133.25	6.591	216.5	4.583	287.5	7.297	12438	287.5	0	0	0	9	9	11934	13567	12785	13084	11098	12075	11298	15148	-2	142	129	125	125	140	134	130	141	-2	216	210	217	217	219	221	223	209	-2	279	276	291	289	286	301	286	292	-1
1001001000	-2	15143	11313.111	4138.018	132.75	6.379	216.875	5.278	287.625	7.582	12370.111	287.625	0	0	0	9	9	12009	13829	12293	12748	11960	11459	12379	15143	-2	143	129	128	126	139	133	125	139	-2	217	212	222	217	217	223	221	206	-2	279	277	291	287	286	303	286	292	-1
1001001000	-2	15143	11313.111	4138.018	132.75	6.379	216.875	5.278	287.625	7.582	12370.111	287.625	0	0	0	9	9	12009	13829	12293	12748	11960	11459	12379	15143	-2	143	129	128	126	139	133	125	139	-2	217	212	222	217	217	223	221	206	-2	279	277	291	287	286	303	286	292	-1
1001001000	-2	15345	11102.778	4207.737	126.25	7.412	214.75	5.238	294.25	7.98	11603	294.25	0	0	0	9	9	12236	13120	14238	10901	12675	10812	10600	15345	-2	140	120	125	126	135	125	115	124	-2	215	212	213	218	217	220	220	203	-2	290	290	292	288	312	302	287	293	-1
1001001000	-2	15636	13212.333	4739.977	107	8.86	195.5	4.583	267.75	14.149	14801.111	267.75	0	0	0	9	9	15636	15098	12844	14515	15436	14722	15580	15082	-2	115	100	117	114	107	109	106	88	-2	199	193	195	199	200	198	195	185	-2	290	269	254	274	265	282	266	242	-1
1001001000	-2	15636	13212.333	4739.977	107	8.86	195.5	4.583	267.75	14.149	14801.111	267.75	0	0	0	9	9	15636	15098	12844	14515	15436	14722	15580	15082	-2	115	100	117	114	107	109	106	88	-2	199	193	195	199	200	198	195	185	-2	290	269	254	274	265	282	266	242	-1
1001001000	-2	14306	11955.222	4326.243	106.625	8.717	192.25	4.548	254.75	11.388	13136.667	254.75	0	0	0	9	9	13630	14221	11132	13520	14218	13617	14306	12955	-2	113	102	116	114	110	107	104	87	-2	196	190	192	195	198	192	193	182	-2	275	251	246	261	259	257	256	233	-1
1001001000	-2	15054	12348.444	4512.271	106.625	8.717	192.25	4.548	254.75	11.388	13136.667	254.75	0	0	0	9	9	14298	14851	11132	14094	14696	14058	15054	12955	-2	113	102	116	114	110	107	104	87	-2	196	190	192	195	198	192	193	182	-2	275	251	246	261	259	257	256	233	-1
1001001000	-2	15420	11977.778	4541.284	107.125	8.795	191.875	4.936	253.75	11.189	12602.111	253.75	0	0	0	9	9	14295	14798	9784	14005	14130	13773	15420	11597	-2	113	104	115	115	113	104	106	87	-2	195	190	191	194	198	190	196	181	-2	271	253	245	257	259	252	262	231	-1
1001001000	-2	14952	11238	4189.097	107.125	8.795	191.875	4.936	253.75	11.189	12602.111	253.75	0	0	0	9	9	13036	14952	9784	13193	12224	13164	13194	11597	-2	113	104	115	115	113	104	106	87	-2	195	190	191	194	198	190	196	181	-2	271	253	245	257	259	252	262	231	-1
1001001000	-2	15096	11938.778	4534.384	106.875	9.212	191.375	5.219	250.75	9.808	12464.444	250.75	0	0	0	9	9	14781	14342	9649	14248	14136	13687	15096	11512	-2	111	109	114	115	116	103	100	87	-2	194	195	191	194	195	188	195	179	-2	260	260	244	254	254	245	259	230	-1
1001001000	-2	14317	11533.444	4313.606	106.875	9.212	191.375	5.219	250.75	9.808	12464.444	250.75	0	0	0	9	9	14149	13441	9649	13745	13622	13368	14317	11512	-2	111	109	114	115	116	103	100	87	-2	194	195	191	194	195	188	195	179	-2	260	260	244	254	254	245	259	230	-1
1001001000	-2	15087	12105.667	4338.93	106.125	8.978	192.875	5.036	256.125	12.313	13062.556	256.125	0	0	0	9	9	15087	13644	12382	13201	14156	13291	13956	13236	-2	110	111	114	115	111	103	98	87	-2	195	197	192	193	198	191	196	181	-2	272	272	248	255	262	246	260	234	-1
1001001000	-2	15405	12140.111	4376.719	106.125	8.978	192.875	5.036	256.125	12.313	13062.556	256.125	0	0	0	9	9	12940	15405	12382	13583	14676	13311	13730	13236	-2	110	111	114	115	111	103	98	87	-2	195	197	192	193	198	191	196	181	-2	272	272	248	255	262	246	260	234	-1
1002001000	-2	14541	10322.444	5611.026	109	10.05	197.571	5.315	253.875	56.929	12245.333	253.875	0	0	1	9	9	10907	14465	13843	14541	12834	13417	0	12897	-2	111	116	118	116	119	104	99	89	-2	201	202	200	199	201	194	-2	186	-2	292	300	272	273	277	262	109	246	-1
1002001000	-2	15363	11138.778	5986.509	109	10.05	197.571	5.315	253.875	56.929	12245.333	253.875	0	0	1	9	9	12902	14711	14686	15363	14166	14136	0	14287	-2	111	116	118	116	119	104	99	89	-2	201	202	200	199	201	194	-2	186	-2	292	300	272	273	277	262	109	246	-1
1002001000	-2	14028	9967.778	5399.924	116.5	6.325	204.429	7.248	271.5	57.799	11533.889	271.5	0	0	1	9	9	0	11037	13927	13172	12456	14028	11988	13104	-2	116	120	124	121	124	107	110	110	-2	-2	214	205	208	207	201	207	189	-2	124	300	305	285	307	298	297	256	-1
1001001000	-2	15209	10859.556	4345.308	121.25	5.673	209.625	8.015	296.125	10.005	11452.111	296.125	0	0	0	9	9	11957	7658	14218	12113	10875	13480	12228	15209	-2	126	122	126	123	129	112	118	114	-2	213	221	207	213	215	203	212	193	-2	291	301	299	288	307	310	296	277	-1
1001001000	-2	16336	11235.889	4582.149	121.25	5.673	209.625	8.015	296.125	10.005	11452.111	296.125	0	0	0	9	9	12631	7658	14752	12890	11029	13669	12160	16336	-2	126	122	126	123	129	112	118	114	-2	213	221	207	213	215	203	212	193	-2	291	301	299	288	307	310	296	277	-1
1001001000	-2	12175	6643.222	3744.996	129.375	5.957	221.625	9.205	293.625	8.817	6643.444	293.625	0	0	0	9	9	9056	2823	12175	9399	6941	5956	3338	10103	-2	126	127	122	127	134	134	141	124	-2	218	235	211	217	223	225	235	209	-2	302	302	300	282	289	297	299	278	-1
1001001000	-2	12009	6596.222	3856.167	130.875	7.524	223.25	9.731	298.75	5.19	6601.222	298.75	0	0	0	9	9	9728	2780	12009	9024	6060	5728	3190	10849	-2	124	126	121	134	138	135	144	125	-2	217	236	213	218	226	228	238	210	-2	303	309	300	296	290	297	298	297	-1
1001001000	-2	12555	7592.333	3822.218	128.25	6.418	220.25	8.151	298.75	5.117	7592.778	298.75	0	0	0	9	9	11286	4691	12555	9217	7356	7012	4676	11540	-2	125	124	118	127	133	135	139	125	-2	215	231	212	217	219	224	234	210	-2	294	304	302	297	290	307	298	298	-1
1001001000	-2	12549	7588.556	3818.354	128.25	6.418	220.25	8.151	298.75	5.117	7592.778	298.75	0	0	0	9	9	11258	4691	12549	9217	7356	7012	4676	11540	-2	125	124	118	127	133	135	139	125	-2	215	231	212	217	219	224	234	210	-2	294	304	302	297	290	307	298	298	-1
1005001000	-2	14159	5342	6039.776	79.625	18.357	217	6.164	206.625	127.871	6692.111	206.625	0	0	4	9	9	11591	0	14159	10458	0	11872	0	0	-2	97	55	84	105	61	93	56	86	-2	211	-2	211	221	-2	225	-2	-2	-2	317	78	356	309	70	352	77	94	-1
1003001000	-2	15463	8605	6167.099	121.75	12.039	214.833	5.871	258.875	74.175	11718.889	259.875	0	0	2	9	9	0	15463	13002	12569	12017	0	11657	12739	-2	121	99	109	129	133	121	123	139	-2	-2	203	215	216	221	-2	220	214	-2	135	295	333	296	285	130	293	304	-1
1003001000	-2	16037	9483.667	6760.819	124.375	10.416	212.167	5.336	256.375	70.993	12381.778	256.375	0	0	2	9	9	0	16037	13802	13838	13639	0	12890	15149	-2	124	103	120	129	135	121	123	140	-2	-2	202	216	213	215	-2	218	209	-2	135	295	310	296	285	133	293	304	-1
1003001000	-2	15982	9199	6576.911	124.375	10.416	212.167	5.336	256.375	70.993	12381.778	256.375	0	0	2	9	9	0	15982	12966	13812	13259	0	12301	14473	-2	124	103	120	129	135	121	123	140	-2	-2	202	216	213	215	-2	218	209	-2	135	295	310	296	285	133	293	304	-1
1001001000	-2	14042	8588.333	3659.06	135	6.164	223.375	5.999	289.125	9.36	8833.889	289.125	0	0	0	9	9	10783	7898	9551	9624	10985	6973	7441	14042	-2	145	131	129	134	140	140	125	136	-2	222	225	230	225	220	230	225	210	-2	290	280	292	287	273	304	287	300	-1
1001001000	-2	14322	12188	4321.321	106.5	9.631	197	5.385	268.875	12.82	15404.333	268.875	0	0	0	9	9	14120	13413	13808	13681	13424	14322	13619	13307	-2	115	101	119	114	100	112	103	88	-2	204	197	198	199	200	200	193	185	-2	291	271	261	274	265	280	264	245	-1
1001001000	-2	14322	12188	4321.321	106.5	9.631	197	5.385	268.875	12.82	15404.333	268.875	0	0	0	9	9	14120	13413	13808	13681	13424	14322	13619	13307	-2	115	101	119	114	100	112	103	88	-2	204	197	198	199	200	200	193	185	-2	291	271	261	274	265	280	264	245	-1
1002001000	-2	13661	9778.667	5301.559	97	11.832	188.429	5.5	228.125	53.098	10672.333	228.125	0	0	1	9	9	13384	13661	12075	0	12660	12960	12863	10407	-2	106	96	117	82	95	109	86	85	-2	193	187	193	-2	194	191	182	179	-2	263	248	250	90	254	251	242	227	-1
1002001000	-2	15050	10427.444	5702.166	97	11.832	188.429	5.5	228.125	53.098	10672.333	228.125	0	0	1	9	9	14836	15050	12220	0	13476	13457	13957	10853	-2	106	96	117	82	95	109	86	85	-2	193	187	193	-2	194	191	182	179	-2	263	248	250	90	254	251	242	227	-1
1003001000	-2	14699	8175.667	5959.183	96.625	10.897	187.167	5.273	206.625	62.113	8329.111	206.625	0	0	2	9	9	14699	0	10921	0	11737	14113	12544	9569	-2	107	85	116	93	96	105	86	85	-2	191	-2	191	-2	192	189	182	178	-2	251	96	244	104	249	246	240	223	-1
1003001000	-2	14699	8175.667	5959.183	96.625	10.897	187.167	5.273	206.625	62.113	8329.111	206.625	0	0	2	9	9	14699	0	10921	0	11737	14113	12544	9569	-2	107	85	116	93	96	105	86	85	-2	191	-2	191	-2	192	189	182	178	-2	251	96	244	104	249	246	240	223	-1
1002001000	-2	14644	9391	5360.584	98.75	9.47	184.714	5.573	221.375	45.555	9740.667	221.375	0	0	1	9	9	14419	14644	9672	0	12667	13404	10852	8863	-2	109	99	115	96	97	102	87	85	-2	191	183	190	-2	189	186	179	175	-2	249	241	243	103	244	241	230	220	-1
1002001000	-2	14644	9391	5360.584	98.75	9.47	184.714	5.573	221.375	45.555	9740.667	221.375	0	0	1	9	9	14419	14644	9672	0	12667	13404	10852	8863	-2	109	99	115	96	97	102	87	85	-2	191	183	190	-2	189	186	179	175	-2	249	241	243	103	244	241	230	220	-1
1002001000	-2	14865	9414.111	5311.306	100.625	9.823	184.571	5.341	222.5	43.113	9808	222.5	0	0	1	9	9	14865	14466	9794	11456	0	13088	11260	9800	-2	109	105	113	110	98	98	86	86	-2	192	186	189	187	-2	184	178	176	-2	253	245	242	242	111	237	228	222	-1
1002001000	-2	14369	9262.667	5175.923	100.625	9.823	184.571	5.341	222.5	43.113	9808	222.5	0	0	1	9	9	14369	13947	9794	11456	0	12740	11260	9800	-2	109	105	113	110	98	98	86	86	-2	192	186	189	187	-2	184	178	176	-2	253	245	242	242	111	237	228	222	-1
1001001000	-2	14357	10514.444	3929.532	101.375	9.899	186.625	4.998	243.625	9.604	11839.556	243.625	0	0	0	9	9	12385	14357	11141	10666	11987	13165	10964	9967	-2	108	108	115	110	98	98	87	87	-2	192	186	190	188	193	186	179	179	-2	257	248	246	246	254	239	230	229	-1
1001001000	-2	14357	10514.444	3929.532	101.375	9.899	186.625	4.998	243.625	9.604	11839.556	243.625	0	0	0	9	9	12385	14357	11141	10666	11987	13165	10964	9967	-2	108	108	115	110	98	98	87	87	-2	192	186	190	188	193	186	179	179	-2	257	248	246	246	254	239	230	229	-1
1002001000	-2	14689	10451.778	5627.691	103.125	10.659	191.857	4.853	240.5	50.904	11619	240.5	0	0	1	9	9	14689	13656	12687	12214	13300	14061	0	13461	-2	109	110	117	114	98	102	88	87	-2	193	197	193	194	195	190	-2	181	-2	272	273	262	260	262	249	109	237	-1
1003001000	-2	14658	9186.667	6532.545	105.625	10.38	196.5	5.737	235.625	71.934	10454.556	235.625	0	0	2	9	9	14658	14319	12429	12821	0	14108	0	14347	-2	110	115	118	116	100	105	92	89	-2	197	204	200	199	-2	193	-2	186	-2	284	309	277	271	119	264	109	252	-1
1003001000	-2	14658	9186.667	6532.545	105.625	10.38	196.5	5.737	235.625	71.934	10454.556	235.625	0	0	2	9	9	14658	14319	12429	12821	0	14108	0	14347	-2	110	115	118	116	100	105	92	89	-2	197	204	200	199	-2	193	-2	186	-2	284	309	277	271	119	264	109	252	-1
1005001000	-2	13764	5711.222	6461.577	109.125	9.034	208	4.95	208.75	96.362	6289.222	208.75	0	0	4	9	9	0	10290	13589	13760	0	13764	0	0	-2	111	118	120	117	102	112	94	99	-2	-2	216	205	208	-2	203	-2	-2	-2	125	315	293	299	113	312	106	107	-1
1005001000	-2	14290	5821.778	6599.284	109.125	9.034	208	4.95	208.75	96.362	6289.222	208.75	0	0	4	9	9	0	10295	14007	13806	0	14290	0	0	-2	111	118	120	117	102	112	94	99	-2	-2	216	205	208	-2	203	-2	-2	-2	125	315	293	299	113	312	106	107	-1
1004001000	-2	14750	7487.444	6838.024	108.625	7.745	203.4	8.593	228.25	87.735	8188.889	228.25	0	0	3	9	9	0	9867	13616	14452	0	14704	0	14750	-2	110	118	115	117	101	108	94	106	-2	-2	218	203	202	-2	203	-2	191	-2	125	315	287	292	114	312	110	271	-1
1004001000	-2	14474	7209.778	6558.32	108.625	7.745	203.4	8.593	228.25	87.735	8188.889	228.25	0	0	3	9	9	0	9905	13111	13855	0	13545	0	14474	-2	110	118	115	117	101	108	94	106	-2	-2	218	203	202	-2	203	-2	191	-2	125	315	287	292	114	312	110	271	-1
1003001000	-2	14089	7884.111	5866.287	114.125	5.061	209.333	6.823	255.75	79.345	8069.333	255.75	0	0	2	9	9	0	7180	14089	11887	0	12530	11789	13484	-2	111	119	116	122	105	117	111	112	-2	-2	221	208	210	-2	207	212	198	-2	125	310	300	310	114	311	298	278	-1
1002001000	-2	12932	8049.444	4709.432	114.875	5.11	208.857	6.621	278.625	62.43	9693.667	278.625	0	0	1	9	9	12932	7065	11339	10576	0	11632	7084	11819	-2	110	118	116	121	106	122	113	113	-2	205	222	207	208	-2	208	213	199	-2	302	309	302	296	114	311	298	297	-1
1002002000	-2	10789	1197.111	3391.245	22.286	5.75	223.857	11.482	415.5	51.1	11653.556	415.5	0	0	0	9	9	-2	-2	-2	-2	-2	10789	-2	-1	-2	31	22	23	13	29	18	20	-2	-2	222	216	212	247	223	214	233	-2	-2	436	395	369	515	437	356	452	364	-1
1001001000	-2	16047	12826.556	4588.844	128.125	12.293	212.625	6.224	292.25	9.808	16958.333	292.25	0	0	0	9	9	14763	16047	13665	14762	13660	13965	14061	14518	-2	137	100	122	131	135	137	123	140	-2	208	201	219	213	218	219	216	207	-2	279	295	304	303	285	301	293	278	-1
1002001000	-2	15175	10933.889	5872.916	129.625	12.257	208.714	5.675	267.5	56.87	15482.556	267.5	0	0	1	9	9	14855	0	13519	14063	13481	13410	13904	15175	-2	140	102	124	132	137	139	123	140	-2	203	-2	217	205	211	213	212	200	-2	290	122	309	281	286	302	293	257	-1
1002001000	-2	14219	10673.222	5730.278	129.375	11.532	203.143	6.128	251.25	52.019	13593.111	251.125	0	0	1	9	9	14142	0	13513	14078	12387	13612	14110	14219	-2	141	104	125	130	136	138	122	139	-2	201	-2	215	196	204	207	203	196	-2	267	123	314	256	261	279	262	248	-1
1002001000	-2	15415	11425.556	6137.314	129.375	11.532	203.143	6.128	251.25	52.019	13593.111	251.125	0	0	1	9	9	15415	0	14542	14909	13143	15021	15089	14713	-2	141	104	125	130	136	138	122	139	-2	201	-2	215	196	204	207	203	196	-2	267	123	314	256	261	279	262	248	-1
1001001000	-2	16159	12657.333	4636.456	136.125	5.904	214.5	6.042	293.25	9.189	14894.889	293.125	0	0	0	9	9	13415	11928	13381	14094	15026	14228	15687	16159	-2	145	132	138	135	140	140	124	135	-2	216	217	226	212	210	218	213	204	-2	291	281	298	298	303	304	294	277	-1
1001001000	-2	16228	12737.333	4654.877	136.125	5.904	214.5	6.042	293.25	9.189	14894.889	293.125	0	0	0	9	9	13598	11928	13592	14505	14777	14357	15653	16228	-2	145	132	138	135	140	140	124	135	-2	216	217	226	212	210	218	213	204	-2	291	281	298	298	303	304	294	277	-1
1001001000	-2	16264	13380.222	4780.05	125.625	8.873	210.75	6.26	298.25	10.244	14860.556	298.25	0	0	0	9	9	14252	14683	14743	14206	14798	15509	15969	16264	-2	139	121	125	130	134	130	112	114	-2	218	212	214	215	205	216	208	198	-2	299	296	313	306	289	308	296	279	-1
1001001000	-2	15349	10965	4207.839	125.625	8.873	210.75	6.26	298.25	10.244	14860.556	298.25	0	0	0	9	9	10015	11784	13157	11980	15349	11233	10696	14473	-2	139	121	125	130	134	130	112	114	-2	218	212	214	215	205	216	208	198	-2	299	296	313	306	289	308	296	279	-1
1002001000	-2	12783	8736.778	4749.453	104.75	11.486	196.429	5.827	248.5	48.42	12582.111	248.5	0	0	1	9	9	0	11025	11558	11218	12101	9646	10302	12783	-2	109	100	122	115	100	114	91	87	-2	-2	195	201	198	202	201	194	184	-2	124	268	269	268	266	286	266	241	-1
1002001000	-2	12783	8736.778	4749.453	104.75	11.486	196.429	5.827	248.5	48.42	12582.111	248.5	0	0	1	9	9	0	11025	11558	11218	12101	9646	10302	12783	-2	109	100	122	115	100	114	91	87	-2	-2	195	201	198	202	201	194	184	-2	124	268	269	268	266	286	266	241	-1
1001001000	-2	12634	9787.333	3916.118	86.125	15.839	183.25	7.546	236.5	10.21	10712	236.5	0	0	0	9	9	12201	11668	10891	11947	10995	12634	11680	6072	-2	95	70	115	71	79	105	73	81	-2	189	176	191	188	188	187	179	168	-2	244	233	241	244	241	244	233	212	-1
1001001000	-2	14791	10620.667	4426.388	86.125	15.839	183.25	7.546	236.5	10.21	10712	236.5	0	0	0	9	9	14791	11668	11456	13245	11708	14007	12641	6072	-2	95	70	115	71	79	105	73	81	-2	189	176	191	188	188	187	179	168	-2	244	233	241	244	241	244	233	212	-1
1002001000	-2	14452	9184.111	5284.233	86.5	13.143	179.714	5.824	213.5	47.249	9223.111	213.5	0	0	1	9	9	14452	12293	11768	0	11717	13543	11986	6900	-2	100	71	108	79	79	100	73	82	-2	186	174	182	-2	186	182	179	169	-2	238	230	232	90	238	237	229	214	-1
1002001000	-2	14452	9184.111	5284.233	86.5	13.143	179.714	5.824	213.5	47.249	9223.111	213.5	0	0	1	9	9	14452	12293	11768	0	11717	13543	11986	6900	-2	100	71	108	79	79	100	73	82	-2	186	174	182	-2	186	182	179	169	-2	238	230	232	90	238	237	229	214	-1
1002001000	-2	13980	9156.444	5106.886	87.625	11.521	180.857	5.817	215.375	45.299	9176	215.375	0	0	1	9	9	13980	0	11928	11547	12183	12535	12108	8129	-2	102	74	105	86	82	97	73	82	-2	186	-2	182	186	186	180	177	169	-2	239	97	232	236	239	236	228	216	-1
1002001000	-2	13980	9156.444	5106.886	87.625	11.521	180.857	5.817	215.375	45.299	9176	215.375	0	0	1	9	9	13980	0	11928	11547	12183	12535	12108	8129	-2	102	74	105	86	82	97	73	82	-2	186	-2	182	186	186	180	177	169	-2	239	97	232	236	239	236	228	216	-1
1003001000	-2	13025	7691.556	5492.197	90.375	11.247	179.667	5.249	197.125	59.796	7691.778	197.125	0	0	2	9	9	13025	0	11593	11666	0	9982	12006	10954	-2	101	85	111	91	82	96	73	84	-2	183	-2	186	185	-2	176	176	172	-2	236	97	238	236	91	231	228	220	-1
1003001000	-2	13025	7691.556	5492.197	90.375	11.247	179.667	5.249	197.125	59.796	7691.778	197.125	0	0	2	9	9	13025	0	11593	11666	0	9982	12006	10954	-2	101	85	111	91	82	96	73	84	-2	183	-2	186	185	-2	176	176	172	-2	236	97	238	236	91	231	228	220	-1
1003001000	-2	13703	7838.778	5599.89	89.625	11.575	179	5.447	198.125	60.088	7838.889	198.125	0	0	2	9	9	13703	0	10897	11747	0	10917	11188	12099	-2	97	81	112	92	81	97	73	84	-2	181	-2	186	185	-2	177	173	172	-2	236	97	241	238	92	231	227	223	-1
1003001000	-2	15319	8954.444	6436.532	90.25	11.267	184.667	5.249	208.25	66.073	9321.222	208.25	0	0	2	9	9	15319	0	12854	10760	0	14258	13449	13952	-2	96	83	112	92	81	99	74	85	-2	187	-2	191	188	-2	186	181	175	-2	255	97	257	247	92	245	240	233	-1
1003001000	-2	15319	8954.444	6436.532	90.25	11.267	184.667	5.249	208.25	66.073	9321.222	208.25	0	0	2	9	9	15319	0	12854	10760	0	14258	13449	13952	-2	96	83	112	92	81	99	74	85	-2	187	-2	191	188	-2	186	181	175	-2	255	97	257	247	92	245	240	233	-1
1005001000	-2	14457	5968.889	6694.051	90.25	10.545	185.25	4.437	174.875	74.526	6480.444	174.875	0	0	4	9	9	14457	0	12730	0	0	13912	0	12623	-2	96	82	110	92	82	99	75	86	-2	187	-2	190	-2	-2	186	-2	178	-2	255	97	258	104	92	247	110	236	-1
1004001000	-2	16155	8035.778	7229.697	93.25	10.86	191.8	5.307	206	81.414	8252.889	206	0	0	3	9	9	16155	14587	13684	0	0	14790	0	13108	-2	94	104	107	92	82	105	75	87	-2	192	198	193	-2	-2	194	-2	182	-2	275	288	268	104	92	265	110	246	-1
1005001000	-2	14991	6529.222	7301.685	92.5	11.747	193.5	6.538	189	91.545	6695.667	189	0	0	4	9	9	0	14556	14775	0	0	14991	0	14443	-2	83	106	107	91	84	107	75	87	-2	-2	201	195	-2	-2	195	-2	183	-2	91	321	272	104	93	271	110	250	-1
1005001000	-2	14991	6529.222	7301.685	92.5	11.747	193.5	6.538	189	91.545	6695.667	189	0	0	4	9	9	0	14556	14775	0	0	14991	0	14443	-2	83	106	107	91	84	107	75	87	-2	-2	201	195	-2	-2	195	-2	183	-2	91	321	272	104	93	271	110	250	-1
1005001000	-2	15068	6318.667	7095.946	90.125	10.856	190.5	5.5	183.375	82.796	6447.222	183.375	0	0	4	9	9	14287	0	14941	0	0	15068	0	12574	-2	83	84	107	92	84	108	76	87	-2	190	-2	193	-2	-2	197	-2	182	-2	274	97	269	104	93	271	110	249	-1
1005001000	-2	15068	6318.667	7095.946	90.125	10.856	190.5	5.5	183.375	82.796	6447.222	183.375	0	0	4	9	9	14287	0	14941	0	0	15068	0	12574	-2	83	84	107	92	84	108	76	87	-2	190	-2	193	-2	-2	197	-2	182	-2	274	97	269	104	93	271	110	249	-1
1006001000	-2	11739	3560.444	5057.172	90.25	10.825	189.667	5.793	160	78.64	4861.444	160	0	0	5	9	9	0	0	10524	0	0	9783	0	11739	-2	83	83	106	91	85	109	76	89	-2	-2	-2	191	-2	-2	196	-2	182	-2	92	98	264	104	93	271	110	248	-1
1001001000	-2	12492	8863.667	3510.596	19.25	4.684	185.75	6.514	289.5	7.906	22469.111	289.5	0	0	0	9	9	7374	12492	8931	10009	11249	8603	11993	9124	-2	27	20	20	12	25	15	19	16	-2	181	174	181	194	187	185	190	194	-2	287	275	287	303	290	285	298	291	-1
1001001000	-2	14348	11401.333	4300.885	123.125	12.374	194.5	5.477	244.75	7.886	11813.111	244.75	0	0	0	9	9	14348	12544	14026	13414	12048	13480	13698	9056	-2	137	100	121	125	133	137	109	123	-2	196	186	205	190	198	196	195	190	-2	249	233	259	241	249	248	244	235	-1
1001001000	-2	15220	12956.444	4615.182	132	5	204.625	5.314	272.5	14.309	16136	272.5	0	0	0	9	9	14550	14737	13549	13689	15176	15220	14826	14863	-2	140	129	132	133	137	132	122	131	-2	203	204	217	203	206	205	202	197	-2	271	266	299	261	282	284	267	250	-1
1001001000	-2	16550	11924.778	4571.075	130.25	6.476	213.75	6.036	298.875	8.447	14781.333	298.875	0	0	0	9	9	12429	10803	11715	14410	15235	11867	14316	16550	-2	138	128	131	133	137	132	116	127	-2	218	217	224	213	209	216	210	203	-2	299	281	297	300	313	305	296	300	-1
1001001000	-2	16550	11924.778	4571.075	130.25	6.476	213.75	6.036	298.875	8.447	14781.333	298.875	0	0	0	9	9	12429	10803	11715	14410	15235	11867	14316	16550	-2	138	128	131	133	137	132	116	127	-2	218	217	224	213	209	216	210	203	-2	299	281	297	300	313	305	296	300	-1
1002001000	-2	15357	11312.222	6085.675	110.125	11.152	201.714	6.518	268	56.241	13306.667	268	0	0	1	9	9	0	13850	15357	13629	15351	13538	14867	15220	-2	111	107	124	118	102	125	104	90	-2	-2	201	209	206	204	206	198	188	-2	125	290	307	297	280	308	280	257	-1
1002001000	-2	15357	11312.222	6085.675	110.125	11.152	201.714	6.518	268	56.241	13306.667	268	0	0	1	9	9	0	13850	15357	13629	15351	13538	14867	15220	-2	111	107	124	118	102	125	104	90	-2	-2	201	209	206	204	206	198	188	-2	125	290	307	297	280	308	280	257	-1
1003001000	-2	12427	6789.667	5022.093	73.75	18.873	173.333	6.823	185.875	66.003	6789.889	185.875	0	0	2	9	9	10648	11409	9878	0	0	12427	10121	6626	-2	74	60	108	54	65	102	66	61	-2	176	170	181	-2	-2	182	167	164	-2	225	224	229	67	78	238	218	208	-1
1003001000	-2	12427	6789.667	5022.093	73.75	18.873	173.333	6.823	185.875	66.003	6789.889	185.875	0	0	2	9	9	10648	11409	9878	0	0	12427	10121	6626	-2	74	60	108	54	65	102	66	61	-2	176	170	181	-2	-2	182	167	164	-2	225	224	229	67	78	238	218	208	-1
1003001000	-2	10571	5329.333	4051.528	75.125	16.027	169.833	5.814	185.5	59.283	5329.444	185.5	0	0	2	9	9	0	10571	8842	7086	0	8453	8388	4626	-2	80	62	103	54	65	97	69	71	-2	-2	168	180	171	-2	173	165	162	-2	89	220	228	221	78	226	216	206	-1
1003001000	-2	10571	5329.333	4051.528	75.125	16.027	169.833	5.814	185.5	59.283	5329.444	185.5	0	0	2	9	9	0	10571	8842	7086	0	8453	8388	4626	-2	80	62	103	54	65	97	69	71	-2	-2	168	180	171	-2	173	165	162	-2	89	220	228	221	78	226	216	206	-1
1003001000	-2	10447	5369.556	4031.446	77.625	14.309	170	5.888	185.625	59.372	5369.778	185.625	0	0	2	9	9	0	10447	9698	7540	0	7688	7639	5316	-2	81	66	104	63	66	97	70	74	-2	-2	171	179	172	-2	173	163	162	-2	89	223	228	221	78	226	213	207	-1
1003001000	-2	10447	5369.556	4031.446	77.625	14.309	170	5.888	185.625	59.372	5369.778	185.625	0	0	2	9	9	0	10447	9698	7540	0	7688	7639	5316	-2	81	66	104	63	66	97	70	74	-2	-2	171	179	172	-2	173	163	162	-2	89	223	228	221	78	226	213	207	-1
1002001000	-2	11049	7048.778	3994.174	77.375	12.845	169.571	5.421	203.875	43.478	7049.111	203.875	0	0	1	9	9	0	11049	10629	8235	9399	9651	8130	6348	-2	81	70	103	64	66	92	70	73	-2	-2	172	178	173	169	171	162	162	-2	90	225	228	222	221	224	213	208	-1
1002001000	-2	11049	7048.778	3994.174	77.375	12.845	169.571	5.421	203.875	43.478	7049.111	203.875	0	0	1	9	9	0	11049	10629	8235	9399	9651	8130	6348	-2	81	70	103	64	66	92	70	73	-2	-2	172	178	173	169	171	162	162	-2	90	225	228	222	221	224	213	208	-1
1002001000	-2	11693	7801.889	4305.671	77.5	11.737	170.429	5.206	204.125	47.588	7802.222	204.125	0	0	1	9	9	11693	10133	10787	10896	0	10153	8141	8416	-2	81	72	100	65	67	92	70	73	-2	176	172	175	173	-2	172	163	162	-2	223	227	226	222	79	228	217	211	-1
1002001000	-2	11693	7801.889	4305.671	77.5	11.737	170.429	5.206	204.125	47.588	7802.222	204.125	0	0	1	9	9	11693	10133	10787	10896	0	10153	8141	8416	-2	81	72	100	65	67	92	70	73	-2	176	172	175	173	-2	172	163	162	-2	223	227	226	222	79	228	217	211	-1
1002001000	-2	12792	8644.778	4772.667	79	11.705	173.571	6.253	211.625	43.852	8645.111	211.625	0	0	1	9	9	12788	0	11881	12792	11046	10628	9423	9247	-2	81	74	103	70	67	92	70	75	-2	178	-2	181	174	179	174	166	163	-2	231	97	235	226	235	233	222	214	-1
1002001000	-2	12792	8644.778	4772.667	79	11.705	173.571	6.253	211.625	43.852	8645.111	211.625	0	0	1	9	9	12788	0	11881	12792	11046	10628	9423	9247	-2	81	74	103	70	67	92	70	75	-2	178	-2	181	174	179	174	166	163	-2	231	97	235	226	235	233	222	214	-1
1002001000	-2	13684	9168.222	5084.338	80.5	12.339	176.714	5.624	216.125	45.107	9176.778	216.125	0	0	1	9	9	13684	0	12303	12856	11694	12829	9039	10111	-2	81	74	104	72	67	97	71	78	-2	179	-2	182	176	181	181	173	165	-2	235	98	239	231	238	240	229	219	-1
1002001000	-2	13684	9176.556	5090.433	80.5	12.339	176.714	5.624	216.125	45.107	9176.778	216.125	0	0	1	9	9	13684	0	12303	12931	11694	12829	9039	10111	-2	81	74	104	72	67	97	71	78	-2	179	-2	182	176	181	181	173	165	-2	235	98	239	231	238	240	229	219	-1
1005001000	-2	13554	5325.667	5987.932	83.625	11.989	183.5	5.362	172	74.648	5347.222	172	0	0	4	9	9	0	0	11856	11113	0	13554	0	11410	-2	81	81	105	76	71	101	71	83	-2	-2	-2	187	183	-2	189	-2	175	-2	91	97	253	241	93	255	110	236	-1
1005001000	-2	13554	5325.667	5987.932	83.625	11.989	183.5	5.362	172	74.648	5347.222	172	0	0	4	9	9	0	0	11856	11113	0	13554	0	11410	-2	81	81	105	76	71	101	71	83	-2	-2	-2	187	183	-2	189	-2	175	-2	91	97	253	241	93	255	110	236	-1
1004001000	-2	14748	7233.667	6570.037	84.625	11.51	185.6	4.63	196.25	74.684	7268.889	196.25	0	0	3	9	9	14748	0	12919	12677	0	14350	0	10411	-2	81	80	104	84	72	102	71	83	-2	186	-2	188	184	-2	192	-2	178	-2	260	98	258	247	93	262	110	242	-1
1004001000	-2	14748	7233.667	6570.037	84.625	11.51	185.6	4.63	196.25	74.684	7268.889	196.25	0	0	3	9	9	14748	0	12919	12677	0	14350	0	10411	-2	81	80	104	84	72	102	71	83	-2	186	-2	188	184	-2	192	-2	178	-2	260	98	258	247	93	262	110	242	-1
1004001000	-2	14130	7024.556	6406.127	81.375	11.757	184.6	5.276	197.625	73.265	7291.111	197.625	0	0	3	9	9	13349	14130	12535	0	0	13742	0	9467	-2	80	75	101	72	73	101	70	79	-2	185	187	185	-2	-2	191	-2	175	-2	257	262	251	80	124	261	110	236	-1
1004001000	-2	14130	7024.556	6406.127	81.375	11.757	184.6	5.276	197.625	73.265	7291.111	197.625	0	0	3	9	9	13349	14130	12535	0	0	13742	0	9467	-2	80	75	101	72	73	101	70	79	-2	185	187	185	-2	-2	191	-2	175	-2	257	262	251	80	124	261	110	236	-1
1002001000	-2	12412	7809.556	4415.454	33.25	9.107	170	8.485	197.75	57.649	9076.889	197.75	0	0	1	9	9	6798	11462	9974	9406	10020	10216	12412	0	-2	39	32	53	27	36	32	24	23	-2	173	153	177	175	166	180	166	-2	-2	217	202	228	221	216	234	217	47	-1
1001001000	-2	14439	11793.222	4247.972	124	5.788	196.875	6.294	260	21.207	13482.111	260	0	0	0	9	9	13991	12123	14439	12960	13926	11869	13695	13138	-2	125	116	127	129	132	126	114	123	-2	198	193	212	199	194	194	195	190	-2	256	247	315	253	259	253	252	245	-1
1001001000	-2	15374	12830.667	4573.594	123.875	6.193	207.25	6.629	299.125	9.13	17742.222	299.125	0	0	0	9	9	14623	14387	13325	13806	14987	15374	14223	14753	-2	124	121	130	130	130	127	115	114	-2	208	205	223	208	205	206	205	198	-2	300	298	297	300	299	307	313	279	-1
1001001000	-2	17384	14286.556	5121.735	123.875	6.193	207.25	6.629	299.125	9.13	17742.222	299.125	0	0	0	9	9	16619	15902	14424	15106	16879	17384	15977	16290	-2	124	121	130	130	130	127	115	114	-2	208	205	223	208	205	206	205	198	-2	300	298	297	300	299	307	313	279	-1
1002001000	-2	16495	11913.556	6394.964	101	11.034	193.286	6.363	241.75	54.673	12998.111	241.75	0	0	1	9	9	15717	14319	15498	15125	16495	14677	0	15393	-2	106	97	122	95	97	113	91	87	-2	196	189	205	197	186	194	-2	186	-2	270	257	276	269	251	263	99	249	-1
1002001000	-2	16495	11913.556	6394.964	101	11.034	193.286	6.363	241.75	54.673	12998.111	241.75	0	0	1	9	9	15717	14319	15498	15125	16495	14677	0	15393	-2	106	97	122	95	97	113	91	87	-2	196	189	205	197	186	194	-2	186	-2	270	257	276	269	251	263	99	249	-1
1004001000	-2	10254	4973.333	4483.9	57.875	24.817	166.4	8.163	156.625	77.398	4973.556	156.625	0	0	3	9	9	8260	10254	8296	9309	0	8643	0	0	-2	51	52	102	38	47	96	48	29	-2	164	161	179	156	-2	172	-2	-2	-2	208	215	227	210	60	222	58	53	-1
1004001000	-2	10254	4973.333	4483.9	57.875	24.817	166.4	8.163	156.625	77.398	4973.556	156.625	0	0	3	9	9	8260	10254	8296	9309	0	8643	0	0	-2	51	52	102	38	47	96	48	29	-2	164	161	179	156	-2	172	-2	-2	-2	208	215	227	210	60	222	58	53	-1
1003001000	-2	9189	5375.556	3860.536	59.625	22.293	162	9.557	171.375	67.626	5375.667	171.375	0	0	2	9	9	7924	9189	8019	7035	0	7181	9034	0	-2	57	53	99	38	47	95	42	46	-2	166	159	175	158	-2	169	145	-2	-2	211	212	221	205	55	218	194	55	-1
1003001000	-2	9189	5375.556	3860.536	59.625	22.293	162	9.557	171.375	67.626	5375.667	171.375	0	0	2	9	9	7924	9189	8019	7035	0	7181	9034	0	-2	57	53	99	38	47	95	42	46	-2	166	159	175	158	-2	169	145	-2	-2	211	212	221	205	55	218	194	55	-1
1002001000	-2	9897	6266.444	3528.41	63.75	18.492	159.286	8.778	190.125	47.274	6266.667	190.125	0	0	1	9	9	0	9897	9275	6922	9229	7481	6854	6742	-2	57	55	97	39	62	90	50	60	-2	-2	160	175	158	163	163	146	150	-2	67	211	222	206	212	212	195	196	-1
1002001000	-2	9897	6266.444	3528.41	63.75	18.492	159.286	8.778	190.125	47.274	6266.667	190.125	0	0	1	9	9	0	9897	9275	6922	9229	7481	6854	6742	-2	57	55	97	39	62	90	50	60	-2	-2	160	175	158	163	163	146	150	-2	67	211	222	206	212	212	195	196	-1
1002001000	-2	11098	6807.444	3934.62	63.5	16.217	160.429	6.433	190.375	50.406	6807.667	190.375	0	0	1	9	9	5980	11098	9785	6519	9349	9250	0	9288	-2	57	60	93	43	63	86	49	57	-2	164	161	172	157	160	160	-2	149	-2	210	213	220	205	210	210	58	197	-1
1002001000	-2	11098	6807.444	3934.62	63.5	16.217	160.429	6.433	190.375	50.406	6807.667	190.375	0	0	1	9	9	5980	11098	9785	6519	9349	9250	0	9288	-2	57	60	93	43	63	86	49	57	-2	164	161	172	157	160	160	-2	149	-2	210	213	220	205	210	210	58	197	-1
1002001000	-2	11733	7357.333	4152.286	65.625	16.324	161.429	6.478	192.75	52.399	7357.556	192.75	0	0	1	9	9	7938	11733	10705	6892	9950	9310	9690	0	-2	58	62	97	50	63	87	61	47	-2	164	161	173	156	160	165	151	-2	-2	212	214	223	206	214	216	202	55	-1
1002001000	-2	11733	7357.333	4152.286	65.625	16.324	161.429	6.478	192.75	52.399	7357.556	192.75	0	0	1	9	9	7938	11733	10705	6892	9950	9310	9690	0	-2	58	62	97	50	63	87	61	47	-2	164	161	173	156	160	165	151	-2	-2	212	214	223	206	214	216	202	55	-1
1002001000	-2	11361	7756.222	4301.48	68.25	15.106	162.714	7.516	201.25	39.689	7756.667	201.25	0	0	1	9	9	10261	0	11318	7653	11008	9158	9049	11361	-2	59	67	98	51	64	87	65	55	-2	166	-2	174	161	164	169	154	151	-2	216	98	227	213	220	224	208	204	-1
1002001000	-2	11361	7756.222	4301.48	68.25	15.106	162.714	7.516	201.25	39.689	7756.667	201.25	0	0	1	9	9	10261	0	11318	7653	11008	9158	9049	11361	-2	59	67	98	51	64	87	65	55	-2	166	-2	174	161	164	169	154	151	-2	216	98	227	213	220	224	208	204	-1
1001001000	-2	12943	9911.556	3634.108	70.5	15.851	167.375	6.556	223.5	8	9911.889	223.5	0	0	0	9	9	10983	10959	11376	10869	12316	9491	10269	12943	-2	60	70	98	51	64	95	65	61	-2	167	173	176	166	166	175	158	158	-2	219	234	231	221	224	233	215	211	-1
1001001000	-2	12943	9911.556	3634.108	70.5	15.851	167.375	6.556	223.5	8	9911.889	223.5	0	0	0	9	9	10983	10959	11376	10869	12316	9491	10269	12943	-2	60	70	98	51	64	95	65	61	-2	167	173	176	166	166	175	158	158	-2	219	234	231	221	224	233	215	211	-1
1001001000	-2	13460	8842.444	4841.558	72.5	14.56	172.125	7.253	228.125	16.729	8854.444	228.125	0	0	1	9	9	13460	12112	11060	0	12044	11107	9843	9958	-2	62	71	95	60	65	99	61	67	-2	175	176	179	169	169	184	161	164	-2	234	242	237	189	232	246	224	221	-1
1002001000	-2	12976	7931.333	5644.276	66.625	14.142	171.143	6.791	209.125	50.79	7934.222	209.125	0	0	2	9	9	11752	12976	0	0	12373	12258	11507	10518	-2	60	68	74	51	66	99	53	62	-2	169	177	-2	171	170	184	164	163	-2	228	243	82	190	235	248	226	221	-1
1002001000	-2	12976	7931.333	5644.276	66.625	14.142	171.143	6.791	209.125	50.79	7934.222	209.125	0	0	2	9	9	11752	12976	0	0	12373	12258	11507	10518	-2	60	68	74	51	66	99	53	62	-2	169	177	-2	171	170	184	164	163	-2	228	243	82	190	235	248	226	221	-1
1003001000	-2	12972	8060.444	5738.32	59.875	16.937	168.333	6.289	185.875	73.267	8094	185.875	0	0	2	9	9	12038	11766	0	12320	12972	10556	0	12894	-2	59	64	71	48	66	92	32	47	-2	168	175	-2	168	166	176	-2	157	-2	224	238	82	225	228	238	40	212	-1
1001001000	-2	16810	13281.222	4787.629	14.75	3.897	141.125	10.41	202.375	8.717	14290.667	202.375	0	0	0	9	9	13928	14161	15174	14542	15724	13702	16810	15492	-2	15	13	17	9	22	10	17	15	-2	149	119	152	145	136	152	135	141	-2	205	184	215	201	201	212	201	200	-1
1001001000	-2	14603	10768.778	4162.856	14.75	3.897	141.125	10.41	202.375	8.717	14290.667	202.375	0	0	0	9	9	10620	14161	10494	12423	13814	9575	14603	11231	-2	15	13	17	9	22	10	17	15	-2	149	119	152	145	136	152	135	141	-2	205	184	215	201	201	212	201	200	-1
1001001000	-2	13179	9794.556	3698.187	119.375	7.952	189.375	5.894	239.75	8.983	9814.222	239.75	0	0	0	9	9	9516	11717	13077	10101	13179	10405	9586	10572	-2	118	105	126	124	128	128	114	112	-2	189	183	203	188	188	192	189	183	-2	236	229	256	234	250	244	239	230	-1
1001001000	-2	13425	10756.333	3856.374	118.125	6.972	191	6.205	244.625	9.797	11078	244.625	0	0	0	9	9	12024	11985	12957	11405	13425	11852	11436	11725	-2	116	114	125	121	127	124	113	105	-2	196	185	204	191	189	192	188	183	-2	248	233	265	239	250	248	240	234	-1
1001001000	-2	17407	14266.667	5100.796	118.25	6.418	201.75	5.847	290.375	12.247	18118.556	290.375	0	0	0	9	9	16209	15702	15325	16466	16723	17407	15921	14649	-2	112	118	126	121	125	124	112	108	-2	203	200	214	204	198	203	200	192	-2	292	278	300	300	288	309	288	268	-1
1002001000	-2	16482	12112.778	6505.172	93	13.82	187.571	7.149	228.625	53.635	12631.667	228.625	0	0	1	9	9	15242	0	15720	16482	16045	15727	15739	14062	-2	94	73	118	86	91	111	88	83	-2	184	-2	202	191	184	191	180	181	-2	244	89	268	254	244	254	242	234	-1
1002001000	-2	15848	10809.667	5933.342	93	13.82	187.571	7.149	228.625	53.635	12631.667	228.625	0	0	1	9	9	14165	0	15041	11765	15848	11599	15037	13834	-2	94	73	118	86	91	111	88	83	-2	184	-2	202	191	184	191	180	181	-2	244	89	268	254	244	254	242	234	-1
1004001000	-2	12180	5130.778	4944.051	44.75	23.784	150.8	9.108	147.375	69.466	5130.889	147.375	0	0	3	9	9	6548	12180	0	12146	8374	6931	0	0	-2	47	42	71	27	39	92	17	23	-2	145	148	-2	142	151	168	-2	-2	-2	194	201	85	196	196	214	38	55	-1
1004001000	-2	12180	5130.778	4944.051	44.75	23.784	150.8	9.108	147.375	69.466	5130.889	147.375	0	0	3	9	9	6548	12180	0	12146	8374	6931	0	0	-2	47	42	71	27	39	92	17	23	-2	145	148	-2	142	151	168	-2	-2	-2	194	201	85	196	196	214	38	55	-1
1005001000	-2	10298	3501.889	4155.003	46.875	22.212	151.25	5.932	129.375	71.92	3503.333	129.375	0	0	4	9	9	4666	10298	0	8945	0	7610	0	0	-2	50	49	71	33	43	88	15	26	-2	154	149	-2	143	-2	159	-2	-2	-2	200	201	79	195	60	206	38	56	-1
1005001000	-2	10298	3501.889	4155.003	46.875	22.212	151.25	5.932	129.375	71.92	3503.333	129.375	0	0	4	9	9	4666	10298	0	8945	0	7610	0	0	-2	50	49	71	33	43	88	15	26	-2	154	149	-2	143	-2	159	-2	-2	-2	200	201	79	195	60	206	38	56	-1
1004001000	-2	10308	4446.778	4166.389	53.25	22.078	158.6	8.709	148.625	76.819	4447	148.625	0	0	3	9	9	6701	10308	9682	6206	0	7126	0	0	-2	51	51	88	38	45	89	22	42	-2	152	151	172	152	-2	166	-2	-2	-2	199	204	220	201	55	215	39	56	-1
1004001000	-2	10308	4446.778	4166.389	53.25	22.078	158.6	8.709	148.625	76.819	4447	148.625	0	0	3	9	9	6701	10308	9682	6206	0	7126	0	0	-2	51	51	88	38	45	89	22	42	-2	152	151	172	152	-2	166	-2	-2	-2	199	204	220	201	55	215	39	56	-1
1004001000	-2	10406	5329.667	4799.137	48	20.718	146.8	7.167	144.625	70.636	5329.889	144.625	0	0	3	9	9	9038	10406	0	10276	0	9778	0	8471	-2	51	49	71	37	42	85	13	36	-2	151	141	-2	142	-2	159	-2	141	-2	199	197	80	196	60	208	26	191	-1
1004001000	-2	10406	5329.667	4799.137	48	20.718	146.8	7.167	144.625	70.636	5329.889	144.625	0	0	3	9	9	9038	10406	0	10276	0	9778	0	8471	-2	51	49	71	37	42	85	13	36	-2	151	141	-2	142	-2	159	-2	141	-2	199	197	80	196	60	208	26	191	-1
1004001000	-2	10337	5178.556	4701.563	48.5	21.708	151.8	5.706	147.25	73.304	5178.889	147.25	0	0	3	9	9	9634	9927	0	7247	0	9464	0	10337	-2	52	52	73	39	38	86	11	37	-2	152	149	-2	155	-2	160	-2	143	-2	202	202	81	205	60	210	23	195	-1
1004001000	-2	10337	5178.556	4701.563	48.5	21.708	151.8	5.706	147.25	73.304	5178.889	147.25	0	0	3	9	9	9634	9927	0	7247	0	9464	0	10337	-2	52	52	73	39	38	86	11	37	-2	152	149	-2	155	-2	160	-2	143	-2	202	202	81	205	60	210	23	195	-1
1005001000	-2	10839	4488.556	5042.068	50.5	21.325	160	3.391	133.875	80.916	4488.778	133.875	0	0	4	9	9	9627	10773	0	9160	0	10839	0	0	-2	57	54	73	44	39	85	10	42	-2	162	155	-2	159	-2	164	-2	-2	-2	214	211	81	212	56	217	24	56	-1
1005001000	-2	10839	4488.556	5042.068	50.5	21.325	160	3.391	133.875	80.916	4488.778	133.875	0	0	4	9	9	9627	10773	0	9160	0	10839	0	0	-2	57	54	73	44	39	85	10	42	-2	162	155	-2	159	-2	164	-2	-2	-2	214	211	81	212	56	217	24	56	-1
1005001000	-2	11072	4280.111	4853.122	52.25	21.111	165.75	4.71	138.375	84.72	4280.444	138.375	0	0	4	9	9	10577	11072	0	8334	0	8540	0	0	-2	58	56	73	46	46	86	10	43	-2	166	164	-2	160	-2	173	-2	-2	-2	219	222	82	216	56	230	24	58	-1
1005001000	-2	11072	4280.111	4853.122	52.25	21.111	165.75	4.71	138.375	84.72	4280.444	138.375	0	0	4	9	9	10577	11072	0	8334	0	8540	0	0	-2	58	56	73	46	46	86	10	43	-2	166	164	-2	160	-2	173	-2	-2	-2	219	222	82	216	56	230	24	58	-1
1004001000	-2	12677	6021	5490.268	49.875	21.098	163.4	6.344	158.625	81.966	6038.778	158.625	0	0	3	9	9	11674	11159	0	8458	0	10223	0	12677	-2	54	53	71	40	45	85	9	42	-2	167	164	-2	161	-2	172	-2	153	-2	222	224	82	218	57	231	25	210	-1
1004001000	-2	12677	6021	5490.268	49.875	21.098	163.4	6.344	158.625	81.966	6038.778	158.625	0	0	3	9	9	11674	11159	0	8458	0	10223	0	12677	-2	54	53	71	40	45	85	9	42	-2	167	164	-2	161	-2	172	-2	153	-2	222	224	82	218	57	231	25	210	-1
1004001000	-2	12104	5557.556	5103.522	51	21.296	164	6.899	159.625	82.498	5558.444	159.625	0	0	3	9	9	11674	8930	0	8608	0	8704	0	12104	-2	53	51	72	45	47	88	10	42	-2	167	166	-2	159	-2	174	-2	154	-2	223	226	82	217	57	235	26	211	-1
1004001000	-2	12104	5557.556	5103.522	51	21.296	164	6.899	159.625	82.498	5558.444	159.625	0	0	3	9	9	11674	8930	0	8608	0	8704	0	12104	-2	53	51	72	45	47	88	10	42	-2	167	166	-2	159	-2	174	-2	154	-2	223	226	82	217	57	235	26	211	-1
1001001000	-2	15855	11663.778	4510.224	12.125	3.1	140.625	7.482	235.875	6.809	19570.333	235.875	0	0	0	9	9	11989	15855	11733	13661	13919	9524	15436	12859	-2	12	11	12	8	19	9	13	13	-2	144	124	148	142	141	149	135	142	-2	240	221	244	232	233	240	236	241	-1
1001001000	-2	14886	10892.444	4201.664	18.25	4.63	132.625	11.434	185.625	8.215	11959.333	185.625	0	0	0	9	9	10711	14886	10604	12992	12475	9395	14360	12611	-2	23	20	20	10	25	13	18	17	-2	140	112	149	135	129	145	122	129	-2	191	173	201	186	181	192	181	180	-1
1001001000	-2	16610	13425.778	4978.43	108.25	8.729	192.5	5.916	260.125	8.724	14646.556	260.125	0	0	0	9	9	14765	14733	16610	15250	16384	15914	15912	11266	-2	105	105	124	103	115	114	107	93	-2	191	191	205	194	183	195	193	188	-2	257	257	278	255	253	266	266	249	-1
1001001000	-2	16610	13425.778	4978.43	108.25	8.729	192.5	5.916	260.125	8.724	14646.556	260.125	0	0	0	9	9	14765	14733	16610	15250	16384	15914	15912	11266	-2	105	105	124	103	115	114	107	93	-2	191	191	205	194	183	195	193	188	-2	257	257	278	255	253	266	266	249	-1
1003001000	-2	14918	8976.778	6422.575	82.875	16.534	180.833	6.719	196.125	66.857	8977.111	196.125	0	0	2	9	9	11345	0	14918	14360	13222	14217	12731	0	-2	79	69	114	70	81	107	72	71	-2	176	-2	193	182	175	185	174	-2	-2	226	84	248	239	229	239	226	78	-1
1003001000	-2	14918	8976.778	6422.575	82.875	16.534	180.833	6.719	196.125	66.857	8977.111	196.125	0	0	2	9	9	11345	0	14918	14360	13222	14217	12731	0	-2	79	69	114	70	81	107	72	71	-2	176	-2	193	182	175	185	174	-2	-2	226	84	248	239	229	239	226	78	-1
1003001000	-2	13077	6194.444	4858.716	36.75	17.275	136.333	4.23	161	47.909	6194.556	161	0	0	2	9	9	7432	9008	0	12480	6694	0	13077	7061	-2	45	39	59	19	35	63	13	21	-2	139	136	-2	139	141	-2	128	135	-2	191	192	85	194	188	72	180	186	-1
1003001000	-2	13077	6194.444	4858.716	36.75	17.275	136.333	4.23	161	47.909	6194.556	161	0	0	2	9	9	7432	9008	0	12480	6694	0	13077	7061	-2	45	39	59	19	35	63	13	21	-2	139	136	-2	139	141	-2	128	135	-2	191	192	85	194	188	72	180	186	-1
1002001000	-2	12986	7169.111	4274.25	39.125	20.515	138.429	7.688	175.625	36.637	7169.556	175.625	0	0	1	9	9	7551	9517	0	11643	6606	8143	12986	8078	-2	46	41	59	21	35	78	12	21	-2	139	136	-2	140	137	155	128	134	-2	191	190	80	191	187	202	180	184	-1
1002001000	-2	12986	7169.111	4274.25	39.125	20.515	138.429	7.688	175.625	36.637	7169.556	175.625	0	0	1	9	9	7551	9517	0	11643	6606	8143	12986	8078	-2	46	41	59	21	35	78	12	21	-2	139	136	-2	140	137	155	128	134	-2	191	190	80	191	187	202	180	184	-1
1003001000	-2	11109	6065.222	4439.44	39.875	20.454	140.5	8.098	157.5	61.63	6287.111	157.5	0	0	2	9	9	8626	9919	0	11109	6797	8185	0	9953	-2	46	43	55	27	35	81	11	21	-2	142	136	-2	139	138	157	-2	131	-2	193	191	82	191	188	205	26	184	-1
1004001000	-2	11329	5763.556	5170.588	37.125	21.814	138.6	9.562	137.875	70.369	5765.222	137.875	0	0	3	9	9	11329	10069	0	0	10525	9811	0	10140	-2	45	43	55	19	25	80	8	22	-2	139	136	-2	-2	135	156	-2	127	-2	191	191	82	27	187	205	39	181	-1
1004001000	-2	11329	5763.556	5170.588	37.125	21.814	138.6	9.562	137.875	70.369	5765.222	137.875	0	0	3	9	9	11329	10069	0	0	10525	9811	0	10140	-2	45	43	55	19	25	80	8	22	-2	139	136	-2	-2	135	156	-2	127	-2	191	191	82	27	187	205	39	181	-1
1003001000	-2	12696	7476.444	5366.454	37.375	24.062	140.5	9.287	158.375	64.572	7477.444	158.375	0	0	2	9	9	12696	11557	0	12266	0	10503	9313	10955	-2	46	44	63	27	8	80	8	23	-2	143	138	-2	140	-2	159	131	132	-2	195	194	82	195	19	209	187	186	-1
1003001000	-2	12696	7476.444	5366.454	37.375	24.062	140.5	9.287	158.375	64.572	7477.444	158.375	0	0	2	9	9	12696	11557	0	12266	0	10503	9313	10955	-2	46	44	63	27	8	80	8	23	-2	143	138	-2	140	-2	159	131	132	-2	195	194	82	195	19	209	187	186	-1
1005001000	-2	13304	5535.556	6204.651	37.375	22.045	147.25	8.227	124	80.915	5628.111	124	0	0	4	9	9	13304	11802	0	12876	0	11840	0	0	-2	46	45	56	29	11	78	8	26	-2	146	142	-2	140	-2	161	-2	-2	-2	202	200	82	198	23	213	40	34	-1
1005001000	-2	12876	5429.778	6080.839	37.375	22.045	147.25	8.227	124	80.915	5628.111	124	0	0	4	9	9	12566	11698	0	12876	0	11730	0	0	-2	46	45	56	29	11	78	8	26	-2	146	142	-2	140	-2	161	-2	-2	-2	202	200	82	198	23	213	40	34	-1
1004001000	-2	12824	6336.667	5694.517	40.875	22.054	151.4	8.04	147	81.719	6357.444	147	0	0	3	9	9	12824	11378	0	11049	0	10773	0	11008	-2	45	49	63	35	16	80	9	30	-2	150	147	-2	152	-2	166	-2	142	-2	208	206	83	208	24	221	25	201	-1
1004001000	-2	12824	6336.667	5694.517	40.875	22.054	151.4	8.04	147	81.719	6357.444	147	0	0	3	9	9	12824	11378	0	11049	0	10773	0	11008	-2	45	49	63	35	16	80	9	30	-2	150	147	-2	152	-2	166	-2	142	-2	208	206	83	208	24	221	25	201	-1
1004001000	-2	12953	6247.778	5627.909	38.375	19.773	149.6	8.593	146.375	80.709	6283.333	146.375	0	0	3	9	9	12953	11068	0	10776	0	10371	0	11064	-2	43	45	52	29	18	77	9	34	-2	146	146	-2	149	-2	166	-2	141	-2	205	206	83	205	25	221	26	200	-1
1004001000	-2	12953	6247.778	5627.909	38.375	19.773	149.6	8.593	146.375	80.709	6283.333	146.375	0	0	3	9	9	12953	11068	0	10776	0	10371	0	11064	-2	43	45	52	29	18	77	9	34	-2	146	146	-2	149	-2	166	-2	141	-2	205	206	83	205	25	221	26	200	-1
1004001000	-2	13206	6311.111	5714.271	33.5	19.013	147.4	9.351	141.25	83.022	6347.778	141.25	0	0	3	9	9	13206	11251	0	11992	0	9711	0	10642	-2	34	42	31	27	17	77	9	31	-2	145	144	-2	146	-2	165	-2	137	-2	204	204	55	203	24	220	26	194	-1
1001001000	-2	15368	12728.778	4570.813	10.75	3.152	105.5	7.599	168.25	6.759	13713.333	168.25	0	0	0	9	9	14073	15006	15368	14033	13024	13156	15231	14670	-2	11	9	11	7	18	8	12	10	-2	112	97	116	102	99	117	100	101	-2	171	163	182	167	163	175	162	163	-1
1001001000	-2	15368	12728.778	4570.813	10.75	3.152	105.5	7.599	168.25	6.759	13713.333	168.25	0	0	0	9	9	14073	15006	15368	14033	13024	13156	15231	14670	-2	11	9	11	7	18	8	12	10	-2	112	97	116	102	99	117	100	101	-2	171	163	182	167	163	175	162	163	-1
1002001000	-2	11225	7939	4401.243	67.875	22.464	163.714	6.755	192	51.846	7939.222	192	0	0	1	9	9	11133	10621	8509	10929	7814	11225	11222	0	-2	76	53	102	57	61	98	67	29	-2	162	165	174	157	157	173	158	-2	-2	211	214	222	206	199	219	209	56	-1
1003001000	-2	13417	7150	5237.905	49.75	16.177	155.333	5.85	172.5	58.747	7150.111	172.5	0	0	2	9	9	9420	11358	0	12060	8858	9239	13417	0	-2	52	46	73	39	44	76	44	24	-2	157	153	-2	154	153	167	148	-2	-2	206	204	87	210	200	217	199	57	-1
1003001000	-2	13007	6828.778	5036.597	31.625	12.549	132.333	3.496	157.25	50.492	6829.333	157.25	0	0	2	9	9	9159	10158	0	12100	8201	0	13007	8836	-2	43	38	47	18	29	45	13	20	-2	134	134	-2	136	135	-2	128	127	-2	189	189	86	192	184	56	181	181	-1
1003001000	-2	12832	6678.444	4918.672	31.625	12.549	132.333	3.496	157.25	50.492	6829.333	157.25	0	0	2	9	9	9037	9917	0	11576	8011	0	12832	8735	-2	43	38	47	18	29	45	13	20	-2	134	134	-2	136	135	-2	128	127	-2	189	189	86	192	184	56	181	181	-1
1004001000	-2	12802	5394.111	5003.058	28.375	11.968	126.4	7.003	132.375	63.736	5443.333	132.375	0	0	3	9	9	7599	10192	0	0	8519	0	12802	9437	-2	42	35	42	18	27	38	9	16	-2	135	132	-2	-2	128	-2	121	116	-2	187	187	86	27	179	45	175	173	-1
1004001000	-2	12802	5394.111	5003.058	28.375	11.968	126.4	7.003	132.375	63.736	5443.333	132.375	0	0	3	9	9	7599	10192	0	0	8519	0	12802	9437	-2	42	35	42	18	27	38	9	16	-2	135	132	-2	-2	128	-2	121	116	-2	187	187	86	27	179	45	175	173	-1
1003001000	-2	13156	6551.222	4871.754	26.5	12.845	128.333	11.7	145.5	63.945	6551.667	145.5	0	0	2	9	9	8665	10772	9178	0	9948	0	13156	7244	-2	41	37	41	17	17	37	8	14	-2	131	130	150	-2	128	-2	118	113	-2	182	185	201	27	180	45	173	171	-1
1003001000	-2	12045	6299.333	4626.887	26.5	12.845	128.333	11.7	145.5	63.945	6551.667	145.5	0	0	2	9	9	8595	10376	9019	0	9566	0	12045	7095	-2	41	37	41	17	17	37	8	14	-2	131	130	150	-2	128	-2	118	113	-2	182	185	201	27	180	45	173	171	-1
1004001000	-2	12703	5734	5323.964	24.875	13.642	128.4	12.753	126.125	73.84	5961.333	126.125	0	0	3	9	9	10900	11633	9048	0	0	0	12703	7324	-2	39	35	41	17	7	37	7	16	-2	131	129	150	-2	-2	-2	120	112	-2	183	183	201	27	23	45	176	171	-1
1004001000	-2	12647	5832	5405.811	24.875	13.642	128.4	12.753	126.125	73.84	5961.333	126.125	0	0	3	9	9	11053	12072	9231	0	0	0	12647	7487	-2	39	35	41	17	7	37	7	16	-2	131	129	150	-2	-2	-2	120	112	-2	183	183	201	27	23	45	176	171	-1
1004001000	-2	13295	6380.111	5872.908	24.75	12.527	123.8	6.013	132.25	63.863	6563	132.25	0	0	3	9	9	11947	11302	0	13295	0	0	12846	8033	-2	35	36	38	18	7	37	7	20	-2	130	130	-2	124	-2	-2	121	114	-2	184	184	83	183	27	46	178	173	-1
1004001000	-2	13295	6380.111	5872.908	24.75	12.527	123.8	6.013	132.25	63.863	6563	132.25	0	0	3	9	9	11947	11302	0	13295	0	0	12846	8033	-2	35	36	38	18	7	37	7	20	-2	130	130	-2	124	-2	-2	121	114	-2	184	184	83	183	27	46	178	173	-1
1005001000	-2	12534	5294.778	5935.777	23.875	11.185	127	5.196	114.375	73.333	5331.778	114.375	0	0	4	9	9	12534	11022	0	12522	0	0	0	11577	-2	33	37	37	18	8	29	8	21	-2	132	132	-2	124	-2	-2	-2	120	-2	190	188	83	186	28	36	25	179	-1
1005001000	-2	12534	5294.778	5935.777	23.875	11.185	127	5.196	114.375	73.333	5331.778	114.375	0	0	4	9	9	12534	11022	0	12522	0	0	0	11577	-2	33	37	37	18	8	29	8	21	-2	132	132	-2	124	-2	-2	-2	120	-2	190	188	83	186	28	36	25	179	-1
1005001000	-2	12979	5156.778	5801.32	23.75	10.744	129.25	4.146	116.875	73.274	5519.667	116.875	0	0	4	9	9	10305	11795	0	11334	0	0	0	12979	-2	24	39	31	19	10	37	8	22	-2	133	133	-2	128	-2	-2	-2	123	-2	193	190	83	188	28	46	25	182	-1
1005001000	-2	12979	5471.333	6130.235	23.75	10.744	129.25	4.146	116.875	73.274	5519.667	116.875	0	0	4	9	9	12814	11795	0	11656	0	0	0	12979	-2	24	39	31	19	10	37	8	22	-2	133	133	-2	128	-2	-2	-2	123	-2	193	190	83	188	28	46	25	182	-1
1004001000	-2	12720	5007	5667.57	20.625	8.703	125.6	4.63	130.125	63.674	5007.444	130.125	0	0	4	9	9	9139	12720	0	11335	0	0	0	11871	-2	18	36	24	20	9	28	8	22	-2	123	133	-2	126	127	-2	-2	119	-2	185	190	83	186	147	46	26	178	-1
1001001000	-2	13067	9003.778	3773.791	17.125	5.158	115.875	10.647	165.5	8	9018.556	165.5	0	0	0	9	9	6947	11350	11578	9878	8919	7139	13067	12158	-2	22	17	22	10	25	12	17	12	-2	124	105	126	108	116	134	113	101	-2	171	159	177	158	163	177	164	155	-1
1002001000	-2	12595	7904.667	4569.629	43.5	12.952	151	6.887	184.25	48.161	8107.444	184.25	0	0	1	9	9	11004	9970	11429	11404	6415	8327	12595	0	-2	50	42	66	40	39	57	31	23	-2	147	153	162	146	144	160	145	-2	-2	201	202	214	203	193	209	194	58	-1
1002001000	-2	12442	8727.778	4825.01	23.625	10.049	123.429	10.742	161.375	48.112	9131.111	161.375	0	0	1	9	9	12359	12442	12368	11016	8479	0	11890	9998	-2	38	32	36	16	20	24	9	14	-2	130	130	141	119	124	-2	114	106	-2	184	185	195	179	175	36	169	168	-1
1002001000	-2	12907	8980.222	4982.028	23.625	10.049	123.429	10.742	161.375	48.112	9131.111	161.375	0	0	1	9	9	12459	12907	12701	11522	8581	0	12564	10090	-2	38	32	36	16	20	24	9	14	-2	130	130	141	119	124	-2	114	106	-2	184	185	195	179	175	36	169	168	-1
1003001000	-2	11607	6179.444	4493.913	19.5	8.846	113.333	7.846	139.625	54.5	6179.889	139.625	0	0	2	9	9	9184	11607	0	8304	8908	0	10016	7598	-2	32	31	24	15	11	24	8	11	-2	121	122	-2	113	118	-2	103	103	-2	177	177	36	172	172	56	164	163	-1
1003001000	-2	11607	6179.444	4493.913	19.5	8.846	113.333	7.846	139.625	54.5	6179.889	139.625	0	0	2	9	9	9184	11607	0	8304	8908	0	10016	7598	-2	32	31	24	15	11	24	8	11	-2	121	122	-2	113	118	-2	103	103	-2	177	177	36	172	172	56	164	163	-1
1002001000	-2	11660	8302.778	4490.696	17.125	7.079	111.571	9.604	154.75	37.986	8303	154.75	0	0	1	9	9	10386	10537	11399	11406	9534	0	11660	9805	-2	23	27	22	15	9	23	7	11	-2	111	115	132	112	108	-2	102	101	-2	168	170	185	171	166	56	161	161	-1
1002001000	-2	11092	7972.889	4316.528	17.125	7.079	111.571	9.604	154.75	37.986	8303	154.75	0	0	1	9	9	10169	10182	11080	11092	8898	0	10855	9482	-2	23	27	22	15	9	23	7	11	-2	111	115	132	112	108	-2	102	101	-2	168	170	185	171	166	56	161	161	-1
1002001000	-2	12563	8429.111	4583.567	16.875	7.557	111.286	9.691	155.375	38.229	8429.333	155.375	0	0	1	9	9	10482	10865	10391	11848	9642	0	12563	10073	-2	22	28	22	15	6	23	7	12	-2	111	115	132	112	105	-2	103	101	-2	169	170	186	172	166	56	163	161	-1
1002001000	-2	12563	8429.111	4583.567	16.875	7.557	111.286	9.691	155.375	38.229	8429.333	155.375	0	0	1	9	9	10482	10865	10391	11848	9642	0	12563	10073	-2	22	28	22	15	6	23	7	12	-2	111	115	132	112	105	-2	103	101	-2	169	170	186	172	166	56	163	161	-1
1002001000	-2	12859	8029.889	4462.863	16.625	7.21	115.714	11.72	155.375	49.957	8030.444	155.375	0	0	1	9	9	10480	11356	10061	12859	8361	10231	0	8923	-2	20	27	22	16	6	23	7	12	-2	113	115	133	110	103	133	-2	103	-2	173	170	187	172	165	187	25	164	-1
1002001000	-2	13018	8537.889	4770.772	15.625	6.594	113.429	9.455	157.375	42.673	8538.111	157.375	0	0	1	9	9	10420	12558	10104	13018	9012	0	12558	9173	-2	16	27	17	16	7	23	7	12	-2	116	118	133	112	105	-2	105	105	-2	176	174	189	174	168	46	167	165	-1
1002001000	-2	13018	8537.889	4770.772	15.625	6.594	113.429	9.455	157.375	42.673	8538.111	157.375	0	0	1	9	9	10420	12558	10104	13018	9012	0	12558	9173	-2	16	27	17	16	7	23	7	12	-2	116	118	133	112	105	-2	105	105	-2	176	174	189	174	168	46	167	165	-1
1002001000	-2	12651	8382.889	4680.056	16.375	6.945	113.714	8.811	157.875	42.753	8383.556	157.875	0	0	1	9	9	10178	12040	9889	12597	8404	0	12651	9689	-2	15	28	20	17	8	24	7	12	-2	114	119	132	113	107	-2	105	106	-2	177	174	188	174	170	46	167	167	-1
1002001000	-2	12651	8382.889	4680.056	16.375	6.945	113.714	8.811	157.875	42.753	8383.556	157.875	0	0	1	9	9	10178	12040	9889	12597	8404	0	12651	9689	-2	15	28	20	17	8	24	7	12	-2	114	119	132	113	107	-2	105	106	-2	177	174	188	174	170	46	167	167	-1
1001001000	-2	11038	8112.111	3121.509	19.25	4.465	121.875	9.048	169.625	7.398	8180.889	169.625	0	0	0	9	9	7735	10890	9225	8478	7281	8446	9918	11038	-2	22	19	28	15	23	16	17	14	-2	127	121	133	119	118	133	121	103	-2	173	169	180	166	163	178	172	156	-1
1001001000	-2	12654	9578.556	3675.276	29.25	8.422	135	8.5	190.125	7.721	9881.222	190.125	0	0	0	9	9	12550	7809	11925	10904	9970	9900	10497	12654	-2	35	36	41	35	28	24	15	20	-2	132	139	149	136	130	144	130	120	-2	190	191	202	197	179	197	182	183	-1
1001001000	-2	12468	8448.222	3514.081	15.375	4.82	109.75	8.927	167.625	7.262	8701.778	167.625	0	0	0	9	9	8138	10710	7923	5848	10661	12468	9562	10726	-2	20	19	20	15	11	20	7	11	-2	110	114	126	105	106	119	100	98	-2	171	171	180	168	162	173	158	158	-1
1001001000	-2	12512	8441.222	3516.063	15.375	4.82	109.75	8.927	167.625	7.262	8701.778	167.625	0	0	0	9	9	8111	10577	7903	5856	10718	12512	9535	10761	-2	20	19	20	15	11	20	7	11	-2	110	114	126	105	106	119	100	98	-2	171	171	180	168	162	173	158	158	-1
1001001000	-2	11449	9073.667	3429.91	12.75	3.631	102.5	9.083	160.625	6.518	9320.667	160.625	0	0	0	9	9	10789	11215	9863	7181	9610	10653	10905	11449	-2	16	17	15	13	9	16	7	9	-2	102	108	115	96	100	116	91	92	-2	162	164	171	158	158	168	153	151	-1
1001001000	-2	13912	12094.333	4283.276	7.5	1.225	82.125	5.061	161.75	7.241	16496.333	161.75	0	0	0	9	9	13838	13912	13213	13835	13496	13269	13535	13753	-2	8	7	8	6	10	6	8	7	-2	87	79	91	78	79	87	80	76	-2	169	157	175	157	156	168	158	154	-1
1001001000	-2	13691	11180.556	3999.075	7.625	1.317	81.625	5.243	140.375	6.019	11699.444	140.375	0	0	0	9	9	11931	11876	12190	12774	13162	13691	11972	13031	-2	8	7	9	6	10	6	8	7	-2	87	78	87	78	77	90	81	75	-2	144	137	149	138	134	149	140	132	-1
1001001000	-2	13799	11396.333	4085.913	8.5	1.225	89.5	5.362	148.375	5.678	11770.333	148.375	0	0	0	9	9	11775	12541	13561	12384	13588	12893	12028	13799	-2	8	8	10	7	11	8	8	8	-2	92	87	97	85	86	98	89	82	-2	150	148	157	144	142	155	151	140	-1
1001001000	-2	13684	11599.667	4130.004	20.875	3.257	135.625	5.765	195.25	5.89	14151	195.25	0	0	0	9	9	13668	12379	12452	13153	13684	12491	13109	13463	-2	22	24	25	19	24	20	18	15	-2	136	141	141	132	131	140	140	124	-2	198	197	197	193	192	197	205	183	-1
1001001000	-2	13787	11154.333	4127.252	23.125	8.054	131.625	6.264	190.75	4.493	12258.111	190.75	0	0	0	9	9	13441	9509	13769	12140	12533	12442	12770	13787	-2	23	34	24	37	14	21	13	19	-2	130	142	137	134	132	129	130	119	-2	191	195	192	199	185	191	188	185	-1
1001001000	-2	15133	11438.222	4369.9	23.125	8.054	131.625	6.264	190.75	4.493	12258.111	190.75	0	0	0	9	9	14037	9084	14613	12114	12617	12503	12845	15133	-2	23	34	24	37	14	21	13	19	-2	130	142	137	134	132	129	130	119	-2	191	195	192	199	185	191	188	185	-1
1001001000	-2	13863	10036.333	3889.365	11.625	3.16	98.25	7.612	157.125	6.882	10322.444	157.125	0	0	0	9	9	11604	12000	10580	8222	12876	9555	13863	11629	-2	11	15	14	14	9	15	6	9	-2	98	109	105	96	100	104	89	85	-2	159	165	163	160	157	161	148	144	-1
