1006001000	-2	1148	350.444	502.329	229	292.276	109.667	2.625	294.875	263.67	3219.111	294.875	0	0	3	9	9	1148	1137	875	0	-2	-2	0	0	-2	39	32	22	46	886	521	158	128	-2	112	111	106	-2	-2	-2	-2	-2	-2	158	161	154	84	903	538	173	188	-1
1006002000	-2	633	198.889	283.141	246.143	307.885	113.667	4.643	272.25	275.294	2799.556	297	0	0	3	9	9	565	633	598	0	-2	-2	0	0	-2	44	36	25	55	886	521	156	-2	-2	120	112	109	-2	-2	-2	-2	-2	-2	167	158	154	82	897	532	167	21	-1
1007002000	-2	1349	256.111	489.322	254.571	304.578	105	0	267.875	285.168	996.111	291.875	0	0	4	9	9	1349	962	0	0	-2	-2	0	0	-2	39	37	-2	26	888	523	159	110	-2	105	105	-2	-2	-2	-2	-2	-2	-2	132	146	21	82	912	547	182	121	-1
1007002000	-2	1349	256.111	489.322	254.571	304.578	105	0	267.875	285.168	996.111	291.875	0	0	4	9	9	1349	962	0	0	-2	-2	0	0	-2	39	37	-2	26	888	523	159	110	-2	105	105	-2	-2	-2	-2	-2	-2	-2	132	146	21	82	912	547	182	121	-1
1007002000	-2	1108	201.889	390.859	392	436.681	103.5	2.5	406.25	435.079	1014.778	428.875	0	0	3	9	9	717	1108	0	0	-2	-2	-2	0	-2	36	37	-2	28	1207	842	477	117	-2	101	106	-2	-2	-2	-2	-2	-2	-2	131	146	21	82	1279	914	549	128	-1
1007002000	-2	1108	201.778	390.713	392	436.681	103.5	2.5	406.25	435.079	1014.778	428.875	0	0	3	9	9	716	1108	0	0	-2	-2	-2	0	-2	36	37	-2	28	1207	842	477	117	-2	101	106	-2	-2	-2	-2	-2	-2	-2	131	146	21	82	1279	914	549	128	-1
1009002000	-2	0	-0.889	0.994	394.571	439.357	-0.01	-0.01	373.5	449.874	650.333	414.625	0	0	5	9	9	0	0	0	0	-2	-2	-2	0	-2	36	29	35	-2	1213	848	483	118	-2	-2	-2	-2	-2	-2	-2	-2	-2	-2	47	37	46	21	1269	902	537	129	-1
1009002000	-2	0	-0.889	0.994	394.571	439.357	-0.01	-0.01	373.5	449.874	650.333	414.625	0	0	5	9	9	0	0	0	0	-2	-2	-2	0	-2	36	29	35	-2	1213	848	483	118	-2	-2	-2	-2	-2	-2	-2	-2	-2	-2	47	37	46	21	1269	902	537	129	-1
1007002000	-2	663	103.556	215.973	396	439.839	109.5	2.5	390.875	421.252	725	418.75	0	0	3	9	9	277	663	0	0	-2	-2	-2	0	-2	40	26	-2	36	1215	850	485	120	-2	112	107	-2	-2	-2	-2	-2	-2	-2	132	142	21	82	1262	861	496	131	-1
1008004000	-2	517	56.556	162.794	539.2	446.171	107	0	365.25	428.539	725	418.75	0	0	4	9	9	0	517	0	0	-2	-2	-2	0	-2	-2	26	-2	-2	1215	850	485	120	-2	-2	107	-2	-2	-2	-2	-2	-2	-2	21	142	21	21	1229	861	496	131	-1
1007001000	-2	1300	164.889	405.817	349.125	431.242	109	3	391.625	409.331	793.889	417.75	0	0	3	9	9	192	1300	0	0	-2	-2	-2	0	-2	38	24	36	16	1217	852	487	123	-2	112	106	-2	-2	-2	-2	-2	-2	-2	133	149	47	81	1228	863	498	134	-1
1006001000	-2	1563	463.333	660.477	226.25	293.505	113	2.16	295	259.838	4784.556	295	0	0	3	9	9	1332	1281	1563	0	-2	-2	0	0	-2	39	30	21	29	885	520	158	128	-2	115	110	114	-2	-2	-2	-2	-2	-2	176	175	172	83	896	531	166	161	-1
1006001000	-2	956	231.111	345.384	231.625	291.551	115.667	5.249	295.375	261.421	2931	299.125	0	0	3	9	9	596	534	956	0	-2	-2	0	0	-2	48	35	26	51	888	523	158	124	-2	123	111	113	-2	-2	-2	-2	-2	-2	169	158	159	82	899	534	169	193	-1
1006001000	-2	3207	570.667	1068.733	365.875	426.477	125	3.742	419.875	396.518	2096.333	442.5	0	0	2	9	9	244	1693	3207	0	-2	-2	-2	0	-2	57	41	47	53	1227	862	497	143	-2	130	121	124	-2	-2	-2	-2	-2	-2	174	164	167	81	1238	873	508	154	-1
1006002000	-2	4253	961.778	1610.823	403.571	452.518	125.333	3.091	416.125	425.162	1863.444	441.25	0	0	2	9	9	816	3595	4253	0	-2	-2	-2	0	-2	56	44	57	43	1240	875	510	-2	-2	128	121	127	-2	-2	-2	-2	-2	-2	171	164	169	80	1273	908	543	21	-1
1006002000	-2	4253	961.778	1610.823	403.571	452.518	125.333	3.091	416.125	425.162	1863.444	441.25	0	0	2	9	9	816	3595	4253	0	-2	-2	-2	0	-2	56	44	57	43	1240	875	510	-2	-2	128	121	127	-2	-2	-2	-2	-2	-2	171	164	169	80	1273	908	543	21	-1
1006001000	-2	6671	1876.556	2767.862	233.875	291.425	120	4.243	290	265.126	1900.889	302.125	0	0	3	9	9	6671	6504	3720	0	-2	-2	0	0	-2	46	41	51	30	890	525	160	128	-2	126	117	117	-2	-2	-2	-2	-2	-2	170	164	159	80	901	536	171	139	-1
1007002000	-2	4416	601.556	1384.528	241.857	296.565	102.5	3.5	252.5	272.012	1010.778	290.375	0	0	4	9	9	1004	4416	0	0	-2	-2	0	0	-2	37	28	-2	25	863	498	133	109	-2	106	99	-2	-2	-2	-2	-2	-2	-2	131	141	21	80	874	509	144	120	-1
1007002000	-2	4416	601.556	1384.528	241.857	296.565	102.5	3.5	252.5	272.012	1010.778	290.375	0	0	4	9	9	1004	4416	0	0	-2	-2	0	0	-2	37	28	-2	25	863	498	133	109	-2	106	99	-2	-2	-2	-2	-2	-2	-2	131	141	21	80	874	509	144	120	-1
1007002000	-2	1733	262.111	556.471	387	437.484	99	2	406	436.574	729.111	425.875	0	0	3	9	9	634	1733	0	0	-2	-2	-2	0	-2	36	22	-2	25	1203	838	473	112	-2	101	97	-2	-2	-2	-2	-2	-2	-2	131	138	21	81	1281	916	551	129	-1
1007002000	-2	1734	262.222	556.765	387	437.484	99	2	406	436.574	729.111	425.875	0	0	3	9	9	634	1734	0	0	-2	-2	-2	0	-2	36	22	-2	25	1203	838	473	112	-2	101	97	-2	-2	-2	-2	-2	-2	-2	131	138	21	81	1281	916	551	129	-1
1007002000	-2	1060	184.222	362.922	388.429	437.9	98.5	2.5	405	436.537	724	425.625	0	0	3	9	9	606	1060	0	0	-2	-2	-2	0	-2	37	22	-2	28	1205	840	475	112	-2	101	96	-2	-2	-2	-2	-2	-2	-2	133	137	21	81	1280	915	550	123	-1
1006001000	-2	1280	269.444	447.539	342	427.677	99.667	2.625	425.625	421.529	724	425.625	0	0	2	9	9	853	1280	300	0	-2	-2	-2	0	-2	37	22	35	10	1205	840	475	112	-2	102	96	101	-2	-2	-2	-2	-2	-2	133	137	124	81	1280	915	550	185	-1
1006001000	-2	2198	377.444	692.311	342.875	427.241	99	2.16	427.25	420.387	796.333	427.25	0	0	2	9	9	738	2198	469	0	-2	-2	-2	0	-2	37	21	35	10	1205	840	475	120	-2	102	97	98	-2	-2	-2	-2	-2	-2	133	138	136	81	1280	915	550	185	-1
1006001000	-2	1693	270.111	526.632	345.875	424.972	99	2.16	422.625	422.174	796.333	427.25	0	0	2	9	9	437	1693	309	0	-2	-2	-2	0	-2	38	21	35	33	1205	840	475	120	-2	102	97	98	-2	-2	-2	-2	-2	-2	133	138	136	81	1280	915	541	157	-1
1006001000	-2	1949	353.111	621.765	344.25	428.471	100.667	2.357	408.5	414.537	851.111	425.375	0	0	2	9	9	756	1949	481	0	-2	-2	-2	0	-2	35	21	35	10	1208	843	478	124	-2	104	99	99	-2	-2	-2	-2	-2	-2	133	140	135	81	1276	866	501	136	-1
1006001000	-2	2566	428.222	801.014	344.25	428.471	100.667	2.357	425.375	418.852	851.111	425.375	0	0	2	9	9	628	2566	668	0	-2	-2	-2	0	-2	35	21	35	10	1208	843	478	124	-2	104	99	99	-2	-2	-2	-2	-2	-2	133	140	135	81	1276	911	546	181	-1
1006001000	-2	2562	565.111	893.719	351.375	432.705	104.333	1.247	432.25	417.559	1167	432.25	0	0	2	9	9	1649	2562	883	0	-2	-2	-2	0	-2	35	28	37	11	1221	856	491	132	-2	104	103	106	-2	-2	-2	-2	-2	-2	144	148	146	86	1281	916	551	186	-1
1006001000	-2	2591	603.333	935.175	351.375	432.705	104.333	1.247	432.25	417.559	1167	432.25	0	0	2	9	9	1860	2591	987	0	-2	-2	-2	0	-2	35	28	37	11	1221	856	491	132	-2	104	103	106	-2	-2	-2	-2	-2	-2	144	148	146	86	1281	916	551	186	-1
1006001000	-2	3586	1002.889	1464.47	356.375	430.566	111	0.816	421.25	416.768	1355.667	421.25	0	0	2	9	9	3296	3586	2152	0	-2	-2	-2	0	-2	36	44	51	11	1223	858	493	135	-2	111	112	110	-2	-2	-2	-2	-2	-2	153	159	151	29	1267	902	537	172	-1
1006001000	-2	4340	1123.111	1766.135	357.5	428.2	114.667	3.771	422.5	404.064	1462.556	422.5	0	0	2	9	9	4286	4340	1490	0	-2	-2	-2	0	-2	37	51	54	18	1221	856	491	132	-2	112	112	120	-2	-2	-2	-2	-2	-2	156	160	159	87	1252	887	522	157	-1
1006001000	-2	4631	1092.667	1721.563	357.5	428.2	114.667	3.771	422.5	404.064	1462.556	422.5	0	0	2	9	9	4631	3700	1511	0	-2	-2	-2	0	-2	37	51	54	18	1221	856	491	132	-2	112	112	120	-2	-2	-2	-2	-2	-2	156	160	159	87	1252	887	522	157	-1
1006001000	-2	4833	1323.444	1938.929	230.375	290.45	110	0.816	303	272.192	1646.778	303	0	0	3	9	9	4833	4300	2784	0	-2	-2	0	0	-2	28	51	46	36	885	520	157	120	-2	110	111	109	-2	-2	-2	-2	-2	-2	156	162	152	80	926	561	196	191	-1
1006001000	-2	4995	1173.333	1786.707	228.5	289.288	109.667	2.055	303.25	272.581	1701.556	303.25	0	0	3	9	9	4995	3357	2214	0	-2	-2	0	0	-2	25	47	45	38	881	516	152	124	-2	107	112	110	-2	-2	-2	-2	-2	-2	153	162	153	81	927	562	197	191	-1
1006001000	-2	4779	1336.667	1927.464	221.125	285.715	106.333	2.357	302.125	274.261	1508	302.125	0	0	3	9	9	4044	4779	3213	0	-2	-2	0	0	-2	25	30	42	36	867	502	146	121	-2	103	108	108	-2	-2	-2	-2	-2	-2	148	156	152	81	929	564	199	188	-1
1006001000	-2	4766	1315.444	1904.493	221.125	285.715	106.333	2.357	302.125	274.261	1508	302.125	0	0	3	9	9	4012	4766	3067	0	-2	-2	0	0	-2	25	30	42	36	867	502	146	121	-2	103	108	108	-2	-2	-2	-2	-2	-2	148	156	152	81	929	564	199	188	-1
1006001000	-2	1658	405.333	602.374	223.25	291.511	116.667	6.549	295.375	260.214	4699.889	295.375	0	0	3	9	9	957	1039	1658	0	-2	-2	0	0	-2	41	29	23	26	879	514	152	122	-2	125	109	116	-2	-2	-2	-2	-2	-2	184	167	172	83	897	532	167	161	-1
1006002000	-2	654	165.111	243.996	261.286	318.63	121	7.257	286.5	285.38	2660	308.375	0	0	3	9	9	385	453	654	0	-2	-2	0	0	-2	55	35	29	54	917	552	187	-2	-2	128	111	124	-2	-2	-2	-2	-2	-2	175	157	169	81	928	563	198	21	-1
1006001000	-2	1108	178.111	346.026	235.125	288.647	120.333	7.409	289.875	262.922	1906.556	299.125	0	0	3	9	9	321	180	1108	0	-2	-2	0	0	-2	55	37	34	51	886	521	156	141	-2	127	110	124	-2	-2	-2	-2	-2	-2	170	152	167	82	897	532	167	152	-1
1006001000	-2	707	119.444	221.471	235.125	288.647	120.333	7.409	288	263.807	1906.556	299.125	0	0	3	9	9	192	182	707	0	-2	-2	0	0	-2	55	37	34	51	886	521	156	141	-2	127	110	124	-2	-2	-2	-2	-2	-2	163	152	159	82	897	532	167	152	-1
1007002000	-2	8321	1773.667	3324.129	416.571	445.245	125.5	4.5	416.375	427.188	2487.556	441.125	0	0	3	9	9	7650	8321	0	0	-2	-2	-2	0	-2	56	45	-2	35	1242	877	512	149	-2	130	121	-2	-2	-2	-2	-2	-2	-2	177	171	21	52	1275	910	545	180	-1
1008002000	-2	2659	294.778	835.879	239.857	291.556	107	0	237.125	275.674	1372.889	300.625	0	0	5	9	9	2659	0	0	0	-2	-2	0	0	-2	37	38	-2	25	853	488	130	108	-2	107	-2	-2	-2	-2	-2	-2	-2	-2	150	49	21	54	864	499	141	119	-1
1008002000	-2	2659	294.778	835.879	239.857	291.556	107	0	237.125	275.674	1372.889	300.625	0	0	5	9	9	2659	0	0	0	-2	-2	0	0	-2	37	38	-2	25	853	488	130	108	-2	107	-2	-2	-2	-2	-2	-2	-2	-2	150	49	21	54	864	499	141	119	-1
1007002000	-2	3958	548.889	1244.115	244.857	299.197	100.5	1.5	257	273.616	545.444	278.625	0	0	4	9	9	988	3958	0	0	-2	-2	0	0	-2	35	32	-2	23	870	505	142	107	-2	102	99	-2	-2	-2	-2	-2	-2	-2	132	142	21	81	881	516	153	130	-1
1006001000	-2	4211	653.111	1353.073	218.75	288.271	102.667	3.3	283.5	268.896	545.444	278.625	0	0	3	9	9	1606	4211	67	0	-2	-2	0	0	-2	35	32	36	23	870	505	142	107	-2	102	99	107	-2	-2	-2	-2	-2	-2	132	142	126	81	891	556	153	187	-1
1006001000	-2	2819	470.111	927.046	337.5	418.078	100	3.559	425.375	421.696	722.889	425	0	0	2	9	9	1330	2819	90	0	-2	-2	-2	0	-2	36	29	36	23	1187	822	457	110	-2	102	95	103	-2	-2	-2	-2	-2	-2	133	137	121	82	1280	915	550	185	-1
1006001000	-2	2819	470.111	927.046	337.5	418.078	100	3.559	425.375	421.696	722.889	425	0	0	2	9	9	1330	2819	90	0	-2	-2	-2	0	-2	36	29	36	23	1187	822	457	110	-2	102	95	103	-2	-2	-2	-2	-2	-2	133	137	121	82	1280	915	550	185	-1
1006001000	-2	2276	354.778	705.284	339.75	425.848	96.667	5.437	424.625	421.492	648.667	424.625	0	0	2	9	9	434	2276	491	0	-2	-2	-2	0	-2	35	20	34	9	1200	835	470	115	-2	101	89	100	-2	-2	-2	-2	-2	-2	133	131	125	82	1279	914	549	184	-1
1006001000	-2	2276	354.778	705.284	339.75	425.848	96.667	5.437	424.625	421.492	648.667	424.625	0	0	2	9	9	434	2276	491	0	-2	-2	-2	0	-2	35	20	34	9	1200	835	470	115	-2	101	89	100	-2	-2	-2	-2	-2	-2	133	131	125	82	1279	914	549	184	-1
1006001000	-2	1854	494.333	755.492	339.625	424.625	95.333	3.091	426.25	418.874	795.667	426.25	0	0	2	9	9	1807	1854	796	0	-2	-2	-2	0	-2	35	20	35	9	1198	833	468	119	-2	97	91	98	-2	-2	-2	-2	-2	-2	136	133	137	86	1277	912	547	182	-1
1006001000	-2	1854	494.333	755.64	339.625	424.625	95.333	3.091	426.25	418.874	795.667	426.25	0	0	2	9	9	1808	1854	795	0	-2	-2	-2	0	-2	35	20	35	9	1198	833	468	119	-2	97	91	98	-2	-2	-2	-2	-2	-2	136	133	137	86	1277	912	547	182	-1
1006001000	-2	2180	503.778	787.825	227.5	300.079	98.333	2.867	289.75	270.255	817.556	289.75	0	0	3	9	9	1588	2180	772	0	-2	-2	0	0	-2	31	21	36	9	897	532	167	127	-2	98	95	102	-2	-2	-2	-2	-2	-2	134	136	140	86	910	545	180	187	-1
1006001000	-2	2180	503.778	787.825	227.5	300.079	98.333	2.867	289.75	270.255	817.556	289.75	0	0	3	9	9	1588	2180	772	0	-2	-2	0	0	-2	31	21	36	9	897	532	167	127	-2	98	95	102	-2	-2	-2	-2	-2	-2	134	136	140	86	910	545	180	187	-1
1007001000	-2	1945	387.556	733.095	343.625	426.229	101.5	4.5	412.75	433.089	486.222	418.625	0	0	3	9	9	1945	0	1551	0	-2	-2	-2	0	-2	34	21	38	10	1204	839	474	129	-2	97	-2	106	-2	-2	-2	-2	-2	-2	137	38	146	86	1283	918	553	141	-1
1007001000	-2	3070	597.778	1133.957	232.5	300.081	104.5	2.5	282.25	279.497	693.667	282.25	0	0	4	9	9	3070	0	2316	0	-2	-2	0	0	-2	34	27	46	11	902	537	172	131	-2	102	-2	107	-2	-2	-2	-2	-2	-2	143	38	147	87	915	550	185	193	-1
1007001000	-2	3070	597.778	1133.957	232.5	300.081	104.5	2.5	282.25	279.497	693.667	282.25	0	0	4	9	9	3070	0	2316	0	-2	-2	0	0	-2	34	27	46	11	902	537	172	131	-2	102	-2	107	-2	-2	-2	-2	-2	-2	143	38	147	87	915	550	185	193	-1
1006001000	-2	4811	1079.778	1993.627	226.375	291.233	106.333	1.886	288.375	277.427	1361.556	288.375	0	0	3	9	9	4807	4811	106	0	-2	-2	0	0	-2	24	46	47	11	881	516	152	134	-2	105	105	109	-2	-2	-2	-2	-2	-2	148	154	125	28	917	552	187	196	-1
1006001000	-2	5398	1144.444	2120.484	226.375	291.233	106.333	1.886	288.375	277.427	1361.556	288.375	0	0	3	9	9	4807	5398	101	0	-2	-2	0	0	-2	24	46	47	11	881	516	152	134	-2	105	105	109	-2	-2	-2	-2	-2	-2	148	154	125	28	917	552	187	196	-1
1007001000	-2	3238	420.444	1010.962	215.875	288.162	101.5	4.5	281	293.732	431.111	281	0	0	4	9	9	3238	0	552	0	-2	-2	0	0	-2	23	30	40	11	866	501	139	117	-2	97	-2	106	-2	-2	-2	-2	-2	-2	141	43	125	28	936	571	206	198	-1
1007001000	-2	3238	429.889	1012.543	215.875	288.162	101.5	4.5	281	293.732	431.111	281	0	0	4	9	9	3238	0	637	0	-2	-2	0	0	-2	23	30	40	11	866	501	139	117	-2	97	-2	106	-2	-2	-2	-2	-2	-2	141	43	125	28	936	571	206	198	-1
1007001000	-2	3858	731.556	1395.685	221.5	290.577	101.5	5.5	287.625	283.231	780.778	287.625	0	0	4	9	9	3858	0	2732	0	-2	-2	0	0	-2	23	29	46	13	875	510	154	122	-2	96	-2	107	-2	-2	-2	-2	-2	-2	142	42	148	88	927	562	197	195	-1
1006001000	-2	3927	937.333	1445.996	221.75	289.927	101	6.683	302.5	277.537	1430.222	302.5	0	0	3	9	9	3003	3927	1512	0	-2	-2	0	0	-2	24	25	45	18	874	509	154	125	-2	92	103	108	-2	-2	-2	-2	-2	-2	137	152	149	81	935	570	205	191	-1
1006001000	-2	711	105.667	227.199	119.75	155.101	118.667	4.922	241.625	121.963	4547.667	281.25	0	0	5	9	9	0	244	711	0	0	-2	0	0	-2	16	17	10	21	83	497	195	119	-2	125	113	118	-2	-2	-2	-2	-2	-2	153	154	181	299	237	540	206	163	-1
1006001000	-2	1612	263.333	502.095	368.875	431.528	122.667	8.26	439.625	412.741	2321	442.625	0	0	2	9	9	406	360	1612	0	-2	-2	-2	0	-2	55	35	46	52	1237	872	507	147	-2	128	111	129	-2	-2	-2	-2	-2	-2	173	155	174	81	1281	916	551	186	-1
1006001000	-2	1174	146.333	366.42	367.125	431.493	121.667	7.542	423.625	408.38	1031	444	0	0	3	9	9	151	0	1174	0	-2	-2	-2	0	-2	56	37	47	37	1235	870	505	150	-2	127	111	127	-2	-2	-2	-2	-2	-2	167	127	168	81	1259	894	529	164	-1
1006001000	-2	896	102.444	280.766	365.75	431.801	119	4.967	415.75	403.942	356.444	439	0	0	2	9	9	1	33	896	0	-2	-2	-2	0	-2	56	38	48	28	1234	869	504	149	-2	123	112	122	-2	-2	-2	-2	-2	-2	137	146	162	81	1245	880	515	160	-1
1006001000	-2	902	103.222	282.611	365.75	431.801	119	4.967	415.75	403.942	356.444	439	0	0	2	9	9	2	33	902	0	-2	-2	-2	0	-2	56	38	48	28	1234	869	504	149	-2	123	112	122	-2	-2	-2	-2	-2	-2	137	146	162	81	1245	880	515	160	-1
1007006000	-2	2607	415.333	852.679	43	9.798	121	4	479.375	473.565	966.667	495.875	0	0	2	9	9	2607	1140	0	0	-2	-2	-2	-1	-2	55	43	-2	31	-2	-2	-2	-2	-2	125	117	-2	-2	-2	-2	-2	-2	-2	166	158	21	80	1400	1035	670	305	-1
1007006000	-2	2536	428	852.335	43	9.798	121	4	479.375	473.565	966.667	495.875	0	0	2	9	9	2536	1325	0	0	-2	-2	-2	-1	-2	55	43	-2	31	-2	-2	-2	-2	-2	125	117	-2	-2	-2	-2	-2	-2	-2	166	158	21	80	1400	1035	670	305	-1
1007002000	-2	7363	1556.556	2918.975	408.714	445.265	120	4	418.125	425.978	1818.889	447.625	0	0	3	9	9	6654	7363	0	0	-2	-2	-2	0	-2	45	40	-2	24	1234	869	504	145	-2	124	116	-2	-2	-2	-2	-2	-2	-2	168	162	21	80	1276	911	546	181	-1
1006001000	-2	7458	1783.111	2887.93	364.5	432.633	119	4.082	447.625	421.268	1818.889	447.625	0	0	2	9	9	6654	7458	1944	0	-2	-2	-2	0	-2	45	38	57	24	1234	869	504	145	-2	124	114	119	-2	-2	-2	-2	-2	-2	168	160	159	80	1301	936	571	206	-1
1007001000	-2	5097	845.333	1695.858	213.125	288.134	107	7	283.375	282.704	848.333	283.375	0	0	4	9	9	0	5097	2517	0	-2	-2	0	0	-2	19	20	42	10	863	498	135	118	-2	-2	100	114	-2	-2	-2	-2	-2	-2	29	147	153	82	921	556	191	188	-1
1007001000	-2	5097	845.333	1695.858	213.125	288.134	107	7	283.375	282.704	848.333	283.375	0	0	4	9	9	0	5097	2517	0	-2	-2	0	0	-2	19	20	42	10	863	498	135	118	-2	-2	100	114	-2	-2	-2	-2	-2	-2	29	147	153	82	921	556	191	188	-1
1006001000	-2	3928	610.667	1265.736	209	292.344	97	6.683	291.75	276.598	612.778	291.875	0	0	3	9	9	1531	3928	43	0	-2	-2	0	0	-2	19	12	32	8	867	502	138	94	-2	99	88	104	-2	-2	-2	-2	-2	-2	133	133	122	85	923	558	193	187	-1
1006001000	-2	4017	620.556	1291.696	212.875	289.775	98	5.354	281.875	281.565	612.778	291.875	0	0	3	9	9	1531	4017	43	0	-2	-2	0	0	-2	19	29	32	22	867	502	138	94	-2	99	91	104	-2	-2	-2	-2	-2	-2	133	136	122	85	923	558	193	105	-1
1006001000	-2	3011	772.778	1146.839	221.125	298.751	93.333	4.497	293.25	275.686	1010.333	293	0	0	3	9	9	1560	3011	2390	0	-2	-2	0	0	-2	22	21	32	8	889	524	159	114	-2	96	87	97	-2	-2	-2	-2	-2	-2	134	130	137	85	923	558	193	186	-1
1006001000	-2	3011	772.778	1146.839	221.125	298.751	93.333	4.497	293.25	275.686	1010.333	293	0	0	3	9	9	1560	3011	2390	0	-2	-2	0	0	-2	22	21	32	8	889	524	159	114	-2	96	87	97	-2	-2	-2	-2	-2	-2	134	130	137	85	923	558	193	186	-1
1006001000	-2	2146	664	942.498	222	298.879	92.667	4.19	291.25	275.728	839	291.25	0	0	3	9	9	2146	1917	1919	0	-2	-2	0	0	-2	31	13	34	8	890	525	160	115	-2	94	87	97	-2	-2	-2	-2	-2	-2	134	129	125	86	921	556	191	188	-1
1006001000	-2	2146	664	942.498	222	298.879	92.667	4.19	291.25	275.728	839	291.25	0	0	3	9	9	2146	1917	1919	0	-2	-2	0	0	-2	31	13	34	8	890	525	160	115	-2	94	87	97	-2	-2	-2	-2	-2	-2	134	129	125	86	921	556	191	188	-1
1006001000	-2	1741	509.444	741.899	219	297.707	92.333	4.11	288.75	274.9	675.889	288.75	0	0	3	9	9	1111	1739	1741	0	-2	-2	0	0	-2	23	13	33	8	885	520	155	115	-2	93	87	97	-2	-2	-2	-2	-2	-2	124	129	126	86	917	552	187	189	-1
1006001000	-2	1741	510	742.538	219	297.707	92.333	4.11	288.75	274.9	675.889	288.75	0	0	3	9	9	1114	1741	1741	0	-2	-2	0	0	-2	23	13	33	8	885	520	155	115	-2	93	87	97	-2	-2	-2	-2	-2	-2	124	129	126	86	917	552	187	189	-1
1006001000	-2	1970	467.889	711.468	218.5	296.252	92.667	4.497	291.625	273.257	665.778	291.625	0	0	3	9	9	1369	1970	878	0	-2	-2	0	0	-2	24	13	34	9	882	517	153	116	-2	93	87	98	-2	-2	-2	-2	-2	-2	131	130	138	87	917	552	187	191	-1
1006001000	-2	2388	531.333	900.973	216.875	293.813	95.667	5.249	292.5	273.034	743.778	292.5	0	0	3	9	9	2388	1995	405	0	-2	-2	0	0	-2	23	14	33	9	876	511	147	122	-2	93	91	103	-2	-2	-2	-2	-2	-2	133	135	128	87	917	552	187	201	-1
1006001000	-2	2388	531.333	900.973	216.875	293.813	95.667	5.249	292.5	273.034	743.778	292.5	0	0	3	9	9	2388	1995	405	0	-2	-2	0	0	-2	23	14	33	9	876	511	147	122	-2	93	91	103	-2	-2	-2	-2	-2	-2	133	135	128	87	917	552	187	201	-1
1006001000	-2	2400	510	874.979	216.375	293.03	95	4.32	298.875	280.146	735.889	298.875	0	0	3	9	9	2400	1826	370	0	-2	-2	0	0	-2	23	14	32	9	874	509	146	124	-2	93	91	101	-2	-2	-2	-2	-2	-2	133	135	128	87	936	571	206	195	-1
1006001000	-2	2621	775.333	1110.059	214.125	289.639	98	3.559	302.375	278.722	1110.667	302.375	0	0	3	9	9	2621	2419	1944	0	-2	-2	0	0	-2	22	15	37	9	866	501	142	121	-2	95	96	103	-2	-2	-2	-2	-2	-2	136	139	144	87	937	572	207	197	-1
1006001000	-2	2960	737.333	1090.653	212.5	288.406	98.333	3.3	303.375	278.719	1131.778	303.375	0	0	3	9	9	2960	1670	2012	0	-2	-2	0	0	-2	22	15	31	10	862	497	143	120	-2	96	96	103	-2	-2	-2	-2	-2	-2	138	140	144	88	938	573	208	198	-1
1006001000	-2	2960	737.333	1090.653	212.5	288.406	98.333	3.3	303.375	278.719	1131.778	303.375	0	0	3	9	9	2960	1670	2012	0	-2	-2	0	0	-2	22	15	31	10	862	497	143	120	-2	96	96	103	-2	-2	-2	-2	-2	-2	138	140	144	88	938	573	208	198	-1
1007001000	-2	2316	457	865.065	206	279.94	93.5	0.5	289.625	288.91	793.889	289.625	0	0	4	9	9	2316	1803	0	0	-2	-2	0	0	-2	21	15	26	10	839	476	145	116	-2	93	94	-2	-2	-2	-2	-2	-2	-2	135	138	34	88	938	573	208	203	-1
1007001000	-2	2316	457	865.065	206	279.94	93.5	0.5	289.625	288.91	793.889	289.625	0	0	4	9	9	2316	1803	0	0	-2	-2	0	0	-2	21	15	26	10	839	476	145	116	-2	93	94	-2	-2	-2	-2	-2	-2	-2	135	138	34	88	938	573	208	203	-1
1007001000	-2	2504	416.778	834.778	131.125	163.115	91.5	0.5	187	154.114	846.333	187	0	0	5	9	9	1251	2504	0	0	-2	0	0	0	-2	21	14	26	11	530	175	151	121	-2	91	92	-2	-2	-2	-2	-2	-2	-2	132	135	34	29	554	189	209	214	-1
1005001000	-2	566	80.111	178.85	56.75	47.153	137	60.171	231.625	147.597	5388.556	261.25	0	0	5	9	9	159	0	566	-2	0	0	0	0	-2	14	14	11	18	57	136	111	93	-2	108	97	102	241	-2	-2	-2	-2	-2	137	117	173	602	237	156	164	267	-1
1006001000	-2	911	115.333	284.393	364.5	431.99	110	8.485	414.75	412.86	210.667	432.25	0	0	2	9	9	2	133	911	0	-2	-2	-2	0	-2	53	36	49	26	1233	868	503	148	-2	116	98	116	-2	-2	-2	-2	-2	-2	131	119	149	81	1257	892	527	162	-1
1006001000	-2	361	65.556	115.353	376.625	440.024	117.333	2.494	434.5	418.245	288.889	434.125	0	0	2	9	9	121	116	361	0	-2	-2	-2	0	-2	49	40	58	27	1256	891	526	166	-2	118	114	120	-2	-2	-2	-2	-2	-2	149	151	150	80	1284	919	554	189	-1
1006005000	-2	4897	1458.667	2075.974	42.5	12.359	121.333	4.19	498	457.836	1579.333	498	0	0	1	9	9	4061	4897	4179	0	-2	-2	-2	-1	-2	47	39	59	25	-2	-2	-2	-2	-2	120	117	127	-2	-2	-2	-2	-2	-2	164	160	170	80	1400	1035	670	305	-1
1006005000	-2	4897	1458.667	2075.974	42.5	12.359	121.333	4.19	498	457.836	1579.333	498	0	0	1	9	9	4061	4897	4179	0	-2	-2	-2	-1	-2	47	39	59	25	-2	-2	-2	-2	-2	120	117	127	-2	-2	-2	-2	-2	-2	164	160	170	80	1400	1035	670	305	-1
1007001000	-2	7643	1379.667	2669.426	215.5	288.812	110	6	291.125	280.018	1384.222	291.125	0	0	4	9	9	0	7643	4780	0	-2	-2	0	0	-2	21	14	47	11	866	501	137	127	-2	-2	104	116	-2	-2	-2	-2	-2	-2	66	153	157	81	926	561	196	189	-1
1007001000	-2	7643	1379.667	2669.426	215.5	288.812	110	6	291.125	280.018	1384.222	291.125	0	0	4	9	9	0	7643	4780	0	-2	-2	0	0	-2	21	14	47	11	866	501	137	127	-2	-2	104	116	-2	-2	-2	-2	-2	-2	66	153	157	81	926	561	196	189	-1
1005001000	-2	5166	762.667	1605.737	156	196.973	87.75	10.756	223.125	165.815	802	234.125	0	0	3	9	9	464	5166	1240	0	-2	-2	0	0	-2	15	10	30	8	532	446	118	89	-2	97	82	99	73	-2	-2	-2	-2	-2	125	128	140	86	549	455	202	100	-1
1005001000	-2	5166	762.667	1605.737	156	196.973	87.75	10.756	223.125	165.815	802	234.125	0	0	3	9	9	464	5166	1240	0	-2	-2	0	0	-2	15	10	30	8	532	446	118	89	-2	97	82	99	73	-2	-2	-2	-2	-2	125	128	140	86	549	455	202	100	-1
1005001000	-2	4358	866.556	1471.287	208.875	291.886	86	10.075	294.625	279.57	921	294.375	0	0	3	9	9	915	4358	2532	0	-2	-2	0	0	-2	20	12	31	7	866	501	136	98	-2	94	81	97	72	-2	-2	-2	-2	-2	123	124	137	87	931	566	201	188	-1
1005001000	-2	4358	866.556	1471.287	208.875	291.886	86	10.075	294.625	279.57	921	294.375	0	0	3	9	9	915	4358	2532	0	-2	-2	0	0	-2	20	12	31	7	866	501	136	98	-2	94	81	97	72	-2	-2	-2	-2	-2	123	124	137	87	931	566	201	188	-1
1005001000	-2	2766	674.667	1004.517	212.375	293.608	86	10.32	293.25	280.413	931.111	293	0	0	3	9	9	1510	2766	1802	0	-2	-2	0	0	-2	22	12	31	7	872	507	142	106	-2	94	82	97	71	-2	-2	-2	-2	-2	123	124	126	86	931	566	201	189	-1
1005001000	-2	2766	674.667	1004.517	212.375	293.608	86	10.32	293.25	280.413	931.111	293	0	0	3	9	9	1510	2766	1802	0	-2	-2	0	0	-2	22	12	31	7	872	507	142	106	-2	94	82	97	71	-2	-2	-2	-2	-2	123	124	126	86	931	566	201	189	-1
1006001000	-2	4483	793.444	1415.404	213	294.482	88.333	6.236	294.875	280.958	728.667	294.625	0	0	3	9	9	1173	4483	1491	0	-2	-2	0	0	-2	21	12	29	8	874	509	145	106	-2	90	80	95	-2	-2	-2	-2	-2	-2	122	122	125	86	933	568	203	200	-1
1006001000	-2	4483	793.444	1415.404	213	294.482	88.333	6.236	294.875	280.958	728.667	294.625	0	0	3	9	9	1173	4483	1491	0	-2	-2	0	0	-2	21	12	29	8	874	509	145	106	-2	90	80	95	-2	-2	-2	-2	-2	-2	122	122	125	86	933	568	203	200	-1
1006001000	-2	3023	779	1179.032	211.375	295.703	84	6.377	295.125	281.423	800.444	295.125	0	0	3	9	9	1342	3023	2652	0	-2	-2	0	0	-2	21	10	14	8	874	509	146	109	-2	89	75	88	-2	-2	-2	-2	-2	-2	123	118	125	87	934	569	204	201	-1
1006001000	-2	3022	778.889	1178.82	211.375	295.703	84	6.377	295.125	281.423	800.444	295.125	0	0	3	9	9	1342	3022	2652	0	-2	-2	0	0	-2	21	10	14	8	874	509	146	109	-2	89	75	88	-2	-2	-2	-2	-2	-2	123	118	125	87	934	569	204	201	-1
1006001000	-2	4118	776.333	1319.366	207.875	291.82	87.667	4.19	296.25	281.994	972.111	296.25	0	0	3	9	9	1433	4118	1442	0	-2	-2	0	0	-2	21	11	14	8	864	499	137	109	-2	89	82	92	-2	-2	-2	-2	-2	-2	124	125	118	87	936	571	206	203	-1
1006001000	-2	4118	776.333	1319.366	207.875	291.82	87.667	4.19	296.25	281.994	972.111	296.25	0	0	3	9	9	1433	4118	1442	0	-2	-2	0	0	-2	21	11	14	8	864	499	137	109	-2	89	82	92	-2	-2	-2	-2	-2	-2	124	125	118	87	936	571	206	203	-1
1006001000	-2	4118	816.333	1357.399	209.75	290.843	88.333	5.312	296.875	281.282	990.778	296.875	0	0	3	9	9	2059	4118	1176	0	-2	-2	0	0	-2	21	11	24	8	864	499	141	110	-2	88	82	95	-2	-2	-2	-2	-2	-2	128	126	128	87	936	571	206	193	-1
1006001000	-2	4239	829.778	1390.236	209.75	290.843	88.333	5.312	296.875	281.282	990.778	296.875	0	0	3	9	9	2059	4239	1176	0	-2	-2	0	0	-2	21	11	24	8	864	499	141	110	-2	88	82	95	-2	-2	-2	-2	-2	-2	128	126	128	87	936	571	206	193	-1
1006001000	-2	3376	809.222	1212.641	211.75	290.419	92.333	2.867	301.875	280.354	859.222	301.875	0	0	3	9	9	2150	3376	1763	0	-2	-2	0	0	-2	21	12	30	8	865	500	143	115	-2	92	89	96	-2	-2	-2	-2	-2	-2	132	133	138	87	939	574	209	203	-1
1006001000	-2	3376	809.222	1212.641	211.75	290.419	92.333	2.867	301.875	280.354	859.222	301.875	0	0	3	9	9	2150	3376	1763	0	-2	-2	0	0	-2	21	12	30	8	865	500	143	115	-2	92	89	96	-2	-2	-2	-2	-2	-2	132	133	138	87	939	574	209	203	-1
1007001000	-2	3453	685.222	1295.113	210	288.742	90.5	2.5	288	290.874	760.667	288	0	0	4	9	9	2720	3453	0	0	-2	-2	0	0	-2	21	12	15	8	859	494	147	124	-2	93	88	-2	-2	-2	-2	-2	-2	-2	134	133	23	88	939	574	209	204	-1
1007001000	-2	3453	685.222	1295.113	210	288.742	90.5	2.5	288	290.874	760.667	288	0	0	4	9	9	2720	3453	0	0	-2	-2	0	0	-2	21	12	15	8	859	494	147	124	-2	93	88	-2	-2	-2	-2	-2	-2	-2	134	133	23	88	939	574	209	204	-1
1006001000	-2	2442	736.333	1047.072	167.25	204.8	85.667	5.437	253.125	185.454	999.333	253.125	0	0	3	9	9	2070	2442	2121	0	-2	-2	0	0	-2	18	11	15	9	543	478	146	118	-2	84	80	93	-2	-2	-2	-2	-2	-2	126	126	134	88	555	579	214	203	-1
1006001000	-2	2442	736.333	1047.072	167.25	204.8	85.667	5.437	253.125	185.454	999.333	253.125	0	0	3	9	9	2070	2442	2121	0	-2	-2	0	0	-2	18	11	15	9	543	478	146	118	-2	84	80	93	-2	-2	-2	-2	-2	-2	126	126	134	88	555	579	214	203	-1
1006001000	-2	319	53.444	100.55	115.75	145.705	95.667	6.944	217.75	113.078	853.444	217.75	0	0	4	9	9	107	59	319	0	-2	0	0	0	-2	19	16	20	20	477	154	119	101	-2	99	86	102	-2	-2	-2	-2	-2	-2	136	118	144	251	493	170	238	192	-1
1006001000	-2	1125	181.333	369.811	357	424.652	109	5.099	436.5	425.437	518.778	438.875	0	0	2	9	9	1125	4	511	0	-2	-2	-2	0	-2	45	35	56	24	1215	850	485	146	-2	104	107	116	-2	-2	-2	-2	-2	-2	143	122	151	81	1296	931	566	202	-1
1006001000	-2	4559	1322.556	1887.662	371.375	439.39	112	4.967	436.75	417.439	1529.222	436.75	0	0	2	9	9	3702	4559	3650	0	-2	-2	-2	0	-2	42	33	57	26	1250	885	520	158	-2	109	108	119	-2	-2	-2	-2	-2	-2	150	150	164	80	1285	920	555	190	-1
1006001000	-2	4566	1324.556	1890.518	371.375	439.39	112	4.967	436.75	417.439	1529.222	436.75	0	0	2	9	9	3707	4566	3656	0	-2	-2	-2	0	-2	42	33	57	26	1250	885	520	158	-2	109	108	119	-2	-2	-2	-2	-2	-2	150	150	164	80	1285	920	555	190	-1
1006001000	-2	7050	1667.556	2509.818	207	281.614	103.667	7.409	304	275.198	1668.111	304	0	0	3	9	9	3592	7050	4372	0	-2	-2	0	0	-2	18	13	44	10	845	480	127	119	-2	105	94	112	-2	-2	-2	-2	-2	-2	145	141	154	85	932	567	202	206	-1
1006001000	-2	7050	1667.556	2509.818	207	281.614	103.667	7.409	304	275.198	1668.111	304	0	0	3	9	9	3592	7050	4372	0	-2	-2	0	0	-2	18	13	44	10	845	480	127	119	-2	105	94	112	-2	-2	-2	-2	-2	-2	145	141	154	85	932	567	202	206	-1
1005001000	-2	3941	944.333	1464.872	116.5	159.198	82.75	8.105	199.375	137.639	917.889	199.125	0	0	4	9	9	1444	3941	3118	0	-2	0	0	0	-2	13	11	30	7	515	159	108	89	-2	81	80	96	74	-2	-2	-2	-2	-2	113	124	136	86	547	182	217	190	-1
1005001000	-2	3941	939.889	1463.41	116.5	159.198	82.75	8.105	199.375	137.639	917.889	199.125	0	0	4	9	9	1404	3941	3118	0	-2	0	0	0	-2	13	11	30	7	515	159	108	89	-2	81	80	96	74	-2	-2	-2	-2	-2	113	124	136	86	547	182	217	190	-1
1006001000	-2	4213	682.333	1386.423	206.125	291.042	79.667	6.236	283.125	294.251	643	282.875	0	0	4	9	9	1934	4213	0	0	-2	-2	0	0	-2	15	11	17	7	861	496	132	110	-2	88	78	-2	73	-2	-2	-2	-2	-2	116	121	24	86	941	576	211	190	-1
1006001000	-2	4213	682.333	1386.423	206.125	291.042	79.667	6.236	283.125	294.251	643	282.875	0	0	4	9	9	1934	4213	0	0	-2	-2	0	0	-2	15	11	17	7	861	496	132	110	-2	88	78	-2	73	-2	-2	-2	-2	-2	116	121	24	86	941	576	211	190	-1
1005001000	-2	3305	774.222	1167.106	206.375	290.79	81.75	6.978	292.875	282.446	761.556	292.75	0	0	3	9	9	1844	3305	1825	0	-2	-2	0	0	-2	20	12	15	7	861	496	131	109	-2	87	77	90	73	-2	-2	-2	-2	-2	115	119	125	87	934	569	204	190	-1
1005001000	-2	3305	774.222	1167.106	206.375	290.79	81.75	6.978	292.875	282.446	761.556	292.75	0	0	3	9	9	1844	3305	1825	0	-2	-2	0	0	-2	20	12	15	7	861	496	131	109	-2	87	77	90	73	-2	-2	-2	-2	-2	115	119	125	87	934	569	204	190	-1
1005001000	-2	3112	806.333	1176.703	202.875	287.243	78	6.519	295.5	281.848	875.889	295.125	0	0	3	9	9	1994	3112	2157	0	-2	-2	0	0	-2	19	12	12	7	851	486	132	104	-2	81	74	87	70	-2	-2	-2	-2	-2	120	117	126	88	935	570	205	203	-1
1005001000	-2	3112	806.333	1176.703	202.875	287.243	78	6.519	295.5	281.848	875.889	295.125	0	0	3	9	9	1994	3112	2157	0	-2	-2	0	0	-2	19	12	12	7	851	486	132	104	-2	81	74	87	70	-2	-2	-2	-2	-2	120	117	126	88	935	570	205	203	-1
1005001000	-2	2930	801	1156.013	203.375	288.23	77.75	6.685	294.5	283.076	872.889	294.125	0	0	3	9	9	2008	2930	2277	0	-2	-2	0	0	-2	14	12	13	7	853	488	134	106	-2	81	73	87	70	-2	-2	-2	-2	-2	120	115	118	87	936	571	206	203	-1
1005001000	-2	2930	801	1156.013	203.375	288.23	77.75	6.685	294.5	283.076	872.889	294.125	0	0	3	9	9	2008	2930	2277	0	-2	-2	0	0	-2	14	12	13	7	853	488	134	106	-2	81	73	87	70	-2	-2	-2	-2	-2	120	115	118	87	936	571	206	203	-1
1005001000	-2	3664	991.667	1432.235	202.5	288.558	79	6.519	296.75	281.854	975.222	296.625	0	0	3	9	9	2542	3664	2725	0	-2	-2	0	0	-2	12	12	14	7	853	488	133	101	-2	82	75	88	71	-2	-2	-2	-2	-2	120	119	126	88	936	571	206	208	-1
1005001000	-2	3664	991.667	1432.235	202.5	288.558	79	6.519	296.75	281.854	975.222	296.625	0	0	3	9	9	2542	3664	2725	0	-2	-2	0	0	-2	12	12	14	7	853	488	133	101	-2	82	75	88	71	-2	-2	-2	-2	-2	120	119	126	88	936	571	206	208	-1
1006001000	-2	4081	1152.667	1654.119	201.25	285.523	82.333	5.312	299.25	283.802	1132.111	298.875	0	0	3	9	9	2938	4081	3361	0	-2	-2	0	0	-2	13	13	13	7	846	481	134	103	-2	82	76	89	-2	-2	-2	-2	-2	-2	121	121	129	87	942	577	212	205	-1
1006001000	-2	4081	1152.667	1654.119	201.25	285.523	82.333	5.312	299.25	283.802	1132.111	298.875	0	0	3	9	9	2938	4081	3361	0	-2	-2	0	0	-2	13	13	13	7	846	481	134	103	-2	82	76	89	-2	-2	-2	-2	-2	-2	121	121	129	87	942	577	212	205	-1
1006001000	-2	4921	1222.667	1818.36	199.5	283.52	82.667	6.128	300.125	283.246	1223.222	300.125	0	0	3	9	9	2566	4921	3523	0	-2	-2	0	0	-2	13	10	12	7	840	476	135	103	-2	83	75	90	-2	-2	-2	-2	-2	-2	123	123	131	88	942	577	212	205	-1
1006001000	-2	5895	1376.556	2077.025	162.625	203.566	81.667	5.437	252.375	186.857	1400.778	252.375	0	0	3	9	9	3297	5895	3203	0	-2	-2	0	0	-2	13	9	12	7	534	475	139	112	-2	80	76	89	-2	-2	-2	-2	-2	-2	121	125	130	88	559	578	213	205	-1
1006001000	-2	5895	1376.556	2077.025	162.625	203.566	81.667	5.437	252.375	186.857	1400.778	252.375	0	0	3	9	9	3297	5895	3203	0	-2	-2	0	0	-2	13	9	12	7	534	475	139	112	-2	80	76	89	-2	-2	-2	-2	-2	-2	121	125	130	88	559	578	213	205	-1
1005001000	-2	4908	1080.444	1673.22	77.875	71.217	77.25	5.166	161	50.371	1175.222	161	0	0	5	9	9	2473	4908	2345	0	0	0	0	0	-2	12	9	12	7	186	162	128	107	-2	76	74	86	73	-2	-2	-2	-2	-2	116	121	126	88	200	195	232	210	-1
1005001000	-2	683	179.444	269.326	42.25	34.065	81.5	5.895	237.25	100.165	2580.222	237.25	0	0	4	9	9	606	330	683	-2	0	0	0	0	-2	11	9	10	12	45	89	86	76	-2	87	73	87	79	-2	-2	-2	-2	-2	129	117	131	429	272	250	278	292	-1
1005001000	-2	283	50.889	99.348	42.25	34.065	81.5	5.895	233.25	105.158	2580.222	237.25	0	0	5	9	9	179	0	283	-2	0	0	0	0	-2	11	9	10	12	45	89	86	76	-2	87	73	87	79	-2	-2	-2	-2	-2	124	90	131	429	272	250	278	292	-1
1006001000	-2	355	47.778	111.018	365.375	435.03	103.667	6.65	433.5	426.084	398.444	436.375	0	0	2	9	9	73	10	355	0	-2	-2	-2	0	-2	42	34	54	23	1238	873	508	151	-2	100	98	113	-2	-2	-2	-2	-2	-2	133	119	147	82	1294	929	564	200	-1
1006001000	-2	1168	171.333	371.622	233.75	294.018	104.333	6.342	289.125	268.969	557.111	297.375	0	0	3	9	9	1168	2	378	0	-2	-2	0	0	-2	36	32	54	22	893	528	163	142	-2	98	102	113	-2	-2	-2	-2	-2	-2	139	116	152	82	906	541	176	201	-1
1006001000	-2	6236	1357.556	2116.737	360.5	433.979	107.333	5.793	444.5	424.789	1925.111	444.5	0	0	2	9	9	6236	2790	3200	0	-2	-2	-2	0	-2	32	22	54	19	1231	866	501	159	-2	101	106	115	-2	-2	-2	-2	-2	-2	144	148	160	82	1303	938	573	208	-1
1006001000	-2	5957	1436.444	2260.46	123.375	159.486	99	7.874	202.875	129.962	1448.444	206.375	0	0	4	9	9	1947	5957	5028	0	-2	0	0	0	-2	14	12	41	9	521	156	117	117	-2	95	92	110	-2	-2	-2	-2	-2	-2	136	136	152	85	532	167	203	212	-1
1006001000	-2	5958	1448.111	2263.525	123.375	159.486	99	7.874	206.375	133.99	1448.444	206.375	0	0	4	9	9	2051	5958	5028	0	-2	0	0	0	-2	14	12	41	9	521	156	117	117	-2	95	92	110	-2	-2	-2	-2	-2	-2	136	136	152	85	546	181	203	212	-1
1006002000	-2	2602	542.222	1017.773	57	56.821	72	2.16	109.25	61.04	870.111	133.375	0	0	6	9	9	2602	2280	0	0	0	0	0	0	-2	10	11	12	6	149	121	-2	90	-2	71	75	-2	70	-2	-2	-2	-2	-2	113	118	26	86	166	131	21	213	-1
1006002000	-2	2602	542.222	1017.773	57	56.821	72	2.16	109.25	61.04	870.111	133.375	0	0	6	9	9	2602	2280	0	0	0	0	0	0	-2	10	11	12	6	149	121	-2	90	-2	71	75	-2	70	-2	-2	-2	-2	-2	113	118	26	86	166	131	21	213	-1
1006001000	-2	4067	754.444	1447.805	200	286.826	73.333	1.247	287.5	295.901	923.222	286.875	0	0	4	9	9	4067	2729	0	0	-2	-2	0	0	-2	13	11	11	6	847	484	119	109	-2	73	75	-2	72	-2	-2	-2	-2	-2	115	117	26	86	947	582	217	210	-1
1006001000	-2	4068	754.556	1448.06	200	286.826	73.333	1.247	287.5	295.901	923.222	286.875	0	0	4	9	9	4068	2729	0	0	-2	-2	0	0	-2	13	11	11	6	847	484	119	109	-2	73	75	-2	72	-2	-2	-2	-2	-2	115	117	26	86	947	582	217	210	-1
1005001000	-2	3021	924.333	1312.571	202.75	289.61	77.75	6.139	294.875	283.654	958.667	294.5	0	0	3	9	9	2617	3021	2687	0	-2	-2	0	0	-2	12	11	11	6	855	490	129	108	-2	73	77	88	73	-2	-2	-2	-2	-2	114	119	129	87	938	573	208	191	-1
1005001000	-2	3021	924.333	1312.571	202.75	289.61	77.75	6.139	294.875	283.654	958.667	294.5	0	0	3	9	9	2617	3021	2687	0	-2	-2	0	0	-2	12	11	11	6	855	490	129	108	-2	73	77	88	73	-2	-2	-2	-2	-2	114	119	129	87	938	573	208	191	-1
1005001000	-2	3839	708.889	1239.449	122.375	169.299	73.5	5.123	199	146.149	758.444	199	0	0	4	9	9	841	3839	1704	0	-2	0	0	0	-2	12	10	11	6	541	176	121	102	-2	73	69	82	70	-2	-2	-2	-2	-2	95	110	123	88	565	200	206	205	-1
1005001000	-2	3855	710.667	1243.941	122.375	169.299	73.5	5.123	199	146.149	758.444	199	0	0	4	9	9	841	3855	1704	0	-2	0	0	0	-2	12	10	11	6	541	176	121	102	-2	73	69	82	70	-2	-2	-2	-2	-2	95	110	123	88	565	200	206	205	-1
1005001000	-2	4367	688.667	1360.059	121	167.114	74.25	6.139	197.125	146.813	696.778	199.25	0	0	4	9	9	633	4367	1202	0	-2	0	0	0	-2	11	10	13	7	535	171	121	100	-2	75	69	84	69	-2	-2	-2	-2	-2	95	110	116	88	565	182	212	209	-1
1005001000	-2	4367	688.667	1360.059	121	167.114	74.25	6.139	197.125	146.813	696.778	199.25	0	0	4	9	9	633	4367	1202	0	-2	0	0	0	-2	11	10	13	7	535	171	121	100	-2	75	69	84	69	-2	-2	-2	-2	-2	95	110	116	88	565	182	212	209	-1
1005001000	-2	4880	1019.556	1630.374	123.75	171.257	75.25	5.932	203.375	144.421	1052.556	203.25	0	0	4	9	9	2481	4880	1819	0	-2	0	0	0	-2	11	10	14	7	547	182	123	96	-2	75	70	85	71	-2	-2	-2	-2	-2	115	113	126	88	566	201	212	206	-1
1005001000	-2	4880	1020	1630.773	123.75	171.257	75.25	5.932	203.375	144.421	1052.556	203.25	0	0	4	9	9	2485	4880	1819	0	-2	0	0	0	-2	11	10	14	7	547	182	123	96	-2	75	70	85	71	-2	-2	-2	-2	-2	115	113	126	88	566	201	212	206	-1
1005001000	-2	3726	1076.444	1541.394	195.5	278.026	77	6.745	298.375	284.337	1277.889	298.125	0	0	3	9	9	3229	3726	2739	0	-2	-2	0	0	-2	11	10	14	7	822	470	133	97	-2	77	72	88	71	-2	-2	-2	-2	-2	118	117	128	88	942	577	212	205	-1
1005001000	-2	3726	1076.444	1541.394	195.5	278.026	77	6.745	298.375	284.337	1277.889	298.125	0	0	3	9	9	3229	3726	2739	0	-2	-2	0	0	-2	11	10	14	7	822	470	133	97	-2	77	72	88	71	-2	-2	-2	-2	-2	118	117	128	88	942	577	212	205	-1
1005001000	-2	4154	1054.333	1548.152	116.25	161.008	76.75	5.761	206.5	143.708	1188.222	206.375	0	0	4	9	9	2853	4154	2486	0	-2	0	0	0	-2	9	11	12	6	515	164	119	94	-2	77	73	86	71	-2	-2	-2	-2	-2	117	119	127	98	569	204	213	205	-1
1005001000	-2	4154	1054.333	1548.152	116.25	161.008	76.75	5.761	206.5	143.708	1188.222	206.375	0	0	4	9	9	2853	4154	2486	0	-2	0	0	0	-2	9	11	12	6	515	164	119	94	-2	77	73	86	71	-2	-2	-2	-2	-2	117	119	127	98	569	204	213	205	-1
1005001000	-2	5076	1187.778	1808.248	86.875	89.044	75.25	5.629	170.5	59.517	1261.222	170.5	0	0	5	9	9	3351	5076	2265	0	0	0	0	0	-2	9	8	12	6	265	157	131	107	-2	76	72	84	69	-2	-2	-2	-2	-2	117	119	125	98	274	207	214	210	-1
1005001000	-2	5076	1187.778	1808.248	86.875	89.044	75.25	5.629	170.5	59.517	1261.222	170.5	0	0	5	9	9	3351	5076	2265	0	0	0	0	0	-2	9	8	12	6	265	157	131	107	-2	76	72	84	69	-2	-2	-2	-2	-2	117	119	125	98	274	207	214	210	-1
1003002000	-2	237	52.889	84.329	23.714	18.972	163.167	119.999	297.75	190.119	5436.111	330	0	0	2	9	9	0	86	237	160	-2	0	-2	-1	-2	9	8	9	9	28	46	57	-2	-2	88	75	88	88	241	-2	399	-2	-2	109	104	119	267	657	291	530	305	-1
1005001000	-2	176	38.778	66.936	51.25	40.233	73.25	5.117	174.75	70.647	1401.667	197.5	0	0	5	9	9	26	149	176	0	0	0	0	0	-2	11	19	10	8	77	109	91	85	-2	79	71	77	66	-2	-2	-2	-2	-2	105	112	120	83	231	251	248	248	-1
1006001000	-2	5811	1460.667	2356.106	225.5	300.26	101.333	4.497	301.375	272.921	1919.778	301.375	0	0	3	9	9	5726	5811	1615	0	-2	-2	0	0	-2	19	16	39	11	895	530	165	129	-2	96	101	107	-2	-2	-2	-2	-2	-2	141	144	151	83	925	560	195	212	-1
1006001000	-2	5811	1460.667	2356.106	225.5	300.26	101.333	4.497	301.375	272.921	1919.778	301.375	0	0	3	9	9	5726	5811	1615	0	-2	-2	0	0	-2	19	16	39	11	895	530	165	129	-2	96	101	107	-2	-2	-2	-2	-2	-2	141	144	151	83	925	560	195	212	-1
1006001000	-2	5773	1460.222	2201.041	114	154.484	88.667	9.463	207.125	138.586	1618.222	207.125	0	0	4	9	9	2618	4755	5773	0	-2	0	0	0	-2	13	11	28	8	502	140	112	98	-2	78	87	101	-2	-2	-2	-2	-2	-2	124	131	144	85	556	191	212	214	-1
1006001000	-2	5773	1460.222	2201.041	114	154.484	88.667	9.463	207.125	138.586	1618.222	207.125	0	0	4	9	9	2618	4755	5773	0	-2	0	0	0	-2	13	11	28	8	502	140	112	98	-2	78	87	101	-2	-2	-2	-2	-2	-2	124	131	144	85	556	191	212	214	-1
1005002000	-2	3664	961.889	1403.225	48	46.721	75	8.456	122.75	54.906	1333	158.125	0	0	5	9	9	3664	2225	2770	0	0	0	0	0	-2	9	14	10	6	125	103	-2	69	-2	68	77	88	67	-2	-2	-2	-2	-2	111	117	128	97	167	114	21	227	-1
1005002000	-2	3543	948	1377.206	48	46.721	75	8.456	122.75	54.906	1333	158.125	0	0	5	9	9	3543	2221	2770	0	0	0	0	0	-2	9	14	10	6	125	103	-2	69	-2	68	77	88	67	-2	-2	-2	-2	-2	111	117	128	97	167	114	21	227	-1
1005001000	-2	4168	1188.444	1719.216	99.75	135.026	72.5	5.362	184.375	107.797	1208.111	184.125	0	0	4	9	9	4168	3817	2715	0	0	-2	0	0	-2	9	10	9	6	138	433	96	97	-2	67	73	81	69	-2	-2	-2	-2	-2	110	114	122	87	168	443	218	213	-1
1005001000	-2	4168	1188.444	1719.216	99.75	135.026	72.5	5.362	184.375	107.797	1208.111	184.125	0	0	4	9	9	4168	3817	2715	0	0	-2	0	0	-2	9	10	9	6	138	433	96	97	-2	67	73	81	69	-2	-2	-2	-2	-2	110	114	122	87	168	443	218	213	-1
1005001000	-2	4609	982	1550.992	192.25	278.687	72	5.958	298.25	283.865	1001.111	298.25	0	0	3	9	9	1874	4609	2361	0	-2	-2	0	0	-2	9	8	9	6	824	462	118	102	-2	71	67	82	68	-2	-2	-2	-2	-2	112	110	123	103	941	576	211	210	-1
1005001000	-2	3713	680.444	1147.445	117.25	164.367	70.5	6.185	201	147.504	680.667	200.875	0	0	3	9	9	688	3713	1228	499	-2	0	0	0	-2	9	9	10	6	524	170	117	93	-2	69	66	81	66	-2	-2	-2	-2	-2	95	107	113	98	569	204	212	210	-1
1005001000	-2	3713	680.444	1147.445	117.25	164.367	70.5	6.185	201	147.504	680.667	200.875	0	0	3	9	9	688	3713	1228	499	-2	0	0	0	-2	9	9	10	6	524	170	117	93	-2	69	66	81	66	-2	-2	-2	-2	-2	95	107	113	98	569	204	212	210	-1
1005001000	-2	3468	693.333	1090.637	115	162.624	70.75	6.016	202	147.411	727.222	201.75	0	0	3	9	9	636	3468	1464	676	-2	0	0	0	-2	8	9	11	6	520	157	114	95	-2	69	66	81	67	-2	-2	-2	-2	-2	95	107	115	98	569	204	214	214	-1
1005001000	-2	3468	693.333	1090.637	115	162.624	70.75	6.016	202	147.411	727.222	201.75	0	0	3	9	9	636	3468	1464	676	-2	0	0	0	-2	8	9	11	6	520	157	114	95	-2	69	66	81	67	-2	-2	-2	-2	-2	95	107	115	98	569	204	214	214	-1
1005001000	-2	4849	984.778	1549.702	116.125	162.68	71.25	5.673	209.125	142.225	1064.333	209.125	0	0	3	9	9	1847	4849	1814	357	-2	0	0	0	-2	8	9	11	6	520	159	120	96	-2	68	67	81	69	-2	-2	-2	-2	-2	109	109	123	135	568	203	214	212	-1
1005001000	-2	4849	960	1537.452	116.125	162.68	71.25	5.673	209.125	142.225	1064.333	209.125	0	0	3	9	9	1624	4849	1814	357	-2	0	0	0	-2	8	9	11	6	520	159	120	96	-2	68	67	81	69	-2	-2	-2	-2	-2	109	109	123	135	568	203	214	212	-1
1005001000	-2	5437	1133.556	1827.519	116.875	162.11	73	5.244	213.125	143.102	1207.333	213.25	0	0	4	9	9	2972	5437	1797	0	-2	0	0	0	-2	7	10	12	6	518	163	122	97	-2	70	69	82	71	-2	-2	-2	-2	-2	112	112	125	136	573	208	215	224	-1
1005001000	-2	5437	1133.556	1827.519	116.875	162.11	73	5.244	213.125	143.102	1207.333	213.25	0	0	4	9	9	2972	5437	1797	0	-2	0	0	0	-2	7	10	12	6	518	163	122	97	-2	70	69	82	71	-2	-2	-2	-2	-2	112	112	125	136	573	208	215	224	-1
1005001000	-2	5366	1030.222	1729.737	72	68.724	71.5	6.185	160.625	50.192	1064.222	160.25	0	0	5	9	9	1796	5366	2112	0	0	0	0	0	-2	6	10	12	6	189	147	117	89	-2	66	69	82	69	-2	-2	-2	-2	-2	109	113	123	99	201	208	216	216	-1
1005001000	-2	5366	1030.222	1729.737	72	68.724	71.5	6.185	160.625	50.192	1064.222	160.25	0	0	5	9	9	1796	5366	2112	0	0	0	0	0	-2	6	10	12	6	189	147	117	89	-2	66	69	82	69	-2	-2	-2	-2	-2	109	113	123	99	201	208	216	216	-1
1005001000	-2	4520	1131	1528.709	63.75	57.521	69.75	4.493	171.5	55.597	1101.778	171.125	0	0	4	9	9	1641	4520	2829	1191	0	0	0	0	-2	6	11	11	6	143	135	113	85	-2	66	70	77	66	-2	-2	-2	-2	-2	107	112	117	137	201	225	255	218	-1
1003002000	-2	1671	506.889	604.943	31	22.207	150	62.703	177	106.536	4117	209.25	0	0	3	9	9	348	0	789	0	0	364	1392	1671	-2	7	-2	7	6	42	54	62	39	-2	62	-2	66	-2	220	198	185	169	-2	104	21	113	60	290	291	289	248	-1
1003002000	-2	1671	506.889	604.943	31	22.207	150	62.703	177	106.536	4117	209.25	0	0	3	9	9	348	0	789	0	0	364	1392	1671	-2	7	-2	7	6	42	54	62	39	-2	62	-2	66	-2	220	198	185	169	-2	104	21	113	60	290	291	289	248	-1
1005001000	-2	1625	414.111	632.573	117.5	159.365	76.25	6.869	183.75	150.827	984.444	207.25	0	0	3	9	9	1501	1625	118	487	-2	0	0	0	-2	12	11	12	7	513	148	121	116	-2	74	78	86	67	-2	-2	-2	-2	-2	116	120	107	86	573	208	132	128	-1
1004001000	-2	4560	1201.778	1790.262	59.75	54.295	98.2	50.161	139	46.279	1437.556	165	0	0	5	9	9	4560	2272	3986	0	0	0	0	0	-2	9	9	10	6	152	111	95	86	-2	70	76	81	66	-2	-2	-2	198	-2	114	120	122	97	193	122	106	238	-1
1005001000	-2	5253	1582.667	1947.986	48.375	42.775	70.5	6.225	139.25	44.855	1618.222	168.5	0	0	4	9	9	3861	5253	3282	1850	0	0	0	0	-2	8	8	8	5	113	95	82	68	-2	67	69	81	65	-2	-2	-2	-2	-2	110	112	122	159	173	108	93	237	-1
1005001000	-2	5202	1586.222	1913.139	48.375	42.775	70.5	6.225	139.25	44.846	1618.222	168.5	0	0	4	9	9	3620	5202	3246	2210	0	0	0	0	-2	8	8	8	5	113	95	82	68	-2	67	69	81	65	-2	-2	-2	-2	-2	110	111	122	159	173	109	93	237	-1
1005001000	-2	4461	1428	1718.031	56.125	50.024	70.25	5.761	158.625	45.039	1438	158.625	0	0	4	9	9	3244	4461	3361	1788	0	0	0	0	-2	7	8	8	6	128	107	87	98	-2	66	69	80	66	-2	-2	-2	-2	-2	109	110	121	151	169	153	219	237	-1
1005001000	-2	4461	1428	1718.031	56.125	50.024	70.25	5.761	158.625	45.039	1438	158.625	0	0	4	9	9	3244	4461	3361	1788	0	0	0	0	-2	7	8	8	6	128	107	87	98	-2	66	69	80	66	-2	-2	-2	-2	-2	109	110	121	151	169	153	219	237	-1
1005001000	-2	3896	1053.889	1326.958	60.125	54.156	67.25	7.361	147.5	47.715	1090.444	147.5	0	0	4	9	9	1578	3896	2254	1759	0	0	0	0	-2	7	8	8	6	131	128	96	97	-2	63	63	80	63	-2	-2	-2	-2	-2	95	104	119	104	168	151	214	225	-1
1005001000	-2	3850	1085.889	1333.926	60.125	54.156	67.25	7.361	147.5	47.715	1090.444	147.5	0	0	4	9	9	1799	3850	2230	1896	0	0	0	0	-2	7	8	8	6	131	128	96	97	-2	63	63	80	63	-2	-2	-2	-2	-2	95	104	119	104	168	151	214	225	-1
1005001000	-2	2747	940.111	1114.551	60.375	56.02	65.25	5.629	159.5	49.389	1006.667	159.5	0	0	4	9	9	1313	1909	2747	2494	0	0	0	0	-2	6	7	8	6	134	139	97	86	-2	62	62	75	62	-2	-2	-2	-2	-2	95	101	114	150	169	204	219	224	-1
1005001000	-2	2781	948.889	1147.414	60.625	55.785	65.5	5.5	159.625	49.242	1006.667	159.5	0	0	4	9	9	1099	2063	2781	2599	0	0	0	0	-2	6	9	8	6	134	139	97	86	-2	62	63	75	62	-2	-2	-2	-2	-2	95	102	114	150	169	204	219	224	-1
1005001000	-2	2987	950.444	1219.651	61.125	56.005	65.25	5.673	161.75	52.04	983.222	161.625	0	0	4	9	9	666	2194	2987	2709	0	0	0	0	-2	5	9	8	6	136	134	102	89	-2	61	62	75	63	-2	-2	-2	-2	-2	93	102	114	150	169	222	220	224	-1
1005001000	-2	2987	950.444	1219.651	61.125	56.005	65.25	5.673	161.75	52.04	983.222	161.625	0	0	4	9	9	666	2194	2987	2709	0	0	0	0	-2	5	9	8	6	136	134	102	89	-2	61	62	75	63	-2	-2	-2	-2	-2	93	102	114	150	169	222	220	224	-1
1005001000	-2	3482	1086.444	1314.226	64.125	60.23	66	5.788	163.625	50.562	1182.556	163.625	0	0	4	9	9	1387	2630	3482	2281	0	0	0	0	-2	5	9	8	6	157	134	109	85	-2	62	63	76	63	-2	-2	-2	-2	-2	105	103	117	137	182	222	219	224	-1
1005001000	-2	3482	1086.444	1314.226	64.125	60.23	66	5.788	163.625	50.562	1182.556	163.625	0	0	4	9	9	1387	2630	3482	2281	0	0	0	0	-2	5	9	8	6	157	134	109	85	-2	62	63	76	63	-2	-2	-2	-2	-2	105	103	117	137	182	222	219	224	-1
1004001000	-2	3007	957.111	1142.114	58.75	54.899	92.2	54.492	164.25	52.151	1144.333	164.25	0	0	4	9	9	1319	2129	3007	2161	0	0	0	0	-2	5	7	8	6	134	128	109	73	-2	62	63	71	64	-2	-2	-2	201	-2	105	103	113	137	184	227	220	225	-1
1004001000	-2	3743	1092.778	1330.79	59.125	54.554	92.4	54.386	164.375	52.005	1144.333	164.25	0	0	4	9	9	1586	2257	3743	2251	0	0	0	0	-2	5	10	8	6	134	128	109	73	-2	62	64	71	64	-2	-2	-2	201	-2	105	104	113	137	184	227	220	225	-1
1004001000	-2	3326	995.889	1216.181	53	47.471	89	48.117	171.375	59.137	981.556	171.125	0	0	4	9	9	1269	2093	3326	2277	0	0	0	0	-2	5	10	9	5	106	116	104	69	-2	61	65	71	63	-2	-2	-2	185	-2	104	104	112	138	202	226	253	232	-1
1003001000	-2	793	179.778	268.884	55.625	48.77	105	64.828	188.125	79.516	2281.556	188.125	0	0	3	9	9	128	12	170	793	0	0	0	517	-2	9	7	8	6	119	109	97	90	-2	60	59	64	56	-2	-2	213	178	-2	85	76	97	236	249	250	252	260	-1
1005001000	-2	4993	1220.778	1632.893	57.75	51.676	73.25	7.084	139.625	42.293	1496.667	169.75	0	0	4	9	9	4993	2470	2048	1478	0	0	0	0	-2	8	9	9	6	139	109	94	88	-2	71	77	82	63	-2	-2	-2	-2	-2	114	119	122	104	215	208	105	130	-1
1005001000	-2	4186	1547.889	1778.302	45.5	40.921	64.75	4.493	131.625	46.284	1554	170.625	0	0	4	9	9	3365	3829	2553	4186	0	0	0	0	-2	7	8	7	5	111	87	80	59	-2	60	67	71	61	-2	-2	-2	-2	-2	106	109	112	186	174	205	91	70	-1
1004001000	-2	3968	1553.667	1752.466	45.375	41.036	87.8	46.275	152.875	51.808	1554	170.625	0	0	3	9	9	3367	3959	2568	3968	0	0	0	123	-2	7	7	7	5	111	87	80	59	-2	60	67	71	61	-2	-2	-2	180	-2	106	109	112	186	174	205	91	240	-1
1005001000	-2	2991	1239.667	1391.759	52.5	46.856	63	1.871	167.5	53.619	1245.222	167.5	0	0	4	9	9	2819	2855	2494	2991	0	0	0	0	-2	5	8	7	5	115	101	88	91	-2	61	62	66	63	-2	-2	-2	-2	-2	103	103	109	159	190	205	232	239	-1
1005001000	-2	2991	1239.667	1391.759	52.5	46.856	63	1.871	167.5	53.619	1245.222	167.5	0	0	4	9	9	2819	2855	2494	2991	0	0	0	0	-2	5	8	7	5	115	101	88	91	-2	61	62	66	63	-2	-2	-2	-2	-2	103	103	109	159	190	205	232	239	-1
1004001000	-2	4116	1005.333	1337.285	54	48.265	89	57.051	167	57.077	1052	167	0	0	4	9	9	1361	1871	1702	4116	0	0	0	0	-2	5	7	7	6	117	104	94	92	-2	58	60	65	59	-2	-2	-2	203	-2	95	99	106	157	191	219	230	239	-1
1004001000	-2	4006	978.444	1298.931	54	48.265	89	57.051	167	57.077	1052	167	0	0	4	9	9	1397	1750	1655	4006	0	0	0	0	-2	5	7	7	6	117	104	94	92	-2	58	60	65	59	-2	-2	-2	203	-2	95	99	106	157	191	219	230	239	-1
1004001000	-2	3993	939	1301.256	53.125	47.651	87.6	55.269	160.75	51.246	1041.111	160.625	0	0	4	9	9	1154	1187	2119	3993	0	0	0	0	-2	5	8	7	6	120	104	92	83	-2	57	60	65	58	-2	-2	-2	198	-2	98	98	106	152	182	205	219	226	-1
1004001000	-2	3993	939	1301.256	53.125	47.651	87.6	55.269	160.75	51.246	1041.111	160.625	0	0	4	9	9	1154	1187	2119	3993	0	0	0	0	-2	5	8	7	6	120	104	92	83	-2	57	60	65	58	-2	-2	-2	198	-2	98	98	106	152	182	205	219	226	-1
1004001000	-2	3962	935.556	1322.522	51.5	46.433	87.2	54.492	165.25	54.781	1012.222	165.25	0	0	4	9	9	1046	1000	2414	3962	0	0	0	0	-2	5	8	7	5	117	102	91	77	-2	57	59	66	58	-2	-2	-2	196	-2	98	97	107	152	197	224	221	226	-1
1004001000	-2	3965	1061.556	1375.373	50.75	45.77	85.4	51.91	166.25	56.839	1212.667	166.125	0	0	3	9	9	1454	1118	2837	3965	0	0	0	182	-2	5	8	7	5	110	109	88	74	-2	57	58	66	57	-2	-2	-2	189	-2	93	97	108	152	201	227	221	231	-1
1004001000	-2	3965	1061.556	1375.373	50.75	45.77	85.4	51.91	166.25	56.839	1212.667	166.125	0	0	3	9	9	1454	1118	2837	3965	0	0	0	182	-2	5	8	7	5	110	109	88	74	-2	57	58	66	57	-2	-2	-2	189	-2	93	97	108	152	201	227	221	231	-1
1004001000	-2	3460	1040	1182.446	48.125	43.731	81.8	44.728	166.375	56.868	1272.889	166.375	0	0	3	9	9	1283	734	2497	3460	0	0	0	1388	-2	5	7	7	5	107	103	86	65	-2	57	58	66	57	-2	-2	-2	171	-2	99	95	107	147	202	228	222	231	-1
1004001000	-2	3460	1040	1182.446	48.125	43.731	81.8	44.728	166.375	56.868	1272.889	166.375	0	0	3	9	9	1283	734	2497	3460	0	0	0	1388	-2	5	7	7	5	107	103	86	65	-2	57	58	66	57	-2	-2	-2	171	-2	99	95	107	147	202	228	222	231	-1
1004001000	-2	1817	247.778	559.097	62.625	56.158	86.2	50.01	181.125	76.853	1733.778	181.875	0	0	4	9	9	130	0	84	201	0	0	0	1817	-2	8	7	7	6	133	122	115	103	-2	62	64	64	55	-2	-2	-2	186	-2	85	78	91	200	231	253	265	246	-1
1004001000	-2	6185	1338.667	2163.108	49.375	43.872	84.8	38.358	180.5	69.759	1660.444	180.5	0	0	4	9	9	0	4143	43	6185	0	0	0	1679	-2	7	8	8	5	113	95	91	68	-2	65	69	71	58	-2	-2	-2	161	-2	79	111	87	211	226	252	232	246	-1
1004001000	-2	5446	1588.111	1735.079	42	38.978	81.6	44.773	178.75	63.49	1582.222	178.75	0	0	3	9	9	2524	2591	2066	5446	0	0	0	1668	-2	5	7	6	4	105	83	75	51	-2	60	59	63	55	-2	-2	-2	171	-2	103	101	105	169	216	256	234	246	-1
1004001000	-2	5327	1577.889	1706.441	42	38.978	81.6	44.773	178.75	63.49	1582.222	178.75	0	0	3	9	9	2523	2547	2170	5327	0	0	0	1636	-2	5	7	6	4	105	83	75	51	-2	60	59	63	55	-2	-2	-2	171	-2	103	101	105	169	216	256	234	246	-1
1003001000	-2	4169	1485.111	1734.404	47.5	43.321	107.5	71.537	175.5	66.556	1649.333	175.5	0	0	3	9	9	3041	1985	4169	4042	0	0	0	131	-2	5	6	6	5	110	95	84	69	-2	56	59	59	54	-2	-2	215	202	-2	98	99	101	148	216	257	240	245	-1
1003002000	-2	4774	1588.333	1934.072	10	4.342	112.5	34.592	149	97.87	8393.444	183.5	0	0	4	9	9	0	0	0	0	4774	4451	3209	1863	-2	6	-2	5	5	10	14	15	15	-2	63	-2	-2	65	129	135	144	139	-2	82	21	27	84	244	241	255	238	-1
1001001000	-2	3963	1555.444	1692.688	11.875	6.679	101.875	48.305	173.875	91.045	4900.222	176.25	0	0	1	9	9	162	20	0	141	3963	3718	3043	2954	-2	6	6	6	5	12	20	22	18	-2	54	55	54	52	154	153	153	140	-2	85	84	69	115	318	266	249	205	-1
1001001000	-2	3241	739.111	1249.405	16.125	12.262	107.625	52.074	208.25	134.336	5039.444	211.25	0	0	1	9	9	247	17	0	267	-2	-2	3241	2886	-2	6	6	5	5	16	22	39	30	-2	56	58	56	53	161	164	164	149	-2	85	75	71	116	398	411	291	219	-1
1004001000	-2	1212	417.556	512.065	65	58.66	99	62.546	199.25	72.524	1927.778	199.25	0	0	4	9	9	1212	969	419	1160	0	0	0	0	-2	7	8	7	6	138	130	119	105	-2	66	72	68	65	-2	-2	-2	224	-2	109	102	109	271	232	255	265	251	-1
1004001000	-2	5723	1337.444	2088.611	49.875	43.97	87.8	47.427	183.25	72.859	1350	183.25	0	0	3	9	9	9	4573	558	5723	0	0	0	1176	-2	6	9	8	5	106	100	95	70	-2	63	72	67	55	-2	-2	-2	182	-2	78	114	89	194	233	256	233	269	-1
1004001000	-2	6498	1390.222	2244.361	49.875	43.97	87.8	47.427	183.25	72.859	1350	183.25	0	0	3	9	9	9	4349	500	6498	0	0	0	1158	-2	6	9	8	5	106	100	95	70	-2	63	72	67	55	-2	-2	-2	182	-2	78	114	89	194	233	256	233	269	-1
1003001000	-2	4573	1416.444	1724.349	37.75	35.947	93.167	56.268	170.625	76.756	1521.111	170.625	0	0	3	9	9	297	2578	1403	4573	0	0	0	3899	-2	4	6	5	4	96	77	70	40	-2	53	59	56	51	-2	-2	195	145	-2	76	100	86	123	217	257	236	270	-1
