1002001000	-2	779	357.333	324.668	97.625	9.499	204.857	8.271	256.875	65.25	14300.667	280	0	0	3	9	9	570	655	597	0	0	617	0	779	-2	97	90	84	109	89	94	108	110	-2	201	204	189	209	-2	202	214	215	-2	320	292	278	231	103	293	234	304	-1
1002001000	-2	747	316.444	217.04	111.875	11.516	207.571	6.207	272.375	53.374	13575.778	272.375	0	0	1	9	9	462	405	277	284	385	747	290	0	-2	117	97	93	112	113	110	130	123	-2	207	201	197	209	211	211	217	-2	-2	293	288	291	302	286	301	286	132	-1
1001001000	-2	11751	8700.222	3605.118	110.625	5.337	197.125	4.196	271.375	15.7	15481.778	272.375	0	0	0	9	9	11751	8481	5433	11620	10616	11482	9212	9709	-2	110	100	117	115	117	110	108	108	-2	198	192	195	197	203	204	196	192	-2	290	271	250	274	280	295	259	252	-1
1001001000	-2	11751	8700.222	3605.118	110.625	5.337	197.125	4.196	271.375	15.7	15481.778	272.375	0	0	0	9	9	11751	8481	5433	11620	10616	11482	9212	9709	-2	110	100	117	115	117	110	108	108	-2	198	192	195	197	203	204	196	192	-2	290	271	250	274	280	295	259	252	-1
1002002000	-2	13286	8377	4750.945	111.286	5.873	197.571	3.886	238.625	83.35	14994.667	269.875	0	0	1	9	9	10923	0	8209	13286	12139	10056	8511	12271	-2	114	-2	113	115	119	110	109	99	-2	198	-2	194	198	203	202	197	191	-2	290	21	253	273	280	283	256	253	-1
1002002000	-2	13675	8512.333	4861.173	111.286	5.873	197.571	3.886	238.625	83.35	14994.667	269.875	0	0	1	9	9	10943	0	8230	13675	12505	10188	8518	12554	-2	114	-2	113	115	119	110	109	99	-2	198	-2	194	198	203	202	197	191	-2	290	21	253	273	280	283	256	253	-1
1004004000	-2	10729	3779.111	3734.26	111	3.406	195.2	2.993	169.5	115.209	14048.778	263.25	0	0	3	9	9	0	0	5930	10729	0	4577	5623	7155	-2	-2	-2	113	116	-2	106	109	111	-2	-2	-2	194	196	-2	198	198	190	-2	21	21	252	263	21	265	267	246	-1
1004004000	-2	10729	3779.111	3734.26	111	3.406	195.2	2.993	169.5	115.209	14048.778	263.25	0	0	3	9	9	0	0	5930	10729	0	4577	5623	7155	-2	-2	-2	113	116	-2	106	109	111	-2	-2	-2	194	196	-2	198	198	190	-2	21	21	252	263	21	265	267	246	-1
1002001000	-2	8980	3601.222	2690.351	114.75	4.409	195.714	3.99	244.25	45.096	12160.444	244.25	0	0	1	9	9	0	4664	4140	8980	1714	3555	3466	5894	-2	116	115	114	120	120	105	115	113	-2	-2	195	194	197	200	195	201	188	-2	127	267	253	264	265	261	273	244	-1
1002001000	-2	5313	2267.222	1936.379	114.75	4.409	195.714	3.99	236.25	44.409	12160.444	244.25	0	0	1	9	9	0	3935	3258	5313	980	653	1609	4659	-2	116	115	114	120	120	105	115	113	-2	-2	195	194	197	200	195	201	188	-2	127	267	253	243	265	218	273	244	-1
1001001000	-2	8115	4196.222	2337.019	116.875	6.071	196.625	5.407	266.375	15.475	13743	266.375	0	0	0	9	9	5108	4691	3419	6689	1330	4386	4030	8115	-2	116	117	114	122	125	105	123	113	-2	204	198	193	198	199	195	201	185	-2	291	284	253	265	264	262	273	239	-1
1006001000	-2	0	-0.222	0.629	74.75	19.753	216.333	8.807	143.25	79.034	4757.333	177.5	0	0	8	9	9	0	0	0	0	0	0	0	0	-2	54	54	80	105	63	84	56	102	-2	-2	-2	204	221	-2	224	-2	-2	-2	63	78	229	249	70	247	76	134	-1
1002001000	-2	874	402	288.521	111.25	9.846	211.571	5.395	276	54.802	13084.111	276	0	0	1	9	9	714	306	874	416	208	471	631	0	-2	116	97	95	112	114	110	123	123	-2	211	201	209	213	218	211	218	-2	-2	307	295	291	303	286	301	293	132	-1
1001001000	-2	7069	1594.556	2005.645	133.25	6.591	216.5	4.583	286.75	8.628	12438	287.5	0	0	0	9	9	1317	1917	500	1177	464	7069	824	1085	-2	142	129	125	125	140	134	130	141	-2	216	210	217	217	219	221	223	209	-2	279	270	291	289	286	301	286	292	-1
1001001000	-2	11453	3245.222	3265.173	132.75	6.379	216.875	5.278	276.125	17.069	12370.111	287.625	0	0	1	9	9	3787	1985	0	4810	2142	11453	3186	1846	-2	143	129	128	126	139	133	125	139	-2	217	212	222	217	217	223	221	206	-2	279	269	241	283	265	303	286	283	-1
1001001000	-2	11453	3245.222	3265.173	132.75	6.379	216.875	5.278	276.125	17.069	12370.111	287.625	0	0	1	9	9	3787	1985	0	4810	2142	11453	3186	1846	-2	143	129	128	126	139	133	125	139	-2	217	212	222	217	217	223	221	206	-2	279	269	241	283	265	303	286	283	-1
1001001000	-2	13743	10588.111	3882.118	126.25	7.412	214.75	5.238	294.25	7.98	11603	294.25	0	0	0	9	9	11978	13091	11490	10901	12680	10812	10600	13743	-2	140	120	125	126	135	125	115	124	-2	215	212	213	218	217	220	220	203	-2	290	290	292	288	312	302	287	293	-1
1005005000	-2	15379	5875.667	6802.383	111.5	4.272	196.75	1.785	145	124.216	14801.111	267.75	0	0	4	9	9	0	0	8690	14337	0	14477	15379	0	-2	-2	-2	117	114	-2	109	106	-2	-2	-2	-2	195	199	-2	198	195	-2	-2	21	21	254	274	21	282	266	21	-1
1005005000	-2	15379	5875.667	6802.383	111.5	4.272	196.75	1.785	145	124.216	14801.111	267.75	0	0	4	9	9	0	0	8690	14337	0	14477	15379	0	-2	-2	-2	117	114	-2	109	106	-2	-2	-2	-2	195	199	-2	198	195	-2	-2	21	21	254	274	21	282	266	21	-1
1004004000	-2	14019	5939.778	5705.532	105.6	10.288	190.8	4.534	164.5	111.441	13136.667	254.75	0	0	3	9	9	0	0	6379	13429	0	10146	14019	9487	-2	-2	-2	116	114	-2	107	104	87	-2	-2	-2	192	195	-2	192	193	182	-2	21	21	246	261	21	257	256	233	-1
1004004000	-2	14598	6072.667	5877.906	105.6	10.288	190.8	4.534	164.5	111.441	13136.667	254.75	0	0	3	9	9	0	0	6404	13929	0	10159	14598	9566	-2	-2	-2	116	114	-2	107	104	87	-2	-2	-2	192	195	-2	192	193	182	-2	21	21	246	261	21	257	256	233	-1
1001001000	-2	13638	7555.889	4141.322	107.125	8.795	191.875	4.936	253.75	11.189	12602.111	253.75	0	0	0	9	9	6929	4814	3731	13638	9395	8226	13365	7907	-2	113	104	115	115	113	104	106	87	-2	195	190	191	194	198	190	196	181	-2	271	253	245	257	259	252	262	231	-1
1001001000	-2	13792	7773.111	3585.078	107.125	8.795	191.875	4.936	253.75	11.189	12602.111	253.75	0	0	0	9	9	8017	6386	5351	13792	8889	8714	10763	8048	-2	113	104	115	115	113	104	106	87	-2	195	190	191	194	198	190	196	181	-2	271	253	245	257	259	252	262	231	-1
1001001000	-2	13859	7442.222	3575.82	106.875	9.212	191.375	5.219	250.75	9.808	12464.444	250.75	0	0	0	9	9	6998	8560	4661	13859	9138	6050	9349	8367	-2	111	109	114	115	116	103	100	87	-2	194	195	191	194	195	188	195	179	-2	260	260	244	254	254	245	259	230	-1
1002002000	-2	11887	5506.667	3863.891	105.571	9.132	190.857	5.383	221.625	76.451	12464.444	250.75	0	0	1	9	9	8228	6394	2705	11887	0	4126	8970	7252	-2	111	109	114	115	-2	103	100	87	-2	194	195	191	194	-2	188	195	179	-2	260	260	244	254	21	245	259	230	-1
1001001000	-2	11132	5943.778	3255.981	106.125	8.978	192.875	5.036	256.125	12.313	13062.556	256.125	0	0	0	9	9	11132	5527	4146	9594	5735	3543	4819	9000	-2	110	111	114	115	111	103	98	87	-2	195	197	192	193	198	191	196	181	-2	272	272	248	255	262	246	260	234	-1
1001001000	-2	10863	6030.667	2978.297	106.125	8.978	192.875	5.036	256.125	12.313	13062.556	256.125	0	0	0	9	9	9002	6469	5377	10863	5719	4398	4250	8200	-2	110	111	114	115	111	103	98	87	-2	195	197	192	193	198	191	196	181	-2	272	272	248	255	262	246	260	234	-1
1002001000	-2	11644	6189.667	3901.143	109	10.05	197.571	5.315	253.875	56.929	12245.333	253.875	0	0	1	9	9	8017	6514	9879	11644	5368	4796	0	9491	-2	111	116	118	116	119	104	99	89	-2	201	202	200	199	201	194	-2	186	-2	292	300	272	273	277	262	109	246	-1
1002001000	-2	13083	6746.444	4286.273	109	10.05	197.571	5.315	253.875	56.929	12245.333	253.875	0	0	1	9	9	8981	6945	10443	13083	5815	5211	0	10242	-2	111	116	118	116	119	104	99	89	-2	201	202	200	199	201	194	-2	186	-2	292	300	272	273	277	262	109	246	-1
1002001000	-2	11229	5843.556	3508.412	116.5	6.325	204.429	7.248	271.5	57.799	11533.889	271.5	0	0	1	9	9	0	6914	7114	8770	6596	5111	6860	11229	-2	116	120	124	121	124	107	110	110	-2	-2	214	205	208	207	201	207	189	-2	124	300	305	285	307	298	297	256	-1
1001001000	-2	11912	6317.556	3130.517	121.25	5.673	209.625	8.015	291.25	17.789	11452.111	296.125	0	0	0	9	9	3620	6889	9000	6095	5734	5998	7612	11912	-2	126	122	126	123	129	112	118	114	-2	213	221	207	213	215	203	212	193	-2	252	301	299	288	307	310	296	277	-1
1001001000	-2	13956	7344.444	3601.258	121.25	5.673	209.625	8.015	296.125	10.005	11452.111	296.125	0	0	0	9	9	6191	7086	10933	8058	5627	6348	7903	13956	-2	126	122	126	123	129	112	118	114	-2	213	221	207	213	215	203	212	193	-2	291	301	299	288	307	310	296	277	-1
1001001000	-2	11232	5640.556	3223.835	129.375	5.957	221.625	9.205	293.625	8.817	6643.444	293.625	0	0	0	9	9	7077	2823	11232	4428	6766	5956	3338	9147	-2	126	127	122	127	134	134	141	124	-2	218	235	211	217	223	225	235	209	-2	302	302	300	282	289	297	299	278	-1
1001001000	-2	10698	5227.556	2992.39	130.875	7.524	223.25	9.731	298.75	5.19	6601.222	298.75	0	0	0	9	9	6473	2780	10698	3995	5668	5728	3302	8406	-2	124	126	121	134	138	135	144	125	-2	217	236	213	218	226	228	238	210	-2	303	309	300	296	290	297	298	297	-1
1001001000	-2	12147	6726.111	3429.639	128.25	6.418	220.25	8.151	298.75	5.117	7592.778	298.75	0	0	0	9	9	7912	4691	12147	5691	7371	6856	4676	11193	-2	125	124	118	127	133	135	139	125	-2	215	231	212	217	219	224	234	210	-2	294	304	302	297	290	307	298	298	-1
1001001000	-2	12029	6677.222	3398.691	128.25	6.418	220.25	8.151	298.75	5.117	7592.778	298.75	0	0	0	9	9	7807	4679	12029	5696	7371	6691	4676	11148	-2	125	124	118	127	133	135	139	125	-2	215	231	212	217	219	224	234	210	-2	294	304	302	297	290	307	298	298	-1
1005001000	-2	0	-0.222	0.629	79.625	18.357	217	6.164	160.5	81.1	6692.111	206.625	0	0	8	9	9	0	0	0	0	0	0	0	0	-2	97	55	84	105	61	93	56	86	-2	211	-2	211	221	-2	225	-2	-2	-2	238	78	233	247	70	247	77	94	-1
1003001000	-2	324	169	126.517	121.75	12.039	214.833	5.871	247.75	68.695	11718.889	259.875	0	0	2	9	9	0	254	179	264	207	0	295	324	-2	121	99	109	129	133	121	123	139	-2	-2	203	215	216	221	-2	220	214	-2	135	295	244	296	285	130	293	304	-1
1003001000	-2	490	156.111	166.27	124.375	10.416	212.167	5.336	244	66.519	12381.778	256.375	0	0	2	9	9	0	56	71	176	293	0	321	490	-2	124	103	120	129	135	121	123	140	-2	-2	202	216	213	215	-2	218	209	-2	135	271	235	296	285	133	293	304	-1
1003001000	-2	249	52	83.925	124.375	10.416	212.167	5.336	219.25	53.218	12381.778	256.375	0	0	5	9	9	0	0	0	85	136	0	0	249	-2	124	103	120	129	135	121	123	140	-2	-2	202	216	213	215	-2	218	209	-2	135	222	234	243	255	133	237	295	-1
1001001000	-2	13576	7706.556	3831.632	135	6.164	223.375	5.999	289.125	9.36	8833.889	289.125	0	0	0	9	9	10666	7898	3223	9624	9960	6973	7441	13576	-2	145	131	129	134	140	140	125	136	-2	222	225	230	225	220	230	225	210	-2	290	280	292	287	273	304	287	300	-1
1007007000	-2	13604	2541.111	4863.12	111	8	195.5	2.5	81.375	104.575	15404.333	268.875	0	0	6	9	9	0	0	9268	0	0	0	13604	0	-2	-2	-2	119	-2	-2	-2	103	-2	-2	-2	-2	198	-2	-2	-2	193	-2	-2	21	21	261	21	21	21	264	21	-1
1007007000	-2	13604	2541.111	4863.12	111	8	195.5	2.5	81.375	104.575	15404.333	268.875	0	0	6	9	9	0	0	9268	0	0	0	13604	0	-2	-2	-2	119	-2	-2	-2	103	-2	-2	-2	-2	198	-2	-2	-2	193	-2	-2	21	21	261	21	21	21	264	21	-1
1006005000	-2	13085	3633.222	5287.861	98.5	14.841	188.667	4.784	114.625	105.367	10672.333	228.125	0	0	5	9	9	0	0	7958	0	0	11658	13085	0	-2	-2	-2	117	82	-2	109	86	-2	-2	-2	-2	193	-2	-2	191	182	-2	-2	21	21	250	90	21	251	242	21	-1
1005004000	-2	13987	5613.222	6400.604	98	13.312	188.25	4.206	143	106.888	10672.333	228.125	0	0	4	9	9	0	13987	9412	0	0	13200	13922	0	-2	-2	96	117	82	-2	109	86	-2	-2	-2	187	193	-2	-2	191	182	-2	-2	21	248	250	90	21	251	242	21	-1
1003001000	-2	14176	7189.111	5472.274	96.625	10.897	187.167	5.273	206.625	62.113	8329.111	206.625	0	0	2	9	9	14176	0	7636	0	11640	11298	12544	7410	-2	107	85	116	93	96	105	86	85	-2	191	-2	191	-2	192	189	182	178	-2	251	96	244	104	249	246	240	223	-1
1003001000	-2	14176	7189.111	5472.274	96.625	10.897	187.167	5.273	206.625	62.113	8329.111	206.625	0	0	2	9	9	14176	0	7636	0	11640	11298	12544	7410	-2	107	85	116	93	96	105	86	85	-2	191	-2	191	-2	192	189	182	178	-2	251	96	244	104	249	246	240	223	-1
1002001000	-2	11404	5222.667	4220.057	98.75	9.47	184.714	5.573	221.375	45.555	9740.667	221.375	0	0	1	9	9	10357	3152	4524	0	11404	2583	10582	4404	-2	109	99	115	96	97	102	87	85	-2	191	183	190	-2	189	186	179	175	-2	249	241	243	103	244	241	230	220	-1
1002001000	-2	11404	5222.667	4220.057	98.75	9.47	184.714	5.573	221.375	45.555	9740.667	221.375	0	0	1	9	9	10357	3152	4524	0	11404	2583	10582	4404	-2	109	99	115	96	97	102	87	85	-2	191	183	190	-2	189	186	179	175	-2	249	241	243	103	244	241	230	220	-1
1002001000	-2	11456	5082.889	4133.871	100.625	9.823	184.571	5.341	220	42.778	9808	222.5	0	0	1	9	9	10313	4928	4388	11456	0	816	9003	4844	-2	109	105	113	110	98	98	86	86	-2	192	186	189	187	-2	184	178	176	-2	253	245	242	242	111	217	228	222	-1
1002001000	-2	11456	5035.556	4107.086	100.625	9.823	184.571	5.341	220	42.778	9808	222.5	0	0	1	9	9	10208	4928	4205	11456	0	833	8869	4823	-2	109	105	113	110	98	98	86	86	-2	192	186	189	187	-2	184	178	176	-2	253	245	242	242	111	217	228	222	-1
1001001000	-2	10836	6130.444	3511.427	101.375	9.899	186.625	4.998	241.5	11.979	11839.556	243.625	0	0	0	9	9	9801	7851	4985	10836	9185	1316	6052	5150	-2	108	108	115	110	98	98	87	87	-2	192	186	190	188	193	186	179	179	-2	257	248	246	246	254	222	230	229	-1
1001001000	-2	10836	6130.444	3511.427	101.375	9.899	186.625	4.998	241.5	11.979	11839.556	243.625	0	0	0	9	9	9801	7851	4985	10836	9185	1316	6052	5150	-2	108	108	115	110	98	98	87	87	-2	192	186	190	188	193	186	179	179	-2	257	248	246	246	254	222	230	229	-1
1002001000	-2	12313	6831.889	4993.525	103.125	10.659	191.857	4.853	236.875	51.202	11619	240.5	0	0	1	9	9	11059	5223	9590	12313	10271	998	0	12035	-2	109	110	117	114	98	102	88	87	-2	193	197	193	194	195	190	-2	181	-2	272	273	262	260	262	220	109	237	-1
1003001000	-2	11099	6110.444	4584.302	105.625	10.38	196.5	5.737	235.625	71.934	10454.556	235.625	0	0	2	9	9	11058	8591	9780	11099	0	5561	0	8907	-2	110	115	118	116	100	105	92	89	-2	197	204	200	199	-2	193	-2	186	-2	284	309	277	271	119	264	109	252	-1
1003001000	-2	11099	6110.444	4584.302	105.625	10.38	196.5	5.737	235.625	71.934	10454.556	235.625	0	0	2	9	9	11058	8591	9780	11099	0	5561	0	8907	-2	110	115	118	116	100	105	92	89	-2	197	204	200	199	-2	193	-2	186	-2	284	309	277	271	119	264	109	252	-1
1005001000	-2	10677	3641.778	4195.518	109.125	9.034	208	4.95	208.75	96.362	6289.222	208.75	0	0	4	9	9	0	7285	10677	8100	0	6716	0	0	-2	111	118	120	117	102	112	94	99	-2	-2	216	205	208	-2	203	-2	-2	-2	125	315	293	299	113	312	106	107	-1
1005001000	-2	10911	3893.222	4440.576	109.125	9.034	208	4.95	208.75	96.362	6289.222	208.75	0	0	4	9	9	0	8711	10911	7511	0	7908	0	0	-2	111	118	120	117	102	112	94	99	-2	-2	216	205	208	-2	203	-2	-2	-2	125	315	293	299	113	312	106	107	-1
1004001000	-2	12718	5598.556	5267.462	108.625	7.745	203.4	8.593	228.25	87.735	8188.889	228.25	0	0	3	9	9	0	7263	11810	7735	0	10863	0	12718	-2	110	118	115	117	101	108	94	106	-2	-2	218	203	202	-2	203	-2	191	-2	125	315	287	292	114	312	110	271	-1
1004001000	-2	11757	5313.889	4988.84	108.625	7.745	203.4	8.593	228.25	87.735	8188.889	228.25	0	0	3	9	9	0	6722	11757	7603	0	10376	0	11369	-2	110	118	115	117	101	108	94	106	-2	-2	218	203	202	-2	203	-2	191	-2	125	315	287	292	114	312	110	271	-1
1003001000	-2	12775	6930.444	5276.06	114.125	5.061	209.333	6.823	255.75	79.345	8069.333	255.75	0	0	2	9	9	0	7180	12775	6970	0	11306	11789	12356	-2	111	119	116	122	105	117	111	112	-2	-2	221	208	210	-2	207	212	198	-2	125	310	300	310	114	311	298	278	-1
1002001000	-2	9933	5684.444	3476.072	114.875	5.11	208.857	6.621	273.125	62.595	9693.667	278.625	0	0	1	9	9	6706	5429	9933	4503	0	8097	6732	9762	-2	110	118	116	121	106	122	113	113	-2	205	222	207	208	-2	208	213	199	-2	302	309	302	252	114	311	298	297	-1
1006001000	-2	0	-0.222	0.629	21.875	5.487	219.667	9.463	227.125	22.178	11653.556	415.5	0	0	8	9	9	0	0	0	0	0	0	0	0	-2	31	22	23	13	29	18	20	19	-2	-2	-2	212	-2	-2	214	233	-2	-2	212	200	244	239	199	245	263	215	-1
1001001000	-2	1444	559.111	401.985	128.125	12.293	212.625	6.224	290.5	8.746	16958.333	292.25	0	0	0	9	9	615	407	957	467	182	1444	414	548	-2	137	100	122	131	135	137	123	140	-2	208	201	219	213	218	219	216	207	-2	279	295	290	303	285	301	293	278	-1
1002001000	-2	1298	585.444	414.994	129.625	12.257	208.714	5.675	267.5	56.87	15482.556	267.5	0	0	1	9	9	642	0	1096	543	509	1298	795	388	-2	140	102	124	132	137	139	123	140	-2	203	-2	217	205	211	213	212	200	-2	290	122	309	281	286	302	293	257	-1
1002001000	-2	680	337.889	239.337	129.375	11.532	203.143	6.128	248.75	49.355	13593.111	251.125	0	0	1	9	9	484	0	607	449	93	680	390	340	-2	141	104	125	130	136	138	122	139	-2	201	-2	215	196	204	207	203	196	-2	267	123	294	256	261	279	262	248	-1
1002001000	-2	824	355.222	260.638	129.375	11.532	203.143	6.128	247.625	48.404	13593.111	251.125	0	0	1	9	9	390	0	562	451	93	824	410	469	-2	141	104	125	130	136	138	122	139	-2	201	-2	215	196	204	207	203	196	-2	267	123	285	256	261	279	262	248	-1
1002002000	-2	4665	1733.222	1890.316	135.857	6.266	212.857	4.486	229.25	81.989	14894.889	293.125	0	0	1	9	9	483	1637	0	487	3800	4665	4454	75	-2	145	132	-2	135	140	140	124	135	-2	216	217	-2	212	210	218	213	204	-2	239	255	21	236	296	269	289	229	-1
1002002000	-2	5535	1984.444	2213.662	135.857	6.266	212.857	4.486	229.375	82.081	14894.889	293.125	0	0	1	9	9	499	1716	0	523	4427	5083	5535	79	-2	145	132	-2	135	140	140	124	135	-2	216	217	-2	212	210	218	213	204	-2	239	255	21	236	296	269	290	229	-1
1004004000	-2	15971	7906.444	7185.765	124.4	7.605	211	4	195.625	135.442	14860.556	298.25	0	0	3	9	9	0	14683	11158	0	13806	15542	15971	0	-2	-2	121	125	-2	134	130	112	-2	-2	-2	212	214	-2	205	216	208	-2	-2	21	296	313	21	289	308	296	21	-1
1001001000	-2	14741	10680.222	4061.807	125.625	8.873	210.75	6.26	298.25	10.244	14860.556	298.25	0	0	0	9	9	10325	11832	10309	12154	14291	11719	10753	14741	-2	139	121	125	130	134	130	112	114	-2	218	212	214	215	205	216	208	198	-2	299	296	313	306	289	308	296	279	-1
1002001000	-2	12909	8784.444	4776.093	104.75	11.486	196.429	5.827	248.5	48.42	12582.111	248.5	0	0	1	9	9	0	11169	11237	11266	12335	9815	10331	12909	-2	109	100	122	115	100	114	91	87	-2	-2	195	201	198	202	201	194	184	-2	124	268	269	268	266	286	266	241	-1
1002001000	-2	12909	8784.444	4776.093	104.75	11.486	196.429	5.827	248.5	48.42	12582.111	248.5	0	0	1	9	9	0	11169	11237	11266	12335	9815	10331	12909	-2	109	100	122	115	100	114	91	87	-2	-2	195	201	198	202	201	194	184	-2	124	268	269	268	266	286	266	241	-1
1001001000	-2	12738	9399	4055.466	86.125	15.839	183.25	7.546	236.5	10.21	10712	236.5	0	0	0	9	9	11944	11668	8910	11959	10987	12738	11704	4683	-2	95	70	115	71	79	105	73	81	-2	189	176	191	188	188	187	179	168	-2	244	233	241	244	241	244	233	212	-1
1002002000	-2	14799	9111.889	5591.638	88.571	15.472	184.286	7.516	210	72.149	10712	236.5	0	0	1	9	9	14799	0	10941	13295	11708	13941	12641	4684	-2	95	-2	115	72	79	105	73	81	-2	189	-2	191	188	188	187	179	168	-2	244	21	241	244	241	244	233	212	-1
1002001000	-2	13081	8455.889	5169.977	86.5	13.143	179.714	5.824	213.5	47.249	9223.111	213.5	0	0	1	9	9	13081	11413	11690	0	11717	12207	11986	4011	-2	100	71	108	79	79	100	73	82	-2	186	174	182	-2	186	182	179	169	-2	238	230	232	90	238	237	229	214	-1
1002001000	-2	13081	8455.889	5169.977	86.5	13.143	179.714	5.824	213.5	47.249	9223.111	213.5	0	0	1	9	9	13081	11413	11690	0	11717	12207	11986	4011	-2	100	71	108	79	79	100	73	82	-2	186	174	182	-2	186	182	179	169	-2	238	230	232	90	238	237	229	214	-1
1002001000	-2	12183	7832.444	4823.389	87.625	11.521	180.857	5.817	215.375	45.299	9176	215.375	0	0	1	9	9	11557	0	11097	11547	12183	7487	12108	4515	-2	102	74	105	86	82	97	73	82	-2	186	-2	182	186	186	180	177	169	-2	239	97	232	236	239	236	228	216	-1
1002001000	-2	12183	7832.444	4823.389	87.625	11.521	180.857	5.817	215.375	45.299	9176	215.375	0	0	1	9	9	11557	0	11097	11547	12183	7487	12108	4515	-2	102	74	105	86	82	97	73	82	-2	186	-2	182	186	186	180	177	169	-2	239	97	232	236	239	236	228	216	-1
1003001000	-2	12006	6194	5072.564	90.375	11.247	179.667	5.249	197.125	59.796	7691.778	197.125	0	0	2	9	9	11420	0	10821	11666	0	4303	12006	5532	-2	101	85	111	91	82	96	73	84	-2	183	-2	186	185	-2	176	176	172	-2	236	97	238	236	91	231	228	220	-1
1003001000	-2	12006	6195.333	5077.885	90.375	11.247	179.667	5.249	197.125	59.796	7691.778	197.125	0	0	2	9	9	11437	0	10840	11666	0	4263	12006	5548	-2	101	85	111	91	82	96	73	84	-2	183	-2	186	185	-2	176	176	172	-2	236	97	238	236	91	231	228	220	-1
1003001000	-2	13460	6468.667	5310.807	89.625	11.575	179	5.447	198.125	60.088	7838.889	198.125	0	0	2	9	9	13460	0	10645	11747	0	3207	11012	8149	-2	97	81	112	92	81	97	73	84	-2	181	-2	186	185	-2	177	173	172	-2	236	97	241	238	92	231	227	223	-1
1003001000	-2	15304	7232.889	5644.767	90.25	11.267	184.667	5.249	208.25	66.073	9321.222	208.25	0	0	2	9	9	15304	0	12854	10682	0	5780	10938	9540	-2	96	83	112	92	81	99	74	85	-2	187	-2	191	188	-2	186	181	175	-2	255	97	257	247	92	245	240	233	-1
1003001000	-2	15304	7232.889	5644.767	90.25	11.267	184.667	5.249	208.25	66.073	9321.222	208.25	0	0	2	9	9	15304	0	12854	10682	0	5780	10938	9540	-2	96	83	112	92	81	99	74	85	-2	187	-2	191	188	-2	186	181	175	-2	255	97	257	247	92	245	240	233	-1
1005001000	-2	14457	4890.778	5751.155	90.25	10.545	185.25	4.437	174.875	74.526	6480.444	174.875	0	0	4	9	9	14457	0	12664	0	0	9084	0	7814	-2	96	82	110	92	82	99	75	86	-2	187	-2	190	-2	-2	186	-2	178	-2	255	97	258	104	92	247	110	236	-1
1004001000	-2	16138	6298	6059.271	93.25	10.86	191.8	5.307	206	81.414	8252.889	206	0	0	3	9	9	16138	11091	12955	0	0	8167	0	8333	-2	94	104	107	92	82	105	75	87	-2	192	198	193	-2	-2	194	-2	182	-2	275	288	268	104	92	265	110	246	-1
1005001000	-2	13388	4330.222	5043.157	92.5	11.747	193.5	6.538	189	91.545	6695.667	189	0	0	4	9	9	0	8421	13388	0	0	8276	0	8889	-2	83	106	107	91	84	107	75	87	-2	-2	201	195	-2	-2	195	-2	183	-2	91	321	272	104	93	271	110	250	-1
1005001000	-2	13388	4330.222	5043.157	92.5	11.747	193.5	6.538	189	91.545	6695.667	189	0	0	4	9	9	0	8421	13388	0	0	8276	0	8889	-2	83	106	107	91	84	107	75	87	-2	-2	201	195	-2	-2	195	-2	183	-2	91	321	272	104	93	271	110	250	-1
1005001000	-2	10677	4216.111	4766.195	90.125	10.856	190.5	5.5	183.375	82.796	6447.222	183.375	0	0	4	9	9	9396	0	10677	0	0	7840	0	10034	-2	83	84	107	92	84	108	76	87	-2	190	-2	193	-2	-2	197	-2	182	-2	274	97	269	104	93	271	110	249	-1
1005001000	-2	10677	4216.111	4766.195	90.125	10.856	190.5	5.5	183.375	82.796	6447.222	183.375	0	0	4	9	9	9396	0	10677	0	0	7840	0	10034	-2	83	84	107	92	84	108	76	87	-2	190	-2	193	-2	-2	197	-2	182	-2	274	97	269	104	93	271	110	249	-1
1006001000	-2	10323	2255.667	3510.205	90.25	10.825	189.667	5.793	160	78.64	4861.444	160	0	0	5	9	9	0	0	4589	0	0	5391	0	10323	-2	83	83	106	91	85	109	76	89	-2	-2	-2	191	-2	-2	196	-2	182	-2	92	98	264	104	93	271	110	248	-1
1001001000	-2	0	-0.222	0.629	19.25	4.684	185.75	6.514	213.875	6.547	22469.111	289.5	0	0	8	9	9	0	0	0	0	0	0	0	0	-2	27	20	20	12	25	15	19	16	-2	181	174	181	194	187	185	190	194	-2	207	202	211	220	216	213	220	222	-1
1001001000	-2	560	226.444	195.926	123.125	12.374	194.5	5.477	231.25	16.498	11813.111	244.75	0	0	2	9	9	343	0	204	0	153	560	447	333	-2	137	100	121	125	133	137	109	123	-2	196	186	205	190	198	196	195	190	-2	249	202	230	208	234	248	244	235	-1
1001001000	-2	6138	1506.333	2024.832	132	5	204.625	5.314	252.375	31.827	16136	272.5	0	0	2	9	9	0	0	3405	129	6138	2524	1288	75	-2	140	129	132	133	137	132	122	131	-2	203	204	217	203	206	205	202	197	-2	221	221	299	229	282	284	267	216	-1
1001001000	-2	16778	11235.556	4620.878	130.25	6.476	213.75	6.036	298.75	8.452	14781.333	298.875	0	0	0	9	9	12957	11254	8575	10287	14219	11971	15081	16778	-2	138	128	131	133	137	132	116	127	-2	218	217	224	213	209	216	210	203	-2	298	281	297	300	313	305	296	300	-1
1001001000	-2	16778	11235.556	4620.878	130.25	6.476	213.75	6.036	298.75	8.452	14781.333	298.875	0	0	0	9	9	12957	11254	8575	10287	14219	11971	15081	16778	-2	138	128	131	133	137	132	116	127	-2	218	217	224	213	209	216	210	203	-2	298	281	297	300	313	305	296	300	-1
1007007000	-2	13874	3060.111	5725.682	116	9	203.5	2.5	90.5	120.462	13306.667	268	0	0	6	9	9	0	13874	0	0	0	13669	0	0	-2	-2	107	-2	-2	-2	125	-2	-2	-2	-2	201	-2	-2	-2	206	-2	-2	-2	21	290	21	21	21	308	21	21	-1
1007007000	-2	13874	3060.111	5725.682	116	9	203.5	2.5	90.5	120.462	13306.667	268	0	0	6	9	9	0	13874	0	0	0	13669	0	0	-2	-2	107	-2	-2	-2	125	-2	-2	-2	-2	201	-2	-2	-2	206	-2	-2	-2	21	290	21	21	21	308	21	21	-1
1005004000	-2	12427	4314.667	5081.821	82	19.339	175.75	7.155	130.125	96.773	6789.889	185.875	0	0	4	9	9	10648	0	9878	0	0	12427	0	5881	-2	74	-2	108	-2	65	102	-2	61	-2	176	-2	181	-2	-2	182	-2	164	-2	225	21	229	21	78	238	21	208	-1
1005004000	-2	12427	4314.667	5081.821	82	19.339	175.75	7.155	130.125	96.773	6789.889	185.875	0	0	4	9	9	10648	0	9878	0	0	12427	0	5881	-2	74	-2	108	-2	65	102	-2	61	-2	176	-2	181	-2	-2	182	-2	164	-2	225	21	229	21	78	238	21	208	-1
1003001000	-2	10571	5172.556	4102.688	75.125	16.027	169.833	5.814	185.5	59.283	5329.444	185.5	0	0	2	9	9	0	10571	8842	7086	0	8453	8388	3215	-2	80	62	103	54	65	97	69	71	-2	-2	168	180	171	-2	173	165	162	-2	89	220	228	221	78	226	216	206	-1
1003001000	-2	10571	5172.556	4102.688	75.125	16.027	169.833	5.814	185.5	59.283	5329.444	185.5	0	0	2	9	9	0	10571	8842	7086	0	8453	8388	3215	-2	80	62	103	54	65	97	69	71	-2	-2	168	180	171	-2	173	165	162	-2	89	220	228	221	78	226	216	206	-1
1003001000	-2	10447	5059.111	4097.305	77.625	14.309	170	5.888	185.625	59.372	5369.778	185.625	0	0	2	9	9	0	10447	9698	7286	0	7688	7639	2776	-2	81	66	104	63	66	97	70	74	-2	-2	171	179	172	-2	173	163	162	-2	89	223	228	221	78	226	213	207	-1
1003001000	-2	10447	5059.111	4097.305	77.625	14.309	170	5.888	185.625	59.372	5369.778	185.625	0	0	2	9	9	0	10447	9698	7286	0	7688	7639	2776	-2	81	66	104	63	66	97	70	74	-2	-2	171	179	172	-2	173	163	162	-2	89	223	228	221	78	226	213	207	-1
1002001000	-2	10741	6520	4154.665	78.125	12.201	169.429	5.341	203.75	43.427	7049.111	203.875	0	0	1	9	9	0	10741	10629	7833	9399	9322	8130	2628	-2	81	70	103	70	66	92	70	73	-2	-2	172	178	172	169	171	162	162	-2	90	225	228	221	221	224	213	208	-1
1002001000	-2	10741	6520	4154.665	78.125	12.201	169.429	5.341	203.75	43.427	7049.111	203.875	0	0	1	9	9	0	10741	10629	7833	9399	9322	8130	2628	-2	81	70	103	70	66	92	70	73	-2	-2	172	178	172	169	171	162	162	-2	90	225	228	221	221	224	213	208	-1
1002001000	-2	11380	7141.333	4299.87	78.125	11.174	170.429	5.206	204.125	47.588	7802.222	204.125	0	0	1	9	9	11380	9334	10787	10574	0	9813	8141	4245	-2	81	72	100	70	67	92	70	73	-2	176	172	175	173	-2	172	163	162	-2	223	227	226	222	79	228	217	211	-1
1002001000	-2	11382	7125.667	4294.886	78.125	11.174	170.429	5.206	204.125	47.588	7802.222	204.125	0	0	1	9	9	11382	9263	10787	10559	0	9784	8141	4217	-2	81	72	100	70	67	92	70	73	-2	176	172	175	173	-2	172	163	162	-2	223	227	226	222	79	228	217	211	-1
1002001000	-2	12788	8139.333	4738.189	79	11.705	173.571	6.253	211.625	43.852	8645.111	211.625	0	0	1	9	9	12788	0	11881	12565	10591	9825	9423	6183	-2	81	74	103	70	67	92	70	75	-2	178	-2	181	174	179	174	166	163	-2	231	97	235	226	235	233	222	214	-1
1002001000	-2	12788	8139.333	4738.189	79	11.705	173.571	6.253	211.625	43.852	8645.111	211.625	0	0	1	9	9	12788	0	11881	12565	10591	9825	9423	6183	-2	81	74	103	70	67	92	70	75	-2	178	-2	181	174	179	174	166	163	-2	231	97	235	226	235	233	222	214	-1
1002001000	-2	13684	8474.111	4895.981	80.5	12.339	176.714	5.624	216.125	45.107	9176.778	216.125	0	0	1	9	9	13684	0	12303	12201	10585	11517	9039	6940	-2	81	74	104	72	67	97	71	78	-2	179	-2	182	176	181	181	173	165	-2	235	98	239	231	238	240	229	219	-1
1002001000	-2	13684	8523.222	4924.426	80.5	12.339	176.714	5.624	216.125	45.107	9176.778	216.125	0	0	1	9	9	13684	0	12303	12227	10638	11857	9039	6963	-2	81	74	104	72	67	97	71	78	-2	179	-2	182	176	181	181	173	165	-2	235	98	239	231	238	240	229	219	-1
1005001000	-2	12865	5128.667	5768.391	83.625	11.989	183.5	5.362	172	74.648	5347.222	172	0	0	4	9	9	0	0	11856	11113	0	12865	0	10326	-2	81	81	105	76	71	101	71	83	-2	-2	-2	187	183	-2	189	-2	175	-2	91	97	253	241	93	255	110	236	-1
1005001000	-2	12865	5128.667	5768.391	83.625	11.989	183.5	5.362	172	74.648	5347.222	172	0	0	4	9	9	0	0	11856	11113	0	12865	0	10326	-2	81	81	105	76	71	101	71	83	-2	-2	-2	187	183	-2	189	-2	175	-2	91	97	253	241	93	255	110	236	-1
1004001000	-2	14753	6475.556	5965.968	84.625	11.51	185.6	4.63	196.25	74.684	7268.889	196.25	0	0	3	9	9	14753	0	12919	10954	0	9759	0	9897	-2	81	80	104	84	72	102	71	83	-2	186	-2	188	184	-2	192	-2	178	-2	260	98	258	247	93	262	110	242	-1
1004001000	-2	14753	6475.556	5965.968	84.625	11.51	185.6	4.63	196.25	74.684	7268.889	196.25	0	0	3	9	9	14753	0	12919	10954	0	9759	0	9897	-2	81	80	104	84	72	102	71	83	-2	186	-2	188	184	-2	192	-2	178	-2	260	98	258	247	93	262	110	242	-1
1004001000	-2	11681	4995.778	4806.885	81.375	11.757	184.6	5.276	197.625	73.265	7291.111	197.625	0	0	3	9	9	11681	6153	11617	0	0	6534	0	8979	-2	80	75	101	72	73	101	70	79	-2	185	187	185	-2	-2	191	-2	175	-2	257	262	251	80	124	261	110	236	-1
1004001000	-2	11681	4995.778	4806.885	81.375	11.757	184.6	5.276	197.625	73.265	7291.111	197.625	0	0	3	9	9	11681	6153	11617	0	0	6534	0	8979	-2	80	75	101	72	73	101	70	79	-2	185	187	185	-2	-2	191	-2	175	-2	257	262	251	80	124	261	110	236	-1
1002001000	-2	328	77	124.809	33.25	9.107	170	8.485	179	53.39	9076.889	197.75	0	0	5	9	9	0	0	87	280	0	328	0	0	-2	39	32	53	27	36	32	24	23	-2	173	153	177	175	166	180	166	-2	-2	190	171	200	221	186	233	184	47	-1
1002002000	-2	3297	1036.889	1220.517	123.571	6.068	194.714	2.814	213.5	74.408	13482.111	260	0	0	3	9	9	0	773	0	0	3014	1127	1123	3297	-2	125	116	-2	129	132	126	114	123	-2	198	193	-2	199	194	194	195	190	-2	215	247	21	216	259	253	252	245	-1
1005005000	-2	14581	6351.222	7103.197	121.5	7.089	203.5	3.202	160.25	139.545	17742.222	299.125	0	0	4	9	9	0	0	0	0	14470	14134	13978	14581	-2	-2	-2	-2	-2	130	127	115	114	-2	-2	-2	-2	-2	205	206	205	198	-2	21	21	21	21	299	307	313	279	-1
1005005000	-2	15879	6900.556	7717.127	121.5	7.089	203.5	3.202	160.25	139.545	17742.222	299.125	0	0	4	9	9	0	0	0	0	15508	15209	15511	15879	-2	-2	-2	-2	-2	130	127	115	114	-2	-2	-2	-2	-2	205	206	205	198	-2	21	21	21	21	299	307	313	279	-1
1007007000	-2	16338	3460.444	6484.469	105	8	190	4	80	102.235	12998.111	241.75	0	0	6	9	9	0	0	0	0	16338	14808	0	0	-2	-2	-2	-2	-2	97	113	-2	-2	-2	-2	-2	-2	-2	186	194	-2	-2	-2	21	21	21	21	251	263	21	21	-1
1007007000	-2	16338	3460.444	6484.469	105	8	190	4	80	102.235	12998.111	241.75	0	0	6	9	9	0	0	0	0	16338	14808	0	0	-2	-2	-2	-2	-2	97	113	-2	-2	-2	-2	-2	-2	-2	186	194	-2	-2	-2	21	21	21	21	251	263	21	21	-1
1003002000	-2	10253	6039.333	4316.896	60.429	25.839	165.167	7.946	170.5	77.745	4973.556	156.625	0	0	2	9	9	8260	10253	8162	9309	9729	8643	0	0	-2	51	52	102	38	55	96	-2	29	-2	164	161	179	156	159	172	-2	-2	-2	208	215	227	210	208	222	21	53	-1
1004003000	-2	9729	4847.667	4366.391	61.833	27.661	166	8.462	146.25	89.456	4973.556	156.625	0	0	3	9	9	8164	0	7854	9241	9729	8643	0	0	-2	51	-2	102	38	55	96	-2	29	-2	164	-2	179	156	159	172	-2	-2	-2	208	21	227	210	208	222	21	53	-1
1003001000	-2	9189	5201	3726.917	60.5	21.714	162.667	8.42	171.75	67.758	5375.667	171.375	0	0	2	9	9	7438	9189	7992	6959	0	7181	8052	0	-2	57	53	99	38	47	95	49	46	-2	166	159	175	158	-2	169	149	-2	-2	211	212	221	205	55	218	197	55	-1
1003001000	-2	9189	5201	3726.917	60.5	21.714	162.667	8.42	171.75	67.758	5375.667	171.375	0	0	2	9	9	7438	9189	7992	6959	0	7181	8052	0	-2	57	53	99	38	47	95	49	46	-2	166	159	175	158	-2	169	149	-2	-2	211	212	221	205	55	218	197	55	-1
1002001000	-2	9897	5920.222	3552.047	65.5	17.755	159.429	8.567	190.125	47.274	6266.667	190.125	0	0	1	9	9	0	9897	9200	6447	9227	7481	6717	4315	-2	57	55	97	39	62	90	64	60	-2	-2	160	175	158	163	163	147	150	-2	67	211	222	206	212	212	195	196	-1
1002001000	-2	9897	5920.222	3552.047	65.5	17.755	159.429	8.567	190.125	47.274	6266.667	190.125	0	0	1	9	9	0	9897	9200	6447	9227	7481	6717	4315	-2	57	55	97	39	62	90	64	60	-2	-2	160	175	158	163	163	147	150	-2	67	211	222	206	212	212	195	196	-1
1002002000	-2	10552	5834.222	3874.414	68.571	13.595	159	7.964	184.625	62.294	6807.667	190.375	0	0	1	9	9	3412	10552	9785	0	8215	9250	7360	3936	-2	57	60	93	-2	63	86	64	57	-2	164	161	172	-2	160	160	147	149	-2	210	213	220	21	210	210	196	197	-1
1002002000	-2	10552	5834.222	3874.414	68.571	13.595	159	7.964	184.625	62.294	6807.667	190.375	0	0	1	9	9	3412	10552	9785	0	8215	9250	7360	3936	-2	57	60	93	-2	63	86	64	57	-2	164	161	172	-2	160	160	147	149	-2	210	213	220	21	210	210	196	197	-1
1002001000	-2	11476	7078.889	4082.416	66.75	15.498	161.714	6.273	192.875	52.432	7357.556	192.75	0	0	1	9	9	6629	11476	10705	6583	9319	9310	9690	0	-2	58	62	97	59	63	87	61	47	-2	164	161	173	158	160	165	151	-2	-2	212	214	223	207	214	216	202	55	-1
1002001000	-2	11476	7078.889	4082.416	66.75	15.498	161.714	6.273	192.875	52.432	7357.556	192.75	0	0	1	9	9	6629	11476	10705	6583	9319	9310	9690	0	-2	58	62	97	59	63	87	61	47	-2	164	161	173	158	160	165	151	-2	-2	212	214	223	207	214	216	202	55	-1
1002001000	-2	11318	7205.778	3989.133	68.25	15.106	162.714	7.516	201.25	39.689	7756.667	201.25	0	0	1	9	9	8508	0	11318	7570	10558	9091	9049	8760	-2	59	67	98	51	64	87	65	55	-2	166	-2	174	161	164	169	154	151	-2	216	98	227	213	220	224	208	204	-1
1002001000	-2	11318	7205.778	3989.133	68.25	15.106	162.714	7.516	201.25	39.689	7756.667	201.25	0	0	1	9	9	8508	0	11318	7570	10558	9091	9049	8760	-2	59	67	98	51	64	87	65	55	-2	166	-2	174	161	164	169	154	151	-2	216	98	227	213	220	224	208	204	-1
1001001000	-2	11376	8946.444	3367.365	70.5	15.851	167.375	6.556	223.5	8	9911.889	223.5	0	0	0	9	9	10343	10959	11376	10869	10172	9315	10269	7217	-2	60	70	98	51	64	95	65	61	-2	167	173	176	166	166	175	158	158	-2	219	234	231	221	224	233	215	211	-1
1001001000	-2	11376	8946.444	3367.365	70.5	15.851	167.375	6.556	223.5	8	9911.889	223.5	0	0	0	9	9	10343	10959	11376	10869	10172	9315	10269	7217	-2	60	70	98	51	64	95	65	61	-2	167	173	176	166	166	175	158	158	-2	219	234	231	221	224	233	215	211	-1
1001001000	-2	13471	8301.778	4721.368	72.5	14.56	172.125	7.253	228.125	16.729	8854.444	228.125	0	0	1	9	9	13471	12112	11060	0	9894	11104	9843	7234	-2	62	71	95	60	65	99	61	67	-2	175	176	179	169	169	184	161	164	-2	234	242	237	189	232	246	224	221	-1
1002001000	-2	12976	6987.111	5227.268	66.625	14.142	171.143	6.791	209.125	50.79	7934.222	209.125	0	0	2	9	9	11752	12976	0	0	8218	11335	11507	7098	-2	60	68	74	51	66	99	53	62	-2	169	177	-2	171	170	184	164	163	-2	228	243	82	190	235	248	226	221	-1
1002001000	-2	12976	6987.111	5227.268	66.625	14.142	171.143	6.791	209.125	50.79	7934.222	209.125	0	0	2	9	9	11752	12976	0	0	8218	11335	11507	7098	-2	60	68	74	51	66	99	53	62	-2	169	177	-2	171	170	184	164	163	-2	228	243	82	190	235	248	226	221	-1
1003001000	-2	11766	5963.667	4449.638	59.875	16.937	168.333	6.289	185.875	73.267	8094	185.875	0	0	2	9	9	10458	11766	0	6851	7318	9211	0	8071	-2	59	64	71	48	66	92	32	47	-2	168	175	-2	168	166	176	-2	157	-2	224	238	82	225	228	238	40	212	-1
1001001000	-2	1151	328.556	421.517	17.375	5.765	142.375	11.357	183.125	19.394	14290.667	202.375	0	0	4	9	9	0	1151	891	333	584	0	0	0	-2	15	13	17	30	22	10	17	15	-2	149	119	152	155	136	152	135	141	-2	169	184	210	208	201	172	160	161	-1
1001001000	-2	69	7.444	21.772	17.375	5.765	142.375	11.357	164	9.097	14290.667	202.375	0	0	7	9	9	0	69	0	0	0	0	0	0	-2	15	13	17	30	22	10	17	15	-2	149	119	152	155	136	152	135	141	-2	169	145	173	173	159	172	160	161	-1
1002002000	-2	1720	561	559.034	118.429	8.069	187.429	3.064	210.375	71.877	9814.222	239.75	0	0	1	9	9	618	320	0	36	1720	575	515	1267	-2	118	105	-2	124	128	128	114	112	-2	189	183	-2	188	188	192	189	183	-2	236	229	21	234	250	244	239	230	-1
1003003000	-2	2355	891.444	799.301	116.5	7.274	188.833	4.298	185.5	95.36	11078	244.625	0	0	2	9	9	1213	537	0	0	2355	1131	932	1857	-2	116	114	-2	-2	127	124	113	105	-2	196	185	-2	-2	189	192	188	183	-2	248	222	21	21	250	248	240	234	-1
1003003000	-2	15893	10175.444	7205.721	117.833	7.312	201.667	6.65	223.375	117.35	18118.556	290.375	0	0	2	9	9	15545	0	15236	0	15029	15893	15473	14405	-2	112	-2	126	-2	125	124	112	108	-2	203	-2	214	-2	198	203	200	192	-2	292	21	300	21	288	309	288	268	-1
1005004000	-2	15727	6496.111	7329.923	90.4	12.611	185	3.674	141	105.202	12631.667	228.625	0	0	4	9	9	15242	0	0	0	15425	15727	0	12073	-2	94	73	-2	-2	91	111	-2	83	-2	184	-2	-2	-2	184	191	-2	181	-2	244	89	21	21	244	254	21	234	-1
1002001000	-2	15540	10456.889	5811.736	93	13.82	187.571	7.149	228.625	53.635	12631.667	228.625	0	0	1	9	9	14202	0	14725	12177	15540	11589	15242	10639	-2	94	73	118	86	91	111	88	83	-2	184	-2	202	191	184	191	180	181	-2	244	89	268	254	244	254	242	234	-1
1004002000	-2	12180	4797.333	4649.229	49	22.709	151	9.121	145.25	72.952	5130.889	147.375	0	0	3	9	9	5716	12180	0	10600	7842	6840	0	0	-2	47	42	71	27	41	92	-2	23	-2	145	148	-2	142	152	168	-2	-2	-2	194	201	85	196	196	214	21	55	-1
1004002000	-2	12180	4797.333	4649.229	49	22.709	151	9.121	145.25	72.952	5130.889	147.375	0	0	3	9	9	5716	12180	0	10600	7842	6840	0	0	-2	47	42	71	27	41	92	-2	23	-2	145	148	-2	142	152	168	-2	-2	-2	194	201	85	196	196	214	21	55	-1
1005002000	-2	10298	3445.444	4139.172	51.429	19.949	151.25	5.932	127.25	74.783	3503.333	129.375	0	0	4	9	9	4189	10298	0	8939	0	7585	0	0	-2	50	49	71	33	43	88	-2	26	-2	154	149	-2	143	-2	159	-2	-2	-2	200	201	79	195	60	206	21	56	-1
1005002000	-2	10298	3444.667	4138.905	51.429	19.949	151.25	5.932	127.25	74.783	3503.333	129.375	0	0	4	9	9	4183	10298	0	8938	0	7585	0	0	-2	50	49	71	33	43	88	-2	26	-2	154	149	-2	143	-2	159	-2	-2	-2	200	201	79	195	60	206	21	56	-1
1003001000	-2	10308	4824.333	3749.142	55.5	19.551	156.333	9.428	168	65.429	4447	148.625	0	0	2	9	9	5655	10308	9248	5428	0	7119	5663	0	-2	51	51	88	38	45	89	40	42	-2	152	151	172	152	-2	166	145	-2	-2	199	204	220	201	55	215	194	56	-1
1003001000	-2	10308	4824.333	3749.142	55.5	19.551	156.333	9.428	168	65.429	4447	148.625	0	0	2	9	9	5655	10308	9248	5428	0	7119	5663	0	-2	51	51	88	38	45	89	40	42	-2	152	151	172	152	-2	166	145	-2	-2	199	204	220	201	55	215	194	56	-1
1005002000	-2	9916	3432.667	4092.584	52.143	17.956	148	7.55	124.375	76.128	5329.889	144.625	0	0	4	9	9	5363	9916	0	0	0	9778	0	5839	-2	51	49	71	-2	42	85	31	36	-2	151	141	-2	-2	-2	159	-2	141	-2	199	197	80	21	60	208	39	191	-1
1005002000	-2	9977	3456.556	4112.979	52.143	17.956	148	7.55	124.375	76.128	5329.889	144.625	0	0	4	9	9	5404	9977	0	0	0	9778	0	5952	-2	51	49	71	-2	42	85	31	36	-2	151	141	-2	-2	-2	159	-2	141	-2	199	197	80	21	60	208	39	191	-1
1004001000	-2	9927	4418.889	4143.533	48.5	21.708	151.8	5.706	147.25	73.304	5178.889	147.25	0	0	3	9	9	6070	9927	0	5947	0	9454	0	8374	-2	52	52	73	39	38	86	11	37	-2	152	149	-2	155	-2	160	-2	143	-2	202	202	81	205	60	210	23	195	-1
1004001000	-2	9927	4418.889	4143.533	48.5	21.708	151.8	5.706	147.25	73.304	5178.889	147.25	0	0	3	9	9	6070	9927	0	5947	0	9454	0	8374	-2	52	52	73	39	38	86	11	37	-2	152	149	-2	155	-2	160	-2	143	-2	202	202	81	205	60	210	23	195	-1
1005001000	-2	10773	4220.222	4773.997	50.5	21.325	160	3.391	133.875	80.916	4488.778	133.875	0	0	4	9	9	8096	10773	0	8810	0	10305	0	0	-2	57	54	73	44	39	85	10	42	-2	162	155	-2	159	-2	164	-2	-2	-2	214	211	81	212	56	217	24	56	-1
1005001000	-2	10773	4227.667	4784.437	50.5	21.325	160	3.391	133.875	80.916	4488.778	133.875	0	0	4	9	9	8070	10773	0	8823	0	10385	0	0	-2	57	54	73	44	39	85	10	42	-2	162	155	-2	159	-2	164	-2	-2	-2	214	211	81	212	56	217	24	56	-1
1005001000	-2	11072	4191.889	4753.228	52.25	21.111	165.75	4.71	138.375	84.72	4280.444	138.375	0	0	4	9	9	10027	11072	0	8118	0	8512	0	0	-2	58	56	73	46	46	86	10	43	-2	166	164	-2	160	-2	173	-2	-2	-2	219	222	82	216	56	230	24	58	-1
1005001000	-2	11072	4191.889	4753.228	52.25	21.111	165.75	4.71	138.375	84.72	4280.444	138.375	0	0	4	9	9	10027	11072	0	8118	0	8512	0	0	-2	58	56	73	46	46	86	10	43	-2	166	164	-2	160	-2	173	-2	-2	-2	219	222	82	216	56	230	24	58	-1
1004001000	-2	11159	5510.333	4999.805	49.875	21.098	163.4	6.344	158.625	81.966	6038.778	158.625	0	0	3	9	9	10794	11159	0	7963	0	10141	0	9538	-2	54	53	71	40	45	85	9	42	-2	167	164	-2	161	-2	172	-2	153	-2	222	224	82	218	57	231	25	210	-1
1004001000	-2	11159	5510.333	4999.805	49.875	21.098	163.4	6.344	158.625	81.966	6038.778	158.625	0	0	3	9	9	10794	11159	0	7963	0	10141	0	9538	-2	54	53	71	40	45	85	9	42	-2	167	164	-2	161	-2	172	-2	153	-2	222	224	82	218	57	231	25	210	-1
1004001000	-2	11051	4975.222	4526.235	51	21.296	164	6.899	159.625	82.498	5558.444	159.625	0	0	3	9	9	11051	8930	0	7833	0	8596	0	8369	-2	53	51	72	45	47	88	10	42	-2	167	166	-2	159	-2	174	-2	154	-2	223	226	82	217	57	235	26	211	-1
1004001000	-2	11051	4975.222	4526.235	51	21.296	164	6.899	159.625	82.498	5558.444	159.625	0	0	3	9	9	11051	8930	0	7833	0	8596	0	8369	-2	53	51	72	45	47	88	10	42	-2	167	166	-2	159	-2	174	-2	154	-2	223	226	82	217	57	235	26	211	-1
1001001000	-2	136	14.889	42.824	15.625	5.872	143.25	10.121	173.25	10.293	19570.333	235.875	0	0	7	9	9	0	0	0	0	136	0	0	0	-2	12	11	20	28	19	9	13	13	-2	144	124	151	160	141	149	135	142	-2	173	152	181	189	178	176	166	171	-1
1001001000	-2	170	35.333	66.807	22.375	5.589	133.625	11.8	160.75	9.066	11959.333	185.625	0	0	6	9	9	0	150	0	0	0	0	170	0	-2	23	20	28	32	25	13	18	20	-2	140	112	149	142	129	145	122	130	-2	159	173	167	159	146	162	171	149	-1
1001001000	-2	15783	11182.333	4859.087	108.25	8.729	192.5	5.916	260.125	8.724	14646.556	260.125	0	0	0	9	9	14765	14567	15442	10431	7583	13299	15783	8773	-2	105	105	124	103	115	114	107	93	-2	191	191	205	194	183	195	193	188	-2	257	257	278	255	253	266	266	249	-1
1001001000	-2	15783	11182.333	4859.087	108.25	8.729	192.5	5.916	260.125	8.724	14646.556	260.125	0	0	0	9	9	14765	14567	15442	10431	7583	13299	15783	8773	-2	105	105	124	103	115	114	107	93	-2	191	191	205	194	183	195	193	188	-2	257	257	278	255	253	266	266	249	-1
1003001000	-2	14360	7669.222	5744.515	82.875	16.534	180.833	6.719	196.125	66.857	8977.111	196.125	0	0	2	9	9	9478	0	12801	14360	7875	13675	10836	0	-2	79	69	114	70	81	107	72	71	-2	176	-2	193	182	175	185	174	-2	-2	226	84	248	239	229	239	226	78	-1
1003001000	-2	14360	7669.222	5744.515	82.875	16.534	180.833	6.719	196.125	66.857	8977.111	196.125	0	0	2	9	9	9478	0	12801	14360	7875	13675	10836	0	-2	79	69	114	70	81	107	72	71	-2	176	-2	193	182	175	185	174	-2	-2	226	84	248	239	229	239	226	78	-1
1004002000	-2	12345	4178.667	4305.496	40.571	15.674	138	2.191	141.25	65.703	6194.556	161	0	0	3	9	9	4518	9008	0	12345	5118	0	0	6621	-2	45	39	59	19	38	63	-2	21	-2	139	136	-2	139	141	-2	-2	135	-2	191	192	85	194	189	72	21	186	-1
1004002000	-2	12239	4044.778	4253.598	40.571	15.674	138	2.191	141.25	65.703	6194.556	161	0	0	3	9	9	4178	8991	0	12239	4625	0	0	6372	-2	45	39	59	19	38	63	-2	21	-2	139	136	-2	139	141	-2	-2	135	-2	191	192	85	194	189	72	21	186	-1
1002001000	-2	9423	5683	3324.911	40.125	19.675	139	7.483	176	36.736	7169.556	175.625	0	0	1	9	9	6674	9049	0	9423	5224	7863	5359	7557	-2	46	41	59	21	38	78	17	21	-2	139	136	-2	140	140	155	129	134	-2	191	190	80	191	189	202	181	184	-1
1002001000	-2	9423	5683	3324.911	40.125	19.675	139	7.483	176	36.736	7169.556	175.625	0	0	1	9	9	6674	9049	0	9423	5224	7863	5359	7557	-2	46	41	59	21	38	78	17	21	-2	139	136	-2	140	140	155	129	134	-2	191	190	80	191	189	202	181	184	-1
1003001000	-2	9649	4856.556	3799.288	40.375	19.78	140.5	8.098	157.5	61.63	6287.111	157.5	0	0	2	9	9	6844	9649	0	3863	6081	7880	0	9394	-2	46	43	55	27	35	81	15	21	-2	142	136	-2	139	138	157	-2	131	-2	193	191	82	191	188	205	26	184	-1
1004001000	-2	9396	4458.889	4214.203	37.875	20.883	138.6	9.562	137.875	70.369	5765.222	137.875	0	0	3	9	9	4602	9396	0	0	7675	9098	0	9361	-2	45	43	55	19	25	80	14	22	-2	139	136	-2	-2	135	156	-2	127	-2	191	191	82	27	187	205	39	181	-1
1004001000	-2	9396	4458.889	4214.203	37.875	20.883	138.6	9.562	137.875	70.369	5765.222	137.875	0	0	3	9	9	4602	9396	0	0	7675	9098	0	9361	-2	45	43	55	19	25	80	14	22	-2	139	136	-2	-2	135	156	-2	127	-2	191	191	82	27	187	205	39	181	-1
1003001000	-2	11557	5332.333	4516.14	37.375	24.062	140.5	9.287	158.375	64.572	7477.444	158.375	0	0	2	9	9	3078	11557	0	4935	0	10211	8114	10098	-2	46	44	63	27	8	80	8	23	-2	143	138	-2	140	-2	159	131	132	-2	195	194	82	195	19	209	187	186	-1
1003001000	-2	11557	5332.333	4516.14	37.375	24.062	140.5	9.287	158.375	64.572	7477.444	158.375	0	0	2	9	9	3078	11557	0	4935	0	10211	8114	10098	-2	46	44	63	27	8	80	8	23	-2	143	138	-2	140	-2	159	131	132	-2	195	194	82	195	19	209	187	186	-1
1005001000	-2	11802	3452.889	4544.204	37.375	22.045	147.25	8.227	124	80.915	5628.111	124	0	0	4	9	9	3636	11802	0	4792	0	10848	0	0	-2	46	45	56	29	11	78	8	26	-2	146	142	-2	140	-2	161	-2	-2	-2	202	200	82	198	23	213	40	34	-1
1005001000	-2	11736	3230.667	4378.763	37.375	22.045	147.25	8.227	124	80.915	5628.111	124	0	0	4	9	9	2700	11736	0	4649	0	9993	0	0	-2	46	45	56	29	11	78	8	26	-2	146	142	-2	140	-2	161	-2	-2	-2	202	200	82	198	23	213	40	34	-1
1004001000	-2	11379	4997.333	4819.404	40.875	22.054	151.4	8.04	147	81.719	6357.444	147	0	0	3	9	9	6419	11379	0	5719	0	10485	0	10976	-2	45	49	63	35	16	80	9	30	-2	150	147	-2	152	-2	166	-2	142	-2	208	206	83	208	24	221	25	201	-1
1004001000	-2	11379	4997.333	4819.404	40.875	22.054	151.4	8.04	147	81.719	6357.444	147	0	0	3	9	9	6419	11379	0	5719	0	10485	0	10976	-2	45	49	63	35	16	80	9	30	-2	150	147	-2	152	-2	166	-2	142	-2	208	206	83	208	24	221	25	201	-1
1004001000	-2	11068	4442.889	4689.985	38.375	19.773	149.6	8.593	146.375	80.709	6283.333	146.375	0	0	3	9	9	4435	11068	0	3432	0	10691	0	10362	-2	43	45	52	29	18	77	9	34	-2	146	146	-2	149	-2	166	-2	141	-2	205	206	83	205	25	221	26	200	-1
1004001000	-2	11068	4442.889	4689.985	38.375	19.773	149.6	8.593	146.375	80.709	6283.333	146.375	0	0	3	9	9	4435	11068	0	3432	0	10691	0	10362	-2	43	45	52	29	18	77	9	34	-2	146	146	-2	149	-2	166	-2	141	-2	205	206	83	205	25	221	26	200	-1
1004001000	-2	11251	4907.889	4590.549	33.5	19.013	147.4	9.351	141.25	83.022	6347.778	141.25	0	0	3	9	9	7805	11251	0	5976	0	9712	0	9429	-2	34	42	31	27	17	77	9	31	-2	145	144	-2	146	-2	165	-2	137	-2	204	204	55	203	24	220	26	194	-1
1003003000	-2	1404	386	495.249	16.667	7.11	110.333	12.737	126.125	63.548	13713.333	168.25	0	0	3	9	9	928	8	756	0	1404	380	0	0	-2	11	9	30	-2	18	20	12	-2	-2	112	97	126	-2	99	128	100	-2	-2	171	163	192	21	163	159	119	21	-1
1003003000	-2	1404	386	495.249	16.667	7.11	110.333	12.737	126.125	63.548	13713.333	168.25	0	0	3	9	9	928	8	756	0	1404	380	0	0	-2	11	9	30	-2	18	20	12	-2	-2	112	97	126	-2	99	128	100	-2	-2	171	163	192	21	163	159	119	21	-1
1002001000	-2	7477	3369.444	2702.493	67.875	22.464	163.714	6.755	192	51.846	7939.222	192	0	0	1	9	9	6344	7477	2649	2571	536	5551	5199	0	-2	76	53	102	57	61	98	67	29	-2	162	165	174	157	157	173	158	-2	-2	211	214	222	206	199	219	209	56	-1
1003001000	-2	12060	5063.111	4506.806	50.625	15.953	155.667	5.588	172.625	58.805	7150.111	172.5	0	0	2	9	9	7154	10573	0	12060	5271	8578	1934	0	-2	52	46	73	39	46	76	49	24	-2	157	153	-2	154	154	167	149	-2	-2	206	204	87	210	200	217	200	57	-1
1003001000	-2	12100	5610.667	4418.343	32.75	11.808	132.333	3.496	157.25	50.492	6829.333	157.25	0	0	2	9	9	7288	10158	0	12100	7808	0	4456	8688	-2	43	38	47	18	34	45	17	20	-2	134	134	-2	136	135	-2	128	127	-2	189	189	86	192	184	56	181	181	-1
1003001000	-2	11818	4786.444	4114.584	32.875	11.826	132.5	3.64	157.25	50.492	6829.333	157.25	0	0	2	9	9	4972	9286	0	11818	5916	0	3149	7939	-2	43	38	47	18	35	45	17	20	-2	134	134	-2	136	136	-2	128	127	-2	189	189	86	192	184	56	181	181	-1
1004001000	-2	10192	4626.111	4261.333	29.25	11.009	126.8	6.735	132.5	63.82	5443.333	132.375	0	0	3	9	9	6292	10192	0	0	7555	0	8229	9369	-2	42	35	42	18	29	38	14	16	-2	135	132	-2	-2	128	-2	123	116	-2	187	187	86	27	179	45	176	173	-1
1004001000	-2	10192	4626.111	4261.333	29.25	11.009	126.8	6.735	132.5	63.82	5443.333	132.375	0	0	3	9	9	6292	10192	0	0	7555	0	8229	9369	-2	42	35	42	18	29	38	14	16	-2	135	132	-2	-2	128	-2	123	116	-2	187	187	86	27	179	45	176	173	-1
1003001000	-2	9496	5159.667	3908.302	27	12.176	129	11.195	145.75	64.056	6551.667	145.5	0	0	2	9	9	4643	9496	9178	0	7013	0	9097	7012	-2	41	37	41	17	17	37	12	14	-2	131	130	150	-2	128	-2	122	113	-2	182	185	201	27	180	45	175	171	-1
1003001000	-2	9203	5080.778	3832.134	27	12.176	129	11.195	145.75	64.056	6551.667	145.5	0	0	2	9	9	4774	9203	9079	0	7136	0	8985	6552	-2	41	37	41	17	17	37	12	14	-2	131	130	150	-2	128	-2	122	113	-2	182	185	201	27	180	45	175	171	-1
1004001000	-2	9630	4377.222	4155.49	24.875	13.642	128.4	12.753	126.125	73.84	5961.333	126.125	0	0	3	9	9	4832	9244	9113	0	0	0	9630	6578	-2	39	35	41	17	7	37	7	16	-2	131	129	150	-2	-2	-2	120	112	-2	183	183	201	27	23	45	176	171	-1
1004001000	-2	9434	4429.778	4199.282	24.875	13.642	128.4	12.753	126.125	73.84	5961.333	126.125	0	0	3	9	9	4638	9369	9231	0	0	0	9434	7198	-2	39	35	41	17	7	37	7	16	-2	131	129	150	-2	-2	-2	120	112	-2	183	183	201	27	23	45	176	171	-1
1004001000	-2	10519	4012.778	4007.089	24.75	12.527	123.8	6.013	132.25	63.863	6563	132.25	0	0	3	9	9	4125	9187	0	5170	0	0	10519	7116	-2	35	36	38	18	7	37	7	20	-2	130	130	-2	124	-2	-2	121	114	-2	184	184	83	183	27	46	178	173	-1
1004001000	-2	10519	4012.778	4007.089	24.75	12.527	123.8	6.013	132.25	63.863	6563	132.25	0	0	3	9	9	4125	9187	0	5170	0	0	10519	7116	-2	35	36	38	18	7	37	7	20	-2	130	130	-2	124	-2	-2	121	114	-2	184	184	83	183	27	46	178	173	-1
1005001000	-2	9962	3313.556	4084.429	23.875	11.185	127	5.196	114.375	73.333	5331.778	114.375	0	0	4	9	9	3910	9873	0	6079	0	0	0	9962	-2	33	37	37	18	8	29	8	21	-2	132	132	-2	124	-2	-2	-2	120	-2	190	188	83	186	28	36	25	179	-1
1005001000	-2	9962	3313.556	4084.429	23.875	11.185	127	5.196	114.375	73.333	5331.778	114.375	0	0	4	9	9	3910	9873	0	6079	0	0	0	9962	-2	33	37	37	18	8	29	8	21	-2	132	132	-2	124	-2	-2	-2	120	-2	190	188	83	186	28	36	25	179	-1
1005001000	-2	7777	2342.556	3365.568	23.75	10.744	129.25	4.146	112	69.233	5519.667	116.875	0	0	5	9	9	0	7777	0	5582	0	0	0	7726	-2	24	39	31	19	10	37	8	22	-2	133	133	-2	128	-2	-2	-2	123	-2	154	190	83	188	28	46	25	182	-1
1005001000	-2	11056	4001.444	4658.742	23.75	10.744	129.25	4.146	116.875	73.274	5519.667	116.875	0	0	4	9	9	8034	11056	0	6291	0	0	0	10634	-2	24	39	31	19	10	37	8	22	-2	133	133	-2	128	-2	-2	-2	123	-2	193	190	83	188	28	46	25	182	-1
1004001000	-2	12259	3901.889	4627.994	20.625	8.703	125.6	4.63	130.125	63.674	5007.444	130.125	0	0	4	9	9	7391	12259	0	6117	0	0	0	9352	-2	18	36	24	20	9	28	8	22	-2	123	133	-2	126	127	-2	-2	119	-2	185	190	83	186	147	46	26	178	-1
1001001000	-2	890	307.111	254.535	17.375	5.43	116	10.77	164.75	9.257	9018.556	165.5	0	0	0	9	9	169	890	252	354	317	182	533	69	-2	22	17	24	10	25	12	17	12	-2	124	105	127	108	116	134	113	101	-2	171	159	178	151	163	177	164	155	-1
1003002000	-2	11214	4827.111	3930.169	45.857	12.688	152.667	6.316	162.25	71.596	8107.444	184.25	0	0	2	9	9	7837	8118	6528	11214	3214	6535	0	0	-2	50	42	66	40	43	57	-2	23	-2	147	153	162	146	148	160	-2	-2	-2	201	202	210	203	195	208	21	58	-1
1002001000	-2	12346	7253.889	4950.485	25.125	9.13	124.429	10.182	162	48.244	9131.111	161.375	0	0	1	9	9	10958	12023	12346	10923	7610	0	1556	9871	-2	38	32	36	16	27	24	14	14	-2	130	130	141	119	125	-2	120	106	-2	184	185	195	179	176	36	173	168	-1
1002001000	-2	12907	7841.889	4958.815	25.125	9.13	124.429	10.182	162	48.244	9131.111	161.375	0	0	1	9	9	11508	12907	12701	11468	8215	0	3690	10090	-2	38	32	36	16	27	24	14	14	-2	130	130	141	119	125	-2	120	106	-2	184	185	195	179	176	36	173	168	-1
1003001000	-2	11607	5645.667	4251.029	20.875	7.623	114.333	7.608	140	54.708	6179.889	139.625	0	0	2	9	9	7756	11607	0	6395	7382	0	10075	7598	-2	32	31	24	15	18	24	12	11	-2	121	122	-2	113	121	-2	106	103	-2	177	177	36	172	174	56	165	163	-1
1003001000	-2	11607	5645.667	4251.029	20.875	7.623	114.333	7.608	140	54.708	6179.889	139.625	0	0	2	9	9	7756	11607	0	6395	7382	0	10075	7598	-2	32	31	24	15	18	24	12	11	-2	121	122	-2	113	121	-2	106	103	-2	177	177	36	172	174	56	165	163	-1
1002001000	-2	11355	6199.222	4106.739	17.125	7.079	111.571	9.604	153.25	37.549	8303	154.75	0	0	1	9	9	4820	9054	11355	3372	7142	0	10247	9805	-2	23	27	22	15	9	23	7	11	-2	111	115	132	112	108	-2	102	101	-2	168	170	185	159	166	56	161	161	-1
1002001000	-2	11059	5788.556	4083.502	17.5	6.595	111.571	9.604	153.125	37.531	8303	154.75	0	0	1	9	9	4732	8652	11059	1539	7456	0	9414	9247	-2	23	27	22	15	9	23	10	11	-2	111	115	132	112	108	-2	102	101	-2	168	170	185	158	166	56	161	161	-1
1002001000	-2	10391	5862.333	3819.625	16.875	7.557	111.286	9.691	155.375	38.229	8429.333	155.375	0	0	1	9	9	4643	8139	10391	3677	6432	0	10048	9433	-2	22	28	22	15	6	23	7	12	-2	111	115	132	112	105	-2	103	101	-2	169	170	186	172	166	56	163	161	-1
1002001000	-2	10391	5862.333	3819.625	16.875	7.557	111.286	9.691	155.375	38.229	8429.333	155.375	0	0	1	9	9	4643	8139	10391	3677	6432	0	10048	9433	-2	22	28	22	15	6	23	7	12	-2	111	115	132	112	105	-2	103	101	-2	169	170	186	172	166	56	163	161	-1
1002001000	-2	10061	5820.556	3523.343	16.625	7.21	115.714	11.72	155.375	49.957	8030.444	155.375	0	0	1	9	9	5234	8812	10061	5409	5749	9420	0	7702	-2	20	27	22	16	6	23	7	12	-2	113	115	133	110	103	133	-2	103	-2	173	170	187	172	165	187	25	164	-1
1002001000	-2	10104	5967	3456.341	15.625	6.594	113.429	9.455	157.375	42.673	8538.111	157.375	0	0	1	9	9	6904	7937	10104	6049	5581	0	9179	7951	-2	16	27	17	16	7	23	7	12	-2	116	118	133	112	105	-2	105	105	-2	176	174	189	174	168	46	167	165	-1
1002001000	-2	10104	5967	3456.341	15.625	6.594	113.429	9.455	157.375	42.673	8538.111	157.375	0	0	1	9	9	6904	7937	10104	6049	5581	0	9179	7951	-2	16	27	17	16	7	23	7	12	-2	116	118	133	112	105	-2	105	105	-2	176	174	189	174	168	46	167	165	-1
1002001000	-2	9304	5270.222	3022.098	16.375	6.945	113.714	8.811	157.875	42.753	8383.556	157.875	0	0	1	9	9	6326	5281	9304	5557	6580	0	7348	7038	-2	15	28	20	17	8	24	7	12	-2	114	119	132	113	107	-2	105	106	-2	177	174	188	174	170	46	167	167	-1
1002001000	-2	9304	5270.222	3022.098	16.375	6.945	113.714	8.811	157.875	42.753	8383.556	157.875	0	0	1	9	9	6326	5281	9304	5557	6580	0	7348	7038	-2	15	28	20	17	8	24	7	12	-2	114	119	132	113	107	-2	105	106	-2	177	174	188	174	170	46	167	167	-1
1001001000	-2	681	246.667	244.008	19.25	4.465	121.875	9.048	157.5	17.769	8180.889	169.625	0	0	2	9	9	681	396	79	0	143	533	390	0	-2	22	19	28	15	23	16	17	14	-2	127	121	133	119	118	133	121	103	-2	173	153	170	138	151	178	172	125	-1
1001001000	-2	11247	7328.333	3399.59	30.625	6.981	135	8.515	190.125	7.721	9881.222	190.125	0	0	0	9	9	10382	7463	9728	11247	4008	7394	5841	9894	-2	35	36	41	35	31	24	23	20	-2	132	139	149	136	129	144	131	120	-2	190	191	202	197	179	197	182	183	-1
1002002000	-2	12172	6971.889	4148.974	17.143	3.27	112.286	8.464	151.125	49.521	8701.778	167.625	0	0	1	9	9	7812	10741	7388	5831	8298	12172	0	10507	-2	20	19	20	15	15	20	-2	11	-2	110	114	126	105	114	119	-2	98	-2	171	171	180	168	167	173	21	158	-1
1002002000	-2	12442	7100.667	4220.377	17.143	3.27	112.286	8.464	151.125	49.521	8701.778	167.625	0	0	1	9	9	7870	10635	7739	5892	8481	12442	0	10849	-2	20	19	20	15	15	20	-2	11	-2	110	114	126	105	114	119	-2	98	-2	171	171	180	168	167	173	21	158	-1
1001001000	-2	11449	8326.222	3338.039	12.75	3.631	102.5	9.083	160.625	6.518	9320.667	160.625	0	0	0	9	9	8751	10897	10687	6007	8271	8747	10129	11449	-2	16	17	15	13	9	16	7	9	-2	102	108	115	96	100	116	91	92	-2	162	164	171	158	158	168	153	151	-1
1004003000	-2	1767	196.111	555.393	10.333	4.534	85.2	8.976	90.125	45.195	16496.333	161.75	0	0	7	9	9	0	0	0	0	0	0	1767	0	-2	8	10	-2	6	10	20	8	-2	-2	87	-2	-2	78	79	102	80	-2	-2	112	80	21	101	101	127	158	21	-1
1001001000	-2	2849	1017.889	1095.629	8	1.5	82	5.074	123.5	20.736	11699.444	140.375	0	0	3	9	9	1259	574	0	2410	0	2071	2849	0	-2	8	10	9	6	10	6	8	7	-2	87	81	87	78	77	90	81	75	-2	144	119	108	138	96	149	140	94	-1
1001001000	-2	6302	1601.222	1790.347	8.5	1.225	89.5	5.362	143.75	10.109	11770.333	148.375	0	0	1	9	9	1685	6302	0	1154	1278	1127	2149	718	-2	8	8	10	7	11	8	8	8	-2	92	87	97	85	86	98	89	82	-2	150	148	120	144	142	155	151	140	-1
1001001000	-2	4296	2559.889	1368.409	20.875	3.257	135.625	5.765	195.25	5.89	14151	195.25	0	0	0	9	9	3700	3639	855	3339	4296	2751	2953	1508	-2	22	24	25	19	24	20	18	15	-2	136	141	141	132	131	140	140	124	-2	198	197	197	193	192	197	205	183	-1
1001001000	-2	13590	8918.889	4096.833	23.125	8.054	131.625	6.264	190.75	4.493	12258.111	190.75	0	0	0	9	9	13590	8300	11081	12481	5654	6532	9894	12740	-2	23	34	24	37	14	21	13	19	-2	130	142	137	134	132	129	130	119	-2	191	195	192	199	185	191	188	185	-1
1001001000	-2	12318	7961.889	3483.755	24.75	7.327	131.5	6.265	190.625	4.662	12258.111	190.75	0	0	0	9	9	11579	8365	9428	12318	5330	6519	8977	9143	-2	23	34	24	37	27	21	13	19	-2	130	142	137	134	131	129	130	119	-2	191	195	192	199	184	191	188	185	-1
1001001000	-2	12089	7680.111	3792.491	12.125	3.018	98	7.583	157	6.892	10322.444	157.125	0	0	0	9	9	8961	12089	6343	7813	11968	5818	4502	11629	-2	11	15	14	14	13	15	6	9	-2	98	109	105	96	98	104	89	85	-2	159	165	163	160	156	161	148	144	-1
