1006001000	-2	1012	310.111	441.926	278.875	298.496	164.667	4.497	352	264.665	2813.333	352	0	0	3	9	9	1012	838	947	0	-2	-2	0	0	-2	64	75	66	97	945	580	217	187	-2	170	165	159	-2	-2	-2	-2	-2	-2	216	214	205	143	962	597	232	247	-1
1006002000	-2	626	179.667	259.921	303.286	309.166	172	4.32	323.5	282.754	2705.889	355.625	0	0	3	9	9	626	429	568	0	-2	-2	0	0	-2	101	84	84	114	945	580	215	-2	-2	178	170	168	-2	-2	-2	-2	-2	-2	224	216	213	141	956	591	226	21	-1
1007002000	-2	1218	203.889	407.912	297.143	314.67	160	4	310.375	297.669	1134.778	349.875	0	0	4	9	9	0	623	1218	0	-2	-2	0	0	-2	90	68	94	81	947	582	218	-2	-2	-2	156	164	-2	-2	-2	-2	-2	-2	101	197	205	141	971	606	241	21	-1
1007002000	-2	1218	203.889	407.912	297.143	314.67	160	4	310.375	297.669	1134.778	349.875	0	0	4	9	9	0	623	1218	0	-2	-2	0	0	-2	90	68	94	81	947	582	218	-2	-2	-2	156	164	-2	-2	-2	-2	-2	-2	101	197	205	141	971	606	241	21	-1
1008003000	-2	1489	164.556	468.263	495	457.45	163	0	426.25	464.559	1027.889	487	0	0	4	9	9	0	0	1489	0	-2	-2	-2	0	-2	92	-2	94	81	1266	901	536	-2	-2	-2	-2	163	-2	-2	-2	-2	-2	-2	103	21	205	141	1338	973	608	21	-1
1008003000	-2	1490	164.667	468.577	495	457.45	163	0	426.25	464.559	1027.889	487	0	0	4	9	9	0	0	1490	0	-2	-2	-2	0	-2	92	-2	94	81	1266	901	536	-2	-2	-2	-2	163	-2	-2	-2	-2	-2	-2	103	21	205	141	1338	973	608	21	-1
1008003000	-2	1218	134.444	383.096	512	448.72	160	0	432.125	453.783	682.111	473.625	0	0	4	9	9	0	0	1218	0	-2	-2	-2	0	-2	-2	-2	94	80	1272	907	542	177	-2	-2	-2	160	-2	-2	-2	-2	-2	-2	21	21	201	140	1329	961	596	188	-1
1008003000	-2	1218	134.444	383.096	512	448.72	160	0	432.125	453.783	682.111	473.625	0	0	4	9	9	0	0	1218	0	-2	-2	-2	0	-2	-2	-2	94	80	1272	907	542	177	-2	-2	-2	160	-2	-2	-2	-2	-2	-2	21	21	201	140	1329	961	596	188	-1
1006001000	-2	680	171.889	258.095	406.625	430.837	164.667	4.11	464.25	410.203	761.778	477.75	0	0	2	9	9	337	680	538	0	-2	-2	-2	0	-2	96	80	94	77	1274	909	544	179	-2	170	164	160	-2	-2	-2	-2	-2	-2	191	201	195	141	1321	920	555	190	-1
1007001000	-2	468	81	160.676	406.625	430.837	165	5	447.375	417.224	761.778	477.75	0	0	3	9	9	269	0	468	0	-2	-2	-2	0	-2	96	80	94	77	1274	909	544	179	-2	170	-2	160	-2	-2	-2	-2	-2	-2	191	91	195	132	1305	920	555	190	-1
1006001000	-2	1293	193.778	399.972	407.5	431.728	165.333	4.497	461.25	401.291	793.889	476.75	0	0	2	9	9	213	1293	246	0	-2	-2	-2	0	-2	97	83	95	70	1276	911	546	182	-2	171	165	160	-2	-2	-2	-2	-2	-2	192	208	184	140	1287	922	557	200	-1
1007001000	-2	1493	245.667	495.543	271.375	303.088	167	3	331.125	275.877	3199.444	331.125	0	0	4	9	9	0	724	1493	0	-2	-2	0	0	-2	46	53	63	82	944	579	217	187	-2	-2	164	170	-2	-2	-2	-2	-2	-2	64	226	227	142	955	590	225	220	-1
1006001000	-2	970	236.333	352.048	288.875	292.712	172	7.348	353.25	262.019	2954.778	357	0	0	3	9	9	603	560	970	0	-2	-2	0	0	-2	101	86	85	110	947	582	217	183	-2	181	163	172	-2	-2	-2	-2	-2	-2	227	209	218	141	958	593	228	252	-1
1006002000	-2	3328	643.444	1146.265	456.571	447.055	183.667	4.11	454.75	417.228	2078.333	501.375	0	0	2	9	9	392	2079	3328	0	-2	-2	-2	0	-2	116	99	106	112	1286	921	556	-2	-2	189	179	183	-2	-2	-2	-2	-2	-2	233	222	226	140	1297	932	567	21	-1
1006002000	-2	4206	985	1533.431	462.286	452.745	184	3.559	467.625	432.473	1837.111	500.125	0	0	2	9	9	1523	3144	4206	0	-2	-2	-2	0	-2	115	101	116	102	1299	934	569	-2	-2	187	179	186	-2	-2	-2	-2	-2	-2	230	222	228	139	1332	967	602	21	-1
1006002000	-2	4206	985	1533.431	462.286	452.745	184	3.559	467.625	432.473	1837.111	500.125	0	0	2	9	9	1523	3144	4206	0	-2	-2	-2	0	-2	115	101	116	102	1299	934	569	-2	-2	187	179	186	-2	-2	-2	-2	-2	-2	230	222	228	139	1332	967	602	21	-1
1006002000	-2	6680	1881.556	2776.291	307.143	309.19	179	4.243	326.875	283.55	1905.222	361.125	0	0	3	9	9	6680	6540	3720	0	-2	-2	0	0	-2	105	97	110	86	949	584	219	-2	-2	185	176	176	-2	-2	-2	-2	-2	-2	229	223	218	139	960	595	230	21	-1
1008004000	-2	1644	182	516.896	367	327.868	166	0	264	304.104	822.222	336.625	0	0	5	9	9	0	0	1644	0	-2	-2	0	0	-2	-2	-2	94	70	922	557	192	-2	-2	-2	-2	166	-2	-2	-2	-2	-2	-2	21	21	206	139	933	568	203	21	-1
1008004000	-2	1644	182	516.896	367	327.868	166	0	264	304.104	822.222	336.625	0	0	5	9	9	0	0	1644	0	-2	-2	0	0	-2	-2	-2	94	70	922	557	192	-2	-2	-2	-2	166	-2	-2	-2	-2	-2	-2	21	21	206	139	933	568	203	21	-1
1008005000	-2	279	30.111	88.001	696	433.377	161	0	398.875	484.82	504.556	472	0	0	4	9	9	0	0	279	0	-2	-2	-2	0	-2	-2	-2	93	-2	1262	897	532	-2	-2	-2	-2	161	-2	-2	-2	-2	-2	-2	21	21	182	21	1340	975	610	21	-1
1008005000	-2	279	30.111	88.001	696	433.377	161	0	398.875	484.82	504.556	472	0	0	4	9	9	0	0	279	0	-2	-2	-2	0	-2	-2	-2	93	-2	1262	897	532	-2	-2	-2	-2	161	-2	-2	-2	-2	-2	-2	21	21	182	21	1340	975	610	21	-1
1006002000	-2	980	207.444	339.154	431.857	449.245	158.333	3.091	456.75	443.329	709.667	484.625	0	0	2	9	9	623	980	272	0	-2	-2	-2	0	-2	94	70	94	68	1264	899	534	-2	-2	161	154	160	-2	-2	-2	-2	-2	-2	192	196	183	140	1339	974	609	21	-1
1006002000	-2	1194	275.222	432.267	431.857	449.245	158.333	3.091	456.75	443.329	709.667	484.625	0	0	2	9	9	874	1194	417	0	-2	-2	-2	0	-2	94	70	94	68	1264	899	534	-2	-2	161	154	160	-2	-2	-2	-2	-2	-2	192	196	183	140	1339	974	609	21	-1
1006001000	-2	2026	381.444	650.606	401.5	427.527	157.667	2.494	486.25	420.387	764.778	486.25	0	0	2	9	9	789	2026	626	0	-2	-2	-2	0	-2	96	78	94	68	1264	899	534	179	-2	161	155	157	-2	-2	-2	-2	-2	-2	192	197	195	140	1339	974	609	244	-1
1006001000	-2	1458	333.667	526.156	401.5	427.527	157.667	2.494	481.625	422.174	764.778	486.25	0	0	2	9	9	1061	1458	492	0	-2	-2	-2	0	-2	96	78	94	68	1264	899	534	179	-2	161	155	157	-2	-2	-2	-2	-2	-2	192	197	195	140	1339	974	600	216	-1
1006001000	-2	1967	369.778	631.206	403.125	428.569	159	2.944	467.375	414.618	827.111	484.25	0	0	2	9	9	756	1967	613	0	-2	-2	-2	0	-2	94	80	94	68	1267	902	537	183	-2	163	156	158	-2	-2	-2	-2	-2	-2	192	198	194	140	1335	925	560	195	-1
1006001000	-2	2742	454.444	855.278	403.125	428.569	159	2.944	484.25	418.938	827.111	484.25	0	0	2	9	9	632	2742	724	0	-2	-2	-2	0	-2	94	80	94	68	1267	902	537	183	-2	163	156	158	-2	-2	-2	-2	-2	-2	192	198	194	140	1335	970	605	240	-1
1006001000	-2	2602	568.222	902.563	410.125	432.902	163.333	1.247	491.25	417.559	1166.556	491.25	0	0	2	9	9	1642	2602	878	0	-2	-2	-2	0	-2	94	87	96	68	1280	915	550	191	-2	163	162	165	-2	-2	-2	-2	-2	-2	203	207	205	145	1340	975	610	245	-1
1006001000	-2	2791	626.778	984.721	410.125	432.902	163.333	1.247	491.25	417.559	1166.556	491.25	0	0	2	9	9	1870	2791	988	0	-2	-2	-2	0	-2	94	87	96	68	1280	915	550	191	-2	163	162	165	-2	-2	-2	-2	-2	-2	203	207	205	145	1340	975	610	245	-1
1006001000	-2	3701	1015.778	1487.447	415.25	430.666	170	0.816	480.25	416.768	1355.667	480.25	0	0	2	9	9	3297	3701	2152	0	-2	-2	-2	0	-2	95	103	110	69	1282	917	552	194	-2	170	171	169	-2	-2	-2	-2	-2	-2	212	218	210	88	1326	961	596	231	-1
1006001000	-2	4428	1132	1786.35	415.75	428.799	173.667	3.771	481.5	404.064	1462.556	481.5	0	0	2	9	9	4300	4428	1468	0	-2	-2	-2	0	-2	96	110	113	71	1280	915	550	191	-2	171	171	179	-2	-2	-2	-2	-2	-2	215	219	218	146	1311	946	581	216	-1
1006001000	-2	4647	1203.778	1877.378	415.75	428.799	173.667	3.771	481.5	404.064	1462.556	481.5	0	0	2	9	9	4647	4508	1687	0	-2	-2	-2	0	-2	96	110	113	71	1280	915	550	191	-2	171	171	179	-2	-2	-2	-2	-2	-2	215	219	218	146	1311	946	581	216	-1
1006001000	-2	4878	1351.222	1976.482	289.375	290.45	169	0.816	362	272.192	1648.111	362	0	0	3	9	9	4878	4429	2860	0	-2	-2	0	0	-2	87	110	105	95	944	579	216	179	-2	169	170	168	-2	-2	-2	-2	-2	-2	215	221	211	139	985	620	255	250	-1
1006001000	-2	5096	1254.889	1902.413	287.5	289.288	168.667	2.055	362.25	272.581	1702	362.25	0	0	3	9	9	5096	3977	2227	0	-2	-2	0	0	-2	84	106	104	97	940	575	211	183	-2	166	171	169	-2	-2	-2	-2	-2	-2	212	221	212	140	986	621	256	250	-1
1006001000	-2	5005	1386.444	1998.08	280.125	285.715	165.333	2.357	361.25	274.192	1509.333	361.25	0	0	3	9	9	4066	5005	3413	0	-2	-2	0	0	-2	84	89	101	95	926	561	205	180	-2	162	167	167	-2	-2	-2	-2	-2	-2	207	215	212	140	988	623	258	247	-1
1006001000	-2	5001	1376.556	1987.642	280.125	285.715	165.333	2.357	361.25	274.192	1509.333	361.25	0	0	3	9	9	4061	5001	3333	0	-2	-2	0	0	-2	84	89	101	95	926	561	205	180	-2	162	167	167	-2	-2	-2	-2	-2	-2	207	215	212	140	988	623	258	247	-1
1007001000	-2	1279	232.556	449.878	269	300.574	168	8	331.125	276.464	3028.222	331.125	0	0	4	9	9	0	820	1279	0	-2	-2	0	0	-2	48	53	66	82	938	573	211	181	-2	-2	160	176	-2	-2	-2	-2	-2	-2	63	219	232	142	956	591	226	220	-1
1006001000	-2	651	160.111	238.473	304.25	301.305	179	7.118	360.875	273.681	2564.222	367	0	0	3	9	9	367	429	651	0	-2	-2	0	0	-2	113	90	87	113	976	611	246	198	-2	185	169	183	-2	-2	-2	-2	-2	-2	232	215	225	140	987	622	257	209	-1
1006002000	-2	1116	167.556	349.578	307.429	306.322	179.667	6.944	323	283.094	1910.889	358.125	0	0	3	9	9	317	81	1116	0	-2	-2	0	0	-2	114	95	93	110	945	580	215	-2	-2	186	170	183	-2	-2	-2	-2	-2	-2	229	194	226	141	956	591	226	21	-1
1006002000	-2	686	93.222	212.142	307.429	306.322	179.667	6.944	319.125	284.487	1910.889	358.125	0	0	3	9	9	78	81	686	0	-2	-2	0	0	-2	114	95	93	110	945	580	215	-2	-2	186	170	183	-2	-2	-2	-2	-2	-2	205	195	218	141	956	591	226	21	-1
1007003000	-2	8344	1776.889	3330.343	519.833	466.527	184.5	4.5	444.25	451.839	2490.333	500.125	0	0	3	9	9	7656	8344	0	0	-2	-2	-2	0	-2	115	104	-2	92	1301	936	571	-2	-2	189	180	-2	-2	-2	-2	-2	-2	-2	236	230	21	139	1334	969	604	21	-1
1008005000	-2	2107	233.444	662.403	435.5	322.827	169	0	246.625	308.571	1462.444	358.75	0	0	5	9	9	0	0	2107	0	-2	-2	0	0	-2	-2	-2	94	-2	912	547	189	-2	-2	-2	-2	169	-2	-2	-2	-2	-2	-2	21	21	208	21	923	558	200	21	-1
1008005000	-2	2107	233.444	662.403	435.5	322.827	169	0	246.625	308.571	1462.444	358.75	0	0	5	9	9	0	0	2107	0	-2	-2	0	0	-2	-2	-2	94	-2	912	547	189	-2	-2	-2	-2	169	-2	-2	-2	-2	-2	-2	21	21	208	21	923	558	200	21	-1
1008005000	-2	79	8.111	25.08	446.5	328.844	162	0	249.5	315.665	496.667	337.375	0	0	5	9	9	0	0	79	0	-2	-2	0	0	-2	-2	-2	92	-2	929	564	201	-2	-2	-2	-2	162	-2	-2	-2	-2	-2	-2	21	21	185	21	940	575	212	21	-1
1008005000	-2	110	11.556	34.817	446.5	328.844	162	0	259.5	331.82	496.667	337.375	0	0	5	9	9	0	0	110	0	-2	-2	0	0	-2	-2	-2	92	-2	929	564	201	-2	-2	-2	-2	162	-2	-2	-2	-2	-2	-2	21	21	185	21	980	615	212	21	-1
1007002000	-2	3483	407.222	1089.084	418.143	445.934	154.5	6.5	443	452.744	514.444	470.875	0	0	3	9	9	0	3483	190	0	-2	-2	-2	0	-2	72	54	93	65	1246	881	516	-2	-2	-2	148	161	-2	-2	-2	-2	-2	-2	88	192	180	141	1339	974	609	21	-1
1007002000	-2	3483	407.222	1089.084	418.143	445.934	154.5	6.5	443	452.744	514.444	470.875	0	0	3	9	9	0	3483	190	0	-2	-2	-2	0	-2	72	54	93	65	1246	881	516	-2	-2	-2	148	161	-2	-2	-2	-2	-2	-2	88	192	180	141	1339	974	609	21	-1
1006001000	-2	2185	531.667	840.68	396.875	427.274	154	5.099	483.5	421.579	756.889	483.5	0	0	2	9	9	1908	2185	700	0	-2	-2	-2	0	-2	93	68	93	65	1259	894	529	174	-2	156	147	159	-2	-2	-2	-2	-2	-2	192	189	184	141	1338	973	608	243	-1
1006001000	-2	2185	531.667	840.68	396.875	427.274	154	5.099	483.5	421.579	756.889	483.5	0	0	2	9	9	1908	2185	700	0	-2	-2	-2	0	-2	93	68	93	65	1259	894	529	174	-2	156	147	159	-2	-2	-2	-2	-2	-2	192	189	184	141	1338	973	608	243	-1
1006001000	-2	1990	569	834.267	397.5	425.483	153.667	4.028	485.125	418.962	805.556	485.125	0	0	2	9	9	1951	1990	1188	0	-2	-2	-2	0	-2	94	72	94	66	1257	892	527	178	-2	156	148	157	-2	-2	-2	-2	-2	-2	195	191	196	145	1336	971	606	241	-1
1006001000	-2	1990	567.778	833.367	397.5	425.483	153.667	4.028	485.125	418.962	805.556	485.125	0	0	2	9	9	1951	1990	1177	0	-2	-2	-2	0	-2	94	72	94	66	1257	892	527	178	-2	156	148	157	-2	-2	-2	-2	-2	-2	195	191	196	145	1336	971	606	241	-1
1006002000	-2	2165	493.111	772.037	300.286	318.626	156.667	3.682	320.5	290.493	789.667	348.625	0	0	3	9	9	1506	2165	773	0	-2	-2	0	0	-2	90	78	95	66	956	591	226	-2	-2	157	152	161	-2	-2	-2	-2	-2	-2	193	194	199	145	969	604	239	21	-1
1006002000	-2	2165	493.111	772.037	300.286	318.626	156.667	3.682	320.5	290.493	789.667	348.625	0	0	3	9	9	1506	2165	773	0	-2	-2	0	0	-2	90	78	95	66	956	591	226	-2	-2	157	152	161	-2	-2	-2	-2	-2	-2	193	194	199	145	969	604	239	21	-1
1007001000	-2	1979	423.222	794.61	402.375	426.425	160.5	4.5	471.875	433.011	486.333	477.625	0	0	3	9	9	1979	0	1838	0	-2	-2	-2	0	-2	93	80	97	67	1263	898	533	188	-2	156	-2	165	-2	-2	-2	-2	-2	-2	196	97	205	145	1342	977	612	201	-1
1007001000	-2	3050	595	1128.273	291.125	300.36	163.5	2.5	341.25	279.497	691.444	341.25	0	0	4	9	9	3050	0	2311	0	-2	-2	0	0	-2	93	86	105	67	961	596	231	190	-2	161	-2	166	-2	-2	-2	-2	-2	-2	202	97	206	146	974	609	244	252	-1
1007001000	-2	3050	595	1128.273	291.125	300.36	163.5	2.5	341.25	279.497	691.444	341.25	0	0	4	9	9	3050	0	2311	0	-2	-2	0	0	-2	93	86	105	67	961	596	231	190	-2	161	-2	166	-2	-2	-2	-2	-2	-2	202	97	206	146	974	609	244	252	-1
1006001000	-2	5269	1139.222	2106.778	285.125	291.419	165	2.16	347.25	277.49	1370	347.25	0	0	3	9	9	4884	5269	106	0	-2	-2	0	0	-2	83	105	106	68	940	575	211	193	-2	163	164	168	-2	-2	-2	-2	-2	-2	206	213	184	87	976	611	246	255	-1
1006001000	-2	5603	1175.889	2181.056	285.125	291.419	165	2.16	347.25	277.49	1370	347.25	0	0	3	9	9	4884	5603	102	0	-2	-2	0	0	-2	83	105	106	68	940	575	211	193	-2	163	164	168	-2	-2	-2	-2	-2	-2	206	213	184	87	976	611	246	255	-1
1007001000	-2	3423	437.111	1067.949	274.75	288.252	161	5	340	293.732	445.667	340	0	0	4	9	9	3423	0	517	0	-2	-2	0	0	-2	82	89	99	69	925	560	198	176	-2	156	-2	166	-2	-2	-2	-2	-2	-2	200	102	184	87	995	630	265	257	-1
1007001000	-2	3423	445.111	1068.787	274.75	288.252	161	5	340	293.732	445.667	340	0	0	4	9	9	3423	0	589	0	-2	-2	0	0	-2	82	89	99	69	925	560	198	176	-2	156	-2	166	-2	-2	-2	-2	-2	-2	200	102	184	87	995	630	265	257	-1
1007001000	-2	3931	740.667	1415.335	280.375	290.667	160	6	346.5	283.295	781.222	346.5	0	0	4	9	9	3931	0	2741	0	-2	-2	0	0	-2	82	88	105	71	934	569	213	181	-2	154	-2	166	-2	-2	-2	-2	-2	-2	200	101	207	147	986	621	256	254	-1
1006001000	-2	3974	940	1452.112	280.625	290.013	160.333	6.236	361.625	277.463	1422.111	361.625	0	0	3	9	9	2970	3974	1522	0	-2	-2	0	0	-2	82	84	104	77	933	568	213	184	-2	152	162	167	-2	-2	-2	-2	-2	-2	197	211	208	140	994	629	264	250	-1
1005001000	-2	0	-0.444	0.831	151.25	173.645	198.75	86.181	283.125	134.485	5766.111	330.125	0	0	7	9	9	0	0	0	0	0	-2	0	0	-2	27	18	19	29	129	556	254	178	-2	149	147	151	348	-2	-2	-2	-2	-2	175	174	176	358	296	599	265	222	-1
1006001000	-2	1626	273.778	508.944	427.5	431.815	181.333	8.731	498.625	412.741	2298.778	501.625	0	0	2	9	9	378	468	1626	0	-2	-2	-2	0	-2	114	92	104	111	1296	931	566	206	-2	187	169	188	-2	-2	-2	-2	-2	-2	232	214	233	140	1340	975	610	245	-1
1006002000	-2	1238	154.444	386.377	457	452.979	181	7.071	457.375	429.358	1055.444	503.125	0	0	3	9	9	160	0	1238	0	-2	-2	-2	0	-2	115	95	106	96	1294	929	564	-2	-2	186	171	186	-2	-2	-2	-2	-2	-2	226	186	227	140	1318	953	588	21	-1
1006002000	-2	879	100.556	275.428	455.714	453.231	178	4.967	450	424.402	356.667	498	0	0	2	9	9	1	33	879	0	-2	-2	-2	0	-2	115	97	107	87	1293	928	563	-2	-2	182	171	181	-2	-2	-2	-2	-2	-2	196	205	221	140	1304	939	574	21	-1
1006002000	-2	883	101	276.684	455.714	453.231	178	4.967	450	424.402	356.667	498	0	0	2	9	9	1	33	883	0	-2	-2	-2	0	-2	115	97	107	87	1293	928	563	-2	-2	182	171	181	-2	-2	-2	-2	-2	-2	196	205	221	140	1304	939	574	21	-1
1007006000	-2	2627	409.444	851.711	102	9.798	180	4	488.125	508.521	966.667	554.875	0	0	3	9	9	2627	1066	0	0	-2	-2	-2	0	-2	114	102	-2	90	-2	-2	-2	-2	-2	184	176	-2	-2	-2	-2	-2	-2	-2	225	217	21	139	1459	1094	729	21	-1
1007006000	-2	2544	423	848.334	102	9.798	180	4	488.125	508.521	966.667	554.875	0	0	3	9	9	2544	1271	0	0	-2	-2	-2	0	-2	114	102	-2	90	-2	-2	-2	-2	-2	184	176	-2	-2	-2	-2	-2	-2	-2	225	217	21	139	1459	1094	729	21	-1
1007004000	-2	7630	1078.556	2405.886	599.2	464.213	175	3	426.125	465.411	1840.222	506.5	0	0	3	9	9	0	7630	2085	0	-2	-2	-2	0	-2	-2	96	116	-2	1293	928	563	-2	-2	-2	172	178	-2	-2	-2	-2	-2	-2	21	218	218	21	1335	970	605	21	-1
1006002000	-2	7635	1804.667	2929.625	454.571	454.15	177.667	4.497	476	445.85	1840.222	506.5	0	0	2	9	9	6669	7635	1946	0	-2	-2	-2	0	-2	104	96	116	82	1293	928	563	-2	-2	183	172	178	-2	-2	-2	-2	-2	-2	227	218	218	139	1360	995	630	21	-1
1007003000	-2	6125	962.889	1990.49	295.167	331.599	163	9	284.75	316.898	965.111	341.625	0	0	4	9	9	0	6125	2547	0	-2	-2	0	0	-2	71	59	97	65	922	557	-2	-2	-2	-2	154	172	-2	-2	-2	-2	-2	-2	88	201	211	141	980	615	21	21	-1
1007003000	-2	6125	962.889	1990.49	295.167	331.599	163	9	284.75	316.898	965.111	341.625	0	0	4	9	9	0	6125	2547	0	-2	-2	0	0	-2	71	59	97	65	922	557	-2	-2	-2	-2	154	172	-2	-2	-2	-2	-2	-2	88	201	211	141	980	615	21	21	-1
1006002000	-2	6612	977.333	2083.033	278.857	312.935	152	8.832	322	296.82	977.889	350.125	0	0	3	9	9	1970	6612	220	0	-2	-2	0	0	-2	66	52	91	59	926	561	197	-2	-2	155	140	161	-2	-2	-2	-2	-2	-2	192	187	181	144	982	617	252	21	-1
1008004000	-2	220	23.778	69.381	366.8	331.68	161	0	279.875	323.399	977.889	350.125	0	0	5	9	9	0	0	220	0	-2	-2	0	0	-2	-2	-2	91	59	926	561	197	-2	-2	-2	-2	161	-2	-2	-2	-2	-2	-2	21	21	181	144	982	617	252	21	-1
1005001000	-2	4950	1035.556	1650.166	274.5	302.659	144	10.84	351.375	276.214	1108.778	351.375	0	0	3	9	9	1986	4950	2390	0	-2	-2	0	0	-2	70	54	91	59	948	583	218	173	-2	153	137	156	130	-2	-2	-2	-2	-2	193	182	196	144	982	617	252	245	-1
1005001000	-2	4950	1035.556	1650.166	274.5	302.659	144	10.84	351.375	276.214	1108.778	351.375	0	0	3	9	9	1986	4950	2390	0	-2	-2	0	0	-2	70	54	91	59	948	583	218	173	-2	153	137	156	130	-2	-2	-2	-2	-2	193	182	196	144	982	617	252	245	-1
1005002000	-2	3591	866.889	1295.084	292.286	319.369	145	10.32	321.375	296	1058	349.625	0	0	3	9	9	2298	3591	1919	0	-2	-2	0	0	-2	80	62	93	59	949	584	219	-2	-2	153	141	156	130	-2	-2	-2	-2	-2	193	183	184	145	980	615	250	21	-1
1005002000	-2	3591	866.889	1295.084	292.286	319.369	145	10.32	321.375	296	1058	349.625	0	0	3	9	9	2298	3591	1919	0	-2	-2	0	0	-2	80	62	93	59	949	584	219	-2	-2	153	141	156	130	-2	-2	-2	-2	-2	193	183	184	145	980	615	250	21	-1
1006002000	-2	3140	681.333	1069.413	290.857	316.899	150.667	5.558	319	294.9	782.333	347.375	0	0	3	9	9	1257	3140	1741	0	-2	-2	0	0	-2	80	69	92	58	944	579	214	-2	-2	153	143	156	-2	-2	-2	-2	-2	-2	183	185	185	145	976	611	246	21	-1
1006002000	-2	3223	690.778	1090.837	290.857	316.899	150.667	5.558	319	294.9	782.333	347.375	0	0	3	9	9	1259	3223	1741	0	-2	-2	0	0	-2	80	69	92	58	944	579	214	-2	-2	153	143	156	-2	-2	-2	-2	-2	-2	183	185	185	145	976	611	246	21	-1
1006002000	-2	2832	563.333	931.008	290.429	315.208	151	4.546	321.75	293.654	662.556	350.375	0	0	3	9	9	1366	2832	878	0	-2	-2	0	0	-2	81	71	93	59	941	576	212	-2	-2	150	146	157	-2	-2	-2	-2	-2	-2	189	188	197	146	976	611	246	21	-1
1006002000	-2	2519	609	1006.21	287.286	313.25	153.667	4.643	321.5	293.759	736.778	351.375	0	0	3	9	9	2406	2519	562	0	-2	-2	0	0	-2	80	72	90	58	935	570	206	-2	-2	152	149	160	-2	-2	-2	-2	-2	-2	192	193	187	146	976	611	246	21	-1
1006002000	-2	2519	609	1006.21	287.286	313.25	153.667	4.643	321.5	293.759	736.778	351.375	0	0	3	9	9	2406	2519	562	0	-2	-2	0	0	-2	80	72	90	58	935	570	206	-2	-2	152	149	160	-2	-2	-2	-2	-2	-2	192	193	187	146	976	611	246	21	-1
1006001000	-2	2125	563.667	856.646	273.75	294.155	151.333	2.625	357.375	280.442	759.111	357.375	0	0	3	9	9	2125	2018	936	0	-2	-2	0	0	-2	80	72	89	60	933	568	205	183	-2	150	149	155	-2	-2	-2	-2	-2	-2	190	192	187	146	995	630	265	254	-1
1006001000	-2	2556	770.889	1101.685	270.875	291.151	155.333	4.028	360.875	279.015	1036.889	360.875	0	0	3	9	9	2556	2430	1958	0	-2	-2	0	0	-2	78	73	90	60	925	560	201	180	-2	153	152	161	-2	-2	-2	-2	-2	-2	194	196	202	146	996	631	266	256	-1
1006001000	-2	2977	797.556	1154.262	268.75	290.252	156.667	3.091	362.125	278.865	1140.444	362.125	0	0	3	9	9	2977	2147	2060	0	-2	-2	0	0	-2	72	74	84	62	921	556	202	179	-2	154	155	161	-2	-2	-2	-2	-2	-2	196	199	202	147	997	632	267	257	-1
1006001000	-2	2977	797.556	1154.262	268.75	290.252	156.667	3.091	362.125	278.865	1140.444	362.125	0	0	3	9	9	2977	2147	2060	0	-2	-2	0	0	-2	72	74	84	62	921	556	202	179	-2	154	155	161	-2	-2	-2	-2	-2	-2	196	199	202	147	997	632	267	257	-1
1007001000	-2	2210	472.778	886.882	262.625	281.531	152.5	0.5	348.5	288.976	780.778	348.5	0	0	4	9	9	2210	2051	0	0	-2	-2	0	0	-2	78	73	74	64	898	535	204	175	-2	152	153	-2	-2	-2	-2	-2	-2	-2	194	196	93	147	997	632	267	262	-1
1007001000	-2	2210	472.778	886.882	262.625	281.531	152.5	0.5	348.5	288.976	780.778	348.5	0	0	4	9	9	2210	2051	0	0	-2	-2	0	0	-2	78	73	74	64	898	535	204	175	-2	152	153	-2	-2	-2	-2	-2	-2	-2	194	196	93	147	997	632	267	262	-1
1007001000	-2	2634	468.556	911.692	185.375	165.8	147.5	2.5	245.5	154.298	897.667	245.5	0	0	5	9	9	1587	2634	0	0	-2	0	0	0	-2	71	71	71	62	589	229	210	180	-2	145	150	-2	-2	-2	-2	-2	-2	-2	187	194	93	88	613	248	268	273	-1
1005001000	-2	0	-0.444	0.831	84.25	72.544	151.25	33.372	273.375	158.661	4824.889	310.75	0	0	7	9	9	0	0	0	-2	0	0	0	0	-2	15	14	17	23	89	195	170	151	-2	138	122	137	208	-2	-2	-2	-2	-2	159	147	160	661	296	215	223	326	-1
1006002000	-2	832	105	259.739	453.857	453.913	168.667	8.957	448.75	432.974	210.556	491.25	0	0	2	9	9	2	119	832	0	-2	-2	-2	0	-2	112	92	108	84	1292	927	562	-2	-2	175	156	175	-2	-2	-2	-2	-2	-2	190	178	208	140	1316	951	586	21	-1
1006002000	-2	361	68.778	117.033	465.714	462.643	176.333	2.494	465.125	441.019	288.667	493.125	0	0	2	9	9	125	141	361	0	-2	-2	-2	0	-2	108	99	117	86	1315	950	585	-2	-2	177	173	179	-2	-2	-2	-2	-2	-2	208	210	209	139	1343	978	613	21	-1
1006005000	-2	4888	1459.333	2076.214	101.5	12.359	180.333	4.19	514.125	488.909	1579.222	557	0	0	2	9	9	4072	4888	4182	0	-2	-2	-2	0	-2	106	98	118	84	-2	-2	-2	-2	-2	179	176	186	-2	-2	-2	-2	-2	-2	223	219	229	139	1459	1094	729	21	-1
1006005000	-2	4888	1459.333	2076.214	101.5	12.359	180.333	4.19	514.125	488.909	1579.222	557	0	0	2	9	9	4072	4888	4182	0	-2	-2	-2	0	-2	106	98	118	84	-2	-2	-2	-2	-2	179	176	186	-2	-2	-2	-2	-2	-2	223	219	229	139	1459	1094	729	21	-1
1008005000	-2	7120	790.444	2237.836	402.75	363.439	156	0	254.375	335.554	1348	349.375	0	0	5	9	9	0	7120	0	0	-2	-2	0	0	-2	-2	60	-2	66	925	560	-2	-2	-2	-2	156	-2	-2	-2	-2	-2	-2	-2	21	206	21	140	985	620	21	21	-1
1008005000	-2	7120	790.444	2237.836	402.75	363.439	156	0	254.375	335.554	1348	349.375	0	0	5	9	9	0	7120	0	0	-2	-2	0	0	-2	-2	60	-2	66	925	560	-2	-2	-2	-2	156	-2	-2	-2	-2	-2	-2	-2	21	206	21	140	985	620	21	21	-1
1007003000	-2	1803	199.667	566.865	236.667	223.931	139	3	216.625	207.983	918	276.875	0	0	5	9	9	1803	0	0	0	-2	-2	0	0	-2	46	-2	74	56	591	505	-2	148	-2	142	-2	-2	136	-2	-2	-2	-2	-2	184	21	81	145	608	514	21	159	-1
1007003000	-2	1803	199.667	566.865	236.667	223.931	139	3	216.625	207.983	918	276.875	0	0	5	9	9	1803	0	0	0	-2	-2	0	0	-2	46	-2	74	56	591	505	-2	148	-2	142	-2	-2	136	-2	-2	-2	-2	-2	184	21	81	145	608	514	21	159	-1
1005001000	-2	5585	1207.778	1887.433	260	297.254	140	11.576	352.25	280.421	1212	352.25	0	0	3	9	9	2628	5585	2663	0	-2	-2	0	0	-2	49	50	88	56	925	560	195	157	-2	146	128	156	130	-2	-2	-2	-2	-2	182	173	195	146	990	625	260	247	-1
1005001000	-2	5585	1207.778	1887.433	260	297.254	140	11.576	352.25	280.421	1212	352.25	0	0	3	9	9	2628	5585	2663	0	-2	-2	0	0	-2	49	50	88	56	925	560	195	157	-2	146	128	156	130	-2	-2	-2	-2	-2	182	173	195	146	990	625	260	247	-1
1005001000	-2	4139	961.444	1463.019	263.875	298.763	141	10.607	351.125	281.107	963.444	351.125	0	0	3	9	9	2604	4139	1916	0	-2	-2	0	0	-2	51	51	89	57	931	566	201	165	-2	146	131	156	131	-2	-2	-2	-2	-2	182	174	185	145	990	625	260	248	-1
1005001000	-2	4139	961.444	1463.019	263.875	298.763	141	10.607	351.125	281.107	963.444	351.125	0	0	3	9	9	2604	4139	1916	0	-2	-2	0	0	-2	51	51	89	57	931	566	201	165	-2	146	131	156	131	-2	-2	-2	-2	-2	182	174	185	145	990	625	260	248	-1
1005002000	-2	3878	824.222	1307.852	278.714	317.728	138.5	10.112	323.125	301.777	824.778	352.875	0	0	3	9	9	2075	3878	1471	0	-2	-2	0	0	-2	54	53	82	57	933	568	204	-2	-2	141	130	154	129	-2	-2	-2	-2	-2	180	174	184	145	992	627	262	21	-1
1005002000	-2	3878	824.222	1307.852	278.714	317.728	138.5	10.112	323.125	301.777	824.778	352.875	0	0	3	9	9	2075	3878	1471	0	-2	-2	0	0	-2	54	53	82	57	933	568	204	-2	-2	141	130	154	129	-2	-2	-2	-2	-2	180	174	184	145	992	627	262	21	-1
1005001000	-2	3513	936.889	1359.418	264	300.034	136.25	7.693	353.375	281.879	941.778	353.375	0	0	3	9	9	2285	3513	2640	0	-2	-2	0	0	-2	56	55	72	55	933	568	205	168	-2	140	130	147	128	-2	-2	-2	-2	-2	179	173	184	147	993	628	263	260	-1
1005001000	-2	3507	936.222	1358.156	264	300.034	136.25	7.693	353.375	281.879	941.778	353.375	0	0	3	9	9	2285	3507	2640	0	-2	-2	0	0	-2	56	55	72	55	933	568	205	168	-2	140	130	147	128	-2	-2	-2	-2	-2	179	173	184	147	993	628	263	260	-1
1005001000	-2	4601	979.111	1558.446	261.375	295.525	138.25	8.197	354.375	282.53	989.222	354.375	0	0	3	9	9	2570	4601	1647	0	-2	-2	0	0	-2	59	62	71	54	923	558	196	168	-2	141	134	150	128	-2	-2	-2	-2	-2	180	180	177	146	995	630	265	262	-1
1005001000	-2	4601	979.111	1558.446	261.375	295.525	138.25	8.197	354.375	282.53	989.222	354.375	0	0	3	9	9	2570	4601	1647	0	-2	-2	0	0	-2	59	62	71	54	923	558	196	168	-2	141	134	150	128	-2	-2	-2	-2	-2	180	180	177	146	995	630	265	262	-1
1006001000	-2	4649	875.667	1673.211	262.875	294.787	138.667	2.055	341.5	291.813	898.111	341.5	0	0	4	9	9	3238	4649	0	0	-2	-2	0	0	-2	60	66	72	55	923	558	200	169	-2	141	136	-2	139	-2	-2	-2	-2	-2	181	181	82	146	995	630	265	252	-1
1006001000	-2	4664	877.333	1676.972	262.875	294.787	138.667	2.055	341.5	291.813	898.111	341.5	0	0	4	9	9	3238	4664	0	0	-2	-2	0	0	-2	60	66	72	55	923	558	200	169	-2	141	136	-2	139	-2	-2	-2	-2	-2	181	181	82	146	995	630	265	252	-1
1007001000	-2	3802	708.778	1358.341	264.75	294.425	143.5	0.5	345.25	291.802	733.333	345.25	0	0	4	9	9	2583	3802	0	0	-2	-2	0	0	-2	61	68	72	58	924	559	202	174	-2	144	143	-2	-2	-2	-2	-2	-2	-2	185	188	82	146	998	633	268	262	-1
1007001000	-2	3802	708.778	1358.341	264.75	294.425	143.5	0.5	345.25	291.802	733.333	345.25	0	0	4	9	9	2583	3802	0	0	-2	-2	0	0	-2	61	68	72	58	924	559	202	174	-2	144	143	-2	-2	-2	-2	-2	-2	-2	185	188	82	146	998	633	268	262	-1
1007001000	-2	3407	652.444	1241.967	264.5	291.82	143	2	346	291.41	770	346	0	0	4	9	9	2471	3407	0	0	-2	-2	0	0	-2	61	65	72	58	918	553	206	183	-2	145	141	-2	-2	-2	-2	-2	-2	-2	188	189	82	147	998	633	268	263	-1
1007001000	-2	3407	652.444	1241.967	264.5	291.82	143	2	346	291.41	770	346	0	0	4	9	9	2471	3407	0	0	-2	-2	0	0	-2	61	65	72	58	918	553	206	183	-2	145	141	-2	-2	-2	-2	-2	-2	-2	188	189	82	147	998	633	268	263	-1
1006001000	-2	3475	883	1294.696	220.875	208.887	141.667	7.587	311.375	185.972	1243.667	311.375	0	0	3	9	9	3475	2266	2212	0	-2	-2	0	0	-2	61	63	68	54	602	537	205	177	-2	139	134	152	-2	-2	-2	-2	-2	-2	182	182	193	147	614	638	273	262	-1
1006001000	-2	3475	883	1294.696	220.875	208.887	141.667	7.587	311.375	185.972	1243.667	311.375	0	0	3	9	9	3475	2266	2212	0	-2	-2	0	0	-2	61	63	68	54	602	537	205	177	-2	139	134	152	-2	-2	-2	-2	-2	-2	182	182	193	147	614	638	273	262	-1
1006001000	-2	458	111.667	171.04	150.375	155.253	140.333	12.97	266.875	113.982	1548.111	271.625	0	0	4	9	9	192	458	359	0	-2	0	0	0	-2	35	27	29	45	516	213	178	160	-2	149	122	150	-2	-2	-2	-2	-2	-2	169	170	174	310	535	229	297	251	-1
1007004000	-2	1165	132.222	365.298	584.2	459.942	162.5	0.5	427.5	477.107	545.667	497.875	0	0	3	9	9	1165	33	0	0	-2	-2	-2	0	-2	103	91	-2	-2	1274	909	544	-2	-2	163	162	-2	-2	-2	-2	-2	-2	-2	202	185	21	21	1355	990	625	21	-1
1009005000	-2	0	-0.889	0.994	727.25	455.581	-0.01	-0.01	395	489.216	1556.556	495.5	0	0	5	9	9	0	0	0	0	-2	-2	-2	0	-2	-2	-2	-2	77	1309	944	579	-2	-2	-2	-2	-2	-2	-2	-2	-2	-2	-2	21	21	21	139	1344	979	614	21	-1
1009005000	-2	0	-0.889	0.994	727.25	455.581	-0.01	-0.01	395	489.216	1556.556	495.5	0	0	5	9	9	0	0	0	0	-2	-2	-2	0	-2	-2	-2	-2	77	1309	944	579	-2	-2	-2	-2	-2	-2	-2	-2	-2	-2	-2	21	21	21	139	1344	979	614	21	-1
1009006000	-2	0	-0.444	0.831	384.667	370.586	-0.01	-0.01	187.625	314.547	1682.333	362.125	0	0	7	9	9	0	0	0	0	-2	0	0	0	-2	-2	-2	-2	64	904	-2	186	-2	-2	-2	-2	-2	-2	-2	-2	-2	-2	-2	21	21	21	144	991	21	261	21	-1
1009006000	-2	0	-0.444	0.831	384.667	370.586	-0.01	-0.01	187.625	314.547	1682.333	362.125	0	0	7	9	9	0	0	0	0	-2	0	0	0	-2	-2	-2	-2	64	904	-2	186	-2	-2	-2	-2	-2	-2	-2	-2	-2	-2	-2	21	21	21	144	991	21	261	21	-1
1008002000	-2	3805	422.333	1195.954	177.714	174.129	130	0	212.375	173.991	1235.778	231.125	0	0	6	9	9	3805	0	0	0	-2	0	0	0	-2	41	-2	59	37	574	218	167	148	-2	130	-2	-2	-2	-2	-2	-2	-2	-2	172	21	83	51	606	241	276	249	-1
1008002000	-2	3640	404	1144.099	177.714	174.129	130	0	212.375	173.991	1235.778	231.125	0	0	6	9	9	3640	0	0	0	-2	0	0	0	-2	41	-2	59	37	574	218	167	148	-2	130	-2	-2	-2	-2	-2	-2	-2	-2	172	21	83	51	606	241	276	249	-1
1007001000	-2	5399	1064.111	2012.85	253.25	299.159	126	5	328.5	304.58	1064.667	328.5	0	0	4	9	9	4184	5399	0	0	-2	-2	0	0	-2	44	38	66	43	920	555	191	169	-2	131	121	-2	-2	-2	-2	-2	-2	-2	174	166	83	51	1000	635	270	249	-1
1007001000	-2	5399	1064.111	2012.85	253.25	299.159	126	5	328.5	304.58	1064.667	328.5	0	0	4	9	9	4184	5399	0	0	-2	-2	0	0	-2	44	38	66	43	920	555	191	169	-2	131	121	-2	-2	-2	-2	-2	-2	-2	174	166	83	51	1000	635	270	249	-1
1005001000	-2	4884	1239.778	1692.999	252.125	299.867	128.75	12.07	349.875	283.715	1240.444	349.875	0	0	2	9	9	3073	4884	2375	832	-2	-2	0	0	-2	45	46	65	28	920	555	190	168	-2	132	120	147	116	-2	-2	-2	-2	-2	172	164	184	146	993	628	263	249	-1
1005001000	-2	4884	1239.778	1692.999	252.125	299.867	128.75	12.07	349.875	283.715	1240.444	349.875	0	0	2	9	9	3073	4884	2375	832	-2	-2	0	0	-2	45	46	65	28	920	555	190	168	-2	132	120	147	116	-2	-2	-2	-2	-2	172	164	184	146	993	628	263	249	-1
1005002000	-2	5088	1229.111	1673.263	260.571	313.34	128.75	10.497	321.5	303.61	1307.778	351.875	0	0	2	9	9	2632	5088	2107	1241	-2	-2	0	0	-2	45	47	65	49	910	545	-2	163	-2	131	119	145	120	-2	-2	-2	-2	-2	171	163	184	148	994	629	21	262	-1
1005002000	-2	5088	1229.111	1673.263	260.571	313.34	128.75	10.497	321.5	303.61	1307.778	351.875	0	0	2	9	9	2632	5088	2107	1241	-2	-2	0	0	-2	45	47	65	49	910	545	-2	163	-2	131	119	145	120	-2	-2	-2	-2	-2	171	163	184	148	994	629	21	262	-1
1005002000	-2	4670	1174.778	1566.989	260.857	314.488	128.25	10.662	320.25	304.75	1235	350.75	0	0	2	9	9	2451	4670	2331	1127	-2	-2	0	0	-2	48	48	64	42	912	547	-2	165	-2	127	119	146	121	-2	-2	-2	-2	-2	169	162	177	146	995	630	21	262	-1
1005002000	-2	4670	1174.778	1566.989	260.857	314.488	128.25	10.662	320.25	304.75	1235	350.75	0	0	2	9	9	2451	4670	2331	1127	-2	-2	0	0	-2	48	48	64	42	912	547	-2	165	-2	127	119	146	121	-2	-2	-2	-2	-2	169	162	177	146	995	630	21	262	-1
1005001000	-2	5261	1212.778	1772.197	251.75	295.154	131.5	8.846	354.125	282.888	1287.333	354.125	0	0	2	9	9	2532	5261	2687	441	-2	-2	0	0	-2	49	49	63	42	912	547	192	160	-2	131	126	146	123	-2	-2	-2	-2	-2	173	171	185	147	995	630	265	267	-1
1005001000	-2	5261	1212.778	1772.197	251.75	295.154	131.5	8.846	354.125	282.888	1287.333	354.125	0	0	2	9	9	2532	5261	2687	441	-2	-2	0	0	-2	49	49	63	42	912	547	192	160	-2	131	126	146	123	-2	-2	-2	-2	-2	173	171	185	147	995	630	265	267	-1
1005001000	-2	5619	1396.667	1968.113	248.875	293.32	133	8.456	356.125	285.188	1400.222	356.125	0	0	2	9	9	2952	5619	3436	569	-2	-2	0	0	-2	51	49	62	29	905	540	193	162	-2	134	129	146	123	-2	-2	-2	-2	-2	174	173	187	143	1001	636	271	264	-1
1005001000	-2	5619	1396.667	1968.113	248.875	293.32	133	8.456	356.125	285.188	1400.222	356.125	0	0	2	9	9	2952	5619	3436	569	-2	-2	0	0	-2	51	49	62	29	905	540	193	162	-2	134	129	146	123	-2	-2	-2	-2	-2	174	173	187	143	1001	636	271	264	-1
1005001000	-2	4951	1377.222	1981.488	246.25	291.944	136	7.681	358.25	283.792	1377.778	358.25	0	0	3	9	9	3457	4951	3993	0	-2	-2	0	0	-2	52	48	55	25	899	535	194	162	-2	139	131	147	127	-2	-2	-2	-2	-2	179	179	189	147	1001	636	271	264	-1
1005001000	-2	5994	1313.111	2039.974	207.75	213.95	132	5.788	309.25	188.325	1359.333	309.25	0	0	3	9	9	3072	5994	2758	0	-2	-2	0	0	-2	51	45	47	24	592	534	198	171	-2	130	132	141	125	-2	-2	-2	-2	-2	172	181	183	147	618	637	272	264	-1
1005001000	-2	5994	1313.111	2039.974	207.75	213.95	132	5.788	309.25	188.325	1359.333	309.25	0	0	3	9	9	3072	5994	2758	0	-2	-2	0	0	-2	51	45	47	24	592	534	198	171	-2	130	132	141	125	-2	-2	-2	-2	-2	172	181	183	147	618	637	272	264	-1
1005001000	-2	6542	1414.333	2064.248	119.875	85.202	129	6.042	217.625	52.583	1529.889	217.625	0	0	4	9	9	2676	6542	2091	1422	0	0	0	0	-2	50	44	31	24	236	221	187	166	-2	128	129	138	121	-2	-2	-2	-2	-2	170	176	179	143	259	254	291	269	-1
1005001000	-2	3865	1046.889	1369.416	66.875	60.238	110.5	7.228	260.625	78.224	3969.333	260.625	0	0	4	9	9	2777	1058	3865	1724	0	0	0	0	-2	12	10	13	18	54	148	145	135	-2	115	99	118	110	-2	-2	-2	-2	-2	169	153	173	262	331	309	337	351	-1
1005001000	-2	2392	510.444	767.191	66.875	60.238	110.5	7.228	255.625	84.293	3969.333	260.625	0	0	4	9	9	547	476	2392	1181	0	0	0	0	-2	12	10	13	18	54	148	145	135	-2	115	99	118	110	-2	-2	-2	-2	-2	143	153	159	262	331	309	337	351	-1
1007003000	-2	102	13.222	32.441	510.667	471.13	157.5	1.5	439.625	466.105	413.333	495.375	0	0	3	9	9	102	25	0	0	-2	-2	-2	0	-2	100	88	-2	80	1297	932	567	-2	-2	159	156	-2	-2	-2	-2	-2	-2	-2	192	178	21	141	1353	988	623	21	-1
1007003000	-2	1084	125.333	339.312	335.167	328.416	156.5	0.5	294.25	304.884	540.333	356	0	0	4	9	9	1084	50	0	0	-2	-2	0	0	-2	94	78	-2	78	952	587	222	-2	-2	156	157	-2	-2	-2	-2	-2	-2	-2	197	174	21	141	965	600	235	21	-1
1007003000	-2	6145	1057	2084.418	507	468.313	167	7	445.125	469.664	1945.111	503.25	0	0	3	9	9	6145	0	3376	0	-2	-2	-2	0	-2	88	-2	113	66	1290	925	560	-2	-2	160	-2	174	-2	-2	-2	-2	-2	-2	203	21	219	106	1362	997	632	21	-1
1008003000	-2	2541	281.889	798.717	209.167	176.991	139	0	211.875	175.293	987.444	258.75	0	0	6	9	9	2541	0	0	0	-2	0	0	0	-2	49	-2	-2	59	580	215	176	176	-2	139	-2	-2	-2	-2	-2	-2	-2	-2	184	21	21	105	605	226	262	271	-1
1006001000	-2	5065	971.556	1847.624	174.75	164.947	147	14.236	258.75	138.02	987.444	258.75	0	0	5	9	9	3683	0	5065	0	-2	0	0	0	-2	49	47	97	58	580	215	176	176	-2	139	135	167	-2	-2	-2	-2	-2	-2	184	155	209	144	605	240	262	271	-1
1007002000	-2	4526	629.444	1422.859	91	72.115	110.5	1.5	151.75	96.82	1175.889	172.875	0	0	6	9	9	1141	4526	0	0	0	0	0	0	-2	36	27	49	12	208	-2	156	149	-2	109	112	-2	-2	-2	-2	-2	-2	-2	157	157	85	19	225	21	278	272	-1
1007002000	-2	4526	629.444	1422.859	91	72.115	110.5	1.5	151.75	96.82	1175.889	172.875	0	0	6	9	9	1141	4526	0	0	0	0	0	0	-2	36	27	49	12	208	-2	156	149	-2	109	112	-2	-2	-2	-2	-2	-2	-2	157	157	85	19	225	21	278	272	-1
1007001000	-2	4796	835.889	1639.191	240.75	299.415	114	2	327.25	311.081	907.556	327.25	0	0	4	9	9	2733	4796	0	0	-2	-2	0	0	-2	40	30	52	9	906	543	178	168	-2	116	112	-2	-2	-2	-2	-2	-2	-2	165	157	85	19	1006	641	276	269	-1
1007001000	-2	4791	834.556	1636.949	240.75	299.415	114	2	327.25	311.081	907.556	327.25	0	0	4	9	9	2726	4791	0	0	-2	-2	0	0	-2	40	30	52	9	906	543	178	168	-2	116	112	-2	-2	-2	-2	-2	-2	-2	165	157	85	19	1006	641	276	269	-1
1006002000	-2	5481	1282	1934.461	252.857	321.436	126.333	11.898	303.625	317.465	1282.556	334.375	0	0	3	9	9	3189	5481	2874	0	-2	-2	0	0	-2	42	32	57	9	914	549	-2	167	-2	116	120	143	-2	-2	-2	-2	-2	-2	161	164	185	19	997	632	21	250	-1
1006002000	-2	5481	1282	1934.461	252.857	321.436	126.333	11.898	303.625	317.465	1282.556	334.375	0	0	3	9	9	3189	5481	2874	0	-2	-2	0	0	-2	42	32	57	9	914	549	-2	167	-2	116	120	143	-2	-2	-2	-2	-2	-2	161	164	185	19	997	632	21	250	-1
1005002000	-2	4741	1566.333	1833.218	164.571	191.963	118.25	8.671	225.125	166.495	1301.778	239.5	0	0	3	9	9	3111	3693	4741	2556	-2	0	0	0	-2	42	31	52	31	600	235	-2	161	-2	116	112	133	112	-2	-2	-2	-2	-2	154	155	176	148	624	259	21	264	-1
1005002000	-2	4741	1568.333	1835.545	164.571	191.963	118.25	8.671	225.125	166.495	1301.778	239.5	0	0	3	9	9	3111	3711	4741	2556	-2	0	0	0	-2	42	31	52	31	600	235	-2	161	-2	116	112	133	112	-2	-2	-2	-2	-2	154	155	176	148	624	259	21	264	-1
1005002000	-2	3359	1097.556	1285.76	163	189.553	121	8.746	225.875	166.499	903	241	0	0	3	9	9	2300	3359	2451	1772	-2	0	0	0	-2	42	32	51	33	594	230	-2	159	-2	118	115	136	115	-2	-2	-2	-2	-2	154	158	175	148	624	259	21	268	-1
1005002000	-2	3359	1097.556	1285.76	163	189.553	121	8.746	225.875	166.499	903	241	0	0	3	9	9	2300	3359	2451	1772	-2	0	0	0	-2	42	32	51	33	594	230	-2	159	-2	118	115	136	115	-2	-2	-2	-2	-2	154	158	175	148	624	259	21	268	-1
1006001000	-2	5002	1045.889	1664.099	166.125	182.976	128.667	7.364	244	163.361	1057.444	244	0	0	4	9	9	2238	5002	2177	0	-2	0	0	0	-2	44	40	50	11	606	241	182	155	-2	128	120	138	-2	-2	-2	-2	-2	-2	169	163	180	19	625	260	271	265	-1
1006001000	-2	5002	1045.889	1664.099	166.125	182.976	128.667	7.364	244	163.361	1057.444	244	0	0	4	9	9	2238	5002	2177	0	-2	0	0	0	-2	44	40	50	11	606	241	182	155	-2	128	120	138	-2	-2	-2	-2	-2	-2	169	163	180	19	625	260	271	265	-1
1006001000	-2	5400	1159.667	1826.86	237.875	289.535	130.667	7.846	339.375	300.053	1170.333	339.375	0	0	3	9	9	2885	5400	2158	0	-2	-2	0	0	-2	45	42	47	11	881	529	192	156	-2	129	122	141	-2	-2	-2	-2	-2	-2	172	168	184	19	1001	636	271	264	-1
1006001000	-2	5400	1159.667	1826.86	237.875	289.535	130.667	7.846	339.375	300.053	1170.333	339.375	0	0	3	9	9	2885	5400	2158	0	-2	-2	0	0	-2	45	42	47	11	881	529	192	156	-2	129	122	141	-2	-2	-2	-2	-2	-2	172	168	184	19	1001	636	271	264	-1
1006001000	-2	5755	1567.444	2261.652	157.125	173.425	124	7.483	244.375	164.431	1597.111	244.375	0	0	4	9	9	3937	5755	4419	0	-2	0	0	0	-2	42	40	39	9	573	223	178	153	-2	116	122	134	-2	-2	-2	-2	-2	-2	163	169	177	19	628	263	272	264	-1
1006001000	-2	5755	1567.444	2261.652	157.125	173.425	124	7.483	244.375	164.431	1597.111	244.375	0	0	4	9	9	3937	5755	4419	0	-2	0	0	0	-2	42	40	39	9	573	223	178	153	-2	116	122	134	-2	-2	-2	-2	-2	-2	163	169	177	19	628	263	272	264	-1
1006001000	-2	5772	1504.667	2189.941	121.625	96.898	124.333	6.342	203.625	85.566	1540.444	203.625	0	0	5	9	9	3784	5772	3988	0	0	0	0	0	-2	39	40	31	10	281	216	190	166	-2	118	122	133	-2	-2	-2	-2	-2	-2	164	170	175	19	293	266	273	269	-1
1006001000	-2	5772	1504.667	2189.941	121.625	96.898	124.333	6.342	203.625	85.566	1540.444	203.625	0	0	5	9	9	3784	5772	3988	0	0	0	0	0	-2	39	40	31	10	281	216	190	166	-2	118	122	133	-2	-2	-2	-2	-2	-2	164	170	175	19	293	266	273	269	-1
1004002000	-2	1801	199.333	566.275	38.571	39.417	204.2	135.296	297.25	208.711	5776	353.25	0	0	4	9	9	0	0	1801	0	-2	0	-2	-1	-2	10	8	17	14	21	90	110	-2	-2	110	98	114	-2	247	-2	452	-2	-2	131	117	143	52	632	350	589	364	-1
1005001000	-2	2097	269.667	651.034	81.375	64.961	106.5	8.382	222	82.551	3148.111	240.125	0	0	5	9	9	0	257	2097	75	0	0	0	0	-2	13	13	23	22	118	168	150	144	-2	111	98	118	99	-2	-2	-2	-2	-2	127	143	167	125	290	310	307	307	-1
1006001000	-2	6063	1487.889	2380.006	280.375	303.172	157.667	6.018	354.375	277.726	1919.556	359.25	0	0	3	9	9	5571	6063	1763	0	-2	-2	0	0	-2	73	61	96	58	954	589	224	188	-2	155	152	166	-2	-2	-2	-2	-2	-2	199	195	210	103	984	619	254	271	-1
1006001000	-2	6063	1487.889	2380.006	280.375	303.172	157.667	6.018	354.375	277.726	1919.556	359.25	0	0	3	9	9	5571	6063	1763	0	-2	-2	0	0	-2	73	61	96	58	954	589	224	188	-2	155	152	166	-2	-2	-2	-2	-2	-2	199	195	210	103	984	619	254	271	-1
1005001000	-2	7615	1855.778	2809.368	159.25	163.749	136.25	11.605	263.875	139.854	2194.222	263.875	0	0	4	9	9	3380	7615	5711	0	-2	0	0	0	-2	44	39	66	37	561	199	171	157	-2	133	129	156	127	-2	-2	-2	-2	-2	179	179	200	144	615	250	271	273	-1
1005001000	-2	7615	1855.778	2809.368	159.25	163.749	136.25	11.605	263.875	139.854	2194.222	263.875	0	0	4	9	9	3380	7615	5711	0	-2	0	0	0	-2	44	39	66	37	561	199	171	157	-2	133	129	156	127	-2	-2	-2	-2	-2	179	179	200	144	615	250	271	273	-1
1006001000	-2	4803	1055.667	1755.96	90.25	67.067	113	10.614	181	79.847	1239	192.25	0	0	5	9	9	996	4803	3704	0	0	0	0	0	-2	29	25	39	8	184	162	147	128	-2	105	106	128	-2	-2	-2	-2	-2	-2	139	152	172	21	226	173	279	286	-1
1006001000	-2	4730	1041.667	1738.97	90.25	67.067	113	10.614	181	79.847	1239	192.25	0	0	5	9	9	943	4730	3704	0	0	0	0	0	-2	29	25	39	8	184	162	147	128	-2	105	106	128	-2	-2	-2	-2	-2	-2	139	152	172	21	226	173	279	286	-1
1006002000	-2	5470	1391.444	2059.57	136.714	159.534	111	8.485	189	144.116	1391.778	221	0	0	4	9	9	5470	4153	2904	0	0	-2	0	0	-2	38	26	40	8	197	492	-2	156	-2	105	105	123	-2	-2	-2	-2	-2	-2	151	150	168	21	227	502	21	272	-1
1006002000	-2	5470	1391.444	2059.57	136.714	159.534	111	8.485	189	144.116	1391.778	221	0	0	4	9	9	5470	4153	2904	0	0	-2	0	0	-2	38	26	40	8	197	492	-2	156	-2	105	105	123	-2	-2	-2	-2	-2	-2	151	150	168	21	227	502	21	272	-1
1006001000	-2	5083	1201.556	1811.189	232.25	291.738	110.333	7.587	333.125	303.159	1270.111	333.125	0	0	3	9	9	5083	3203	2534	0	-2	-2	0	0	-2	38	29	41	8	883	521	177	161	-2	106	104	121	-2	-2	-2	-2	-2	-2	153	150	168	20	1000	635	270	269	-1
1006001000	-2	5436	1458.889	2109.923	155.75	178.767	109	7.257	239.5	166.805	1460.889	239.5	0	0	4	9	9	3993	3705	5436	0	-2	0	0	0	-2	38	28	32	8	583	229	176	152	-2	106	102	119	-2	-2	-2	-2	-2	-2	151	147	165	22	628	263	271	269	-1
1006001000	-2	5436	1458.889	2109.923	155.75	178.767	109	7.257	239.5	166.805	1460.889	239.5	0	0	4	9	9	3993	3705	5436	0	-2	0	0	0	-2	38	28	32	8	583	229	176	152	-2	106	102	119	-2	-2	-2	-2	-2	-2	151	147	165	22	628	263	271	269	-1
1006001000	-2	4061	1225.556	1742.228	154.75	176.064	113	10.614	240.875	166.878	1231.889	240.875	0	0	4	9	9	4061	3358	3615	0	-2	0	0	0	-2	39	29	40	8	579	216	173	154	-2	106	105	128	-2	-2	-2	-2	-2	-2	150	149	171	20	628	263	273	273	-1
1006001000	-2	4061	1225.556	1742.228	154.75	176.064	113	10.614	240.875	166.878	1231.889	240.875	0	0	4	9	9	4061	3358	3615	0	-2	0	0	0	-2	39	29	40	8	579	216	173	154	-2	106	105	128	-2	-2	-2	-2	-2	-2	150	149	171	20	628	263	273	273	-1
1006001000	-2	4416	1340.333	1908.699	153.875	177.597	110.333	7.542	240	166.658	1362.111	240	0	0	4	9	9	4131	3520	4416	0	-2	0	0	0	-2	37	29	25	9	579	218	179	155	-2	105	105	121	-2	-2	-2	-2	-2	-2	151	150	166	20	627	262	273	271	-1
1006001000	-2	4416	1332	1896.622	153.875	177.597	110.333	7.542	240	166.658	1362.111	240	0	0	4	9	9	4056	3520	4416	0	-2	0	0	0	-2	37	29	25	9	579	218	179	155	-2	105	105	121	-2	-2	-2	-2	-2	-2	151	150	166	20	627	262	273	271	-1
1006001000	-2	4476	1412.444	2006.754	154.375	177.284	114.667	7.04	244.375	167.759	1426.222	244.375	0	0	4	9	9	4448	4476	3792	0	-2	0	0	0	-2	34	30	25	10	577	222	181	156	-2	107	113	124	-2	-2	-2	-2	-2	-2	153	157	169	20	632	267	274	283	-1
1006001000	-2	4476	1412.444	2006.754	154.375	177.284	114.667	7.04	244.375	167.759	1426.222	244.375	0	0	4	9	9	4448	4476	3792	0	-2	0	0	0	-2	34	30	25	10	577	222	181	156	-2	107	113	124	-2	-2	-2	-2	-2	-2	153	157	169	20	632	267	274	283	-1
1006001000	-2	4123	1249.778	1792.804	107.75	90.465	111.667	8.014	196	84.637	1273	196	0	0	5	9	9	4106	3021	4123	0	0	0	0	0	-2	23	29	24	9	247	206	176	148	-2	106	106	123	-2	-2	-2	-2	-2	-2	152	152	167	20	260	267	275	275	-1
1006001000	-2	4123	1249.778	1792.804	107.75	90.465	111.667	8.014	196	84.637	1273	196	0	0	5	9	9	4106	3021	4123	0	0	0	0	0	-2	23	29	24	9	247	206	176	148	-2	106	106	123	-2	-2	-2	-2	-2	-2	152	152	167	20	260	267	275	275	-1
1005001000	-2	4487	1787.222	2010.953	97.125	80.069	105.75	9.203	224.375	62.34	1806	224.375	0	0	4	9	9	4487	3769	3649	4182	0	0	0	0	-2	18	28	19	9	193	194	172	144	-2	106	105	119	93	-2	-2	-2	-2	-2	151	151	162	196	260	284	314	277	-1
1002002000	-2	2699	915.667	984.15	57.429	43.184	179	77.936	230	126.643	4557	242.25	0	0	2	9	9	2699	94	2233	0	0	486	1271	1460	-2	9	8	28	-2	41	104	117	95	-2	91	76	103	-2	257	255	244	227	-2	139	124	151	21	349	350	348	358	-1
1002002000	-2	2699	915.667	984.15	57.429	43.184	179	77.936	230	126.643	4557	242.25	0	0	2	9	9	2699	94	2233	0	0	486	1271	1460	-2	9	8	28	-2	41	104	117	95	-2	91	76	103	-2	257	255	244	227	-2	139	124	151	21	349	350	348	358	-1
1004001000	-2	3725	933.111	1396.427	163	168.846	152	57.578	264	149.325	1746.111	264	0	0	3	9	9	3725	3229	590	858	-2	0	0	0	-2	45	38	56	31	572	207	180	175	-2	123	125	141	106	-2	-2	-2	265	-2	168	168	166	145	632	267	279	287	-1
1005001000	-2	6134	1187.111	1994.75	100.5	72.21	154.75	59.306	203	86.306	1514.111	203	0	0	5	9	9	1772	6134	2780	0	0	0	0	0	-2	39	30	42	13	211	170	154	145	-2	113	120	129	-2	-2	-2	-2	257	-2	164	165	171	21	252	265	289	297	-1
1007002000	-2	5184	1049.667	1976.188	73.857	64.435	103.5	1.5	149.5	108.484	1191.778	179.75	0	0	6	9	9	4265	5184	0	0	0	0	0	0	-2	23	22	24	8	172	-2	141	127	-2	102	105	-2	-2	-2	-2	-2	-2	-2	149	152	35	21	232	21	290	296	-1
1007002000	-2	5019	922.667	1774.289	73.857	64.435	103.5	1.5	149.5	108.484	1191.778	179.75	0	0	6	9	9	3287	5019	0	0	0	0	0	0	-2	23	22	24	8	172	-2	141	127	-2	102	105	-2	-2	-2	-2	-2	-2	-2	149	152	35	21	232	21	290	296	-1
1005001000	-2	7563	2330.778	2861.05	91.75	73.181	104.25	11.211	210.875	52.253	2330.889	210.875	0	0	4	9	9	7563	4116	3041	6259	0	0	0	0	-2	23	23	24	8	187	166	146	157	-2	101	103	122	91	-2	-2	-2	-2	-2	149	148	166	210	228	212	278	296	-1
1005001000	-2	7563	2330.778	2861.05	91.75	73.181	104.25	11.211	210.875	52.253	2330.889	210.875	0	0	4	9	9	7563	4116	3041	6259	0	0	0	0	-2	23	23	24	8	187	166	146	157	-2	101	103	122	91	-2	-2	-2	-2	-2	149	148	166	210	228	212	278	296	-1
1005001000	-2	6322	2440.778	2758.908	95.5	77.521	100.75	9.203	198.875	54.352	2452.556	198.875	0	0	4	9	9	6322	4654	5309	5684	0	0	0	0	-2	22	24	22	8	190	187	155	156	-2	100	101	114	88	-2	-2	-2	-2	-2	146	146	159	146	227	210	273	284	-1
1005001000	-2	6204	2388	2700.819	95.5	77.521	100.75	9.203	198.875	54.352	2452.556	198.875	0	0	4	9	9	6204	4604	5034	5652	0	0	0	0	-2	22	24	22	8	190	187	155	156	-2	100	101	114	88	-2	-2	-2	-2	-2	146	146	159	146	227	210	273	284	-1
1005001000	-2	4518	1938.667	2173.481	95.125	79.631	99	8.972	204	61.098	1982.556	203.375	0	0	4	9	9	4515	3962	4455	4518	0	0	0	0	-2	20	20	21	8	193	198	156	145	-2	97	98	113	88	-2	-2	-2	-2	-2	143	141	156	140	228	263	278	283	-1
1005001000	-2	4705	1971.778	2213.186	95.125	79.631	98.75	9.284	203.375	61.772	1982.556	203.375	0	0	4	9	9	4705	3997	4676	4370	0	0	0	0	-2	20	20	21	8	193	198	156	145	-2	97	98	113	87	-2	-2	-2	-2	-2	143	141	156	135	228	263	278	283	-1
1005001000	-2	4825	1908.889	2145.47	95.375	80.264	96.75	8.786	205.125	64.92	1922.444	205.125	0	0	4	9	9	3998	4825	4282	4077	0	0	0	0	-2	20	20	19	7	195	193	161	148	-2	95	94	111	87	-2	-2	-2	-2	-2	141	139	155	135	228	281	279	283	-1
1005001000	-2	4825	1908.889	2145.47	95.375	80.264	96.75	8.786	205.125	64.92	1922.444	205.125	0	0	4	9	9	3998	4825	4282	4077	0	0	0	0	-2	20	20	19	7	195	193	161	148	-2	95	94	111	87	-2	-2	-2	-2	-2	141	139	155	135	228	281	279	283	-1
1005001000	-2	4963	2136.333	2390.387	97.75	84.457	97	9.434	208.5	63.575	2151.444	208.5	0	0	4	9	9	4619	4963	4792	4855	0	0	0	0	-2	18	21	16	7	215	193	168	144	-2	94	96	112	86	-2	-2	-2	-2	-2	141	142	156	146	241	281	278	283	-1
1005001000	-2	4963	2136.333	2390.387	97.75	84.457	97	9.434	208.5	63.575	2151.444	208.5	0	0	4	9	9	4619	4963	4792	4855	0	0	0	0	-2	18	21	16	7	215	193	168	144	-2	94	96	112	86	-2	-2	-2	-2	-2	141	142	156	146	241	281	278	283	-1
1004001000	-2	5178	2045.111	2316.543	92.125	78.907	129.8	65.579	210.25	64.105	2161.889	210.25	0	0	4	9	9	5178	3707	4616	4907	0	0	0	0	-2	14	21	17	8	190	187	168	132	-2	93	98	111	87	-2	-2	-2	260	-2	141	142	155	152	243	286	279	284	-1
1004001000	-2	5358	2156.333	2422.514	92.125	78.907	129.8	65.579	210.25	64.105	2161.889	210.25	0	0	4	9	9	5358	4405	4700	4946	0	0	0	0	-2	14	21	17	8	190	187	168	132	-2	93	98	111	87	-2	-2	-2	260	-2	141	142	155	152	243	286	279	284	-1
1004001000	-2	6828	2178.222	2630.273	83.5	72.377	123.4	60.928	213.875	74.642	2180	213.875	0	0	4	9	9	5719	4131	2928	6828	0	0	0	0	-2	13	20	9	7	153	175	163	128	-2	88	97	107	81	-2	-2	-2	244	-2	137	141	151	133	261	285	312	291	-1
1003001000	-2	588	184	218.452	87.125	76.04	146.333	77.412	220	91.855	2839.222	220.625	0	0	3	9	9	309	588	52	215	0	0	0	494	-2	13	10	13	10	178	168	156	149	-2	96	87	103	83	-2	-2	272	237	-2	134	131	123	125	308	309	311	319	-1
1004001000	-2	5647	1289.222	1873.898	94.5	73.553	138.4	51.508	221.5	63.224	2221.333	221.5	0	0	3	9	9	3402	5647	1478	948	0	0	0	130	-2	25	29	27	9	198	168	153	147	-2	110	119	124	99	-2	-2	-2	240	-2	160	164	150	163	274	267	289	305	-1
1004001000	-2	6140	2395.778	2684.864	79.125	65.568	125.4	57.336	208.5	66.25	2502.667	208.5	0	0	3	9	9	4856	4670	5782	6140	0	0	0	116	-2	20	13	20	7	170	146	139	118	-2	92	101	109	86	-2	-2	-2	239	-2	142	146	154	138	233	264	292	299	-1
1004001000	-2	6390	2440.222	2740.665	79.125	65.568	125.4	57.336	208.5	66.25	2502.667	208.5	0	0	3	9	9	4788	4797	5866	6390	0	0	0	123	-2	20	13	20	7	170	146	139	118	-2	92	101	109	86	-2	-2	-2	239	-2	142	146	154	138	233	264	292	299	-1
1005001000	-2	5714	2457.444	2749.153	85.125	73.057	94	7.778	208.625	68.473	2457.667	208.625	0	0	4	9	9	5714	5424	5416	5565	0	0	0	0	-2	17	11	15	7	174	160	147	150	-2	90	95	106	85	-2	-2	-2	-2	-2	139	140	152	136	249	264	291	298	-1
1005001000	-2	5714	2457.444	2749.153	85.125	73.057	94	7.778	208.625	68.473	2457.667	208.625	0	0	4	9	9	5714	5424	5416	5565	0	0	0	0	-2	17	11	15	7	174	160	147	150	-2	90	95	106	85	-2	-2	-2	-2	-2	139	140	152	136	249	264	291	298	-1
1004001000	-2	6184	2146.667	2485.16	85.625	75.766	123.2	69.609	206.625	73.325	2156.222	206.625	0	0	4	9	9	4722	3465	4951	6184	0	0	0	0	-2	16	10	8	7	177	163	153	151	-2	89	85	98	82	-2	-2	-2	262	-2	135	132	142	129	250	278	289	298	-1
1004001000	-2	5541	2042.889	2339.725	85.625	75.766	123.2	69.609	206.625	73.325	2156.222	206.625	0	0	4	9	9	4668	3423	4756	5541	0	0	0	0	-2	16	10	8	7	177	163	153	151	-2	89	85	98	82	-2	-2	-2	262	-2	135	132	142	129	250	278	289	298	-1
1004001000	-2	5956	2104.333	2408.822	84.125	75.28	121.2	68.154	200.125	68.028	2126.333	200.125	0	0	4	9	9	4746	3858	4381	5956	0	0	0	0	-2	12	11	8	7	179	163	151	142	-2	87	83	98	81	-2	-2	-2	257	-2	133	130	142	128	241	264	278	285	-1
1004001000	-2	5956	2104.333	2408.822	84.125	75.28	121.2	68.154	200.125	68.028	2126.333	200.125	0	0	4	9	9	4746	3858	4381	5956	0	0	0	0	-2	12	11	8	7	179	163	151	142	-2	87	83	98	81	-2	-2	-2	257	-2	133	130	142	128	241	264	278	285	-1
1004001000	-2	5294	1917.111	2200.816	82.5	74	119.8	68.013	203.875	72.757	1919.111	203.875	0	0	4	9	9	5294	3591	3589	4782	0	0	0	0	-2	12	11	8	6	176	161	150	136	-2	84	82	100	78	-2	-2	-2	255	-2	131	128	143	125	256	283	280	285	-1
1004001000	-2	5594	1868.556	2196.078	81.5	72.997	118	65.394	205.25	74.335	1923.667	205.25	0	0	3	9	9	5594	3743	2600	4770	0	0	0	112	-2	11	11	8	7	167	168	147	133	-2	82	83	99	78	-2	-2	-2	248	-2	130	129	142	125	260	286	280	290	-1
1004001000	-2	5594	1868.556	2196.078	81.5	72.997	118	65.394	205.25	74.335	1923.667	205.25	0	0	3	9	9	5594	3743	2600	4770	0	0	0	112	-2	11	11	8	7	167	168	147	133	-2	82	83	99	78	-2	-2	-2	248	-2	130	129	142	125	260	286	280	290	-1
1004001000	-2	5679	2002.222	2137.463	79	70.41	113	58.818	205.125	75.136	2080.444	205.125	0	0	3	9	9	5014	3312	2629	5679	0	0	0	1388	-2	10	12	9	7	163	162	145	124	-2	80	83	95	77	-2	-2	-2	230	-2	128	129	139	126	261	287	281	290	-1
1004001000	-2	5679	2002.222	2137.463	79	70.41	113	58.818	205.125	75.136	2080.444	205.125	0	0	3	9	9	5014	3312	2629	5679	0	0	0	1388	-2	10	12	9	7	163	162	145	124	-2	80	83	95	77	-2	-2	-2	230	-2	128	129	139	126	261	287	281	290	-1
1004001000	-2	3124	712	1058.618	94.375	82.698	123.6	60.945	218.75	90.28	2672.222	222	0	0	4	9	9	1280	3124	216	0	0	0	0	1790	-2	12	12	14	10	190	181	174	162	-2	95	93	101	84	-2	-2	-2	245	-2	139	135	145	100	290	312	324	305	-1
1004001000	-2	4761	1900	2147.567	83.375	68.425	124.4	48.426	218	81.011	2367.333	218	0	0	3	9	9	19	4761	3461	4647	0	0	0	4214	-2	20	17	20	7	172	154	150	127	-2	97	107	110	88	-2	-2	-2	220	-2	114	153	146	139	285	311	291	305	-1
1004001000	-2	6323	2167.444	2241.089	74.375	64.633	116.2	57.311	216.25	81.524	2348.889	216.25	0	0	3	9	9	4348	3544	6323	3653	0	0	0	1641	-2	16	11	12	6	164	142	134	110	-2	87	91	97	76	-2	-2	-2	230	-2	136	137	142	127	275	315	293	305	-1
1004001000	-2	6279	2185.667	2251.669	74.375	64.633	116.2	57.311	216.25	81.524	2348.889	216.25	0	0	3	9	9	4345	3530	6279	3906	0	0	0	1613	-2	16	11	12	6	164	142	134	110	-2	87	91	97	76	-2	-2	-2	230	-2	136	137	142	127	275	315	293	305	-1
1003001000	-2	5771	1907.778	2193.387	78.25	71.052	143.333	88.007	213.875	85.347	1987.778	213.875	0	0	3	9	9	5771	3244	4041	3985	0	0	0	131	-2	10	8	7	7	169	154	143	128	-2	79	82	90	74	-2	-2	274	261	-2	127	131	136	123	275	316	299	304	-1
1003002000	-2	6676	1944.111	2592.015	11.857	4.703	118.5	50.612	153.375	95.451	8081.889	194.125	0	0	3	9	9	642	0	0	244	0	6676	5156	4781	-2	6	9	-2	6	12	16	19	15	-2	70	67	-2	67	-2	168	175	164	-2	124	86	21	104	78	270	279	265	-1
1001001000	-2	4454	2411.667	1534.175	17.875	12.514	127.75	61.725	196.125	91.373	5753.444	198.625	0	0	0	9	9	3029	2038	94	1359	3559	4454	3818	3356	-2	7	9	7	5	18	32	41	24	-2	69	66	70	61	176	199	199	182	-2	113	113	95	104	311	296	286	251	-1
1001001000	-2	6517	2692.333	2098.452	23.375	20.112	137.125	68.763	229.5	122.486	6944.111	229.5	0	0	0	9	9	3784	6517	1568	1063	4882	-2	3356	3065	-2	6	7	7	6	19	62	44	36	-2	71	68	71	65	196	216	215	195	-2	117	117	119	109	350	438	324	262	-1
1004001000	-2	6761	1171.667	2107.22	96.5	85.156	135.6	73.791	226.75	83.791	3715	229.875	0	0	4	9	9	1983	6761	1626	177	0	0	0	0	-2	12	14	13	8	194	189	178	164	-2	100	103	100	92	-2	-2	-2	283	-2	148	153	149	125	291	314	324	310	-1
1004001000	-2	6771	1940.222	2413.54	83	69.48	124.2	58.827	225.125	82.501	2866.889	225.125	0	0	3	9	9	1988	6771	1923	5606	0	0	0	1176	-2	16	18	15	8	165	159	154	129	-2	91	108	94	87	-2	-2	-2	241	-2	137	155	143	139	292	315	292	328	-1
1004001000	-2	5577	1843	2025.703	83	69.48	124.2	58.827	225.125	82.501	2866.889	225.125	0	0	3	9	9	2005	5577	3606	4248	0	0	0	1153	-2	16	18	15	8	165	159	154	129	-2	91	108	94	87	-2	-2	-2	241	-2	137	155	143	139	292	315	292	328	-1
1003001000	-2	3899	1635.778	1552.703	68.75	62.647	128.5	72.999	215.5	89.701	2271.222	215.5	0	0	3	9	9	2963	2843	3258	1761	0	0	0	3899	-2	9	9	7	6	155	136	129	99	-2	79	82	80	71	-2	-2	255	204	-2	127	132	129	120	276	316	295	329	-1
