1006001000	-2	950	189.778	318.995	185.25	281.038	69	0.816	242.625	259.323	3185.667	242.625	0	0	3	9	9	950	533	231	0	-2	-2	0	0	-2	7	9	8	9	825	460	97	67	-2	70	69	68	-2	-2	-2	-2	-2	-2	123	121	116	23	842	477	112	127	-1
1006001000	-2	500	114.778	178.207	185.75	280.7	67.333	2.055	235.875	259.487	2568.222	242.25	0	0	3	9	9	500	337	202	0	-2	-2	0	0	-2	7	9	9	12	825	460	95	69	-2	70	65	67	-2	-2	-2	-2	-2	-2	119	111	113	21	836	471	106	110	-1
1006005000	-2	1811	476.111	691.626	10.25	4.815	62.333	2.055	50.875	38.599	746.667	238.5	0	0	5	9	9	1227	1811	1249	0	0	0	0	0	-2	18	8	5	10	-2	-2	-2	-2	-2	65	60	62	-2	-2	-2	-2	-2	-2	104	100	98	21	21	21	21	21	-1
1006005000	-2	1811	476.111	691.626	10.25	4.815	62.333	2.055	50.875	38.599	746.667	238.5	0	0	5	9	9	1227	1811	1249	0	0	0	0	0	-2	18	8	5	10	-2	-2	-2	-2	-2	65	60	62	-2	-2	-2	-2	-2	-2	104	100	98	21	21	21	21	21	-1
1006004000	-2	1753	527.444	750.355	237.4	454.318	62	1.633	200.375	386.377	821.667	375.375	0	0	4	9	9	1753	1454	1544	0	-2	0	0	0	-2	18	7	7	9	1146	-2	-2	-2	-2	64	60	62	-2	-2	-2	-2	-2	-2	103	99	99	21	1218	21	21	21	-1
1006004000	-2	1752	527.333	750.173	237.4	454.318	62	1.633	200.375	386.377	821.667	375.375	0	0	4	9	9	1752	1454	1544	0	-2	0	0	0	-2	18	7	7	9	1146	-2	-2	-2	-2	64	60	62	-2	-2	-2	-2	-2	-2	103	99	99	21	1218	21	21	21	-1
1006004000	-2	925	266.333	389.444	238.6	456.719	62.333	1.247	198.375	382.947	681.333	374.75	0	0	4	9	9	925	567	909	0	-2	0	0	0	-2	18	7	10	6	1152	-2	-2	-2	-2	64	61	62	-2	-2	-2	-2	-2	-2	103	99	95	20	1207	21	21	21	-1
1006004000	-2	925	266.333	389.444	238.6	456.719	62.333	1.247	198.375	382.947	681.333	374.75	0	0	4	9	9	925	567	909	0	-2	0	0	0	-2	18	7	10	6	1152	-2	-2	-2	-2	64	61	62	-2	-2	-2	-2	-2	-2	103	99	95	20	1207	21	21	21	-1
1006004000	-2	444	112.444	179.193	239.4	457.32	62.333	2.494	195.25	381.609	287.778	361.75	0	0	4	9	9	431	141	444	0	-2	0	0	0	-2	18	7	12	6	1154	-2	-2	-2	-2	65	59	63	-2	-2	-2	-2	-2	-2	103	81	93	21	1201	21	21	21	-1
1006003000	-2	357	90.778	143.787	331	465.013	62.333	2.494	288.125	412.347	287.778	361.75	0	0	3	9	9	357	123	343	0	-2	-2	0	0	-2	18	7	12	6	1154	789	-2	-2	-2	65	59	63	-2	-2	-2	-2	-2	-2	103	81	93	21	1165	800	21	21	-1
1006003000	-2	1097	212.778	363.506	270.333	424.227	63	1.633	245.375	371.136	615.667	363.625	0	0	3	9	9	576	1097	248	0	-2	0	-2	0	-2	17	6	11	6	1156	-2	426	-2	-2	65	61	63	-2	-2	-2	-2	-2	-2	104	100	93	20	1167	21	437	21	-1
1006001000	-2	1226	271.222	424.751	185.875	280.081	77	1.414	246.75	254.391	5226.667	246.75	0	0	3	9	9	1226	747	474	0	-2	-2	0	0	-2	10	9	10	11	824	459	97	67	-2	78	75	78	-2	-2	-2	-2	-2	-2	153	144	145	22	835	470	105	100	-1
1006003000	-2	773	161.889	258.166	291.167	377.209	71	4.082	270.5	327.903	3260.111	346.375	0	0	3	9	9	773	337	353	-2	-2	0	0	0	-2	15	9	12	821	827	-2	-2	63	-2	71	66	76	-2	-2	-2	-2	-2	-2	120	115	124	831	838	21	21	94	-1
1006003000	-2	1998	403.444	761.098	274.167	428.012	70.667	3.399	250.375	373.937	2335.667	384.625	0	0	4	9	9	0	1639	1998	0	-2	0	-2	0	-2	17	10	9	7	1166	-2	436	-2	-2	74	66	72	-2	-2	-2	-2	-2	-2	90	109	117	21	1177	21	447	21	-1
1006004000	-2	4232	947.111	1465.344	98.6	175.229	70	4.32	113.375	145.884	1934.222	383	0	0	4	9	9	1787	4232	2509	0	0	0	-2	0	-2	17	10	8	9	-2	-2	449	-2	-2	72	64	74	-2	-2	-2	-2	-2	-2	117	108	117	20	21	21	482	21	-1
1006004000	-2	4232	947.111	1465.344	98.6	175.229	70	4.32	113.375	145.884	1934.222	383	0	0	4	9	9	1787	4232	2509	0	0	0	-2	0	-2	17	10	8	9	-2	-2	449	-2	-2	72	64	74	-2	-2	-2	-2	-2	-2	117	108	117	20	21	21	482	21	-1
1006004000	-2	9270	2187	3348.04	27.6	35.775	68	1.414	66.5	45.779	2317.333	244.875	0	0	5	9	9	6579	9270	3836	0	0	0	0	0	-2	13	9	6	11	-2	-2	99	-2	-2	69	66	69	-2	-2	-2	-2	-2	-2	115	114	110	20	21	21	110	21	-1
1006005000	-2	4196	888.889	1416.495	8.75	2.586	62	1.414	51.25	39.334	917.556	238.375	0	0	5	9	9	2303	4196	1503	0	0	0	0	0	-2	12	8	5	10	-2	-2	-2	-2	-2	64	61	61	-2	-2	-2	-2	-2	-2	104	103	99	20	21	21	21	21	-1
1006005000	-2	4196	888.889	1416.495	8.75	2.586	62	1.414	51.25	39.334	917.556	238.375	0	0	5	9	9	2303	4196	1503	0	0	0	0	0	-2	12	8	5	10	-2	-2	-2	-2	-2	64	61	61	-2	-2	-2	-2	-2	-2	104	103	99	20	21	21	21	21	-1
1006004000	-2	1225	137.333	384.58	235.2	453.404	61.333	0.471	194.375	388.798	296	370.125	0	0	5	9	9	0	1225	15	0	-2	0	0	0	-2	12	7	7	8	1142	-2	-2	-2	-2	62	61	61	-2	-2	-2	-2	-2	-2	76	100	75	21	1220	21	21	21	-1
1006004000	-2	1225	137.333	384.58	235.2	453.404	61.333	0.471	194.375	388.798	296	370.125	0	0	5	9	9	0	1225	15	0	-2	0	0	0	-2	12	7	7	8	1142	-2	-2	-2	-2	62	61	61	-2	-2	-2	-2	-2	-2	76	100	75	21	1220	21	21	21	-1
1006004000	-2	401	80.889	153.291	235.4	454.305	60.667	0.943	196.75	387.78	356.778	369.5	0	0	5	9	9	0	401	331	0	-2	0	0	0	-2	12	7	8	6	1144	-2	-2	-2	-2	62	60	60	-2	-2	-2	-2	-2	-2	76	99	97	20	1219	21	21	21	-1
1006004000	-2	637	138.222	259.733	235	454.505	60	1.633	196.625	387.812	356.778	369.5	0	0	5	9	9	0	637	611	0	-2	0	0	0	-2	12	7	6	6	1144	-2	-2	-2	-2	62	60	58	-2	-2	-2	-2	-2	-2	76	99	96	20	1219	21	21	21	-1
1006002000	-2	1387	154.889	435.647	337.857	428.979	59.667	2.055	356.75	426.977	386	369.625	0	0	3	9	9	0	1387	15	0	-2	-2	-2	0	-2	11	6	6	5	1144	779	414	-2	-2	62	60	57	-2	-2	-2	-2	-2	-2	76	100	75	20	1219	854	489	21	-1
1006003000	-2	1226	135.556	385.531	325.833	461.674	61	0.816	298.25	436.797	386	369.625	0	0	5	9	9	0	1226	0	0	-2	-2	0	0	-2	11	6	10	5	1144	779	-2	-2	-2	62	60	61	-2	-2	-2	-2	-2	-2	76	100	75	20	1219	854	21	21	-1
1006002000	-2	2287	441.111	835.667	339.429	430.084	59.333	2.055	345.375	412.779	676.333	370.375	0	0	2	9	9	1675	2287	16	0	-2	-2	-2	0	-2	13	6	6	5	1147	782	417	-2	-2	62	57	59	-2	-2	-2	-2	-2	-2	101	98	74	20	1204	805	440	21	-1
1006001000	-2	2846	497.778	970.24	304.875	412.563	59.333	2.055	370.375	414.821	676.333	370.375	0	0	2	9	9	1613	2846	29	0	-2	-2	-2	0	-2	13	6	6	5	1147	782	417	63	-2	62	57	59	-2	-2	-2	-2	-2	-2	101	98	74	20	1215	850	485	120	-1
1006002000	-2	2843	558.667	925.288	241.571	401.301	62	1.633	273.25	383.852	1088.333	377.5	0	0	3	9	9	2843	1221	970	0	-2	0	-2	0	-2	12	6	6	6	1160	-2	430	71	-2	64	60	62	-2	-2	-2	-2	-2	-2	104	102	98	26	1220	21	490	125	-1
1006002000	-2	2914	578	950.735	241.571	401.301	62	1.633	273.25	383.852	1088.333	377.5	0	0	3	9	9	2914	1245	1049	0	-2	0	-2	0	-2	12	6	6	6	1160	-2	430	71	-2	64	60	62	-2	-2	-2	-2	-2	-2	104	102	98	26	1220	21	490	125	-1
1006001000	-2	3709	893.556	1337.268	312	418.189	64	0.816	372.25	407.207	1369	372.25	0	0	2	9	9	3709	2396	1945	0	-2	-2	-2	0	-2	11	8	6	6	1162	797	432	74	-2	65	64	63	-2	-2	-2	-2	-2	-2	108	112	98	26	1206	841	476	111	-1
1006001000	-2	4876	1128	1772.265	311	417.443	65	0.816	365.5	401.471	1507.667	365.5	0	0	2	9	9	4876	3638	1646	0	-2	-2	-2	0	-2	11	8	6	7	1160	795	430	71	-2	66	65	64	-2	-2	-2	-2	-2	-2	110	115	98	27	1191	826	461	96	-1
1006001000	-2	4979	1085.556	1733.428	311	417.443	65	0.816	365.5	401.471	1507.667	365.5	0	0	2	9	9	4979	3219	1580	0	-2	-2	-2	0	-2	11	8	6	7	1160	795	430	71	-2	66	65	64	-2	-2	-2	-2	-2	-2	110	115	98	27	1191	826	461	96	-1
1006001000	-2	5985	1097.556	1983.53	183	281.65	65.667	3.859	248.625	268.732	1546.111	248.625	0	0	3	9	9	3139	5985	760	0	-2	-2	0	0	-2	7	5	6	8	824	459	96	59	-2	64	71	62	-2	-2	-2	-2	-2	-2	110	124	105	20	865	500	135	130	-1
1006002000	-2	3546	833.556	1331.008	199	295.367	63.333	1.7	234.5	277.718	1381.889	248.125	0	0	3	9	9	2923	3546	1039	0	-2	-2	0	0	-2	7	5	6	9	820	455	91	-2	-2	64	65	61	-2	-2	-2	-2	-2	-2	110	117	104	21	866	501	136	21	-1
1006001000	-2	3003	780.333	1211.451	177.375	274.645	62.333	1.886	247.375	270.902	1200	247.375	0	0	3	9	9	2898	3003	1128	0	-2	-2	0	0	-2	7	5	6	9	806	441	85	60	-2	61	65	61	-2	-2	-2	-2	-2	-2	105	113	104	21	868	503	138	127	-1
1006001000	-2	3007	775.444	1207.201	177.375	274.645	62.333	1.886	247.375	270.902	1200	247.375	0	0	3	9	9	2876	3007	1102	0	-2	-2	0	0	-2	7	5	6	9	806	441	85	60	-2	61	65	61	-2	-2	-2	-2	-2	-2	105	113	104	21	868	503	138	127	-1
1006001000	-2	918	266.889	384.667	183.875	277.592	79.333	3.682	248.375	254.268	5398.667	248.375	0	0	3	9	9	918	645	845	0	-2	-2	0	0	-2	16	9	12	11	818	453	91	61	-2	79	75	84	-2	-2	-2	-2	-2	-2	154	140	158	22	836	471	106	100	-1
1006003000	-2	618	139.667	214.657	367	471.013	75	5.354	325.875	415.914	3266.556	403	0	0	3	9	9	310	335	618	-2	-2	0	0	0	-2	18	9	14	1179	856	-2	126	-2	-2	76	68	81	-2	-2	-2	-2	-2	-2	124	116	131	1190	867	21	137	21	-1
1006004000	-2	1412	216.333	438.791	408.8	496.65	72.333	5.437	304.375	420.274	2403.111	392.125	0	0	3	9	9	354	187	1412	-2	-2	0	0	0	-2	17	10	14	1178	825	-2	-2	-2	-2	74	65	78	-2	-2	-2	-2	-2	-2	118	107	122	1189	836	21	21	21	-1
1006004000	-2	1104	169.333	342.163	408.8	496.65	72.333	5.437	304.375	420.274	2403.111	392.125	0	0	3	9	9	246	180	1104	-2	-2	0	0	0	-2	17	10	14	1178	825	-2	-2	-2	-2	74	65	78	-2	-2	-2	-2	-2	-2	118	107	122	1189	836	21	21	21	-1
1006003000	-2	9533	2816.333	4062.15	279.333	434.085	72.667	2.625	265.375	385.663	2906.333	383.125	0	0	3	9	9	9303	9533	6517	0	-2	0	-2	0	-2	19	10	6	9	1181	-2	451	-2	-2	75	69	74	-2	-2	-2	-2	-2	-2	125	119	119	20	1214	21	484	21	-1
1006004000	-2	5558	1367.889	2127.919	164.6	313.704	63.333	1.886	150.5	249.765	1469.778	247.125	0	0	4	9	9	4770	5558	1987	0	-2	0	0	0	-2	10	8	5	8	792	-2	-2	-2	-2	66	62	62	-2	-2	-2	-2	-2	-2	108	108	102	20	803	21	21	21	-1
1006004000	-2	5558	1367.889	2127.919	164.6	313.704	63.333	1.886	150.5	249.765	1469.778	247.125	0	0	4	9	9	4770	5558	1987	0	-2	0	0	0	-2	10	8	5	8	792	-2	-2	-2	-2	66	62	62	-2	-2	-2	-2	-2	-2	108	108	102	20	803	21	21	21	-1
1006004000	-2	3604	664.222	1262.51	167.8	320.604	61.333	2.494	148	256.367	694.222	239	0	0	4	9	9	2307	3604	71	0	-2	0	0	0	-2	10	7	5	8	809	-2	-2	-2	-2	64	62	58	-2	-2	-2	-2	-2	-2	103	104	74	20	820	21	21	21	-1
1006005000	-2	3743	688.444	1306.759	7.5	1.803	61.333	2.494	48.125	36.292	694.222	239	0	0	5	9	9	2370	3743	85	0	0	0	0	0	-2	10	7	5	8	-2	-2	-2	-2	-2	64	62	58	-2	-2	-2	-2	-2	-2	103	104	74	20	21	21	21	21	-1
1006003000	-2	3019	455	967.349	319.5	453.643	60.667	2.055	301	435.429	533	372.375	0	0	4	9	9	0	3019	1082	0	-2	-2	0	0	-2	10	6	6	8	1126	761	-2	-2	-2	63	61	58	-2	-2	-2	-2	-2	-2	76	100	96	21	1219	854	21	21	-1
1006003000	-2	3019	455	967.349	319.5	453.643	60.667	2.055	301	435.429	533	372.375	0	0	4	9	9	0	3019	1082	0	-2	-2	0	0	-2	10	6	6	8	1126	761	-2	-2	-2	63	61	58	-2	-2	-2	-2	-2	-2	76	100	96	21	1219	854	21	21	-1
1006002000	-2	1890	213.778	592.787	335.143	427.213	57	2.16	355.625	426.985	327.444	368.375	0	0	3	9	9	0	1890	42	0	-2	-2	-2	0	-2	7	5	6	6	1139	774	409	-2	-2	60	56	55	-2	-2	-2	-2	-2	-2	74	95	75	21	1218	853	488	21	-1
1006002000	-2	1890	213.778	592.787	335.143	427.213	57	2.16	355.625	426.985	327.444	368.375	0	0	3	9	9	0	1890	42	0	-2	-2	-2	0	-2	7	5	6	6	1139	774	409	-2	-2	60	56	55	-2	-2	-2	-2	-2	-2	74	95	75	21	1218	853	488	21	-1
1006001000	-2	2221	338.889	711.377	299.625	409.221	57.333	2.625	371	414.975	467.333	371	0	0	2	9	9	809	2221	28	0	-2	-2	-2	0	-2	6	6	6	5	1137	772	407	58	-2	61	55	56	-2	-2	-2	-2	-2	-2	98	96	75	25	1216	851	486	121	-1
1006001000	-2	2218	338.556	710.495	299.625	409.221	57.333	2.625	371	414.975	467.333	371	0	0	2	9	9	809	2218	28	0	-2	-2	-2	0	-2	6	6	6	5	1137	772	407	58	-2	61	55	56	-2	-2	-2	-2	-2	-2	98	96	75	25	1216	851	486	121	-1
1006002000	-2	2491	357.889	787.771	147.429	283.47	56.667	1.7	175.125	257.283	522	233	0	0	4	9	9	4	2491	730	0	-2	0	0	0	-2	6	6	6	6	836	-2	106	66	-2	59	55	56	-2	-2	-2	-2	-2	-2	73	95	93	25	849	21	119	126	-1
1006002000	-2	2491	357.889	787.771	147.429	283.47	56.667	1.7	175.125	257.283	522	233	0	0	4	9	9	4	2491	730	0	-2	0	0	0	-2	6	6	6	6	836	-2	106	66	-2	59	55	56	-2	-2	-2	-2	-2	-2	73	95	93	25	849	21	119	126	-1
1006001000	-2	1842	387.889	617.512	303.125	411.093	59	0	371.375	418.707	1073.333	377.375	0	0	2	9	9	1842	929	728	0	-2	-2	-2	0	-2	6	6	5	6	1143	778	413	68	-2	59	59	59	-2	-2	-2	-2	-2	-2	97	101	98	25	1222	857	492	79	-1
1006001000	-2	3242	766.222	1152.9	190.375	287.51	60.667	0.471	241.625	266.067	1288.667	241.625	0	0	3	9	9	3242	1968	1692	0	-2	-2	0	0	-2	7	6	6	6	841	476	111	70	-2	60	61	61	-2	-2	-2	-2	-2	-2	101	105	101	27	854	489	124	132	-1
1006001000	-2	3242	766.222	1152.9	190.375	287.51	60.667	0.471	241.625	266.067	1288.667	241.625	0	0	3	9	9	3242	1968	1692	0	-2	-2	0	0	-2	7	6	6	6	841	476	111	70	-2	60	61	61	-2	-2	-2	-2	-2	-2	101	105	101	27	854	489	124	132	-1
1006001000	-2	4099	811.667	1365.552	183.25	279.413	61.333	1.247	243	266.494	1356.111	243	0	0	3	9	9	4099	2219	993	0	-2	-2	0	0	-2	7	6	7	7	820	455	91	73	-2	61	60	63	-2	-2	-2	-2	-2	-2	103	109	97	27	856	491	126	135	-1
1006001000	-2	4099	915.444	1475.264	183.25	279.413	61.333	1.247	243	266.494	1356.111	243	0	0	3	9	9	4099	3004	1142	0	-2	-2	0	0	-2	7	6	7	7	820	455	91	73	-2	61	60	63	-2	-2	-2	-2	-2	-2	103	109	97	27	856	491	126	135	-1
1006001000	-2	3380	829	1337.766	175.75	274.755	59.667	0.943	249.5	273.562	1274.444	249.5	0	0	3	9	9	3165	3380	922	0	-2	-2	0	0	-2	7	6	7	7	805	440	78	56	-2	59	59	61	-2	-2	-2	-2	-2	-2	101	105	96	27	875	510	145	137	-1
1006001000	-2	3624	803	1319.932	175.75	274.755	59.667	0.943	249.5	273.562	1274.444	249.5	0	0	3	9	9	3624	2763	846	0	-2	-2	0	0	-2	7	6	7	7	805	440	78	56	-2	59	59	61	-2	-2	-2	-2	-2	-2	101	105	96	27	875	510	145	137	-1
1006001000	-2	3865	927.778	1474.355	180.25	277.671	60.333	0.943	247.75	269.428	1304.778	247.75	0	0	3	9	9	3315	3865	1176	0	-2	-2	0	0	-2	6	5	6	8	814	449	93	61	-2	59	61	61	-2	-2	-2	-2	-2	-2	102	113	102	28	866	501	136	134	-1
1006001000	-2	2303	580	897.987	180.5	277.026	59	0.816	248.375	273.719	1210.778	248.375	0	0	3	9	9	2303	2057	866	0	-2	-2	0	0	-2	6	6	6	8	813	448	93	64	-2	58	59	60	-2	-2	-2	-2	-2	-2	101	108	100	21	874	509	144	130	-1
1006003000	-2	440	92.111	153.177	44	48.384	105.667	2.357	149.5	84.129	4693.111	243.5	0	0	5	9	9	440	289	102	0	0	0	0	0	-2	15	9	11	11	83	-2	135	-2	-2	109	104	104	-2	-2	-2	-2	-2	-2	255	209	130	238	176	21	146	21	-1
1006002000	-2	1256	226.889	406.636	522.286	495.485	72.667	4.989	519	476.143	2697.333	535	0	0	1	9	9	567	229	1256	-2	-2	-2	-2	0	-2	19	10	16	1178	1176	811	446	-2	-2	74	66	78	-2	-2	-2	-2	-2	-2	120	111	124	1211	1220	855	490	21	-1
1006004000	-2	714	105	223.853	479.4	569.598	70	5.888	348.25	495.199	1151.778	535.125	0	0	3	9	9	197	40	714	-2	-2	0	0	0	-2	19	10	14	1180	1174	-2	-2	-2	-2	72	62	76	-2	-2	-2	-2	-2	-2	113	87	116	1209	1198	21	21	21	-1
1006004000	-2	193	26	60.19	97.8	172.624	67	4.899	102.375	137.298	193	380.5	0	0	4	9	9	8	37	193	0	0	0	-2	0	-2	17	9	10	10	-2	-2	443	-2	-2	67	61	73	-2	-2	-2	-2	-2	-2	85	85	111	21	21	21	454	21	-1
1006004000	-2	194	23	60.579	97.8	172.624	67	4.899	102.125	137.331	193	380.5	0	0	4	9	9	8	9	194	0	0	0	-2	0	-2	17	9	10	10	-2	-2	443	-2	-2	67	61	73	-2	-2	-2	-2	-2	-2	85	83	111	21	21	21	454	21	-1
1006005000	-2	2329	490.333	917.643	9.75	3.7	69.333	3.682	244.25	419.596	868.889	436.875	0	0	3	9	9	2078	2329	11	0	-2	0	0	-1	-2	16	9	7	7	-2	-2	-2	-2	-2	69	65	74	-2	-2	-2	-2	-2	-2	110	107	92	20	1339	21	21	244	-1
1006005000	-2	2512	501	943.014	9.75	3.7	69.333	3.682	244.25	419.596	868.889	436.875	0	0	3	9	9	1988	2512	14	0	-2	0	0	-1	-2	16	9	7	7	-2	-2	-2	-2	-2	69	65	74	-2	-2	-2	-2	-2	-2	110	107	92	20	1339	21	21	244	-1
1006003000	-2	7017	1852.778	2846.908	274.833	431.909	69	2.828	262.875	387.086	1917.556	391.375	0	0	3	9	9	7017	6820	2844	0	-2	0	-2	0	-2	12	8	6	7	1173	-2	443	-2	-2	71	65	71	-2	-2	-2	-2	-2	-2	117	112	112	20	1215	21	485	21	-1
1006003000	-2	7002	1797.333	2829.141	274.833	431.909	69	2.828	269.125	396.6	1917.556	391.375	0	0	3	9	9	7002	6820	2360	0	-2	0	-2	0	-2	12	8	6	7	1173	-2	443	-2	-2	71	65	71	-2	-2	-2	-2	-2	-2	117	112	112	20	1240	21	510	21	-1
1006001000	-2	5348	1346.222	2011.537	175.25	273.285	64.333	1.247	244.125	268.206	1390.556	244.125	0	0	3	9	9	4156	5348	2618	0	-2	-2	0	0	-2	12	7	5	8	802	437	74	57	-2	66	64	63	-2	-2	-2	-2	-2	-2	107	110	103	21	860	495	130	127	-1
1006001000	-2	5348	1346.222	2011.537	175.25	273.285	64.333	1.247	244.125	268.206	1390.556	244.125	0	0	3	9	9	4156	5348	2618	0	-2	-2	0	0	-2	12	7	5	8	802	437	74	57	-2	66	64	63	-2	-2	-2	-2	-2	-2	107	110	103	21	860	495	130	127	-1
1006001000	-2	2619	308.444	818.501	173.125	276.489	59.333	2.867	236.625	273.278	313.222	236.625	0	0	4	9	9	0	2619	163	0	-2	-2	0	0	-2	10	5	5	8	806	441	77	33	-2	63	59	56	-2	-2	-2	-2	-2	-2	76	100	75	25	862	497	132	126	-1
1006004000	-2	2619	312.889	817.753	166.8	319.606	59.333	2.867	150.125	270.669	313.222	236.625	0	0	5	9	9	0	2619	201	0	-2	0	0	0	-2	10	5	5	8	806	-2	-2	-2	-2	63	59	56	-2	-2	-2	-2	-2	-2	76	100	75	25	862	21	21	21	-1
1006002000	-2	2415	350.444	766.084	202	298.589	57	1.414	223.75	280.569	372.556	236.75	0	0	4	9	9	0	2415	745	0	-2	-2	0	0	-2	7	5	6	7	828	463	98	-2	-2	59	56	56	-2	-2	-2	-2	-2	-2	73	96	85	24	862	497	132	21	-1
1006002000	-2	2415	350.444	766.084	202	298.589	57	1.414	223.75	280.569	372.556	236.75	0	0	4	9	9	0	2415	745	0	-2	-2	0	0	-2	7	5	6	7	828	463	98	-2	-2	59	56	56	-2	-2	-2	-2	-2	-2	73	96	85	24	862	497	132	21	-1
1006001000	-2	2342	264.556	734.627	183.625	284.087	56.667	1.7	234.875	273.125	313.556	234.875	0	0	4	9	9	0	2342	45	0	-2	-2	0	0	-2	6	5	6	6	829	464	99	54	-2	59	55	56	-2	-2	-2	-2	-2	-2	73	95	74	25	860	495	130	127	-1
1006001000	-2	2342	264.556	734.627	183.625	284.087	56.667	1.7	234.875	273.125	313.556	234.875	0	0	4	9	9	0	2342	45	0	-2	-2	0	0	-2	6	5	6	6	829	464	99	54	-2	59	55	56	-2	-2	-2	-2	-2	-2	73	95	74	25	860	495	130	127	-1
1006001000	-2	1734	205.667	541.726	181.625	282.318	56	0.816	232.875	272.023	283.778	232.875	0	0	4	9	9	123	1734	0	0	-2	-2	0	0	-2	6	5	5	6	824	459	94	54	-2	57	55	56	-2	-2	-2	-2	-2	-2	73	95	69	25	856	491	126	128	-1
1006001000	-2	1739	206.222	543.294	181.625	282.318	56	0.816	232.875	272.023	283.778	232.875	0	0	4	9	9	123	1739	0	0	-2	-2	0	0	-2	6	5	5	6	824	459	94	54	-2	57	55	56	-2	-2	-2	-2	-2	-2	73	95	69	25	856	491	126	128	-1
1006001000	-2	2337	533	821.27	180.75	281.119	56	0.816	232.25	271.874	618.889	239	0	0	3	9	9	983	2337	1483	0	-2	-2	0	0	-2	6	5	5	6	821	456	92	55	-2	56	55	57	-2	-2	-2	-2	-2	-2	93	96	94	26	856	491	126	76	-1
1006002000	-2	2262	665.556	957.467	140.714	276.94	58.333	1.247	182.5	257.627	866.556	241.25	0	0	4	9	9	2146	2262	1586	0	-2	0	0	0	-2	6	6	5	6	815	-2	86	61	-2	58	57	60	-2	-2	-2	-2	-2	-2	96	99	95	27	856	21	126	140	-1
1006002000	-2	2262	665.556	957.467	140.714	276.94	58.333	1.247	182.5	257.627	866.556	241.25	0	0	4	9	9	2146	2262	1586	0	-2	0	0	0	-2	6	6	5	6	815	-2	86	61	-2	58	57	60	-2	-2	-2	-2	-2	-2	96	99	95	27	856	21	126	140	-1
1006001000	-2	2907	774.333	1122.985	178.875	277.718	56.333	0.471	247.125	274.839	930.778	247.125	0	0	3	9	9	2137	2907	1931	0	-2	-2	0	0	-2	6	5	5	6	813	448	85	63	-2	56	56	57	-2	-2	-2	-2	-2	-2	95	99	93	26	875	510	145	134	-1
1006001000	-2	3388	978	1405.187	176.125	274.718	57.333	0.943	248.875	274.441	1172.556	248.875	0	0	3	9	9	3388	3036	2384	0	-2	-2	0	0	-2	6	6	5	6	805	440	81	60	-2	58	56	58	-2	-2	-2	-2	-2	-2	98	100	97	27	876	511	146	136	-1
1006001000	-2	3797	1012.889	1471.358	175.25	273.026	57	0.816	249.75	274.511	1296	249.75	0	0	3	9	9	3797	2910	2415	0	-2	-2	0	0	-2	7	5	6	6	801	436	82	59	-2	57	56	58	-2	-2	-2	-2	-2	-2	98	102	97	28	877	512	147	137	-1
1006001000	-2	3797	1012.889	1471.358	175.25	273.026	57	0.816	249.75	274.511	1296	249.75	0	0	3	9	9	3797	2910	2415	0	-2	-2	0	0	-2	7	5	6	6	801	436	82	59	-2	57	56	58	-2	-2	-2	-2	-2	-2	98	102	97	28	877	512	147	137	-1
1006001000	-2	3027	822.667	1206.774	169.5	264.077	56.333	0.943	249.875	274.534	1106.333	249.875	0	0	3	9	9	3027	2655	1728	0	-2	-2	0	0	-2	6	5	6	7	778	415	84	55	-2	57	55	57	-2	-2	-2	-2	-2	-2	98	99	96	28	877	512	147	142	-1
1006001000	-2	3027	822.667	1206.774	169.5	264.077	56.333	0.943	249.875	274.534	1106.333	249.875	0	0	3	9	9	3027	2655	1728	0	-2	-2	0	0	-2	6	5	6	7	778	415	84	55	-2	57	55	57	-2	-2	-2	-2	-2	-2	98	99	96	28	877	512	147	142	-1
1006001000	-2	2831	590.778	941.245	94.5	147.203	55	0.816	154.875	132.987	856.556	154.875	0	0	4	9	9	1242	2831	1248	0	-2	0	0	0	-2	6	5	5	7	469	114	90	60	-2	55	54	56	-2	-2	-2	-2	-2	-2	96	98	95	28	493	128	148	153	-1
1006003000	-2	89	9.667	28.056	21.167	16.647	83	3.266	116	82.412	5059.778	216	0	0	7	9	9	89	0	0	0	0	0	0	0	-2	15	11	8	8	31	-2	54	-2	-2	83	79	87	-2	-2	-2	-2	-2	-2	103	100	109	295	176	21	103	21	-1
1006004000	-2	8	0.444	2.793	241	465.501	64	6.164	189.375	381.418	9.111	373.75	0	0	6	9	9	0	0	8	0	-2	0	0	0	-2	10	8	7	8	1172	-2	-2	-2	-2	63	57	72	-2	-2	-2	-2	-2	-2	76	71	88	21	1196	21	21	21	-1
1006002000	-2	124	24.667	45.969	256.714	413.043	65.667	3.682	270	386.98	104.778	373.875	0	0	3	9	9	95	124	9	0	-2	0	-2	0	-2	11	8	7	6	1195	-2	465	105	-2	66	61	70	-2	-2	-2	-2	-2	-2	91	95	89	20	1223	21	493	128	-1
1006005000	-2	5690	1429	2224.605	8.75	2.487	70	2.449	321.75	423.491	1735.556	440.875	0	0	2	9	9	5135	5690	2043	0	-2	0	-2	-1	-2	13	8	7	7	-2	-2	-2	-2	-2	70	67	73	-2	-2	-2	-2	-2	-2	114	112	115	20	1339	21	609	244	-1
1006005000	-2	5690	1429	2224.605	8.75	2.487	70	2.449	321.75	423.491	1735.556	440.875	0	0	2	9	9	5135	5690	2043	0	-2	0	-2	-1	-2	13	8	7	7	-2	-2	-2	-2	-2	70	67	73	-2	-2	-2	-2	-2	-2	114	112	115	20	1339	21	609	244	-1
1006004000	-2	6994	1987.778	2876.48	167.2	318.906	67.667	1.7	160.625	269.584	1988.556	248.125	0	0	4	9	9	6994	6374	4526	0	-2	0	0	0	-2	11	7	5	8	805	-2	-2	-2	-2	67	66	70	-2	-2	-2	-2	-2	-2	112	114	111	20	865	21	21	21	-1
1006004000	-2	6994	1987.778	2876.48	167.2	318.906	67.667	1.7	160.625	269.584	1988.556	248.125	0	0	4	9	9	6994	6374	4526	0	-2	0	0	0	-2	11	7	5	8	805	-2	-2	-2	-2	67	66	70	-2	-2	-2	-2	-2	-2	112	114	111	20	865	21	21	21	-1
1006004000	-2	3553	465.667	1109.773	100	185.513	55.667	4.643	103.75	148.185	466	178.75	0	0	5	9	9	0	3553	642	0	-2	0	0	0	-2	11	5	5	8	471	-2	-2	-2	-2	62	54	51	-2	-2	-2	-2	-2	-2	76	95	83	25	488	21	21	21	-1
1006004000	-2	3553	465.667	1109.773	100	185.513	55.667	4.643	103.75	148.185	466	178.75	0	0	5	9	9	0	3553	642	0	-2	0	0	0	-2	11	5	5	8	471	-2	-2	-2	-2	62	54	51	-2	-2	-2	-2	-2	-2	76	95	83	25	488	21	21	21	-1
1006002000	-2	1083	181.222	342.89	192.286	289.977	53.667	1.247	225.125	284.231	181.778	238.375	0	0	3	9	9	160	1083	394	0	-2	-2	0	0	-2	8	5	6	7	805	440	75	-2	-2	55	54	52	-2	-2	-2	-2	-2	-2	73	83	83	26	870	505	140	21	-1
1006002000	-2	1083	181.222	342.89	192.286	289.977	53.667	1.247	225.125	284.231	181.778	238.375	0	0	3	9	9	160	1083	394	0	-2	-2	0	0	-2	8	5	6	7	805	440	75	-2	-2	55	54	52	-2	-2	-2	-2	-2	-2	73	83	83	26	870	505	140	21	-1
1006001000	-2	913	136.889	282.79	175.875	277.919	53	0	237.125	277.547	137.667	237.125	0	0	3	9	9	131	913	194	0	-2	-2	0	0	-2	6	5	6	7	811	446	81	45	-2	53	53	53	-2	-2	-2	-2	-2	-2	72	83	74	25	870	505	140	128	-1
1006001000	-2	913	136.889	282.79	175.875	277.919	53	0	237.125	277.547	137.667	237.125	0	0	3	9	9	131	913	194	0	-2	-2	0	0	-2	6	5	6	7	811	446	81	45	-2	53	53	53	-2	-2	-2	-2	-2	-2	72	83	74	25	870	505	140	128	-1
1006001000	-2	668	74.667	209.804	176.5	278.76	51.667	1.247	227.125	283.794	75.444	237.5	0	0	4	9	9	10	668	0	0	-2	-2	0	0	-2	6	5	5	6	813	448	84	45	-2	50	52	53	-2	-2	-2	-2	-2	-2	64	84	67	25	872	507	142	56	-1
1006001000	-2	668	74.667	209.804	176.5	278.76	51.667	1.247	227.125	283.794	75.444	237.5	0	0	4	9	9	10	668	0	0	-2	-2	0	0	-2	6	5	5	6	813	448	84	45	-2	50	52	53	-2	-2	-2	-2	-2	-2	64	84	67	25	872	507	142	56	-1
1006001000	-2	972	109.889	304.846	176.75	278.698	50	0.816	228.5	283.594	120.222	238.375	0	0	3	9	9	11	972	12	0	-2	-2	0	0	-2	6	4	5	5	813	448	85	48	-2	51	49	50	-2	-2	-2	-2	-2	-2	65	88	64	26	873	508	143	61	-1
1006001000	-2	963	108.889	302.018	176.75	278.698	50	0.816	228.5	283.594	120.222	238.375	0	0	3	9	9	11	963	12	0	-2	-2	0	0	-2	6	4	5	5	813	448	85	48	-2	51	49	50	-2	-2	-2	-2	-2	-2	65	88	64	26	873	508	143	61	-1
1006001000	-2	2012	235.111	628.801	173.25	274.936	52.333	1.247	241.625	278.238	253.889	241.625	0	0	3	9	9	85	2012	25	0	-2	-2	0	0	-2	6	5	5	5	803	438	76	48	-2	51	54	52	-2	-2	-2	-2	-2	-2	74	94	67	26	875	510	145	142	-1
1006001000	-2	2012	235.111	628.801	173.25	274.936	52.333	1.247	241.625	278.238	253.889	241.625	0	0	3	9	9	85	2012	25	0	-2	-2	0	0	-2	6	5	5	5	803	438	76	48	-2	51	54	52	-2	-2	-2	-2	-2	-2	74	94	67	26	875	510	145	142	-1
1006001000	-2	2556	398.111	824.323	174	274.629	52.667	0.471	242.375	277.559	424	242.375	0	0	3	9	9	1004	2556	29	0	-2	-2	0	0	-2	6	5	5	6	803	438	80	49	-2	52	53	53	-2	-2	-2	-2	-2	-2	90	94	67	26	875	510	145	132	-1
1006001000	-2	2562	398.778	826.068	174	274.629	52.667	0.471	242.375	277.559	424	242.375	0	0	3	9	9	1004	2562	29	0	-2	-2	0	0	-2	6	5	5	6	803	438	80	49	-2	52	53	53	-2	-2	-2	-2	-2	-2	90	94	67	26	875	510	145	132	-1
1006001000	-2	3615	914.444	1354.742	175.125	274.67	54.333	0.471	249.25	275.512	931.889	249.25	0	0	3	9	9	1924	3615	2697	0	-2	-2	0	0	-2	6	5	5	6	804	439	82	54	-2	54	54	55	-2	-2	-2	-2	-2	-2	94	97	96	26	878	513	148	142	-1
1006001000	-2	3615	914.444	1354.742	175.125	274.67	54.333	0.471	249.25	275.512	931.889	249.25	0	0	3	9	9	1924	3615	2697	0	-2	-2	0	0	-2	6	5	5	6	804	439	82	54	-2	54	54	55	-2	-2	-2	-2	-2	-2	94	97	96	26	878	513	148	142	-1
1006001000	-2	3359	965.889	1380.302	175.375	271.51	54	0.816	249.5	275.363	1054.444	249.5	0	0	3	9	9	2708	3359	2632	0	-2	-2	0	0	-2	6	6	5	6	798	433	86	63	-2	55	54	53	-2	-2	-2	-2	-2	-2	95	98	94	27	878	513	148	143	-1
1006001000	-2	3359	965.889	1380.302	175.375	271.51	54	0.816	249.5	275.363	1054.444	249.5	0	0	3	9	9	2708	3359	2632	0	-2	-2	0	0	-2	6	6	5	6	798	433	86	63	-2	55	54	53	-2	-2	-2	-2	-2	-2	95	98	94	27	878	513	148	143	-1
1006001000	-2	2439	708.222	1025.169	133.125	185.423	54	0.816	202.375	178.92	898.111	202.375	0	0	3	9	9	2330	1611	2439	0	-2	-2	0	0	-2	6	6	6	6	482	417	85	57	-2	55	54	53	-2	-2	-2	-2	-2	-2	96	96	93	27	494	518	153	142	-1
1006001000	-2	2439	708.222	1025.169	133.125	185.423	54	0.816	202.375	178.92	898.111	202.375	0	0	3	9	9	2330	1611	2439	0	-2	-2	0	0	-2	6	6	6	6	482	417	85	57	-2	55	54	53	-2	-2	-2	-2	-2	-2	96	96	93	27	494	518	153	142	-1
1006001000	-2	279	34.111	87.179	82.75	137.757	60.667	3.682	167	122.518	259.556	167	0	0	5	9	9	0	32	279	0	-2	0	0	0	-2	8	10	7	7	439	93	58	40	-2	61	56	65	-2	-2	-2	-2	-2	-2	77	74	105	189	474	109	177	131	-1
1006005000	-2	522	94.667	171.716	7.25	1.09	60.667	3.682	46.5	33.196	284.778	382.25	0	0	5	9	9	522	70	262	0	0	0	0	0	-2	9	7	7	6	-2	-2	-2	-2	-2	61	56	65	-2	-2	-2	-2	-2	-2	87	91	90	20	21	21	21	21	-1
1006004000	-2	4902	1341.111	1931.086	243.6	472.702	63	2.944	203	387.906	1494.556	380.375	0	0	4	9	9	3604	3568	4902	0	-2	0	0	0	-2	10	7	6	6	1189	-2	-2	-2	-2	62	60	67	-2	-2	-2	-2	-2	-2	104	102	111	20	1224	21	21	21	-1
1006004000	-2	4926	1344.778	1937.176	243.6	472.702	63	2.944	203	387.906	1494.556	380.375	0	0	4	9	9	3611	3570	4926	0	-2	0	0	0	-2	10	7	6	6	1189	-2	-2	-2	-2	62	60	67	-2	-2	-2	-2	-2	-2	104	102	111	20	1224	21	21	21	-1
1006004000	-2	4016	1160.222	1697.614	162.8	310.607	61.667	0.943	158.5	271.937	1160.556	249.625	0	0	4	9	9	4006	4016	2424	0	-2	0	0	0	-2	11	6	5	8	784	-2	-2	-2	-2	63	61	61	-2	-2	-2	-2	-2	-2	104	104	102	24	871	21	21	21	-1
1006004000	-2	4016	1160.222	1697.614	162.8	310.607	61.667	0.943	158.5	271.937	1160.556	249.625	0	0	4	9	9	4006	4016	2424	0	-2	0	0	0	-2	11	6	5	8	784	-2	-2	-2	-2	63	61	61	-2	-2	-2	-2	-2	-2	104	104	102	24	871	21	21	21	-1
1006003000	-2	2434	370.778	782.427	85.167	165.222	51	0.816	114.375	144.957	371.111	143.75	0	0	5	9	9	0	2434	907	0	-2	0	0	0	-2	9	4	5	7	454	-2	-2	32	-2	52	51	50	-2	-2	-2	-2	-2	-2	65	90	78	25	486	21	21	129	-1
1006003000	-2	2434	370.778	782.427	85.167	165.222	51	0.816	114.375	144.957	371.111	143.75	0	0	5	9	9	0	2434	907	0	-2	0	0	0	-2	9	4	5	7	454	-2	-2	32	-2	52	51	50	-2	-2	-2	-2	-2	-2	65	90	78	25	486	21	21	129	-1
1006001000	-2	871	185.667	304.884	172.375	273.66	51	1.414	243.625	279.607	188.556	243.625	0	0	3	9	9	225	871	581	0	-2	-2	0	0	-2	9	4	5	6	800	435	71	49	-2	53	50	50	-2	-2	-2	-2	-2	-2	88	83	79	25	880	515	150	129	-1
1006001000	-2	871	185.667	304.884	172.375	273.66	51	1.414	243.625	279.607	188.556	243.625	0	0	3	9	9	225	871	581	0	-2	-2	0	0	-2	9	4	5	6	800	435	71	49	-2	53	50	50	-2	-2	-2	-2	-2	-2	88	83	79	25	880	515	150	129	-1
1006001000	-2	549	103.889	193.473	171.875	273.913	51.333	1.247	238.375	278.585	107.111	238.375	0	0	3	9	9	29	549	363	0	-2	-2	0	0	-2	6	4	6	6	800	435	70	48	-2	51	50	53	-2	-2	-2	-2	-2	-2	72	83	74	25	873	508	143	129	-1
1006001000	-2	549	103.889	193.473	171.875	273.913	51.333	1.247	238.375	278.585	107.111	238.375	0	0	3	9	9	29	549	363	0	-2	-2	0	0	-2	6	4	6	6	800	435	70	48	-2	51	50	53	-2	-2	-2	-2	-2	-2	72	83	74	25	873	508	143	129	-1
1006001000	-2	812	142.556	273.3	168.75	270.166	50	0.816	242	277.374	148.667	242	0	0	3	9	9	36	812	441	0	-2	-2	0	0	-2	6	4	5	6	790	425	71	43	-2	51	49	50	-2	-2	-2	-2	-2	-2	72	83	86	26	874	509	144	142	-1
1006001000	-2	812	142.556	273.3	168.75	270.166	50	0.816	242	277.374	148.667	242	0	0	3	9	9	36	812	441	0	-2	-2	0	0	-2	6	4	5	6	790	425	71	43	-2	51	49	50	-2	-2	-2	-2	-2	-2	72	83	86	26	874	509	144	142	-1
1006001000	-2	790	94.667	246.258	169.75	270.772	50	1.414	229.5	284.183	99.111	239.75	0	0	3	9	9	37	790	31	0	-2	-2	0	0	-2	6	4	5	6	792	427	73	45	-2	51	48	51	-2	-2	-2	-2	-2	-2	72	84	65	25	875	510	145	60	-1
1006001000	-2	790	94.667	246.258	169.75	270.772	50	1.414	229.5	284.183	99.111	239.75	0	0	3	9	9	37	790	31	0	-2	-2	0	0	-2	6	4	5	6	792	427	73	45	-2	51	48	51	-2	-2	-2	-2	-2	-2	72	84	65	25	875	510	145	60	-1
1006001000	-2	1814	258.444	569.642	168.875	271.185	50.333	0.943	232.5	282.558	277.444	243.125	0	0	3	9	9	479	1814	39	0	-2	-2	0	0	-2	6	4	5	5	792	427	72	40	-2	51	49	51	-2	-2	-2	-2	-2	-2	88	89	65	26	875	510	145	62	-1
1006001000	-2	1814	258.444	569.642	168.875	271.185	50.333	0.943	232.5	282.558	277.444	243.125	0	0	3	9	9	479	1814	39	0	-2	-2	0	0	-2	6	4	5	5	792	427	72	40	-2	51	49	51	-2	-2	-2	-2	-2	-2	88	89	65	26	875	510	145	62	-1
1006001000	-2	2546	586.556	927.665	167.625	268.105	52	0.816	248.875	277.482	594.667	248.875	0	0	3	9	9	818	1921	2546	0	-2	-2	0	0	-2	6	5	5	5	785	420	73	42	-2	52	53	51	-2	-2	-2	-2	-2	-2	89	93	91	26	881	516	151	144	-1
1006001000	-2	2546	586.556	927.665	167.625	268.105	52	0.816	248.875	277.482	594.667	248.875	0	0	3	9	9	818	1921	2546	0	-2	-2	0	0	-2	6	5	5	5	785	420	73	42	-2	52	53	51	-2	-2	-2	-2	-2	-2	89	93	91	26	881	516	151	144	-1
1006001000	-2	2835	848.333	1221.16	166.375	265.747	53.667	0.943	250.5	276.534	849.111	250.5	0	0	3	9	9	2008	2798	2835	0	-2	-2	0	0	-2	6	5	5	5	779	415	74	42	-2	53	55	53	-2	-2	-2	-2	-2	-2	93	98	94	27	881	516	151	144	-1
1006001000	-2	3372	989.222	1410.033	129.75	183.458	55.333	2.625	203.125	179.325	990.667	203.125	0	0	3	9	9	2744	3372	2793	0	-2	-2	0	0	-2	7	5	5	5	473	414	78	51	-2	54	59	53	-2	-2	-2	-2	-2	-2	95	99	93	27	498	517	152	144	-1
1006001000	-2	3372	989.222	1410.033	129.75	183.458	55.333	2.625	203.125	179.325	990.667	203.125	0	0	3	9	9	2744	3372	2793	0	-2	-2	0	0	-2	7	5	5	5	473	414	78	51	-2	54	59	53	-2	-2	-2	-2	-2	-2	95	99	93	27	498	517	152	144	-1
1006001000	-2	2099	641.889	914.049	45.125	45.09	53	1.414	112.375	42.403	658.222	112.375	0	0	5	9	9	1681	1999	2099	0	0	0	0	0	-2	7	5	5	5	125	101	67	46	-2	52	55	52	-2	-2	-2	-2	-2	-2	92	96	91	27	139	134	171	149	-1
1006002000	-2	500	55.111	157.294	22.429	9.1	105	56.574	199.75	147.335	898.556	211.625	0	0	6	9	9	0	0	500	-2	0	0	0	0	-2	15	-2	19	6	27	35	30	25	-2	64	-2	66	185	-2	-2	-2	-2	-2	78	21	109	542	211	189	217	231	-1
1006002000	-2	105	11.222	33.166	22.429	9.1	105	56.574	202	158.591	898.556	211.625	0	0	6	9	9	0	0	105	-2	0	0	0	0	-2	15	-2	19	6	27	35	30	25	-2	64	-2	66	185	-2	-2	-2	-2	-2	78	21	93	576	211	189	217	231	-1
1006005000	-2	340	38.222	106.714	6.75	1.299	57	3.266	41.25	26.602	94.333	376.5	0	0	6	9	9	6	0	340	0	0	0	0	0	-2	8	6	8	5	-2	-2	-2	-2	-2	57	53	61	-2	-2	-2	-2	-2	-2	72	67	86	21	21	21	21	21	-1
1006005000	-2	342	70	130.86	7	1.225	56.667	2.867	45	31.089	290.222	240.25	0	0	5	9	9	285	5	342	0	0	0	0	0	-2	9	6	7	6	-2	-2	-2	-2	-2	57	53	60	-2	-2	-2	-2	-2	-2	88	74	92	22	21	21	21	21	-1
1006005000	-2	4530	1197.556	1781.264	6.75	1.299	61	4.32	52.125	40.303	1462	388.875	0	0	5	9	9	4530	2285	3965	0	0	0	0	0	-2	9	6	6	6	-2	-2	-2	-2	-2	63	55	65	-2	-2	-2	-2	-2	-2	106	97	109	21	21	21	21	21	-1
1006004000	-2	4114	993.333	1489.315	97	181.51	56	2.16	105.875	142.266	993.667	151.375	0	0	4	9	9	2059	4114	2771	0	-2	0	0	0	-2	10	5	5	5	460	-2	-2	-2	-2	57	53	58	-2	-2	-2	-2	-2	-2	96	94	99	24	471	21	21	21	-1
1006002000	-2	4114	993.333	1489.315	90.857	154.064	56	2.16	136.25	138.195	993.667	151.375	0	0	4	9	9	2059	4114	2771	0	-2	0	0	0	-2	10	5	5	5	460	95	-2	56	-2	57	53	58	-2	-2	-2	-2	-2	-2	96	94	99	24	485	120	21	151	-1
1006003000	-2	1014	205.778	387.685	24.5	30.685	50.333	1.247	68	42.846	205.889	91.75	0	0	6	9	9	0	840	1014	0	0	0	0	0	-2	9	4	4	5	88	-2	-2	37	-2	52	49	50	-2	-2	-2	-2	-2	-2	65	80	79	25	101	21	21	152	-1
1006003000	-2	1014	205.778	387.685	24.5	30.685	50.333	1.247	68	42.846	205.889	91.75	0	0	6	9	9	0	840	1014	0	0	0	0	0	-2	9	4	4	5	88	-2	-2	37	-2	52	49	50	-2	-2	-2	-2	-2	-2	65	80	79	25	101	21	21	152	-1
1006001000	-2	779	147.667	277.933	167.125	269.044	50.333	1.247	245.875	282.319	148.222	245.875	0	0	3	9	9	23	533	779	0	-2	-2	0	0	-2	8	4	5	5	786	423	58	48	-2	52	49	50	-2	-2	-2	-2	-2	-2	72	80	78	25	886	521	156	149	-1
1006001000	-2	779	147.667	277.933	167.125	269.044	50.333	1.247	245.875	282.319	148.222	245.875	0	0	3	9	9	23	533	779	0	-2	-2	0	0	-2	8	4	5	5	786	423	58	48	-2	52	49	50	-2	-2	-2	-2	-2	-2	72	80	78	25	886	521	156	149	-1
1006001000	-2	804	156.444	290.419	170	271.623	51.667	1.7	241.375	279.168	158.889	241.375	0	0	3	9	9	34	804	576	0	-2	-2	0	0	-2	6	4	6	6	794	429	68	47	-2	51	50	54	-2	-2	-2	-2	-2	-2	73	81	85	26	877	512	147	130	-1
1006001000	-2	804	156.444	290.419	170	271.623	51.667	1.7	241.375	279.168	158.889	241.375	0	0	3	9	9	34	804	576	0	-2	-2	0	0	-2	6	4	6	6	794	429	68	47	-2	51	50	54	-2	-2	-2	-2	-2	-2	73	81	85	26	877	512	147	130	-1
1006001000	-2	688	138	255.536	89.5	152.039	50.667	1.247	148.5	139.49	140.444	150	0	0	4	9	9	24	688	534	0	-2	0	0	0	-2	5	4	5	6	480	115	60	41	-2	51	49	52	-2	-2	-2	-2	-2	-2	73	83	85	27	504	127	145	144	-1
1006001000	-2	688	138	255.536	89.5	152.039	50.667	1.247	148.5	139.49	140.444	150	0	0	4	9	9	24	688	534	0	-2	0	0	0	-2	5	4	5	6	480	115	60	41	-2	51	49	52	-2	-2	-2	-2	-2	-2	73	83	85	27	504	127	145	144	-1
1006001000	-2	836	170.444	312.212	88.125	149.958	50	0.816	149.375	139.437	172.444	151.625	0	0	4	9	9	40	836	662	0	-2	0	0	0	-2	5	4	5	8	474	110	60	39	-2	51	49	50	-2	-2	-2	-2	-2	-2	73	84	87	27	504	121	151	148	-1
1006001000	-2	836	170.444	312.212	88.125	149.958	50	0.816	149.375	139.437	172.444	151.625	0	0	4	9	9	40	836	662	0	-2	0	0	0	-2	5	4	5	8	474	110	60	39	-2	51	49	50	-2	-2	-2	-2	-2	-2	73	84	87	27	504	121	151	148	-1
1006001000	-2	1964	486.778	755.753	90.625	154.238	50.667	1.247	154.25	138.033	494.333	154.25	0	0	4	9	9	718	1703	1964	0	-2	0	0	0	-2	6	4	5	6	486	121	62	35	-2	52	49	51	-2	-2	-2	-2	-2	-2	89	87	90	27	505	140	151	145	-1
1006001000	-2	1964	487.111	755.856	90.625	154.238	50.667	1.247	154.25	138.033	494.333	154.25	0	0	4	9	9	721	1703	1964	0	-2	0	0	0	-2	6	4	5	6	486	121	62	35	-2	52	49	51	-2	-2	-2	-2	-2	-2	89	87	90	27	505	140	151	145	-1
1006001000	-2	3108	794.556	1192.516	162.5	260.229	52	0.816	249.5	277.096	826.333	249.5	0	0	3	9	9	1466	2583	3108	0	-2	-2	0	0	-2	6	5	5	6	761	409	72	36	-2	53	51	52	-2	-2	-2	-2	-2	-2	92	92	93	27	881	516	151	144	-1
1006001000	-2	3108	794.556	1192.516	162.5	260.229	52	0.816	249.5	277.096	826.333	249.5	0	0	3	9	9	1466	2583	3108	0	-2	-2	0	0	-2	6	5	5	6	761	409	72	36	-2	53	51	52	-2	-2	-2	-2	-2	-2	92	92	93	27	881	516	151	144	-1
1006001000	-2	3159	852.889	1233.566	83.75	143.696	52.667	0.471	158	136.997	858.222	158	0	0	4	9	9	2407	2114	3159	0	-2	0	0	0	-2	6	5	5	6	454	103	58	33	-2	52	53	53	-2	-2	-2	-2	-2	-2	92	94	94	37	508	143	152	144	-1
1006001000	-2	3159	852.889	1233.566	83.75	143.696	52.667	0.471	158	136.997	858.222	158	0	0	4	9	9	2407	2114	3159	0	-2	0	0	0	-2	6	5	5	6	454	103	58	33	-2	52	53	53	-2	-2	-2	-2	-2	-2	92	94	94	37	508	143	152	144	-1
1006001000	-2	3115	907.556	1299.331	54.625	65.276	52.667	0.943	122.5	50.16	911.889	122.5	0	0	5	9	9	2780	2275	3115	0	0	0	0	0	-2	6	5	5	5	204	96	70	46	-2	52	54	52	-2	-2	-2	-2	-2	-2	93	96	93	37	213	146	153	149	-1
1006001000	-2	3115	907.556	1299.331	54.625	65.276	52.667	0.943	122.5	50.16	911.889	122.5	0	0	5	9	9	2780	2275	3115	0	0	0	0	0	-2	6	5	5	5	204	96	70	46	-2	52	54	52	-2	-2	-2	-2	-2	-2	93	96	93	37	213	146	153	149	-1
1007006000	-2	0	-0.778	0.916	22	2.449	367.5	7.5	205	214.887	4208.889	311.25	0	0	5	9	9	0	0	0	0	-2	0	-2	-1	-2	-2	-2	-2	-2	19	25	22	-2	-2	-2	-2	-2	-2	360	-2	375	-2	-2	21	21	21	21	596	230	486	244	-1
1009005000	-2	0	-0.222	0.629	38.5	10.735	-0.01	-0.01	102.25	81.441	99.667	144	0	0	8	9	9	0	0	0	0	0	0	0	0	-2	-2	-2	-2	-2	50	48	31	25	-2	-2	-2	-2	-2	-2	-2	-2	-2	-2	21	21	21	21	170	190	187	187	-1
1006003000	-2	4349	1083.333	1617.359	221.5	321.796	56.333	0.943	214.125	286.658	1135	244.5	0	0	3	9	9	3239	4349	2168	0	-2	-2	0	0	-2	8	5	7	6	834	469	-2	-2	-2	57	55	57	-2	-2	-2	-2	-2	-2	90	96	100	22	864	499	21	21	-1
1006003000	-2	4349	1083.333	1617.359	221.5	321.796	56.333	0.943	214.125	286.658	1135	244.5	0	0	3	9	9	3239	4349	2168	0	-2	-2	0	0	-2	8	5	7	6	834	469	-2	-2	-2	57	55	57	-2	-2	-2	-2	-2	-2	90	96	100	22	864	499	21	21	-1
1006004000	-2	2420	512	831.947	93	174.007	56.333	2.055	106.375	150.295	512.556	152.75	0	0	4	9	9	690	2420	1502	0	-2	0	0	0	-2	9	5	5	5	441	-2	-2	-2	-2	56	54	59	-2	-2	-2	-2	-2	-2	79	92	98	24	495	21	21	21	-1
1006004000	-2	2420	512	831.947	93	174.007	56.333	2.055	106.375	150.295	512.556	152.75	0	0	4	9	9	690	2420	1502	0	-2	0	0	0	-2	9	5	5	5	441	-2	-2	-2	-2	56	54	59	-2	-2	-2	-2	-2	-2	79	92	98	24	495	21	21	21	-1
1006003000	-2	892	130.111	283.288	19.333	22.118	51	1.414	68.125	43.819	130.222	104.5	0	0	6	9	9	0	281	892	0	0	0	0	0	-2	8	4	4	5	64	-2	-2	31	-2	53	50	50	-2	-2	-2	-2	-2	-2	67	80	79	36	75	21	21	166	-1
1006003000	-2	892	130.111	283.288	19.333	22.118	51	1.414	68.125	43.819	130.222	104.5	0	0	6	9	9	0	281	892	0	0	0	0	0	-2	8	4	4	5	64	-2	-2	31	-2	53	50	50	-2	-2	-2	-2	-2	-2	67	80	79	36	75	21	21	166	-1
1006001000	-2	632	105.222	211.226	68	117.357	51	0.816	130.5	103.557	107	130.5	0	0	5	9	9	0	319	632	0	0	-2	0	0	-2	7	4	5	5	77	372	35	39	-2	52	50	51	-2	-2	-2	-2	-2	-2	66	80	74	26	107	382	157	152	-1
1006001000	-2	632	105.222	211.226	68	117.357	51	0.816	130.5	103.557	107	130.5	0	0	5	9	9	0	319	632	0	0	-2	0	0	-2	7	4	5	5	77	372	35	39	-2	52	50	51	-2	-2	-2	-2	-2	-2	66	80	74	26	107	382	157	152	-1
1006001000	-2	532	118.556	205.296	160.375	260.349	50.667	0.943	245.5	278.671	130.556	245.5	0	0	3	9	9	75	532	466	0	-2	-2	0	0	-2	6	4	6	5	763	401	57	41	-2	50	50	52	-2	-2	-2	-2	-2	-2	77	75	76	42	880	515	150	149	-1
1006001000	-2	696	121.111	238.238	84.875	147	49	1.633	152.25	140.201	125.778	152.25	0	0	5	9	9	0	696	398	0	-2	0	0	0	-2	5	4	5	5	463	109	56	32	-2	49	47	51	-2	-2	-2	-2	-2	-2	66	81	83	37	508	143	151	149	-1
1006001000	-2	696	121.111	238.238	84.875	147	49	1.633	152.25	140.201	125.778	152.25	0	0	5	9	9	0	696	398	0	-2	0	0	0	-2	5	4	5	5	463	109	56	32	-2	49	47	51	-2	-2	-2	-2	-2	-2	66	81	83	37	508	143	151	149	-1
1006001000	-2	1013	188.444	361.869	82.75	145.423	49	1.414	153	140.224	189.222	153	0	0	5	9	9	0	1013	687	0	-2	0	0	0	-2	6	4	5	5	459	96	53	34	-2	50	47	50	-2	-2	-2	-2	-2	-2	64	83	83	37	508	143	153	153	-1
1006001000	-2	1013	188.444	361.869	82.75	145.423	49	1.414	153	140.224	189.222	153	0	0	5	9	9	0	1013	687	0	-2	0	0	0	-2	6	4	5	5	459	96	53	34	-2	50	47	50	-2	-2	-2	-2	-2	-2	64	83	83	37	508	143	153	153	-1
1006001000	-2	2094	546.333	829.024	84	145.222	50.667	0.471	161.625	133.948	562.889	161.625	0	0	4	9	9	918	2094	1909	0	-2	0	0	0	-2	6	4	5	5	459	98	59	36	-2	51	50	51	-2	-2	-2	-2	-2	-2	88	89	90	73	507	142	153	151	-1
1006001000	-2	2093	543	827.42	84	145.222	50.667	0.471	161.625	133.948	562.889	161.625	0	0	4	9	9	889	2093	1909	0	-2	0	0	0	-2	6	4	5	5	459	98	59	36	-2	51	50	51	-2	-2	-2	-2	-2	-2	88	89	90	73	507	142	153	151	-1
1006001000	-2	2856	804.222	1179.07	84.75	144.453	51.667	1.247	165.375	134.892	814.111	165.375	0	0	4	9	9	1665	2721	2856	0	-2	0	0	0	-2	7	5	5	5	457	102	61	36	-2	53	50	52	-2	-2	-2	-2	-2	-2	91	90	92	74	512	147	154	163	-1
1006001000	-2	2856	804.222	1179.07	84.75	144.453	51.667	1.247	165.375	134.892	814.111	165.375	0	0	4	9	9	1665	2721	2856	0	-2	0	0	0	-2	7	5	5	5	457	102	61	36	-2	53	50	52	-2	-2	-2	-2	-2	-2	91	90	92	74	512	147	154	163	-1
1006001000	-2	2713	519.556	947.323	40.375	43.526	51.333	1.247	115.25	34.938	557.444	115.25	0	0	5	9	9	1762	2713	203	0	0	0	0	0	-2	7	5	5	5	129	86	56	30	-2	51	50	53	-2	-2	-2	-2	-2	-2	90	91	69	75	140	147	155	155	-1
1006001000	-2	2713	519.556	947.323	40.375	43.526	51.333	1.247	115.25	34.938	557.444	115.25	0	0	5	9	9	1762	2713	203	0	0	0	0	0	-2	7	5	5	5	129	86	56	30	-2	51	50	53	-2	-2	-2	-2	-2	-2	90	91	69	75	140	147	155	155	-1
1006001000	-2	2705	694.556	1015.147	31.875	31.062	49.667	0.471	124.625	41.71	701.444	124.625	0	0	5	9	9	1825	2705	1723	0	0	0	0	0	-2	6	5	5	4	83	74	52	26	-2	50	49	50	-2	-2	-2	-2	-2	-2	89	89	89	75	140	164	194	157	-1
1006005000	-2	860	142.556	286.226	16.75	2.487	140.667	16.438	126	105.039	1678.333	204.375	0	0	6	9	9	0	0	0	0	0	0	425	860	-2	-2	-2	-2	-2	17	20	17	13	-2	-2	-2	-2	-2	-2	162	138	122	-2	21	21	21	21	229	229	228	238	-1
1006005000	-2	860	142.556	286.226	16.75	2.487	140.667	16.438	126	105.039	1678.333	204.375	0	0	6	9	9	0	0	0	0	0	0	425	860	-2	-2	-2	-2	-2	17	20	17	13	-2	-2	-2	-2	-2	-2	162	138	122	-2	21	21	21	21	229	229	228	238	-1
1006002000	-2	689	174.556	273.946	87.714	151.725	51.333	0.471	126.75	150.196	324.444	156.625	0	0	4	9	9	240	689	646	0	-2	0	0	0	-2	6	4	5	5	452	87	-2	55	-2	52	51	51	-2	-2	-2	-2	-2	-2	78	85	81	24	512	147	21	66	-1
1006004000	-2	1770	223.556	551.791	22.6	34.226	52.333	0.471	57	37.132	226.333	110.5	0	0	5	9	9	5	239	1770	0	0	0	0	0	-2	8	4	5	5	91	-2	-2	-2	-2	53	52	52	-2	-2	-2	-2	-2	-2	67	77	81	36	132	21	21	21	-1
1006002000	-2	1205	133.667	378.774	19.429	17.451	51.333	1.247	76.875	43.022	133.778	113.625	0	0	7	9	9	0	0	1205	0	0	0	0	0	-2	8	4	5	5	52	34	-2	28	-2	53	50	51	-2	-2	-2	-2	-2	-2	66	64	80	98	64	46	21	176	-1
1006002000	-2	1146	127.111	360.232	19.571	17.524	51.333	1.247	77.375	42.685	133.778	113.625	0	0	7	9	9	0	0	1146	0	0	0	0	0	-2	8	4	5	5	52	34	-2	29	-2	53	50	51	-2	-2	-2	-2	-2	-2	66	64	80	97	67	48	21	176	-1
1006001000	-2	1007	111.667	316.549	25.875	22.552	51	0.816	103.625	39.348	111.778	103.625	0	0	7	9	9	0	0	1007	0	0	0	0	0	-2	7	4	5	5	67	46	32	41	-2	51	50	52	-2	-2	-2	-2	-2	-2	65	63	77	90	108	92	158	176	-1
1006001000	-2	1007	111.667	316.549	25.875	22.552	51	0.816	103.625	39.348	111.778	103.625	0	0	7	9	9	0	0	1007	0	0	0	0	0	-2	7	4	5	5	67	46	32	41	-2	51	50	52	-2	-2	-2	-2	-2	-2	65	63	77	90	108	92	158	176	-1
1006001000	-2	828	106.444	258.422	28.375	26.514	50.333	0.471	98	39.268	124.889	98	0	0	6	9	9	0	132	828	0	0	0	0	0	-2	5	4	5	4	70	67	35	37	-2	50	50	51	-2	-2	-2	-2	-2	-2	64	75	88	43	107	90	153	164	-1
1006001000	-2	761	97.556	237.494	28.375	26.514	50.333	0.471	98	39.268	124.889	98	0	0	6	9	9	0	119	761	0	0	0	0	0	-2	5	4	5	4	70	67	35	37	-2	50	50	51	-2	-2	-2	-2	-2	-2	64	75	88	43	107	90	153	164	-1
1006001000	-2	739	83.111	231.919	29.25	29.128	48.333	0.943	109.25	37.986	94.444	109.25	0	0	6	9	9	0	11	739	0	0	0	0	0	-2	5	4	4	5	73	78	36	29	-2	49	47	49	-2	-2	-2	-2	-2	-2	63	64	86	89	108	143	158	163	-1
1006001000	-2	816	92.222	255.945	29.25	29.128	48.333	0.943	109.25	37.986	94.444	109.25	0	0	6	9	9	0	16	816	0	0	0	0	0	-2	5	4	4	5	73	78	36	29	-2	49	47	49	-2	-2	-2	-2	-2	-2	63	64	86	89	108	143	158	163	-1
1006001000	-2	1056	117.222	331.909	29.875	28.498	48.667	1.247	111.375	40.896	117.667	111.375	0	0	6	9	9	1	0	1056	0	0	0	0	0	-2	6	4	5	5	75	73	41	30	-2	49	47	50	-2	-2	-2	-2	-2	-2	63	61	87	89	108	161	159	163	-1
1006001000	-2	1056	117.222	331.909	29.875	28.498	48.667	1.247	111.375	40.896	117.667	111.375	0	0	6	9	9	1	0	1056	0	0	0	0	0	-2	6	4	5	5	75	73	41	30	-2	49	47	50	-2	-2	-2	-2	-2	-2	63	61	87	89	108	161	159	163	-1
1006001000	-2	1311	196.889	419.064	33.125	33.461	50	2.16	113.375	39.947	207.333	113.375	0	0	5	9	9	459	4	1311	0	0	0	0	0	-2	6	4	5	5	96	73	48	28	-2	52	47	51	-2	-2	-2	-2	-2	-2	78	61	89	76	121	161	158	163	-1
1006001000	-2	1311	196.889	419.064	33.125	33.461	50	2.16	113.375	39.947	207.333	113.375	0	0	5	9	9	459	4	1311	0	0	0	0	0	-2	6	4	5	5	96	73	48	28	-2	52	47	51	-2	-2	-2	-2	-2	-2	78	61	89	76	121	161	158	163	-1
1005001000	-2	1695	486.778	697.509	28.25	28.265	72.5	40.165	119	36.383	502.778	119	0	0	5	9	9	1231	1695	1457	0	0	0	0	0	-2	6	4	5	5	75	67	48	16	-2	52	47	49	-2	-2	-2	-2	142	-2	90	86	88	76	123	166	159	164	-1
1005001000	-2	1701	491.333	702.878	28.25	28.265	72.5	40.165	119	36.383	502.778	119	0	0	5	9	9	1266	1701	1457	0	0	0	0	0	-2	6	4	5	5	75	67	48	16	-2	52	47	49	-2	-2	-2	-2	142	-2	90	86	88	76	123	166	159	164	-1
1005001000	-2	1525	272.111	512.751	24.75	23.621	68.25	32.813	122.375	46.92	289.667	122.375	0	0	5	9	9	836	1525	90	0	0	0	0	0	-2	6	5	5	5	64	55	44	14	-2	52	47	49	-2	-2	-2	-2	125	-2	78	87	68	77	141	165	192	171	-1
1005002000	-2	732	81.333	230.047	37.286	24.915	90.25	44.985	136	68.973	1004.889	141	0	0	6	9	9	0	2	0	0	0	0	0	732	-2	-2	4	4	71	66	48	38	30	-2	-2	47	47	-2	-2	-2	151	116	-2	21	62	63	175	188	189	191	199	-1
1006002000	-2	1004	111.333	315.606	25.857	26.67	52	0.816	69.75	36.176	187.333	113.625	0	0	7	9	9	0	0	1004	0	0	0	0	0	-2	7	4	5	5	78	48	-2	34	-2	52	51	53	-2	-2	-2	-2	-2	-2	66	65	81	43	154	59	21	69	-1
1005002000	-2	845	93.667	265.637	17.571	16.256	77.25	45.483	99	47.297	98.111	117.875	0	0	7	9	9	0	0	845	0	0	0	0	0	-2	7	4	4	5	50	26	-2	27	-2	52	49	52	-2	-2	-2	-2	156	-2	66	63	82	125	113	144	21	178	-1
1005001000	-2	884	98	277.894	18.375	15.337	73.25	38.558	117.875	42.265	98.111	117.875	0	0	7	9	9	0	0	884	0	0	0	0	0	-2	7	4	4	5	50	26	26	25	-2	52	49	52	-2	-2	-2	-2	140	-2	66	63	82	125	113	144	172	178	-1
1006001000	-2	696	77.111	218.811	22.375	18.439	49.667	0.471	116.375	42.901	78.778	116.375	0	0	7	9	9	0	0	696	0	0	0	0	0	-2	6	5	5	5	54	40	27	37	-2	50	49	50	-2	-2	-2	-2	-2	-2	63	63	85	98	129	144	171	178	-1
1006001000	-2	696	77.111	218.811	22.375	18.439	49.667	0.471	116.375	42.901	78.778	116.375	0	0	7	9	9	0	0	696	0	0	0	0	0	-2	6	5	5	5	54	40	27	37	-2	50	49	50	-2	-2	-2	-2	-2	-2	63	63	85	98	129	144	171	178	-1
1005001000	-2	629	69.889	197.678	22.75	19.492	71.75	41.154	117.375	44.648	91.444	117.375	0	0	6	9	9	0	2	629	0	0	0	0	0	-2	5	4	5	4	56	43	33	32	-2	47	47	50	-2	-2	-2	-2	143	-2	61	61	86	96	130	158	169	178	-1
1005001000	-2	652	72.333	204.944	22.75	19.492	71.75	41.154	117.375	44.648	91.444	117.375	0	0	6	9	9	0	1	652	0	0	0	0	0	-2	5	4	5	4	56	43	33	32	-2	47	47	50	-2	-2	-2	-2	143	-2	61	61	86	96	130	158	169	178	-1
1005001000	-2	876	97.111	275.38	22.25	19.816	70.5	39.557	110.125	39.857	100	110.125	0	0	7	9	9	0	0	876	0	0	0	0	0	-2	5	4	4	5	59	43	31	27	-2	47	47	49	-2	-2	-2	-2	139	-2	61	60	81	91	121	144	158	165	-1
1005001000	-2	876	97.111	275.38	22.25	19.816	70.5	39.557	110.125	39.857	100	110.125	0	0	7	9	9	0	0	876	0	0	0	0	0	-2	5	4	4	5	59	43	31	27	-2	47	47	49	-2	-2	-2	-2	139	-2	61	60	81	91	121	144	158	165	-1
1005001000	-2	646	72.889	202.643	21.25	18.666	70.5	39.563	115.625	41.988	79.444	115.625	0	0	5	9	9	5	7	646	0	0	0	0	0	-2	6	4	4	5	56	41	31	23	-2	49	46	48	-2	-2	-2	-2	139	-2	66	63	81	91	136	163	160	165	-1
1005001000	-2	963	156.444	306.08	20.875	18.299	69.75	35.961	118.875	41.519	203.333	118.875	0	0	4	9	9	361	75	963	0	0	0	0	11	-2	6	4	4	5	50	48	28	22	-2	50	47	50	-2	-2	-2	-2	132	-2	78	64	82	91	140	166	160	170	-1
1005001000	-2	963	156.444	306.08	20.875	18.299	69.75	35.961	118.875	41.519	203.333	118.875	0	0	4	9	9	361	75	963	0	0	0	0	11	-2	6	4	4	5	50	48	28	22	-2	50	47	50	-2	-2	-2	-2	132	-2	78	64	82	91	140	166	160	170	-1
1005001000	-2	700	158	276.177	18.625	16.703	67	31.773	116.5	44.494	187.556	116.5	0	0	5	9	9	700	0	80	0	0	0	0	644	-2	6	4	4	6	47	43	26	13	-2	50	47	49	-2	-2	-2	-2	122	-2	78	61	68	86	141	167	161	170	-1
1005001000	-2	700	158	276.177	18.625	16.703	67	31.773	116.5	44.494	187.556	116.5	0	0	5	9	9	700	0	80	0	0	0	0	644	-2	6	4	4	6	47	43	26	13	-2	50	47	49	-2	-2	-2	-2	122	-2	78	61	68	86	141	167	161	170	-1
1006002000	-2	1285	142.667	403.876	39.857	25.447	72.667	37.008	138.5	71.262	653.889	143.375	0	0	6	9	9	0	0	1	0	0	0	0	1285	-2	-2	4	4	38	76	61	54	42	-2	-2	47	46	-2	-2	-2	-2	125	-2	21	63	63	210	170	192	204	185	-1
1005001000	-2	961	193.444	364.884	20.375	16.844	65.5	26.847	133.75	51.461	608.444	133.75	0	0	6	9	9	0	0	961	0	0	0	0	782	-2	6	4	5	5	52	34	30	27	-2	50	50	50	-2	-2	-2	-2	112	-2	64	63	81	150	165	191	171	185	-1
1005001000	-2	436	57.889	136.426	14.875	12.673	69.75	35.365	128.75	52.694	123.444	128.75	0	0	6	9	9	0	0	87	0	0	0	0	436	-2	7	5	4	5	44	22	14	18	-2	49	49	50	-2	-2	-2	-2	131	-2	63	62	72	125	155	195	173	185	-1
1005001000	-2	426	64.889	137.107	14.875	12.673	69.75	35.365	112.625	56.3	123.444	128.75	0	0	6	9	9	0	0	160	0	0	0	0	426	-2	7	5	4	5	44	22	14	18	-2	49	49	50	-2	-2	-2	-2	131	-2	63	62	72	125	155	195	44	185	-1
1004001000	-2	115	12.556	36.225	19	15.882	89.2	49.713	131	53.278	31.111	131	0	0	7	9	9	0	0	115	0	0	0	0	0	-2	5	5	4	5	49	34	23	27	-2	50	48	48	-2	-2	-2	154	146	-2	64	62	71	138	155	196	179	183	-1
1005005000	-2	4274	595.667	1336.73	11	0.707	114.5	2.062	109.875	97.377	5800.889	188.625	0	0	5	9	9	0	0	0	0	4274	1000	89	0	-2	-2	-2	-2	-2	10	11	12	11	-2	-2	-2	-2	-2	116	112	117	113	-2	21	21	21	21	255	255	145	140	-1
1005005000	-2	3766	1001.444	1393.552	13.5	1.658	114.25	12.774	139.125	128.59	3517.444	173.625	0	0	4	9	9	0	0	0	0	3766	3172	1265	812	-2	-2	-2	-2	-2	11	15	15	13	-2	-2	-2	-2	-2	132	113	116	96	-2	21	21	21	21	366	232	264	167	-1
1004004000	-2	3873	697.111	1350.725	14.4	5.817	107	34.217	182.375	166.835	4459.889	213.5	0	0	4	9	9	0	0	0	0	-2	-2	3873	2407	-2	-2	4	-2	-2	12	18	19	19	-2	-2	44	-2	-2	141	129	121	100	-2	21	58	21	21	414	412	333	179	-1
1005001000	-2	4675	699	1464.302	36.125	31.553	78.75	48.674	155.75	50.306	1112.556	155.75	0	0	5	9	9	4675	1324	294	0	0	0	0	0	-2	5	5	5	13	90	69	58	44	-2	53	48	51	-2	-2	-2	-2	163	-2	97	88	92	210	171	194	204	190	-1
1005001000	-2	980	212.667	369.205	20.125	16.167	68.75	31.324	141.875	55.099	262	141.875	0	0	4	9	9	74	46	980	0	0	0	0	816	-2	5	5	5	5	45	39	34	23	-2	51	51	50	-2	-2	-2	-2	123	-2	66	71	81	170	172	195	172	208	-1
1005001000	-2	796	177.444	307.773	20.125	16.167	68.75	31.324	141.875	55.099	262	141.875	0	0	4	9	9	64	34	705	0	0	0	0	796	-2	5	5	5	5	45	39	34	23	-2	51	51	50	-2	-2	-2	-2	123	-2	66	71	81	170	172	195	172	208	-1
1003001000	-2	1877	230.889	584.674	11.375	9.823	81.167	34.935	135.125	58.952	237.778	135.125	0	0	5	9	9	0	0	22	181	0	0	0	1877	-2	6	4	4	5	35	17	10	10	-2	48	48	49	92	-2	-2	133	117	-2	61	62	63	159	156	196	175	209	-1
