1001001000	-2	15412	12604.333	4580.381	48.25	11.244	147.875	8.81	246	17.972	15777.333	246	0	0	0	9	9	15412	14924	15347	13459	13846	15171	12287	12995	-2	54	42	28	51	45	40	65	61	-2	144	147	130	150	151	143	159	159	-2	261	233	219	250	244	234	282	245	-1
1001001000	-2	15404	11857.556	4353.16	55.75	11.723	149.625	6.061	234.875	6.954	15175	234.875	0	0	0	9	9	13833	14564	15404	13213	12469	12799	11049	13389	-2	58	51	34	53	54	51	71	74	-2	148	144	138	150	155	152	159	151	-2	234	229	232	243	227	242	227	245	-1
1001001000	-2	15425	12792.333	4635.617	53.5	3.969	138.625	4.442	213.625	15.041	15498.444	213.625	0	0	0	9	9	14910	14966	11734	14903	14645	13991	15425	14559	-2	55	48	58	57	59	51	50	50	-2	141	133	136	138	145	145	138	133	-2	231	211	191	215	221	236	211	193	-1
1001001000	-2	15425	12792.333	4635.617	53.5	3.969	138.625	4.442	213.625	15.041	15498.444	213.625	0	0	0	9	9	14910	14966	11734	14903	14645	13991	15425	14559	-2	55	48	58	57	59	51	50	50	-2	141	133	136	138	145	145	138	133	-2	231	211	191	215	221	236	211	193	-1
1001001000	-2	14830	12413.333	4457.748	52.5	4.717	137.875	3.919	210.875	13.081	14979.111	210.875	0	0	0	9	9	13858	14073	11901	14367	14225	14111	14830	14357	-2	55	49	54	57	60	51	50	44	-2	138	134	135	139	144	143	138	132	-2	231	202	194	215	221	224	206	194	-1
1001001000	-2	15272	12855.111	4641.081	52.5	4.717	137.875	3.919	210.875	13.081	14979.111	210.875	0	0	0	9	9	14600	14730	11901	14724	14886	14552	15272	15033	-2	55	49	54	57	60	51	50	44	-2	138	134	135	139	144	143	138	132	-2	231	202	194	215	221	224	206	194	-1
1001001000	-2	15156	12465.222	4504.306	53.75	3.666	137.25	3.231	204.25	11.256	14000	204.25	0	0	0	9	9	13877	14311	11583	14420	14444	14196	15156	14202	-2	56	55	54	57	59	47	50	52	-2	141	135	135	137	141	139	139	131	-2	228	202	193	204	206	206	208	187	-1
1001001000	-2	15156	12465.222	4504.306	53.75	3.666	137.25	3.231	204.25	11.256	14000	204.25	0	0	0	9	9	13877	14311	11583	14420	14444	14196	15156	14202	-2	56	55	54	57	59	47	50	52	-2	141	135	135	137	141	139	139	131	-2	228	202	193	204	206	206	208	187	-1
1002001000	-2	15347	10905.333	5866.837	55.875	4.428	136.714	3.99	185.25	45.096	12159.667	185.25	0	0	1	9	9	0	14482	12670	14114	13748	13905	15347	13884	-2	57	57	55	61	61	46	56	54	-2	-2	136	135	138	141	136	142	129	-2	68	208	194	205	206	202	214	185	-1
1002001000	-2	14207	10534.667	5652.971	55.875	4.428	136.714	3.99	185.25	45.096	12159.667	185.25	0	0	1	9	9	0	13987	12337	13810	13530	13497	14207	13446	-2	57	57	55	61	61	46	56	54	-2	-2	136	135	138	141	136	142	129	-2	68	208	194	205	206	202	214	185	-1
1001001000	-2	14390	12443.778	4409.16	57.875	6.071	137.625	5.407	207.375	15.475	13743	207.375	0	0	0	9	9	13734	14031	13356	14199	14074	14123	14089	14390	-2	57	58	55	63	66	46	64	54	-2	145	139	134	139	140	136	142	126	-2	232	225	194	206	205	203	214	180	-1
1002001000	-2	13887	8147.778	4619.021	46.25	11.486	164	6.633	235.75	67.044	8608.111	235.75	0	0	1	9	9	11080	11100	13887	9669	8633	10676	8287	0	-2	54	38	28	50	43	35	63	59	-2	157	160	154	167	167	169	174	-2	-2	260	231	330	250	253	242	245	75	-1
1001001000	-2	15897	12546.556	4524.591	54.75	11.691	153.5	4.899	238.5	6.856	14922.778	238.5	0	0	0	9	9	13915	15897	15162	13957	13101	14067	12803	14019	-2	58	42	36	53	56	52	65	76	-2	152	144	150	154	159	152	160	157	-2	248	236	232	244	227	242	234	245	-1
1001001000	-2	14810	11154	4092.511	74.25	6.591	157.5	4.583	228.5	7.297	12437.667	228.5	0	0	0	9	9	11934	13551	12617	13055	11085	12038	11298	14810	-2	83	70	66	66	81	75	71	82	-2	157	151	158	158	160	162	164	150	-2	220	217	232	230	227	242	227	233	-1
1001001000	-2	14913	11243.222	4100.279	73.75	6.379	157.875	5.278	228.625	7.582	12369.333	228.625	0	0	0	9	9	11943	13708	12067	12741	12010	11436	12373	14913	-2	84	70	69	67	80	74	66	80	-2	158	153	163	158	158	164	162	147	-2	220	218	232	228	227	244	227	233	-1
1001001000	-2	14913	11243.222	4100.279	73.75	6.379	157.875	5.278	228.625	7.582	12369.333	228.625	0	0	0	9	9	11943	13708	12067	12741	12010	11436	12373	14913	-2	84	70	69	67	80	74	66	80	-2	158	153	163	158	158	164	162	147	-2	220	218	232	228	227	244	227	233	-1
1001001000	-2	15194	11035.444	4167.812	67.875	7.061	155.75	5.238	235.25	7.98	11592.444	235.25	0	0	0	9	9	12151	13086	14064	10887	12555	10812	10572	15194	-2	81	66	66	67	76	66	56	65	-2	156	153	154	159	158	161	161	144	-2	231	231	233	229	253	243	228	234	-1
1001001000	-2	15319	13043.111	4668.618	50	8.352	137.25	4.023	210.625	13.536	14927.444	210.625	0	0	0	9	9	15140	15001	12844	14269	15319	14530	15108	15179	-2	56	48	58	57	52	50	49	30	-2	140	136	136	140	142	139	137	128	-2	231	212	195	215	215	223	208	186	-1
1001001000	-2	15319	13043.111	4668.618	50	8.352	137.25	4.023	210.625	13.536	14927.444	210.625	0	0	0	9	9	15140	15001	12844	14269	15319	14530	15108	15179	-2	56	48	58	57	52	50	49	30	-2	140	136	136	140	142	139	137	128	-2	231	212	195	215	215	223	208	186	-1
1001001000	-2	14022	11785.222	4254.316	49	8.426	133.5	4.472	196.25	11.616	13039.889	196.25	0	0	0	9	9	13485	14022	11132	13498	13825	13598	13939	12570	-2	55	49	57	56	52	48	46	29	-2	137	134	133	136	139	133	133	123	-2	216	196	187	203	200	198	197	173	-1
1001001000	-2	14619	12141.778	4424.583	49	8.426	133.5	4.472	196.25	11.616	13039.889	196.25	0	0	0	9	9	13976	14619	11132	14112	14431	13855	14583	12570	-2	55	49	57	56	52	48	46	29	-2	137	134	133	136	139	133	133	123	-2	216	196	187	203	200	198	197	173	-1
1001001000	-2	14733	11779.667	4413.13	48.875	8.781	133.25	4.943	195.125	11.095	12589.889	195.125	0	0	0	9	9	13934	14341	9784	13902	13917	13649	14733	11759	-2	55	49	56	56	54	45	48	28	-2	136	133	132	136	139	131	137	122	-2	211	196	186	200	200	193	203	172	-1
1001001000	-2	14904	11331.333	4223.944	48.875	8.781	133.25	4.943	195.125	11.095	12589.889	195.125	0	0	0	9	9	12962	14904	9784	13180	12341	13688	13366	11759	-2	55	49	56	56	54	45	48	28	-2	136	133	132	136	139	131	137	122	-2	211	196	186	200	200	193	203	172	-1
1001001000	-2	15064	11902.333	4512.904	48	9.327	132.375	5.219	191.75	9.808	12464.333	191.75	0	0	0	9	9	14697	14109	9649	14249	14014	13829	15064	11512	-2	52	50	55	57	57	44	41	28	-2	135	136	132	135	136	129	136	120	-2	201	201	185	195	195	186	200	171	-1
1001001000	-2	13946	11388.111	4235.646	48	9.327	132.375	5.219	191.75	9.808	12464.333	191.75	0	0	0	9	9	13839	13296	9649	13579	13567	13107	13946	11512	-2	52	50	55	57	57	44	41	28	-2	135	136	132	135	136	129	136	120	-2	201	201	185	195	195	186	200	171	-1
1001001000	-2	14863	11975.778	4285.404	47.125	8.978	133.875	5.036	197.125	12.313	13061.444	197.125	0	0	0	9	9	14863	13383	12382	13184	13920	12959	13857	13236	-2	51	52	55	56	52	44	39	28	-2	136	138	133	134	139	132	137	122	-2	213	213	189	196	203	187	201	175	-1
1001001000	-2	15321	12296.333	4426.822	47.125	8.978	133.875	5.036	197.125	12.313	13061.444	197.125	0	0	0	9	9	13918	15321	12382	13573	14909	13311	14019	13236	-2	51	52	55	56	52	44	39	28	-2	136	138	133	134	139	132	137	122	-2	213	213	189	196	203	187	201	175	-1
1002001000	-2	14715	10828.667	5846.759	50.125	10.142	138.429	5.288	194.875	56.929	12232.667	194.875	0	0	1	9	9	11826	14690	14587	14715	13998	13819	0	13825	-2	52	57	59	58	60	45	40	30	-2	142	143	141	139	142	135	-2	127	-2	233	241	213	214	218	203	50	187	-1
1002001000	-2	15279	11341.333	6080.536	50.125	10.142	138.429	5.288	194.875	56.929	12232.667	194.875	0	0	1	9	9	13559	14706	14827	15279	15041	14357	0	14305	-2	52	57	59	58	60	45	40	30	-2	142	143	141	139	142	135	-2	127	-2	233	241	213	214	218	203	50	187	-1
1002001000	-2	14851	10381.111	5648.247	57.5	6.325	145.429	7.248	212.5	57.799	11533.444	212.5	0	0	1	9	9	0	11038	14851	13487	13164	14277	12459	14156	-2	57	61	65	62	65	48	51	51	-2	-2	155	146	149	148	142	148	130	-2	65	241	246	226	248	239	238	197	-1
1001001000	-2	15688	11061.111	4474.738	62.25	5.673	150.625	8.015	237.125	10.005	11452.111	237.125	0	0	0	9	9	12173	7658	14785	12333	11029	13658	12228	15688	-2	67	63	67	64	70	53	59	55	-2	154	162	148	154	156	144	153	134	-2	232	242	240	229	248	251	237	218	-1
1001001000	-2	15926	11050.222	4455.887	62.25	5.673	150.625	8.015	237.125	10.005	11452.111	237.125	0	0	0	9	9	12541	7658	14228	12641	11005	13353	12102	15926	-2	67	63	67	64	70	53	59	55	-2	154	162	148	154	156	144	153	134	-2	232	242	240	229	248	251	237	218	-1
1001001000	-2	12170	6515.778	3680.357	70.375	5.957	162.875	9.13	234.625	8.817	6516.667	234.625	0	0	0	9	9	7894	2823	12170	9399	6941	5956	3338	10123	-2	67	68	63	68	75	75	82	65	-2	161	176	152	158	164	166	176	150	-2	243	243	241	223	230	238	240	219	-1
1001001000	-2	12025	6580.222	3841.76	72	7.45	164.25	9.731	239.75	5.19	6594.111	239.75	0	0	0	9	9	9728	2779	12025	9024	6060	5728	3180	10700	-2	65	68	62	75	79	76	85	66	-2	158	177	154	159	167	169	179	151	-2	244	250	241	237	231	238	239	238	-1
1001001000	-2	12599	7625.111	3792.556	69.875	5.622	161.125	7.991	239.75	5.117	7616.111	239.75	0	0	0	9	9	11286	5043	12599	9217	7356	7012	4658	11457	-2	66	66	63	68	74	76	80	66	-2	156	171	153	158	160	165	175	151	-2	235	245	243	238	231	248	239	239	-1
1001001000	-2	12527	7609	3774.311	69.875	5.622	161.125	7.991	239.75	5.117	7616.111	239.75	0	0	0	9	9	11213	5043	12527	9217	7356	7012	4658	11457	-2	66	66	63	68	74	76	80	66	-2	156	171	153	158	160	165	175	151	-2	235	245	243	238	231	248	239	239	-1
1002001000	-2	14025	9377.222	5148.006	47.625	10.885	161	5.451	238.625	65.121	10475.444	238.625	0	0	1	9	9	11360	13631	14025	11212	11858	12409	9902	0	-2	55	37	28	50	42	47	61	61	-2	158	155	154	165	160	165	170	-2	-2	258	236	297	250	253	293	247	75	-1
1003001000	-2	15882	8932.222	6406.879	64	10.989	155.833	5.58	199.875	74.175	11680.444	200.875	0	0	2	9	9	0	15882	13133	13059	12383	0	11829	14106	-2	62	42	57	70	74	62	64	81	-2	-2	145	156	157	162	-2	161	154	-2	76	236	274	237	226	71	234	245	-1
1003001000	-2	16071	9545.667	6792.529	65.375	10.416	153.167	5.336	197.375	70.993	12398.667	197.375	0	0	2	9	9	0	16071	13807	14203	13629	0	13316	14887	-2	65	44	61	70	76	62	64	81	-2	-2	143	157	154	156	-2	159	150	-2	76	236	251	237	226	74	234	245	-1
1003001000	-2	16027	9283.333	6623.161	65.375	10.416	153.167	5.336	197.375	70.993	12398.667	197.375	0	0	2	9	9	0	16027	13231	13806	13310	0	12749	14429	-2	65	44	61	70	76	62	64	81	-2	-2	143	157	154	156	-2	159	150	-2	76	236	251	237	226	74	234	245	-1
1001001000	-2	13916	8547.667	3621.423	76	6.164	164.375	5.999	230.125	9.36	8833.889	230.125	0	0	0	9	9	10783	7898	9551	9624	10745	6973	7441	13916	-2	86	72	70	75	81	81	66	77	-2	163	166	171	166	161	171	166	151	-2	231	221	233	228	214	245	228	241	-1
1001001000	-2	14094	12051	4269.688	49.5	8.631	138.125	5.667	209.75	13.055	15447.889	209.75	0	0	0	9	9	13758	13443	13732	13561	13123	14094	13449	13301	-2	56	47	60	57	47	53	45	31	-2	145	138	139	140	142	141	135	125	-2	232	212	202	215	206	221	205	185	-1
1001001000	-2	14094	12051	4269.688	49.5	8.631	138.125	5.667	209.75	13.055	15447.889	209.75	0	0	0	9	9	13758	13443	13732	13561	13123	14094	13449	13301	-2	56	47	60	57	47	53	45	31	-2	145	138	139	140	142	141	135	125	-2	232	212	202	215	206	221	205	185	-1
1001001000	-2	13345	10966.667	3933.045	43.25	10.425	130.75	5.117	191.5	10.062	12043.556	191.5	0	0	0	9	9	12712	13345	12061	12166	12614	12390	12638	10776	-2	48	41	58	54	38	50	29	28	-2	135	130	134	134	136	132	124	121	-2	207	191	191	200	196	192	184	171	-1
1001001000	-2	14736	11765.222	4287.952	43.25	10.425	130.75	5.117	191.5	10.062	12043.556	191.5	0	0	0	9	9	14333	14736	12213	12433	13638	13457	13839	11240	-2	48	41	58	54	38	50	29	28	-2	135	130	134	134	136	132	124	121	-2	207	191	191	200	196	192	184	171	-1
1001001000	-2	14426	11231.889	4281.818	42.5	10.173	128.75	4.918	185.25	8.757	11677	185.25	0	0	0	9	9	14426	14255	10921	13147	12549	13838	12853	9100	-2	48	41	57	54	38	46	28	28	-2	132	126	132	133	134	130	124	119	-2	194	185	185	193	192	187	181	165	-1
1001001000	-2	14426	11231.889	4281.818	42.5	10.173	128.75	4.918	185.25	8.757	11677	185.25	0	0	0	9	9	14426	14255	10921	13147	12549	13838	12853	9100	-2	48	41	57	54	38	46	28	28	-2	132	126	132	133	134	130	124	119	-2	194	185	185	193	192	187	181	165	-1
1001001000	-2	14482	10646.667	4204.53	42.375	10.258	126.375	5.048	180.25	8.54	11139.778	180.25	0	0	0	9	9	14190	14482	9672	12279	12637	13188	10820	8554	-2	50	43	56	54	38	43	28	27	-2	132	125	131	129	130	127	120	117	-2	190	183	184	185	185	182	171	162	-1
1001001000	-2	14482	10646.667	4204.53	42.375	10.258	126.375	5.048	180.25	8.54	11139.778	180.25	0	0	0	9	9	14190	14482	9672	12279	12637	13188	10820	8554	-2	50	43	56	54	38	43	28	27	-2	132	125	131	129	130	127	120	117	-2	190	183	184	185	185	182	171	162	-1
1002001000	-2	14572	9293.111	5226.704	42.125	10.277	125.571	5.095	163.75	43.115	9742.111	163.75	0	0	1	9	9	14572	14401	9794	11198	0	12634	11260	9781	-2	50	47	54	54	39	39	27	27	-2	133	126	130	128	-2	125	119	118	-2	194	186	183	183	52	178	169	165	-1
1002001000	-2	14097	9150.778	5099.007	42.125	10.277	125.571	5.095	163.75	43.115	9742.111	163.75	0	0	1	9	9	14097	13873	9794	11198	0	12356	11260	9781	-2	50	47	54	54	39	39	27	27	-2	133	126	130	128	-2	125	119	118	-2	194	186	183	183	52	178	169	165	-1
1001001000	-2	14470	10799.111	4005.172	42.75	10.268	127.75	5.044	184.875	9.688	11845.333	184.875	0	0	0	9	9	12457	14470	11267	10833	12811	13478	10964	10914	-2	49	49	56	54	39	39	28	28	-2	133	127	131	130	134	127	120	120	-2	198	189	187	189	195	180	171	170	-1
1001001000	-2	14470	10799.111	4005.172	42.75	10.268	127.75	5.044	184.875	9.688	11845.333	184.875	0	0	0	9	9	12457	14470	11267	10833	12811	13478	10964	10914	-2	49	49	56	54	39	39	28	28	-2	133	127	131	130	134	127	120	120	-2	198	189	187	189	195	180	171	170	-1
1002001000	-2	14455	10365.889	5570.252	44.25	10.791	132.714	4.802	181.5	50.904	11659.333	181.5	0	0	1	9	9	14455	13432	12434	12608	13262	13859	0	13245	-2	50	51	58	56	39	43	29	28	-2	134	138	134	134	136	131	-2	122	-2	213	214	203	201	203	190	50	178	-1
1003001000	-2	15351	9676	6864.358	46.625	10.38	137.333	5.676	176.625	71.934	10398.556	176.625	0	0	2	9	9	15351	14724	13479	13909	0	14396	0	15227	-2	51	56	59	57	41	46	33	30	-2	138	145	141	139	-2	134	-2	127	-2	225	250	218	212	60	205	50	193	-1
1003001000	-2	15351	9676	6864.358	46.625	10.38	137.333	5.676	176.625	71.934	10398.556	176.625	0	0	2	9	9	15351	14724	13479	13909	0	14396	0	15227	-2	51	56	59	57	41	46	33	30	-2	138	145	141	139	-2	134	-2	127	-2	225	250	218	212	60	205	50	193	-1
1004001000	-2	14163	7117	6441.053	51	8.5	145.8	7.782	170.75	89.995	8220.333	170.75	0	0	3	9	9	0	10311	13258	13404	0	12919	0	14163	-2	52	59	61	59	43	53	35	46	-2	-2	157	146	149	-2	144	-2	133	-2	66	256	234	240	54	253	47	216	-1
1004001000	-2	14936	7375.222	6700.107	51	8.5	145.8	7.782	170.75	89.995	8220.333	170.75	0	0	3	9	9	0	10291	13499	13904	0	13749	0	14936	-2	52	59	61	59	43	53	35	46	-2	-2	157	146	149	-2	144	-2	133	-2	66	256	234	240	54	253	47	216	-1
1004001000	-2	14643	7393.333	6742.219	50.125	7.688	144.4	8.593	168.75	87.381	8110.333	168.75	0	0	3	9	9	0	9905	13351	14117	0	14526	0	14643	-2	51	59	56	58	42	49	35	51	-2	-2	159	144	143	-2	144	-2	132	-2	66	256	228	229	55	253	51	212	-1
1004001000	-2	13856	7060.222	6407.336	50.125	7.688	144.4	8.593	168.75	87.381	8110.333	168.75	0	0	3	9	9	0	9867	12925	13506	0	13390	0	13856	-2	51	59	56	58	42	49	35	51	-2	-2	159	144	143	-2	144	-2	132	-2	66	256	228	229	55	253	51	212	-1
1003001000	-2	13942	7880	5869.517	55.125	5.061	150.333	6.823	196.75	79.345	8162	196.75	0	0	2	9	9	0	7180	13862	11722	0	12433	11783	13942	-2	52	60	57	63	46	58	52	53	-2	-2	162	149	151	-2	148	153	139	-2	66	251	241	251	55	252	239	219	-1
1002001000	-2	13664	8824.444	5153.997	56.25	5.238	150.143	6.334	219.625	62.43	9559.222	219.625	0	0	1	9	9	13367	7050	13307	11211	0	12034	8789	13664	-2	52	60	57	63	47	63	54	54	-2	147	163	148	149	-2	149	154	141	-2	243	250	243	237	55	252	239	238	-1
1002002000	-2	-1	-1.889	0.314	30	9.928	191.571	10.808	413.25	59.625	10725.222	413.25	0	0	0	9	9	-2	-2	-2	-2	-2	-2	-2	-1	-2	31	27	19	40	29	17	47	-2	-2	186	180	179	206	201	185	204	-2	-2	416	396	376	487	458	376	492	305	-1
1001001000	-2	15701	12572.444	4498.667	69.125	12.293	153.625	6.224	233.25	9.808	16935.778	233.25	0	0	0	9	9	14284	15701	13510	14104	13619	13618	13503	14815	-2	78	41	63	72	76	78	64	81	-2	149	142	160	154	159	160	157	148	-2	220	236	245	244	226	242	234	219	-1
1002001000	-2	14665	10822.111	5801.232	70.625	12.257	149.714	5.675	208.5	56.87	15482.556	208.5	0	0	1	9	9	14566	0	13445	13945	13529	13354	13897	14665	-2	81	43	65	73	78	80	64	81	-2	144	-2	158	146	152	154	153	141	-2	231	63	250	222	227	243	234	198	-1
1002001000	-2	14157	10624.556	5700.472	70.375	11.532	144.143	6.128	192.25	52.019	13593.111	192.125	0	0	1	9	9	14127	0	13418	14157	12522	13383	14018	13998	-2	82	45	66	71	77	79	63	80	-2	142	-2	156	137	145	148	144	137	-2	208	64	255	197	202	220	203	189	-1
1002001000	-2	15313	11314.222	6081.418	70.375	11.532	144.143	6.128	192.25	52.019	13593.111	192.125	0	0	1	9	9	15313	0	14240	15125	12997	14480	14962	14713	-2	82	45	66	71	77	79	63	80	-2	142	-2	156	137	145	148	144	137	-2	208	64	255	197	202	220	203	189	-1
1001001000	-2	16023	12567.444	4587.494	77.125	5.904	155.5	6.042	234.25	9.189	14894.889	234.125	0	0	0	9	9	13363	11928	13360	14081	14756	14181	15417	16023	-2	86	73	79	76	81	81	65	76	-2	157	158	167	153	151	159	154	145	-2	232	222	239	239	244	245	235	218	-1
1001001000	-2	16085	12643.667	4605.965	77.125	5.904	155.5	6.042	234.25	9.189	14894.889	234.125	0	0	0	9	9	13433	11928	13699	14440	14727	14212	15271	16085	-2	86	73	79	76	81	81	65	76	-2	157	158	167	153	151	159	154	145	-2	232	222	239	239	244	245	235	218	-1
1001001000	-2	16299	13206.222	4730.355	66.625	8.873	152	5.766	241.875	7.219	14915.778	241.875	0	0	0	9	9	14025	14442	14520	13965	14440	15443	15724	16299	-2	80	62	66	71	75	71	53	55	-2	159	153	155	156	146	157	149	141	-2	240	237	254	247	230	249	237	241	-1
1001001000	-2	15155	11090.889	4218.833	66.625	8.873	152	5.766	241.875	7.219	14915.778	241.875	0	0	0	9	9	10129	11860	13495	12157	15155	11451	11011	14562	-2	80	62	66	71	75	71	53	55	-2	159	153	155	156	146	157	149	141	-2	240	237	254	247	230	249	237	241	-1
1002001000	-2	12825	8856.111	4802.253	48.875	9.727	137.857	5.41	190.125	48.535	12462.333	190.125	0	0	1	9	9	0	10898	11653	11126	12499	10284	10422	12825	-2	55	45	63	57	42	55	43	31	-2	-2	138	142	140	142	142	135	126	-2	65	211	210	209	207	227	208	184	-1
1002001000	-2	12825	8856.111	4802.253	48.875	9.727	137.857	5.41	190.125	48.535	12462.333	190.125	0	0	1	9	9	0	10898	11653	11126	12499	10284	10422	12825	-2	55	45	63	57	42	55	43	31	-2	-2	138	142	140	142	142	135	126	-2	65	211	210	209	207	227	208	184	-1
1001001000	-2	12667	9931.778	3942.381	33.625	12.134	125.375	6.081	178.625	9.068	10764.667	178.625	0	0	0	9	9	12189	12667	11255	11489	11168	12655	11600	6365	-2	43	30	56	24	23	46	21	26	-2	131	122	132	129	128	128	120	113	-2	186	179	182	185	182	185	173	157	-1
1001001000	-2	14369	10635.778	4347.099	33.625	12.134	125.375	6.081	178.625	9.068	10764.667	178.625	0	0	0	9	9	14369	12667	11456	13084	11538	13740	12505	6365	-2	43	30	56	24	23	46	21	26	-2	131	122	132	129	128	128	120	113	-2	186	179	182	185	182	185	173	157	-1
1001001000	-2	13913	10585.889	4217.787	32.625	10.307	122.125	5.325	173.25	7.546	10684.111	173.25	0	0	0	9	9	13913	13503	11768	12218	11670	13309	12014	6880	-2	44	26	49	34	23	41	19	25	-2	127	119	123	128	127	123	119	111	-2	178	174	173	179	179	178	170	155	-1
1001001000	-2	13913	10585.889	4217.787	32.625	10.307	122.125	5.325	173.25	7.546	10684.111	173.25	0	0	0	9	9	13913	13503	11768	12218	11670	13309	12014	6880	-2	44	26	49	34	23	41	19	25	-2	127	119	123	128	127	123	119	111	-2	178	174	173	179	179	178	170	155	-1
1002001000	-2	13749	9148.667	5087.33	31.625	10.246	121.857	5.41	156.5	45.302	9189.889	156.5	0	0	1	9	9	13749	0	11928	11616	12134	12535	12186	8192	-2	44	29	46	34	24	38	14	24	-2	126	-2	123	127	127	121	118	111	-2	180	38	173	177	180	177	169	158	-1
1002001000	-2	13749	9148.667	5087.33	31.625	10.246	121.857	5.41	156.5	45.302	9189.889	156.5	0	0	1	9	9	13749	0	11928	11616	12134	12535	12186	8192	-2	44	29	46	34	24	38	14	24	-2	126	-2	123	127	127	121	118	111	-2	180	38	173	177	180	177	169	158	-1
1003001000	-2	13091	7621.222	5455.456	32.25	11.155	120.333	5.406	138	59.716	7621.333	138	0	0	2	9	9	13091	0	11593	11605	0	9982	11992	10330	-2	43	29	52	34	24	37	14	25	-2	123	-2	127	126	-2	117	117	112	-2	176	38	179	177	32	172	169	161	-1
1003001000	-2	13091	7621.222	5455.456	32.25	11.155	120.333	5.406	138	59.716	7621.333	138	0	0	2	9	9	13091	0	11593	11605	0	9982	11992	10330	-2	43	29	52	34	24	37	14	25	-2	123	-2	127	126	-2	117	117	112	-2	176	38	179	177	32	172	169	161	-1
1003001000	-2	13540	7717.222	5507.837	31.625	11.916	120	5.745	139.125	60.086	7717.444	139.125	0	0	2	9	9	13540	0	10897	11614	0	10917	11188	11301	-2	43	23	53	34	23	38	14	25	-2	123	-2	127	126	-2	118	114	112	-2	178	38	182	178	33	172	168	164	-1
1003001000	-2	14654	8872.444	6346.811	32.375	11.661	126.333	4.922	149.875	66.463	9340.222	149.875	0	0	2	9	9	14654	0	12854	10993	0	13941	13433	13979	-2	43	24	53	34	23	40	15	27	-2	131	-2	132	128	-2	127	122	118	-2	200	38	198	187	33	186	181	176	-1
1003001000	-2	14654	8872.444	6346.811	32.375	11.661	126.333	4.922	149.875	66.463	9340.222	149.875	0	0	2	9	9	14654	0	12854	10993	0	13941	13433	13979	-2	43	24	53	34	23	40	15	27	-2	131	-2	132	128	-2	127	122	118	-2	200	38	198	187	33	186	181	176	-1
1005001000	-2	13865	5786	6482.757	32.375	10.988	127	4.301	116.625	75.278	6439.111	116.625	0	0	4	9	9	13865	0	12672	0	0	13316	0	12223	-2	43	23	51	34	24	40	16	28	-2	130	-2	131	-2	-2	127	-2	120	-2	200	38	199	45	33	188	51	179	-1
1004001000	-2	15933	8025.778	7201.514	37.125	10.117	133.4	5.004	147.375	81.659	8401.111	147.375	0	0	3	9	9	15933	14284	13744	0	0	14103	0	14170	-2	43	45	52	34	25	46	23	29	-2	135	139	134	-2	-2	135	-2	124	-2	218	229	208	45	33	206	51	189	-1
1005001000	-2	14822	6468.667	7234.143	37.375	9.987	134.5	6.103	134.375	87.683	6787.333	134.375	0	0	4	9	9	0	14286	14822	0	0	14394	0	14718	-2	43	47	49	34	25	48	23	30	-2	-2	142	135	-2	-2	136	-2	125	-2	66	262	213	45	34	212	51	192	-1
1005001000	-2	14822	6468.667	7234.143	37.375	9.987	134.5	6.103	134.375	87.683	6787.333	134.375	0	0	4	9	9	0	14286	14822	0	0	14394	0	14718	-2	43	47	49	34	25	48	23	30	-2	-2	142	135	-2	-2	136	-2	125	-2	66	262	213	45	34	212	51	192	-1
1005001000	-2	14947	6392.889	7160.784	34.875	9.075	132.5	5.22	124.875	83.34	6626.667	124.875	0	0	4	9	9	14696	0	14947	0	0	14604	0	13291	-2	37	30	49	34	25	49	24	31	-2	133	-2	135	-2	-2	138	-2	124	-2	218	38	211	45	34	212	51	190	-1
1005001000	-2	14947	6392.889	7160.784	34.875	9.075	132.5	5.22	124.875	83.34	6626.667	124.875	0	0	4	9	9	14696	0	14947	0	0	14604	0	13291	-2	37	30	49	34	25	49	24	31	-2	133	-2	135	-2	-2	138	-2	124	-2	218	38	211	45	34	212	51	190	-1
1005001000	-2	13894	5690.444	6407.896	34.75	9.457	132.25	5.494	125	83.194	6593.222	125	0	0	4	9	9	13894	0	12631	0	0	11009	0	13682	-2	37	25	49	34	26	50	25	32	-2	130	-2	134	-2	-2	140	-2	125	-2	212	39	209	45	34	219	51	191	-1
1001001000	-2	12990	10403.889	3726.647	22.5	6.423	152.625	9.433	269.5	18.378	19424.111	269.5	0	0	0	9	9	11255	12990	11220	12142	12172	11532	11333	10993	-2	20	23	18	25	24	14	37	19	-2	148	132	150	156	158	151	163	163	-2	264	233	262	285	285	258	295	274	-1
1001001000	-2	14563	11449.556	4248.787	64.375	12.144	135.75	5.19	186.125	7.373	11893.778	186.125	0	0	0	9	9	14563	12544	13717	13414	12057	13488	13483	9782	-2	78	42	62	66	74	78	50	65	-2	137	128	146	131	139	137	136	132	-2	190	176	200	182	190	189	185	177	-1
1001001000	-2	15375	13048.444	4640.186	73	5	145.625	5.314	213.5	14.309	16136	213.5	0	0	0	9	9	14450	14986	13823	13981	15215	15375	14737	14871	-2	81	70	73	74	78	73	63	72	-2	144	145	158	144	147	146	143	138	-2	212	207	240	202	223	225	208	191	-1
1001001000	-2	16460	11998.667	4561.724	71.25	6.476	154.75	6.036	239.875	8.447	14779.333	239.875	0	0	0	9	9	12670	10912	11749	14231	15286	12274	14408	16460	-2	79	69	72	74	78	73	57	68	-2	159	158	165	154	150	157	151	144	-2	240	222	238	241	254	246	237	241	-1
1001001000	-2	16460	11998.667	4561.724	71.25	6.476	154.75	6.036	239.875	8.447	14779.333	239.875	0	0	0	9	9	12670	10912	11749	14231	15286	12274	14408	16460	-2	79	69	72	74	78	73	57	68	-2	159	158	165	154	150	157	151	144	-2	240	222	238	241	254	246	237	241	-1
1002001000	-2	15384	11214.556	6035.979	52.375	10.499	142.429	6.5	209	56.241	13245.111	209	0	0	1	9	9	0	13638	15222	13241	15384	13744	14717	14987	-2	54	50	65	60	46	66	45	33	-2	-2	141	150	147	144	147	139	129	-2	66	231	248	238	221	249	221	198	-1
1002001000	-2	15384	11214.556	6035.979	52.375	10.499	142.429	6.5	209	56.241	13245.111	209	0	0	1	9	9	0	13638	15222	13241	15384	13744	14717	14987	-2	54	50	65	60	46	66	45	33	-2	-2	141	150	147	144	147	139	129	-2	66	231	248	238	221	249	221	198	-1
1001001000	-2	12403	9398.667	3697.78	27.25	12.949	115.875	5.988	167.25	8.043	9398.889	167.25	0	0	0	9	9	11579	11718	9974	11378	10999	12403	10026	6513	-2	35	14	50	16	22	43	14	24	-2	121	114	121	120	114	123	108	106	-2	171	169	170	172	167	179	159	151	-1
1001001000	-2	12403	9398.667	3697.78	27.25	12.949	115.875	5.988	167.25	8.043	9398.889	167.25	0	0	0	9	9	11579	11718	9974	11378	10999	12403	10026	6513	-2	35	14	50	16	22	43	14	24	-2	121	114	121	120	114	123	108	106	-2	171	169	170	172	167	179	159	151	-1
1001001000	-2	10962	7801.111	3199.854	25.75	11.233	113.375	5.721	162.25	7.013	7801.444	162.25	0	0	0	9	9	9008	10962	8839	8620	10600	8453	8872	4858	-2	36	14	44	16	21	38	13	24	-2	119	112	121	118	113	114	107	103	-2	165	164	169	167	163	167	157	146	-1
1001001000	-2	10962	7801.111	3199.854	25.75	11.233	113.375	5.721	162.25	7.013	7801.444	162.25	0	0	0	9	9	9008	10962	8839	8620	10600	8453	8872	4858	-2	36	14	44	16	21	38	13	24	-2	119	112	121	118	113	114	107	103	-2	165	164	169	167	163	167	157	146	-1
1001001000	-2	10542	7547.333	3060.24	26.25	11.486	112.875	5.418	162.125	6.566	7547.667	162.125	0	0	0	9	9	9103	10542	9693	8000	9908	7688	7781	5213	-2	38	14	45	19	20	38	13	23	-2	118	112	120	116	114	114	106	103	-2	164	165	169	164	165	167	155	148	-1
1001001000	-2	10542	7547.333	3060.24	26.25	11.486	112.875	5.418	162.125	6.566	7547.667	162.125	0	0	0	9	9	9103	10542	9693	8000	9908	7688	7781	5213	-2	38	14	45	19	20	38	13	23	-2	118	112	120	116	114	114	106	103	-2	164	165	169	164	165	167	155	148	-1
1001001000	-2	10924	8174.333	3208.863	24.375	11.521	112.25	5.333	162.375	6.537	8174.889	162.375	0	0	0	9	9	9809	10684	10924	8227	10016	9651	8005	6255	-2	37	14	44	19	12	33	12	24	-2	117	113	120	113	115	112	104	104	-2	163	167	170	163	167	165	155	149	-1
1001001000	-2	10924	8174.333	3208.863	24.375	11.521	112.25	5.333	162.375	6.537	8174.889	162.375	0	0	0	9	9	9809	10684	10924	8227	10016	9651	8005	6255	-2	37	14	44	19	12	33	12	24	-2	117	113	120	113	115	112	104	104	-2	163	167	170	163	167	165	155	149	-1
1002001000	-2	11500	7763.889	4264.963	24.25	10.802	111.714	4.832	145.25	47.646	7764.111	145.25	0	0	1	9	9	11500	10024	10766	10545	0	10153	7864	9025	-2	36	15	42	20	12	33	12	24	-2	117	113	116	114	-2	113	106	103	-2	165	167	167	164	20	169	159	151	-1
1002001000	-2	11500	7763.889	4264.963	24.25	10.802	111.714	4.832	145.25	47.646	7764.111	145.25	0	0	1	9	9	11500	10024	10766	10545	0	10153	7864	9025	-2	36	15	42	20	12	33	12	24	-2	117	113	116	114	-2	113	106	103	-2	165	167	167	164	20	169	159	151	-1
1002001000	-2	12898	8621.778	4729.208	26.375	9.759	115.143	5.693	153.125	43.993	8621.889	153.125	0	0	1	9	9	12898	0	12158	11925	10782	10628	9966	9241	-2	35	16	44	26	20	33	13	24	-2	119	-2	121	117	120	115	110	104	-2	173	38	175	169	176	174	165	155	-1
1002001000	-2	12898	8621.778	4729.208	26.375	9.759	115.143	5.693	153.125	43.993	8621.889	153.125	0	0	1	9	9	12898	0	12158	11925	10782	10628	9966	9241	-2	35	16	44	26	20	33	13	24	-2	119	-2	121	117	120	115	110	104	-2	173	38	175	169	176	174	165	155	-1
1002001000	-2	13802	9249	5098.155	27.125	10.203	119.571	4.305	158.875	45.605	9299.667	158.875	0	0	1	9	9	13802	0	12403	12288	12040	12670	8971	11069	-2	29	16	46	29	20	38	14	25	-2	121	-2	124	121	123	122	114	112	-2	178	39	181	175	181	181	170	166	-1
1002001000	-2	13987	9299.444	5135.453	27.125	10.203	119.571	4.305	158.875	45.605	9299.667	158.875	0	0	1	9	9	13987	0	12403	12288	12150	12829	8971	11069	-2	29	16	46	29	20	38	14	25	-2	121	-2	124	121	123	122	114	112	-2	178	39	181	175	181	181	170	166	-1
1004001000	-2	13710	6938.222	6242.428	28.875	10.068	125.4	4.271	133.75	72.152	7022.556	133.75	0	0	3	9	9	13710	0	12517	11355	0	13231	0	11633	-2	29	22	47	29	21	42	15	26	-2	124	-2	129	126	-2	130	-2	118	-2	191	38	195	186	34	196	51	179	-1
1004001000	-2	13710	6938.222	6242.428	28.875	10.068	125.4	4.271	133.75	72.152	7022.556	133.75	0	0	3	9	9	13710	0	12517	11355	0	13231	0	11633	-2	29	22	47	29	21	42	15	26	-2	124	-2	129	126	-2	130	-2	118	-2	191	38	195	186	34	196	51	179	-1
1004001000	-2	14843	7188.111	6532.937	28.25	10.651	127.8	5.192	138.5	75.73	7293.222	138.5	0	0	3	9	9	14843	0	12583	12664	0	14227	0	10378	-2	25	22	47	30	18	43	15	26	-2	128	-2	133	126	-2	133	-2	119	-2	203	39	204	189	34	205	51	183	-1
1004001000	-2	14843	7188.111	6532.937	28.25	10.651	127.8	5.192	138.5	75.73	7293.222	138.5	0	0	3	9	9	14843	0	12583	12664	0	14227	0	10378	-2	25	22	47	30	18	43	15	26	-2	128	-2	133	126	-2	133	-2	119	-2	203	39	204	189	34	205	51	183	-1
1004001000	-2	13912	6950.556	6300.642	27.625	10.535	126.6	4.224	142.5	69.289	7253.889	142.5	0	0	3	9	9	13078	13912	11650	0	0	13656	0	10261	-2	24	21	46	29	17	43	16	25	-2	127	128	127	-2	-2	132	-2	119	-2	200	203	194	45	65	201	51	181	-1
1004001000	-2	13912	6950.556	6300.642	27.625	10.535	126.6	4.224	142.5	69.289	7253.889	142.5	0	0	3	9	9	13078	13912	11650	0	0	13656	0	10261	-2	24	21	46	29	17	43	16	25	-2	127	128	127	-2	-2	132	-2	119	-2	200	203	194	45	65	201	51	181	-1
1001001000	-2	12039	9054.778	3493.49	28.625	4.715	118.5	6.205	166.5	7.5	9653.667	166.5	0	0	0	9	9	7838	10425	11696	9406	9459	12039	11914	8718	-2	39	25	24	28	27	33	28	25	-2	122	104	120	116	124	125	117	120	-2	167	151	172	162	171	178	167	164	-1
1001001000	-2	14364	11638	4191.298	65.25	5.472	137.875	6.294	201	21.207	13446.556	201	0	0	0	9	9	13426	11803	14364	12998	13899	11869	13427	12958	-2	66	59	68	70	73	67	55	64	-2	139	134	153	140	135	135	136	131	-2	197	188	256	194	200	194	193	186	-1
1001001000	-2	15002	12684.444	4519.239	64.875	6.193	148.5	6.576	240.125	9.13	17706	240.125	0	0	0	9	9	14546	14089	13135	13964	14972	15002	13892	14562	-2	65	62	71	71	71	68	56	55	-2	149	148	164	149	146	147	146	139	-2	241	239	238	241	240	248	254	220	-1
1001001000	-2	16694	14010.556	5009.314	64.875	6.193	148.5	6.576	240.125	9.13	17706	240.125	0	0	0	9	9	16320	15626	14274	14882	16529	16694	15624	16148	-2	65	62	71	71	71	68	56	55	-2	149	148	164	149	146	147	146	139	-2	241	239	238	241	240	248	254	220	-1
1001001000	-2	16201	13351.889	4752.318	45	9.314	133.375	6.537	202.375	9.313	14690.889	202.375	0	0	0	9	9	15436	14083	15184	14830	16201	14798	14772	14865	-2	48	42	63	44	40	54	38	31	-2	136	131	146	139	127	135	126	127	-2	210	199	217	212	192	204	195	190	-1
1001001000	-2	16201	13351.889	4752.318	45	9.314	133.375	6.537	202.375	9.313	14690.889	202.375	0	0	0	9	9	15436	14083	15184	14830	16201	14798	14772	14865	-2	48	42	63	44	40	54	38	31	-2	136	131	146	139	127	135	126	127	-2	210	199	217	212	192	204	195	190	-1
1001001000	-2	11560	7634.778	3405.842	22.625	12.277	108.125	7.008	156.125	8.58	7634.889	156.125	0	0	0	9	9	8359	11556	8366	8586	11560	8979	7011	4298	-2	21	13	47	13	14	38	12	23	-2	107	110	122	107	105	114	97	103	-2	151	162	169	159	154	165	144	145	-1
1001001000	-2	11560	7634.778	3405.842	22.625	12.277	108.125	7.008	156.125	8.58	7634.889	156.125	0	0	0	9	9	8359	11556	8366	8586	11560	8979	7011	4298	-2	21	13	47	13	14	38	12	23	-2	107	110	122	107	105	114	97	103	-2	151	162	169	159	154	165	144	145	-1
1001001000	-2	10181	6702.778	2922.039	21.5	10.851	106.625	5.521	153.125	6.679	6702.889	153.125	0	0	0	9	9	8530	10181	7600	6469	9857	7181	6036	4473	-2	24	13	41	13	12	36	11	22	-2	109	109	116	106	106	110	98	99	-2	154	159	162	152	153	159	144	142	-1
1001001000	-2	10181	6702.778	2922.039	21.5	10.851	106.625	5.521	153.125	6.679	6702.889	153.125	0	0	0	9	9	8530	10181	7600	6469	9857	7181	6036	4473	-2	24	13	41	13	12	36	11	22	-2	109	109	116	106	106	110	98	99	-2	154	159	162	152	153	159	144	142	-1
1001001000	-2	10668	7075	2849.139	21.25	10.556	105.125	6.79	152	7.211	7075.111	152	0	0	0	9	9	7222	9135	8984	6711	10668	7481	7641	5835	-2	32	14	40	13	12	31	11	17	-2	111	108	115	106	107	104	92	98	-2	154	158	162	153	155	153	140	141	-1
1001001000	-2	10668	7075	2849.139	21.25	10.556	105.125	6.79	152	7.211	7075.111	152	0	0	0	9	9	7222	9135	8984	6711	10668	7481	7641	5835	-2	32	14	40	13	12	31	11	17	-2	111	108	115	106	107	104	92	98	-2	154	158	162	153	155	153	140	141	-1
1001001000	-2	9721	7526.667	2833.014	19.625	9.38	103.5	6.727	151.375	6.981	7526.889	151.375	0	0	0	9	9	7756	9531	9721	7014	9379	9250	7586	7505	-2	28	13	38	13	11	27	12	15	-2	110	107	114	105	103	101	92	96	-2	155	158	161	152	153	151	140	141	-1
1001001000	-2	9721	7526.667	2833.014	19.625	9.38	103.5	6.727	151.375	6.981	7526.889	151.375	0	0	0	9	9	7756	9531	9721	7014	9379	9250	7586	7505	-2	28	13	38	13	11	27	12	15	-2	110	107	114	105	103	101	92	96	-2	155	158	161	152	153	151	140	141	-1
1001001000	-2	10666	8307.333	3020.772	19.375	9.604	105.25	6.457	155.125	6.623	8307.889	155.125	0	0	0	9	9	9549	9005	10666	8051	9249	9310	8824	10114	-2	23	13	40	13	11	28	12	15	-2	112	108	114	106	105	106	93	98	-2	159	160	164	155	157	157	144	145	-1
1001001000	-2	10666	8307.333	3020.772	19.375	9.604	105.25	6.457	155.125	6.623	8307.889	155.125	0	0	0	9	9	9549	9005	10666	8051	9249	9310	8824	10114	-2	23	13	40	13	11	28	12	15	-2	112	108	114	106	105	106	93	98	-2	159	160	164	155	157	157	144	145	-1
1002001000	-2	12745	8343.111	4611.529	20.625	9.604	109	6.928	146.25	41.06	8376.778	146.25	0	0	1	9	9	12745	0	11258	11645	11191	9150	8630	10471	-2	23	14	42	16	12	28	12	18	-2	115	-2	117	113	110	110	96	102	-2	165	39	170	163	166	165	150	152	-1
1002001000	-2	12745	8343.111	4611.529	20.625	9.604	109	6.928	146.25	41.06	8376.778	146.25	0	0	1	9	9	12745	0	11258	11645	11191	9150	8630	10471	-2	23	14	42	16	12	28	12	18	-2	115	-2	117	113	110	110	96	102	-2	165	39	170	163	166	165	150	152	-1
1001001000	-2	13511	9886.111	3710.836	22	10.464	112.375	5.243	168.75	6.159	9908	168.75	0	0	0	9	9	13511	11085	11063	12394	11728	9491	9431	10274	-2	23	14	42	17	12	36	13	19	-2	117	115	118	114	111	116	103	105	-2	170	176	174	168	170	174	160	158	-1
1001001000	-2	13511	9886.111	3710.836	22	10.464	112.375	5.243	168.75	6.159	9908	168.75	0	0	0	9	9	13511	11085	11063	12394	11728	9491	9431	10274	-2	23	14	42	17	12	36	13	19	-2	117	115	118	114	111	116	103	105	-2	170	176	174	168	170	174	160	158	-1
1001001000	-2	13803	9869.778	3879.619	24	10.677	118.625	5.7	178.875	7.27	9870	178.875	0	0	0	9	9	13803	12544	11705	11744	11790	10427	8755	8062	-2	24	15	42	24	13	40	13	21	-2	122	118	124	119	123	124	111	108	-2	183	183	183	176	184	187	170	165	-1
1001001000	-2	13786	10347.111	4052.494	24	11.236	119.125	5.51	180.75	7.224	10448.778	180.75	0	0	0	9	9	13156	13786	12228	11480	11861	13016	9789	7810	-2	23	14	43	25	13	41	13	20	-2	121	119	124	119	123	126	112	109	-2	185	185	183	177	186	190	173	167	-1
1001001000	-2	13786	10347.111	4052.494	24	11.236	119.125	5.51	180.75	7.224	10448.778	180.75	0	0	0	9	9	13156	13786	12228	11480	11861	13016	9789	7810	-2	23	14	43	25	13	41	13	20	-2	121	119	124	119	123	126	112	109	-2	185	185	183	177	186	190	173	167	-1
1001001000	-2	12596	9874.556	3637.034	23.5	10.932	114.75	4.737	173.625	5.872	9895.778	173.625	0	0	0	9	9	12023	11440	11240	11900	12596	10672	9226	9776	-2	22	14	43	25	13	39	13	19	-2	115	118	121	118	110	119	109	108	-2	173	181	178	173	172	181	168	163	-1
1001001000	-2	15110	12231.889	4441.567	15.5	2.062	107.875	4.256	162.375	6.499	13012.444	162.375	0	0	0	9	9	11790	13031	14549	12743	13759	14654	15110	14453	-2	15	13	16	18	18	15	12	17	-2	111	99	114	107	106	111	106	109	-2	162	150	173	159	161	170	162	162	-1
1001001000	-2	13715	10915.667	3916.925	15.5	2.062	107.875	4.256	162.375	6.499	13012.444	162.375	0	0	0	9	9	11285	12305	11503	12571	12354	11908	13715	12602	-2	15	13	16	18	18	15	12	17	-2	111	99	114	107	106	111	106	109	-2	162	150	173	159	161	170	162	162	-1
1001001000	-2	13177	9783.444	3685.784	60.375	7.952	130.5	5.766	180.875	8.838	9822.333	180.875	0	0	0	9	9	9516	11791	12905	10101	13177	10405	9586	10572	-2	59	46	67	65	69	69	55	53	-2	130	125	144	129	129	133	130	124	-2	177	171	197	175	191	185	180	171	-1
1001001000	-2	13250	10794	3863.687	59.375	6.855	132	6.205	185.625	9.797	11086.222	185.625	0	0	0	9	9	12024	12063	13015	11407	13250	12228	11436	11725	-2	57	57	66	62	68	65	54	46	-2	137	126	145	132	130	133	129	124	-2	189	174	206	180	191	189	181	175	-1
1001001000	-2	16314	13848.778	4927.67	59.5	6.442	142.875	5.644	231.625	11.618	18117.667	231.625	0	0	0	9	9	16034	15282	14988	16142	16314	15963	15343	14575	-2	53	61	67	62	66	65	53	49	-2	144	141	155	145	139	144	141	134	-2	233	219	241	241	228	250	229	212	-1
1001001000	-2	16267	13622.222	4857.258	39.75	9.769	129.125	6.092	190.75	8.771	14467.667	190.75	0	0	0	9	9	15280	14794	15200	16267	16095	15727	15157	14082	-2	37	39	59	32	38	52	30	31	-2	127	128	143	131	126	132	122	124	-2	187	192	209	195	186	195	184	178	-1
1001001000	-2	15874	12477.333	4562.348	39.75	9.769	129.125	6.092	190.75	8.771	14467.667	190.75	0	0	0	9	9	14033	12925	14963	12034	15874	13051	15333	14085	-2	37	39	59	32	38	52	30	31	-2	127	128	143	131	126	132	122	124	-2	187	192	209	195	186	195	184	178	-1
1001001000	-2	9593	6428.333	2972.988	19.125	11.784	99.5	9.592	144.75	10.627	6428.444	144.75	0	0	0	9	9	3963	9593	7459	9244	6000	7206	9557	4835	-2	15	11	42	11	10	36	11	17	-2	101	100	116	92	98	112	87	90	-2	142	150	162	143	141	158	131	131	-1
1001001000	-2	9593	6428.333	2972.988	19.125	11.784	99.5	9.592	144.75	10.627	6428.444	144.75	0	0	0	9	9	3963	9593	7459	9244	6000	7206	9557	4835	-2	15	11	42	11	10	36	11	17	-2	101	100	116	92	98	112	87	90	-2	142	150	162	143	141	158	131	131	-1
1001001000	-2	9356	6165.556	2736.548	18	9.874	98.25	7.612	144.875	7.817	6165.778	144.875	0	0	0	9	9	3992	9356	9037	5817	6572	7613	7881	5224	-2	19	11	38	11	10	30	10	15	-2	102	99	113	94	101	100	86	91	-2	146	150	160	142	145	147	133	136	-1
1001001000	-2	9356	6165.556	2736.548	18	9.874	98.25	7.612	144.875	7.817	6165.778	144.875	0	0	0	9	9	3992	9356	9037	5817	6572	7613	7881	5224	-2	19	11	38	11	10	30	10	15	-2	102	99	113	94	101	100	86	91	-2	146	150	160	142	145	147	133	136	-1
1001001000	-2	9656	6278.333	2678.008	17.625	8.887	99.625	7.279	147.25	7.933	6278.667	147.25	0	0	0	9	9	4786	9373	9656	5611	7105	7126	6430	6420	-2	20	13	34	11	9	30	11	13	-2	100	101	113	95	100	107	90	91	-2	145	152	161	143	146	156	138	137	-1
1001001000	-2	9656	6278.333	2678.008	17.625	8.887	99.625	7.279	147.25	7.933	6278.667	147.25	0	0	0	9	9	4786	9373	9656	5611	7105	7126	6430	6420	-2	20	13	34	11	9	30	11	13	-2	100	101	113	95	100	107	90	91	-2	145	152	161	143	146	156	138	137	-1
1001001000	-2	10832	7280.667	3135.496	17	7.969	97.375	6.518	145.625	6.873	7281	145.625	0	0	0	9	9	5551	10832	10753	6314	6949	9758	7315	8056	-2	20	12	33	11	10	26	11	13	-2	102	98	110	94	97	100	89	89	-2	147	149	159	143	145	149	136	137	-1
1001001000	-2	10832	7280.667	3135.496	17	7.969	97.375	6.518	145.625	6.873	7281	145.625	0	0	0	9	9	5551	10832	10753	6314	6949	9758	7315	8056	-2	20	12	33	11	10	26	11	13	-2	102	98	110	94	97	100	89	89	-2	147	149	159	143	145	149	136	137	-1
1001001000	-2	11380	8197.778	3232.335	17.875	8.978	99	6.671	148.75	6.629	8198.222	148.75	0	0	0	9	9	7557	10907	11380	6820	8772	9464	8442	10440	-2	20	12	37	13	10	27	11	13	-2	103	100	112	98	98	101	91	89	-2	150	152	162	147	148	151	141	139	-1
1001001000	-2	11380	8197.778	3232.335	17.875	8.978	99	6.671	148.75	6.629	8198.222	148.75	0	0	0	9	9	7557	10907	11380	6820	8772	9464	8442	10440	-2	20	12	37	13	10	27	11	13	-2	103	100	112	98	98	101	91	89	-2	150	152	162	147	148	151	141	139	-1
1001001000	-2	11822	9490.778	3401.258	18.875	9.493	103.875	6.566	156.625	6.499	9490.889	156.625	0	0	0	9	9	10488	10491	11822	10117	10874	10426	9918	11283	-2	21	12	40	14	12	27	11	14	-2	107	103	115	107	105	106	94	94	-2	157	158	167	159	160	159	147	146	-1
1001001000	-2	11822	9490.778	3401.258	18.875	9.493	103.875	6.566	156.625	6.499	9490.889	156.625	0	0	0	9	9	10488	10491	11822	10117	10874	10426	9918	11283	-2	21	12	40	14	12	27	11	14	-2	107	103	115	107	105	106	94	94	-2	157	158	167	159	160	159	147	146	-1
1001001000	-2	11941	9494	3592.39	20.5	10.296	108.25	6.457	164.5	7.018	9498.222	164.5	0	0	0	9	9	11803	8882	11705	11207	11634	8237	10039	11941	-2	21	13	41	15	13	34	12	15	-2	109	111	117	109	108	115	96	101	-2	162	170	173	164	167	172	153	155	-1
1001001000	-2	11941	9494	3592.39	20.5	10.296	108.25	6.457	164.5	7.018	9498.222	164.5	0	0	0	9	9	11803	8882	11705	11207	11634	8237	10039	11941	-2	21	13	41	15	13	34	12	15	-2	109	111	117	109	108	115	96	101	-2	162	170	173	164	167	172	153	155	-1
1001001000	-2	12459	9851.667	3680.265	20.25	10.733	108.75	6.379	166.75	7.207	9883.889	166.75	0	0	0	9	9	11611	9230	11673	11827	12459	8899	10753	12215	-2	21	13	41	14	12	35	11	15	-2	110	113	117	109	108	115	97	101	-2	165	174	174	165	169	175	156	156	-1
1001001000	-2	12459	9851.667	3680.265	20.25	10.733	108.75	6.379	166.75	7.207	9883.889	166.75	0	0	0	9	9	11611	9230	11673	11827	12459	8899	10753	12215	-2	21	13	41	14	12	35	11	15	-2	110	113	117	109	108	115	97	101	-2	165	174	174	165	169	175	156	156	-1
1001001000	-2	12627	9631	3591.592	21.75	11.155	109.5	6.403	168.5	7.399	9656.667	168.5	0	0	0	9	9	11691	9818	10641	11444	12627	8347	10941	11172	-2	21	14	42	17	13	39	12	16	-2	111	114	118	109	108	116	98	102	-2	167	176	175	167	170	178	158	157	-1
1001001000	-2	12627	9631	3591.592	21.75	11.155	109.5	6.403	168.5	7.399	9656.667	168.5	0	0	0	9	9	11691	9818	10641	11444	12627	8347	10941	11172	-2	21	14	42	17	13	39	12	16	-2	111	114	118	109	108	116	98	102	-2	167	176	175	167	170	178	158	157	-1
1001001000	-2	14713	11823.556	4249.957	13	0.707	125.25	3.929	210.5	5.025	16763.111	210.5	0	0	0	9	9	13164	14016	13414	14713	13156	11682	13114	13155	-2	14	12	13	13	14	13	12	13	-2	129	117	129	126	121	126	126	128	-2	213	202	215	205	206	212	215	216	-1
1001001000	-2	11700	8912.556	3740.964	14.25	2.046	96.125	5.925	141.75	8.856	9007.333	141.75	0	0	0	9	9	10776	10069	10735	11225	4498	10529	11700	10683	-2	15	11	15	14	17	16	11	15	-2	100	87	105	94	91	104	95	93	-2	148	136	153	142	123	150	143	139	-1
1001001000	-2	15987	13083.222	4811.723	50.375	8.41	133.75	6.098	201.625	8.659	14747.333	201.625	0	0	0	9	9	14765	14720	15987	14893	15773	15439	14978	11196	-2	46	51	65	44	58	55	48	36	-2	132	133	146	137	124	136	134	128	-2	198	200	219	199	194	207	207	189	-1
1001001000	-2	15987	13083.222	4811.723	50.375	8.41	133.75	6.098	201.625	8.659	14747.333	201.625	0	0	0	9	9	14765	14720	15987	14893	15773	15439	14978	11196	-2	46	51	65	44	58	55	48	36	-2	132	133	146	137	124	136	134	128	-2	198	200	219	199	194	207	207	189	-1
1001001000	-2	15417	11647.444	4511.006	33.875	10.635	123.25	5.166	176	7.826	11824	176	0	0	0	9	9	10244	14318	14442	15417	13317	14168	13346	9577	-2	28	31	55	27	32	48	23	27	-2	121	124	134	126	117	126	118	120	-2	170	181	189	183	171	180	169	165	-1
1001001000	-2	15417	11647.444	4511.006	33.875	10.635	123.25	5.166	176	7.826	11824	176	0	0	0	9	9	10244	14318	14442	15417	13317	14168	13346	9577	-2	28	31	55	27	32	48	23	27	-2	121	124	134	126	117	126	118	120	-2	170	181	189	183	171	180	169	165	-1
1001001000	-2	10415	6369.667	2813.061	15.625	8.425	95.875	8.222	141.75	8.8	6370	141.75	0	0	0	9	9	5103	8474	8093	8237	5776	5988	10415	5243	-2	14	11	35	10	9	23	10	13	-2	100	97	112	93	92	101	83	89	-2	144	145	159	142	135	147	130	132	-1
1001001000	-2	10415	6369.667	2813.061	15.625	8.425	95.875	8.222	141.75	8.8	6370	141.75	0	0	0	9	9	5103	8474	8093	8237	5776	5988	10415	5243	-2	14	11	35	10	9	23	10	13	-2	100	97	112	93	92	101	83	89	-2	144	145	159	142	135	147	130	132	-1
1001001000	-2	8626	5985.444	2418.393	15	7.599	93.75	7.395	140.625	7.33	5985.556	140.625	0	0	0	9	9	4570	8626	7511	6380	5805	7868	7298	5813	-2	14	11	31	10	8	24	10	12	-2	98	94	107	94	92	98	81	86	-2	143	143	155	140	136	145	130	133	-1
1001001000	-2	8626	5985.444	2418.393	15	7.599	93.75	7.395	140.625	7.33	5985.556	140.625	0	0	0	9	9	4570	8626	7511	6380	5805	7868	7298	5813	-2	14	11	31	10	8	24	10	12	-2	98	94	107	94	92	98	81	86	-2	143	143	155	140	136	145	130	133	-1
1002001000	-2	8677	5235.778	3006.698	13	5.05	91.429	5.067	124.625	38.655	5396.556	124.625	0	0	1	9	9	5203	8677	0	6018	5214	7860	6629	7523	-2	14	11	15	9	8	25	10	12	-2	97	90	-2	94	92	98	84	85	-2	143	141	23	141	137	146	132	134	-1
1002001000	-2	9977	6362.556	3562.077	13	5.292	91	4.84	124.625	38.655	6363	124.625	0	0	1	9	9	8732	9977	0	6717	6376	9235	8026	8202	-2	13	11	15	10	8	26	10	11	-2	93	90	-2	94	92	99	84	85	-2	141	141	23	141	138	147	132	134	-1
1002001000	-2	9977	6362.556	3562.077	13	5.292	91	4.84	124.625	38.655	6363	124.625	0	0	1	9	9	8732	9977	0	6717	6376	9235	8026	8202	-2	13	11	15	10	8	26	10	11	-2	93	90	-2	94	92	99	84	85	-2	141	141	23	141	138	147	132	134	-1
1001001000	-2	11009	8134	3088.793	15.5	8.246	94.75	5.585	144.5	5.895	8134.222	144.5	0	0	0	9	9	7261	9957	11009	8051	8356	10485	8846	9243	-2	13	11	32	11	9	27	10	11	-2	98	92	104	94	94	101	88	87	-2	146	145	156	143	141	150	137	138	-1
1001001000	-2	11009	8134	3088.793	15.5	8.246	94.75	5.585	144.5	5.895	8134.222	144.5	0	0	0	9	9	7261	9957	11009	8051	8356	10485	8846	9243	-2	13	11	32	11	9	27	10	11	-2	98	92	104	94	94	101	88	87	-2	146	145	156	143	141	150	137	138	-1
1001001000	-2	11714	9403	3446.156	15.75	7.87	97.375	5.787	150.375	5.872	9403.222	150.375	0	0	0	9	9	8728	10351	11453	9698	11265	11714	10180	11240	-2	13	11	32	13	10	26	10	11	-2	101	96	108	94	96	103	91	90	-2	154	151	161	147	147	156	144	143	-1
1001001000	-2	11714	9386.667	3436.773	15.75	7.87	97.375	5.787	150.375	5.872	9403.222	150.375	0	0	0	9	9	8728	10351	11307	9698	11265	11714	10179	11240	-2	13	11	32	13	10	26	10	11	-2	101	96	108	94	96	103	91	90	-2	154	151	161	147	147	156	144	143	-1
1001001000	-2	11465	9154.222	3347.837	17.375	9.63	101.875	7.061	157.625	6.726	9156	157.625	0	0	0	9	9	8378	9499	10401	10238	11465	10917	10934	10558	-2	13	12	38	13	11	29	10	13	-2	104	102	115	99	100	109	94	92	-2	159	159	170	154	157	164	150	148	-1
1001001000	-2	11465	9154.222	3347.837	17.375	9.63	101.875	7.061	157.625	6.726	9156	157.625	0	0	0	9	9	8378	9499	10401	10238	11465	10917	10934	10558	-2	13	12	38	13	11	29	10	13	-2	104	102	115	99	100	109	94	92	-2	159	159	170	154	157	164	150	148	-1
1001001000	-2	12393	9374.556	3476.945	16.5	8.803	100.875	6.827	156.625	6.143	9402.667	156.625	0	0	0	9	9	9741	8701	10693	9934	12393	10075	11799	11037	-2	12	12	36	13	10	26	10	13	-2	104	102	113	97	98	108	93	92	-2	159	159	167	152	155	163	150	148	-1
1001001000	-2	12393	9374.556	3476.945	16.5	8.803	100.875	6.827	156.625	6.143	9402.667	156.625	0	0	0	9	9	9741	8701	10693	9934	12393	10075	11799	11037	-2	12	12	36	13	10	26	10	13	-2	104	102	113	97	98	108	93	92	-2	159	159	167	152	155	163	150	148	-1
1001001000	-2	12543	9692.889	3570.508	16	7.73	100.375	6.081	155.25	5.804	9743	155.25	0	0	0	9	9	11273	9615	11828	9765	12543	9515	11483	11216	-2	12	12	32	13	10	26	10	13	-2	103	101	110	97	99	108	92	93	-2	158	157	163	151	155	163	148	147	-1
1001001000	-2	14949	11459	4217.414	9.25	0.829	85.375	4.386	138.75	4.548	12745	138.75	0	0	0	9	9	12953	14949	12757	13624	11142	11053	13916	12739	-2	10	8	10	9	10	10	8	9	-2	88	79	89	87	84	93	82	81	-2	140	136	146	141	134	144	137	132	-1
1001001000	-2	14949	11459	4217.414	9.25	0.829	85.375	4.386	138.75	4.548	12745	138.75	0	0	0	9	9	12953	14949	12757	13624	11142	11053	13916	12739	-2	10	8	10	9	10	10	8	9	-2	88	79	89	87	84	93	82	81	-2	140	136	146	141	134	144	137	132	-1
1001001000	-2	11400	8559.556	3398.992	26.25	10.317	105.5	6.403	152.75	6.759	8559.778	152.75	0	0	0	9	9	10645	9934	8496	10709	6572	11400	11293	7989	-2	20	22	44	16	28	42	16	22	-2	104	111	115	103	101	113	102	95	-2	153	158	163	151	143	159	152	143	-1
1001001000	-2	9605	7802.556	2904.469	19.5	8.818	104.875	5.441	153.5	6.225	7802.889	153.5	0	0	0	9	9	9361	9322	8870	9605	7829	9511	9080	6647	-2	15	14	33	13	16	36	12	17	-2	105	107	114	102	104	111	96	100	-2	152	155	165	155	148	160	146	147	-1
1002001000	-2	10033	5999.667	3504.796	11.5	3.24	90.286	5.202	124.375	37.148	5999.778	124.375	0	0	1	9	9	7948	9841	0	7603	5642	7006	10033	5926	-2	12	11	13	9	8	19	9	11	-2	88	94	-2	93	90	99	82	86	-2	137	143	27	142	134	147	131	134	-1
1002001000	-2	10001	5804.333	3432.143	11.5	3.24	90.286	5.202	124.375	37.148	5999.778	124.375	0	0	1	9	9	7803	9600	0	7174	5485	6568	10001	5610	-2	12	11	13	9	8	19	9	11	-2	88	94	-2	93	90	99	82	86	-2	137	143	27	142	134	147	131	134	-1
1002001000	-2	9284	5749.444	3270.239	10.75	3.419	87	4.408	121.375	35.913	5749.667	121.375	0	0	1	9	9	8101	7649	0	7402	4768	9284	6992	7551	-2	11	11	11	9	7	19	8	10	-2	86	89	-2	91	86	94	80	83	-2	135	139	27	137	132	142	129	130	-1
1002001000	-2	9284	5749.444	3270.239	10.75	3.419	87	4.408	121.375	35.913	5749.667	121.375	0	0	1	9	9	8101	7649	0	7402	4768	9284	6992	7551	-2	11	11	11	9	7	19	8	10	-2	86	89	-2	91	86	94	80	83	-2	135	139	27	137	132	142	129	130	-1
1001001000	-2	10213	7617.333	2900.86	10.625	4.151	87.5	6.083	135.75	6.685	7617.556	135.75	0	0	0	9	9	8955	9444	9700	7734	6765	10213	7322	8425	-2	11	10	11	8	7	21	8	9	-2	84	87	100	90	86	92	80	81	-2	132	138	150	136	133	140	127	130	-1
1001001000	-2	9596	7379.556	2779.863	10.625	4.151	87.5	6.083	135.75	6.685	7617.556	135.75	0	0	0	9	9	8842	9120	9282	7586	6608	9596	7178	8206	-2	11	10	11	8	7	21	8	9	-2	84	87	100	90	86	92	80	81	-2	132	138	150	136	133	140	127	130	-1
1001001000	-2	11199	9052	3296.554	11.125	3.951	87.75	6.22	137.125	6.392	9395.444	137.125	0	0	0	9	9	10891	11199	10679	10409	8652	10585	9968	9087	-2	11	10	12	9	8	21	8	10	-2	85	83	101	90	86	93	83	81	-2	135	134	151	138	134	143	131	131	-1
1001001000	-2	11495	9335.778	3408.638	11.125	3.951	87.75	6.22	137.125	6.392	9395.444	137.125	0	0	0	9	9	11242	11495	11118	10597	8848	11189	10133	9402	-2	11	10	12	9	8	21	8	10	-2	85	83	101	90	86	93	83	81	-2	135	134	151	138	134	143	131	131	-1
1002001000	-2	12725	8379.889	4582.295	11.125	4.045	86.429	4.435	123	37.646	8570.333	123	0	0	1	9	9	11059	12725	0	10245	9022	11279	11164	9927	-2	11	10	13	9	8	21	8	9	-2	86	83	-2	91	84	95	84	82	-2	137	135	24	141	133	146	135	133	-1
1002001000	-2	12725	8379.889	4582.295	11.125	4.045	86.429	4.435	123	37.646	8570.333	123	0	0	1	9	9	11059	12725	0	10245	9022	11279	11164	9927	-2	11	10	13	9	8	21	8	9	-2	86	83	-2	91	84	95	84	82	-2	137	135	24	141	133	146	135	133	-1
1002001000	-2	12079	8554.778	4625.507	11.5	3.64	88.857	4.121	126.875	39.059	8803.333	126.875	0	0	1	9	9	10938	12079	0	11138	9693	11132	10167	11848	-2	11	10	14	11	8	20	9	9	-2	89	85	-2	92	87	97	88	84	-2	144	139	24	144	138	149	140	137	-1
1002001000	-2	12079	8554.778	4625.507	11.5	3.64	88.857	4.121	126.875	39.059	8803.333	126.875	0	0	1	9	9	10938	12079	0	11138	9693	11132	10167	11848	-2	11	10	14	11	8	20	9	9	-2	89	85	-2	92	87	97	88	84	-2	144	139	24	144	138	149	140	137	-1
1002001000	-2	12310	8665.111	4705.515	12.125	4.136	90.429	4.468	129.625	40.075	8991.333	129.625	0	0	1	9	9	10682	11565	0	12310	9478	10637	11007	12309	-2	11	10	15	11	9	22	9	10	-2	90	86	-2	92	91	100	88	86	-2	147	142	24	146	144	152	142	140	-1
1002001000	-2	12309	8826.333	4781.799	12.125	4.136	90.429	4.468	129.625	40.075	8991.333	129.625	0	0	1	9	9	11172	12021	0	12036	9478	11161	11262	12309	-2	11	10	15	11	9	22	9	10	-2	90	86	-2	92	91	100	88	86	-2	147	142	24	146	144	152	142	140	-1
1002001000	-2	12060	8817.222	4735.188	11.75	3.631	88.857	3.681	128	39.418	8988.444	128	0	0	1	9	9	11150	11775	0	11439	10950	10403	12060	11580	-2	11	10	15	11	9	20	9	9	-2	88	86	-2	91	87	97	87	86	-2	145	142	24	144	140	149	140	140	-1
1001001000	-2	9113	5560.222	2554.004	11.25	1.714	80.875	4.106	123.375	3.706	5560.556	123.375	0	0	0	9	9	6246	8161	9113	5158	4359	3689	7101	6217	-2	13	9	13	10	11	14	10	10	-2	83	76	84	79	81	89	79	76	-2	124	121	129	121	121	129	124	118	-1
1001001000	-2	10876	7777.889	3086.39	15.375	4.82	99.75	6.398	147.75	6.418	8068.667	147.75	0	0	0	9	9	8841	7350	10876	9930	7727	8507	10434	6338	-2	15	15	19	12	11	26	10	15	-2	102	105	107	95	98	108	89	94	-2	150	150	158	149	141	154	138	142	-1
1001001000	-2	10393	6693.111	2878.495	9.75	2.727	86.75	5.651	135.5	6.083	7008.556	135.5	0	0	0	9	9	7864	7224	7941	8977	4297	5803	10393	7741	-2	10	10	11	7	7	16	8	9	-2	84	89	99	86	84	90	79	83	-2	136	138	148	136	129	138	127	132	-1
1001001000	-2	10457	7007.667	3020.347	9.75	2.727	86.75	5.651	135.5	6.083	7008.556	135.5	0	0	0	9	9	8121	7357	8333	9975	4364	6218	10457	8246	-2	10	10	11	7	7	16	8	9	-2	84	89	99	86	84	90	79	83	-2	136	138	148	136	129	138	127	132	-1
1001001000	-2	9952	7511.444	2780.275	9.125	2.421	82.375	4.662	131.5	4.95	7511.778	131.5	0	0	0	9	9	8507	7170	8517	9952	7151	9098	8563	8647	-2	9	9	10	7	7	15	8	8	-2	82	83	92	83	78	86	77	78	-2	131	133	142	131	126	135	127	127	-1
1001001000	-2	9952	7511.444	2780.275	9.125	2.421	82.375	4.662	131.5	4.95	7511.778	131.5	0	0	0	9	9	8507	7170	8517	9952	7151	9098	8563	8647	-2	9	9	10	7	7	15	8	8	-2	82	83	92	83	78	86	77	78	-2	131	133	142	131	126	135	127	127	-1
1001001000	-2	10845	7969.889	2978.03	8.875	2.891	80.5	4.583	129.875	5.134	7970.778	129.875	0	0	0	9	9	9544	8759	9298	10845	8408	7028	8582	9267	-2	9	9	9	7	6	16	7	8	-2	79	77	90	83	79	84	77	75	-2	127	128	141	132	126	134	126	125	-1
1001001000	-2	10597	7765.556	2909.222	8.875	2.891	80.5	4.583	129.875	5.134	7970.778	129.875	0	0	0	9	9	9489	8459	9031	10597	8161	6818	8465	8872	-2	9	9	9	7	6	16	7	8	-2	79	77	90	83	79	84	77	75	-2	127	128	141	132	126	134	126	125	-1
1001001000	-2	11234	8648.444	3187.968	9.125	2.803	81	4.743	131.125	5.11	8778.778	131.125	0	0	0	9	9	11002	9613	8953	11234	9638	9618	8067	9713	-2	9	9	10	7	7	16	7	8	-2	80	76	90	85	78	85	77	77	-2	129	127	141	135	127	136	127	127	-1
1001001000	-2	11234	8648.444	3187.968	9.125	2.803	81	4.743	131.125	5.11	8778.778	131.125	0	0	0	9	9	11002	9613	8953	11234	9638	9618	8067	9713	-2	9	9	10	7	7	16	7	8	-2	80	76	90	85	78	85	77	77	-2	129	127	141	135	127	136	127	127	-1
1001001000	-2	12228	9458.111	3502.455	9.25	2.861	82	4.796	133.25	5.238	9715	133.25	0	0	0	9	9	11892	10182	8823	12228	10658	11454	9448	10440	-2	9	9	11	7	7	16	7	8	-2	81	77	91	85	79	87	79	77	-2	133	129	143	136	128	139	130	128	-1
1001001000	-2	12024	9537.111	3507.071	9.25	2.681	83.125	4.781	136.25	4.994	9955	136.25	0	0	0	9	9	11880	10524	9020	12024	11294	11408	9921	9765	-2	9	9	12	7	7	15	7	8	-2	83	77	92	84	80	89	81	79	-2	138	131	145	138	132	142	133	131	-1
1001001000	-2	12024	9537.111	3507.071	9.25	2.681	83.125	4.781	136.25	4.994	9955	136.25	0	0	0	9	9	11880	10524	9020	12024	11294	11408	9921	9765	-2	9	9	12	7	7	15	7	8	-2	83	77	92	84	80	89	81	79	-2	138	131	145	138	132	142	133	131	-1
1001001000	-2	12302	9473.556	3680.572	9.25	2.681	83.25	4.893	137.25	5.214	9562.889	137.25	0	0	0	9	9	12085	11260	7468	12225	11036	12302	9652	9236	-2	9	9	12	7	7	15	7	8	-2	83	77	91	86	80	90	80	79	-2	140	131	145	141	133	143	132	133	-1
1001001000	-2	12302	9473.556	3680.572	9.25	2.681	83.25	4.893	137.25	5.214	9562.889	137.25	0	0	0	9	9	12085	11260	7468	12225	11036	12302	9652	9236	-2	9	9	12	7	7	15	7	8	-2	83	77	91	86	80	90	80	79	-2	140	131	145	141	133	143	132	133	-1
1001001000	-2	8258	5222.444	2166.541	11	1.118	83.25	3.382	125.125	3.621	5230.333	125.125	0	0	0	9	9	5906	4560	8258	6888	4396	5062	5622	6312	-2	13	10	12	10	10	12	10	11	-2	85	82	86	82	81	89	84	77	-2	126	125	130	124	121	130	126	119	-1
1001001000	-2	11728	7797.556	3432.346	11.25	2.99	90.5	5.745	140.25	5.868	8122.111	140.25	0	0	0	9	9	9697	7091	11728	9927	4728	7823	11211	7975	-2	11	13	13	8	8	17	8	12	-2	83	97	98	93	85	96	85	87	-2	138	142	149	146	131	145	134	137	-1
1001001000	-2	10834	7481.556	2937.72	8.25	2.107	79.25	4.235	128.5	4.848	7838.889	128.5	0	0	0	9	9	8339	6127	8768	9583	7421	7447	10834	8817	-2	8	9	9	6	6	13	7	8	-2	78	81	87	79	76	84	75	74	-2	130	130	137	130	122	132	122	125	-1
1001001000	-2	10843	7384.556	2911.09	8.25	2.107	79.25	4.235	128.5	4.848	7838.889	128.5	0	0	0	9	9	8217	6080	8647	9401	7298	7297	10843	8680	-2	8	9	9	6	6	13	7	8	-2	78	81	87	79	76	84	75	74	-2	130	130	137	130	122	132	122	125	-1
1001001000	-2	9811	8190.778	2961.384	7.625	1.495	76.125	3.887	125.375	3.839	8191.889	125.375	0	0	0	9	9	9548	9084	7604	9750	9415	9188	9319	9811	-2	8	8	8	6	6	11	7	7	-2	77	75	84	74	75	80	73	71	-2	126	125	134	124	122	128	122	122	-1
1001001000	-2	13252	11002.444	3925.562	7.375	0.484	85.625	3.672	150.5	4.33	15007.444	150.5	0	0	0	9	9	12988	11916	12127	12309	13252	11586	12874	11972	-2	8	7	8	7	7	8	7	7	-2	87	83	88	82	84	93	81	87	-2	153	148	159	146	147	155	148	148	-1
1001001000	-2	12030	8966.556	3372.491	6.875	0.599	70.25	2.905	116.625	3.16	9001	116.625	0	0	0	9	9	9821	10165	11721	8834	9060	8506	12030	10564	-2	8	7	7	7	7	7	6	6	-2	68	69	72	70	70	77	69	67	-2	116	114	122	115	114	121	118	113	-1
1001001000	-2	11742	8873.889	3350.914	7.25	0.433	73.625	2.446	119.25	2.727	8981.556	119.25	0	0	0	9	9	11742	9321	10918	9610	8075	8496	10343	11362	-2	8	7	7	7	7	8	7	7	-2	72	75	75	72	73	79	72	71	-2	120	121	123	116	115	122	120	117	-1
1001001000	-2	13680	11260.556	4040.943	11.25	1.09	93.75	4.176	152.875	4.136	12982.444	152.875	0	0	0	9	9	13149	13042	12372	13680	11485	12762	11636	13221	-2	12	12	12	10	10	11	10	13	-2	94	97	98	90	89	97	98	87	-2	157	152	153	151	149	153	161	147	-1
1001001000	-2	11838	8705.444	3426.03	10.25	1.714	89.875	4.729	143.375	4.06	8962.333	143.375	0	0	0	9	9	10540	8829	11838	9606	6450	9194	11416	10478	-2	10	13	11	9	8	12	8	11	-2	84	100	92	93	87	89	88	86	-2	142	147	146	150	136	144	141	141	-1
1001001000	-2	12510	8626.889	3461.231	10.25	1.714	89.875	4.729	143.375	4.06	8962.333	143.375	0	0	0	9	9	10358	8452	12510	9314	6390	9095	11232	10293	-2	10	13	11	9	8	12	8	11	-2	84	100	92	93	87	89	88	86	-2	142	147	146	150	136	144	141	141	-1
1001001000	-2	11934	8621.222	3265.841	6.875	0.781	74.75	4.235	123.75	3.527	8808.222	123.75	0	0	0	9	9	10889	8355	11934	10704	8190	9224	9152	9145	-2	7	8	8	6	6	7	6	7	-2	73	77	80	75	74	81	70	68	-2	123	125	128	127	120	128	119	120	-1
