1001001000	-2	13782	11072.444	4177.681	17.625	4.121	98.5	5.788	195	18.588	12905.889	199.25	0	0	0	9	9	12994	13389	13782	12486	8598	12407	12404	13594	-2	15	13	12	17	22	19	18	25	-2	88	94	94	102	108	101	100	101	-2	200	172	228	189	183	183	221	184	-1
1001001000	-2	13913	11013.556	4013.695	19	4.123	95.25	4.994	173.875	6.954	12799.667	173.875	0	0	0	9	9	12929	13265	13913	11287	10639	12661	11630	12800	-2	19	13	14	17	24	22	18	25	-2	89	87	92	101	101	96	98	98	-2	173	168	171	182	166	181	166	184	-1
1001001000	-2	14656	12298.444	4395.882	12.75	4.684	84.5	5.025	167.75	16.376	15104.889	167.75	0	0	0	9	9	14119	13907	13877	14143	14656	12155	13850	13981	-2	21	10	8	11	16	18	7	11	-2	85	81	81	84	90	93	86	76	-2	170	177	143	165	192	183	169	143	-1
1001001000	-2	14656	12298.444	4395.882	12.75	4.684	84.5	5.025	167.75	16.376	15104.889	167.75	0	0	0	9	9	14119	13907	13877	14143	14656	12155	13850	13981	-2	21	10	8	11	16	18	7	11	-2	85	81	81	84	90	93	86	76	-2	170	177	143	165	192	183	169	143	-1
1001001000	-2	14159	11837.889	4219.577	12.5	4.416	84.5	5	168	15.017	14856.111	168	0	0	0	9	9	12713	13992	13318	13146	14159	12422	13109	13684	-2	20	10	8	12	15	18	7	10	-2	85	81	81	85	90	93	85	76	-2	170	177	146	165	192	183	163	148	-1
1001001000	-2	14811	12246.778	4358.717	12.5	4.416	84.5	5	168	15.017	14856.111	168	0	0	0	9	9	13368	14072	13790	13881	14811	12869	13844	13588	-2	20	10	8	12	15	18	7	10	-2	85	81	81	85	90	93	85	76	-2	170	177	146	165	192	183	163	148	-1
1001001000	-2	14959	12165.333	4337.02	12.625	4.581	83.25	4.71	159.125	13.706	14396.111	159.125	0	0	0	9	9	12863	14011	13435	13533	14959	13517	13902	13270	-2	21	10	8	12	15	18	8	9	-2	86	80	80	81	86	90	88	75	-2	170	158	142	154	168	176	170	135	-1
1001001000	-2	14959	12165.333	4337.02	12.625	4.581	83.25	4.71	159.125	13.706	14396.111	159.125	0	0	0	9	9	12863	14011	13435	13533	14959	13517	13902	13270	-2	21	10	8	12	15	18	8	9	-2	86	80	80	81	86	90	88	75	-2	170	158	142	154	168	176	170	135	-1
1001001000	-2	14338	12184.667	4325.868	12.25	4.493	83.375	4.241	160.875	14.013	14233.556	160.875	0	0	0	9	9	12903	13739	13502	13700	14338	14193	13705	13584	-2	21	10	8	12	14	17	8	8	-2	88	83	80	84	86	87	85	74	-2	170	178	144	158	168	172	163	134	-1
1001001000	-2	13578	11605.333	4122.052	12.25	4.493	83.375	4.241	160.875	14.013	14233.556	160.875	0	0	0	9	9	12380	13362	12802	13517	13578	13073	12569	13169	-2	21	10	8	12	14	17	8	8	-2	88	83	80	84	86	87	85	74	-2	170	178	144	158	168	172	163	134	-1
1001001000	-2	14577	11946.889	4268.262	12	4.555	83.25	5.019	159.625	14.739	13963.778	159.625	0	0	0	9	9	13147	13171	13319	13650	14577	14115	12281	13264	-2	22	10	8	11	14	15	8	8	-2	89	85	79	85	84	87	85	72	-2	171	179	145	158	157	173	163	131	-1
1001001000	-2	10078	5419.222	3241.648	18.5	3.808	117.125	6.071	196	28.705	5459.667	196	0	0	0	9	9	3973	7099	10078	4283	966	8908	5781	7687	-2	18	14	14	16	22	22	17	25	-2	119	115	106	117	128	112	119	121	-2	199	170	269	189	192	181	184	184	-1
1001001000	-2	14115	11228.333	4070.738	19.625	4.357	98.875	3.689	177.5	6.856	12981.778	177.5	0	0	0	9	9	12343	13671	12851	12322	10765	12829	12161	14115	-2	20	13	17	16	25	23	17	26	-2	95	92	98	103	104	99	100	100	-2	187	175	171	183	166	181	173	184	-1
1001001000	-2	13598	10390.778	3809.941	20.875	4.226	99.125	4.226	167.5	7.297	11435.333	167.5	0	0	0	9	9	11657	12718	11319	12193	10148	11466	10420	13598	-2	24	14	18	16	26	24	20	25	-2	97	95	102	100	101	102	105	91	-2	159	156	171	169	166	181	166	172	-1
1001001000	-2	14215	10561.778	3865.453	20.875	3.919	99.375	5.122	167.625	7.582	11211.667	167.625	0	0	0	9	9	12007	12367	11226	12008	11598	11293	10344	14215	-2	25	14	22	15	25	21	23	22	-2	96	97	105	100	99	104	105	89	-2	159	157	171	167	166	183	166	172	-1
1001001000	-2	14215	10561.778	3865.453	20.875	3.919	99.375	5.122	167.625	7.582	11211.667	167.625	0	0	0	9	9	12007	12367	11226	12008	11598	11293	10344	14215	-2	25	14	22	15	25	21	23	22	-2	96	97	105	100	99	104	105	89	-2	159	157	171	167	166	183	166	172	-1
1001001000	-2	14146	10219.111	3937.885	16	4.123	97.625	5.243	174.25	7.98	10663.333	174.25	0	0	0	9	9	11743	11184	13866	9412	11511	10666	9446	14146	-2	24	12	11	14	20	17	13	17	-2	96	96	96	102	100	104	101	86	-2	170	170	172	168	192	182	167	173	-1
1001001000	-2	15513	12409.111	4430.372	12.25	4.38	84.125	3.982	169.25	15.441	14851.111	169.25	0	0	0	9	9	13680	13901	13409	14323	15513	13852	13452	13554	-2	21	11	7	11	16	14	7	11	-2	86	84	81	83	90	86	87	76	-2	170	173	144	180	191	176	175	145	-1
1001001000	-2	15513	12409.111	4430.372	12.25	4.38	84.125	3.982	169.25	15.441	14851.111	169.25	0	0	0	9	9	13680	13901	13409	14323	15513	13852	13452	13554	-2	21	11	7	11	16	14	7	11	-2	86	84	81	83	90	86	87	76	-2	170	173	144	180	191	176	175	145	-1
1001001000	-2	14293	11684.556	4165.852	11.875	4.136	80.5	4.444	150.625	12.903	13914	150.625	0	0	0	9	9	13118	13559	12491	13272	14293	13198	12766	12466	-2	20	10	8	11	15	15	7	9	-2	85	78	78	79	87	82	83	72	-2	170	149	137	147	161	159	155	127	-1
1001001000	-2	15236	12106.778	4337.201	11.875	4.136	80.5	4.444	150.625	12.903	13914	150.625	0	0	0	9	9	13957	13160	12743	13924	15236	13716	13238	12989	-2	20	10	8	11	15	15	7	9	-2	85	78	78	79	87	82	83	72	-2	170	149	137	147	161	159	155	127	-1
1001001000	-2	14683	11799.889	4218.12	11.625	4.121	80.375	4.241	150.375	14.124	13222	150.375	0	0	0	9	9	13395	12590	12604	13568	14683	13525	13161	12675	-2	20	9	8	11	14	15	7	9	-2	84	80	78	79	85	83	83	71	-2	171	152	135	145	159	159	158	124	-1
1001001000	-2	14190	11698.778	4171.662	11.625	4.121	80.375	4.241	150.375	14.124	13222	150.375	0	0	0	9	9	13055	13391	12389	13547	14190	13482	12766	12471	-2	20	9	8	11	14	15	7	9	-2	84	80	78	79	85	83	83	71	-2	171	152	135	145	159	159	158	124	-1
1001001000	-2	14303	11948.778	4301.597	11.5	4.213	79	4.33	145.125	14.811	13043.667	145.125	0	0	0	9	9	13889	13185	11356	14086	14303	13658	13641	13423	-2	20	9	8	11	14	15	7	8	-2	86	80	76	79	80	79	82	70	-2	175	152	131	143	142	143	153	122	-1
1001001000	-2	13600	11403.222	4087.975	11.5	4.213	79	4.33	145.125	14.811	13043.667	145.125	0	0	0	9	9	12937	12743	11356	13503	13600	13573	12440	12479	-2	20	9	8	11	14	15	7	8	-2	86	80	76	79	80	79	82	70	-2	175	152	131	143	142	143	153	122	-1
1001001000	-2	13324	11401.333	4052.98	11.875	4.4	80.75	4.603	150.625	17.139	13304	150.625	0	0	0	9	9	13129	12348	12261	13245	13324	13281	12309	12717	-2	21	10	8	10	15	15	8	8	-2	87	85	78	79	83	81	82	71	-2	175	180	139	142	147	143	153	126	-1
1001001000	-2	14823	12328.333	4385.295	11.875	4.4	80.75	4.603	150.625	17.139	13304	150.625	0	0	0	9	9	13560	14190	12986	14023	14823	13607	14049	13719	-2	21	10	8	10	15	15	8	8	-2	87	85	78	79	83	81	82	71	-2	175	180	139	142	147	143	153	126	-1
1001001000	-2	14454	12014.556	4290.351	12.375	4.241	87	5.408	170.5	11.779	13421.111	170.5	0	0	0	9	9	12376	13033	14131	13264	13487	14080	13308	14454	-2	21	10	8	11	16	15	9	9	-2	92	93	83	89	89	89	86	75	-2	172	180	159	165	187	178	175	148	-1
1001001000	-2	15277	12441.333	4455.786	12.375	4.241	87	5.408	170.5	11.779	13421.111	170.5	0	0	0	9	9	12736	13093	14319	13765	14130	14495	14159	15277	-2	21	10	8	11	16	15	9	9	-2	92	93	83	89	89	89	86	75	-2	172	180	159	165	187	178	175	148	-1
1001001000	-2	14526	11024.556	4123.505	14.375	4.241	91.875	5.555	180.625	9.552	11649.111	180.5	0	0	0	9	9	11955	10012	14500	11921	12685	12267	11357	14526	-2	20	11	9	13	17	16	20	9	-2	95	98	86	93	93	96	94	80	-2	172	180	196	165	187	191	177	177	-1
1001001000	-2	14142	9708.333	4077.075	15.125	3.855	95.75	6.078	176.125	10.005	9791.111	176.125	0	0	0	9	9	11015	6074	13748	11556	10155	10344	10343	14142	-2	19	13	11	14	18	16	21	9	-2	98	103	91	98	96	99	99	82	-2	171	181	179	168	187	190	176	157	-1
1001001000	-2	13957	9523.222	3935.799	15.125	3.855	95.75	6.078	176.125	10.005	9791.111	176.125	0	0	0	9	9	10700	6074	12689	11561	10155	10253	10322	13957	-2	19	13	11	14	18	16	21	9	-2	98	103	91	98	96	99	99	82	-2	171	181	179	168	187	190	176	157	-1
1001001000	-2	10213	5676	3282.907	18.875	3.689	106.25	7.479	173.625	8.817	5677.444	173.625	0	0	0	9	9	5568	2297	8966	9418	6273	5412	2939	10213	-2	14	22	20	19	20	18	25	13	-2	109	116	100	100	107	107	117	94	-2	182	182	180	162	169	177	179	158	-1
1001001000	-2	9733	5631	3160.725	19.875	4.014	107.25	8.043	178.75	5.19	5631.111	178.75	0	0	0	9	9	6842	2562	8580	9117	5951	5336	2560	9733	-2	14	22	20	20	22	20	27	14	-2	108	116	102	99	107	108	122	96	-2	183	189	180	176	170	177	178	177	-1
1001001000	-2	11299	6925.333	3614.374	19.75	4.116	103.625	7.889	178.75	5.117	6932.222	178.75	0	0	0	9	9	10873	4082	11299	8917	6610	6642	3589	10318	-2	14	20	19	21	19	20	29	16	-2	98	113	97	98	102	106	119	96	-2	174	184	182	177	170	187	178	178	-1
1001001000	-2	11286	6889.222	3575.876	19.75	4.116	103.625	7.889	178.75	5.117	6932.222	178.75	0	0	0	9	9	10561	4082	11286	8917	6610	6642	3589	10318	-2	14	20	19	21	19	20	29	16	-2	98	113	97	98	102	106	119	96	-2	174	184	182	177	170	187	178	178	-1
1001001000	-2	11442	7452.778	3528.355	18.375	3.533	113.5	4.153	198.875	21.157	7635.889	198.875	0	0	0	9	9	6798	9455	10904	5235	5009	11089	7145	11442	-2	19	13	19	15	18	23	16	24	-2	112	110	107	117	121	111	116	114	-2	197	175	236	189	192	232	186	184	-1
1001001000	-2	15044	11055.444	4126.143	21.75	4.918	100.875	4.256	178.125	15.136	13001.778	179.125	0	0	0	9	9	11297	14106	12540	12541	10671	12108	11194	15044	-2	23	14	27	16	25	27	17	25	-2	98	94	103	103	106	104	104	95	-2	159	175	213	176	165	180	173	184	-1
1001001000	-2	15316	11994.222	4388.751	20.75	3.897	97.125	5.036	175.625	9.232	14668.889	175.625	0	0	0	9	9	12799	14872	12698	14190	13816	12764	11495	15316	-2	23	14	22	16	24	24	18	25	-2	95	89	102	96	98	103	103	91	-2	160	175	190	176	165	182	173	184	-1
1001001000	-2	15021	11895.333	4337.073	20.75	3.897	97.125	5.036	175.625	9.232	14668.889	175.625	0	0	0	9	9	12589	14761	12636	14063	13801	12497	11692	15021	-2	23	14	22	16	24	24	18	25	-2	95	89	102	96	98	103	103	91	-2	160	175	190	176	165	182	173	184	-1
1001001000	-2	12922	7912.778	3422.022	21	3.571	105.125	5.883	169.125	9.36	8214.889	169.125	0	0	0	9	9	9476	6857	8862	9593	10457	6681	6369	12922	-2	26	15	25	17	21	22	23	19	-2	105	107	111	105	101	111	109	92	-2	170	160	172	167	153	184	167	180	-1
1001001000	-2	13486	11062.556	3940.206	12	4.33	86.125	3.887	169.5	12.217	15002.889	169.5	0	0	0	9	9	12861	11997	12376	11873	12631	13486	12282	12059	-2	21	11	7	11	16	12	7	11	-2	91	88	81	86	89	86	89	79	-2	171	177	145	190	168	171	174	160	-1
1001001000	-2	13486	11062.556	3940.206	12	4.33	86.125	3.887	169.5	12.217	15002.889	169.5	0	0	0	9	9	12861	11997	12376	11873	12631	13486	12282	12059	-2	21	11	7	11	16	12	7	11	-2	91	88	81	86	89	86	89	79	-2	171	177	145	190	168	171	174	160	-1
1001001000	-2	13460	10941.889	3924.292	11.25	3.767	79.625	3.806	146.375	10.977	13503.778	146.375	0	0	0	9	9	12815	11561	12574	12338	13460	12783	11597	11351	-2	19	10	7	11	14	13	7	9	-2	84	80	79	79	84	79	81	71	-2	167	150	140	148	145	145	151	125	-1
1001001000	-2	14786	11804.444	4250.439	11.25	3.767	79.625	3.806	146.375	10.977	13503.778	146.375	0	0	0	9	9	14501	12647	12527	13043	14786	13386	13034	12318	-2	19	10	7	11	14	13	7	9	-2	84	80	79	79	84	79	81	71	-2	167	150	140	148	145	145	151	125	-1
1001001000	-2	14201	11147.556	4086.459	11	3.571	77.875	3.887	140.25	10.686	11932.111	140.25	0	0	0	9	9	13971	11139	12227	12308	14201	12647	13088	10749	-2	18	9	7	11	14	13	7	9	-2	80	78	77	77	83	78	81	69	-2	154	142	132	140	146	142	149	117	-1
1001001000	-2	14201	11147.556	4086.459	11	3.571	77.875	3.887	140.25	10.686	11932.111	140.25	0	0	0	9	9	13971	11139	12227	12308	14201	12647	13088	10749	-2	18	9	7	11	14	13	7	9	-2	80	78	77	77	83	78	81	69	-2	154	142	132	140	146	142	149	117	-1
1001001000	-2	14054	10885.778	4030.033	9.875	2.571	76	3.937	134.125	9.02	11699.222	134.125	0	0	0	9	9	12792	12787	10978	12883	14054	12433	12422	9625	-2	14	8	7	11	13	11	7	8	-2	77	77	77	76	80	77	78	66	-2	144	137	132	134	140	137	137	112	-1
1001001000	-2	14054	10885.778	4030.033	9.875	2.571	76	3.937	134.125	9.02	11699.222	134.125	0	0	0	9	9	12792	12787	10978	12883	14054	12433	12422	9625	-2	14	8	7	11	13	11	7	8	-2	77	77	77	76	80	77	78	66	-2	144	137	132	134	140	137	137	112	-1
1001001000	-2	14128	10940.111	4017.794	9.875	2.713	76.125	3.723	134.25	8.871	11610.667	134.25	0	0	0	9	9	13128	11348	10301	13387	14128	11670	12445	12056	-2	14	8	7	10	14	11	7	8	-2	78	79	76	76	80	77	76	67	-2	146	142	132	134	141	132	132	115	-1
1001001000	-2	13984	10719.889	3911.104	9.875	2.713	76.125	3.723	134.25	8.871	11610.667	134.25	0	0	0	9	9	12440	11579	10301	12978	13984	11670	11784	11745	-2	14	8	7	10	14	11	7	8	-2	78	79	76	76	80	77	76	67	-2	146	142	132	134	141	132	132	115	-1
1001001000	-2	13030	10728.222	3812.087	10.125	2.571	77.75	4.521	140.125	10.13	12306.111	140.125	0	0	0	9	9	12231	11761	11734	11918	13030	11993	11800	12089	-2	13	9	7	11	14	12	7	8	-2	78	82	79	78	83	77	78	67	-2	151	153	141	141	146	134	136	119	-1
1001001000	-2	13030	10728.222	3812.087	10.125	2.571	77.75	4.521	140.125	10.13	12306.111	140.125	0	0	0	9	9	12231	11761	11734	11918	13030	11993	11800	12089	-2	13	9	7	11	14	12	7	8	-2	78	82	79	78	83	77	78	67	-2	151	153	141	141	146	134	136	119	-1
1001001000	-2	13819	11332.667	4047.676	10.75	2.487	81.25	5.449	156.125	14.164	13365.889	156.125	0	0	0	9	9	13091	12053	12412	12568	13819	12894	11891	13268	-2	12	10	8	12	15	13	8	8	-2	80	90	82	81	85	78	84	70	-2	164	181	153	152	167	144	157	131	-1
1001001000	-2	16008	12363.778	4495.781	11.75	2.278	87.875	5.231	182.5	12.309	13069.778	182.5	0	0	0	9	9	13419	11923	14100	13918	14211	14609	13088	16008	-2	13	11	8	13	15	14	11	9	-2	86	97	85	89	92	86	90	78	-2	195	189	167	196	195	179	176	163	-1
1001001000	-2	16008	12363.778	4495.781	11.75	2.278	87.875	5.231	182.5	12.309	13069.778	182.5	0	0	0	9	9	13419	11923	14100	13918	14211	14609	13088	16008	-2	13	11	8	13	15	14	11	9	-2	86	97	85	89	92	86	90	78	-2	195	189	167	196	195	179	176	163	-1
1001001000	-2	12948	9835.889	3670.658	13.75	2.222	94.375	5.407	186.5	8.396	10942.778	186.5	0	0	0	9	9	11558	8729	11439	12118	11166	10856	9711	12948	-2	13	13	12	15	15	14	18	10	-2	95	102	88	95	96	96	99	84	-2	195	195	180	179	197	192	177	177	-1
1001001000	-2	13087	10158	3843.577	13.75	2.222	94.375	5.407	186.5	8.396	10942.778	186.5	0	0	0	9	9	11947	8729	12597	13087	11085	11401	9708	12870	-2	13	13	12	15	15	14	18	10	-2	95	102	88	95	96	96	99	84	-2	195	195	180	179	197	192	177	177	-1
1001001000	-2	13132	10011.111	3931.908	13.75	2.537	93.875	6.009	185.75	7.259	10867.778	185.75	0	0	0	9	9	12298	6984	12710	13132	11079	11605	10373	11921	-2	12	13	12	14	15	15	19	10	-2	93	104	86	94	96	96	98	84	-2	195	195	180	179	189	192	179	177	-1
1001001000	-2	12232	9612.889	3706.012	13.75	2.537	93.875	6.009	185.75	7.259	10867.778	185.75	0	0	0	9	9	11820	6984	11383	12232	10780	11044	10322	11953	-2	12	13	12	14	15	15	19	10	-2	93	104	86	94	96	96	98	84	-2	195	195	180	179	189	192	179	177	-1
1001001000	-2	12071	8936.556	3636.508	15.125	2.976	97.125	6.071	182.75	10.615	9347.222	182.75	0	0	0	9	9	11500	6302	12071	11980	9158	9887	8319	11214	-2	13	14	15	15	15	16	22	11	-2	95	109	90	95	98	99	102	89	-2	192	190	180	190	183	191	178	158	-1
1001001000	-2	14122	9229.222	4155.045	15.25	3.382	97.125	7.008	182.25	5.093	9453	182.25	0	0	0	9	9	11770	5643	14122	12000	9609	10006	7006	12909	-2	12	14	13	16	15	17	23	12	-2	94	109	89	95	96	100	106	88	-2	182	189	182	176	183	191	178	177	-1
1002002000	-2	-1	-1.889	0.314	18.571	1.591	156.857	6.664	397.625	62.03	9466.111	397.625	0	0	0	9	9	-2	-2	-2	-2	-2	-2	-2	-1	-2	17	17	18	21	21	18	18	-2	-2	160	154	154	163	161	143	163	-2	-2	417	400	414	449	418	384	455	244	-1
1001001000	-2	15094	12042	4342.145	22	4.796	97.375	4.948	172.25	9.808	15337.333	172.25	0	0	0	9	9	13053	14868	13088	13774	13186	12927	12390	15094	-2	24	15	29	16	24	27	18	23	-2	94	92	104	97	100	102	101	89	-2	159	175	184	183	165	181	173	158	-1
1001001000	-2	14377	12315.556	4375.07	20.125	5.555	90.5	5.831	169	14.688	17504.778	169	0	0	0	9	9	14028	14377	12841	14055	14056	13610	13715	14160	-2	24	14	29	15	20	24	12	23	-2	89	85	101	88	91	94	95	81	-2	170	158	189	176	166	182	173	138	-1
1001001000	-2	14231	12154.778	4319.166	18.5	5.05	85.5	6.538	153.75	18.26	16210.222	153.625	0	0	0	9	9	14231	13820	13028	13871	12931	13477	13918	14119	-2	24	12	24	14	19	22	11	22	-2	82	82	99	81	86	89	89	76	-2	154	147	194	143	144	165	155	128	-1
1001001000	-2	15159	12775.778	4542.942	18.5	5.05	85.5	6.538	153.75	18.26	16210.222	153.625	0	0	0	9	9	15159	14924	13890	14601	13737	13741	14331	14601	-2	24	12	24	14	19	22	11	22	-2	82	82	99	81	86	89	89	76	-2	154	147	194	143	144	165	155	128	-1
1001001000	-2	15913	12211.667	4479.255	20.125	5.487	95.5	6	176.125	6.99	14665.556	176.125	0	0	0	9	9	12629	11443	13321	13958	14291	13622	14730	15913	-2	27	14	30	17	21	21	14	17	-2	96	99	107	91	91	99	95	86	-2	171	161	178	178	183	184	174	180	-1
1001001000	-2	15904	12233.667	4489.231	20.125	5.487	95.5	6	176.125	6.99	14665.556	176.125	0	0	0	9	9	12658	11443	13202	14403	14250	13600	14645	15904	-2	27	14	30	17	21	21	14	17	-2	96	99	107	91	91	99	95	86	-2	171	161	178	178	183	184	174	180	-1
1001001000	-2	15487	12185	4467.236	15	4.69	95.25	4.576	183.875	6.623	13593.778	183.875	0	0	0	9	9	13137	11067	14311	13592	13277	13880	14916	15487	-2	25	13	14	14	19	14	8	13	-2	99	98	98	96	91	99	96	85	-2	179	176	193	186	193	188	176	180	-1
1001001000	-2	13450	10509.778	3904.982	15	4.69	95.25	4.576	183.875	6.623	13593.778	183.875	0	0	0	9	9	10032	10539	13450	11758	12950	11878	10561	13422	-2	25	13	14	14	19	14	8	13	-2	99	98	98	96	91	99	96	85	-2	179	176	193	186	193	188	176	180	-1
1001001000	-2	12404	9773.222	3603.452	12.25	4.176	85	3.536	166.75	11.333	14251.778	166.75	0	0	0	9	9	9818	10952	11766	10815	12164	11046	8996	12404	-2	21	11	8	12	16	12	7	11	-2	91	87	82	86	85	85	86	78	-2	171	178	151	177	158	176	174	149	-1
1001001000	-2	12404	9773.222	3603.452	12.25	4.176	85	3.536	166.75	11.333	14251.778	166.75	0	0	0	9	9	9818	10952	11766	10815	12164	11046	8996	12404	-2	21	11	8	12	16	12	7	11	-2	91	87	82	86	85	85	86	78	-2	171	178	151	177	158	176	174	149	-1
1001001000	-2	11839	9600.667	3744.48	8.875	2.421	76.125	2.803	132.75	8.511	10734.111	132.75	0	0	0	9	9	11540	11080	11839	11151	11276	11683	11424	6415	-2	14	8	7	7	11	9	6	9	-2	77	77	77	76	77	79	77	69	-2	139	135	130	133	134	141	138	112	-1
1001001000	-2	13411	10393.444	4173.896	8.875	2.421	76.125	2.803	132.75	8.511	10734.111	132.75	0	0	0	9	9	13147	11218	12836	12082	12056	12379	13411	6414	-2	14	8	7	7	11	9	6	9	-2	77	77	77	76	77	79	77	69	-2	139	135	130	133	134	141	138	112	-1
1001001000	-2	13631	10496.444	4152.764	8.75	1.714	73.625	3.16	127.375	6.688	11006.444	127.375	0	0	0	9	9	12624	11674	11031	12404	13631	12836	13265	7005	-2	12	8	7	8	11	8	7	9	-2	72	75	75	74	77	75	75	66	-2	127	130	127	127	134	133	130	111	-1
1001001000	-2	13631	10496.444	4152.764	8.75	1.714	73.625	3.16	127.375	6.688	11006.444	127.375	0	0	0	9	9	12624	11674	11031	12404	13631	12836	13265	7005	-2	12	8	7	8	11	8	7	9	-2	72	75	75	74	77	75	75	66	-2	127	130	127	127	134	133	130	111	-1
1001001000	-2	13858	10501.444	3981.645	8.5	1.5	73.875	3.257	128.125	6.153	10766	128.125	0	0	0	9	9	12423	11485	9869	12709	13858	12508	12691	8972	-2	11	8	7	8	11	8	7	8	-2	72	76	75	75	77	75	75	66	-2	128	132	127	128	134	132	131	113	-1
1001001000	-2	13858	10501.444	3981.645	8.5	1.5	73.875	3.257	128.125	6.153	10766	128.125	0	0	0	9	9	12423	11485	9869	12709	13858	12508	12691	8972	-2	11	8	7	8	11	8	7	8	-2	72	76	75	75	77	75	75	66	-2	128	132	127	128	134	132	131	113	-1
1001001000	-2	13272	10638.667	3880.973	8.875	1.452	74.375	3.238	130	5.431	11142.444	130	0	0	0	9	9	12526	11653	9783	12702	13272	12618	11772	11424	-2	11	8	8	11	10	8	7	8	-2	72	77	75	75	78	75	76	67	-2	130	133	129	129	136	132	134	117	-1
1001001000	-2	13894	10801.111	3983.64	8.875	1.452	74.375	3.238	130	5.431	11142.444	130	0	0	0	9	9	12770	11059	9783	12720	13894	12983	12353	11650	-2	11	8	8	11	10	8	7	8	-2	72	77	75	75	78	75	76	67	-2	130	133	129	129	136	132	134	117	-1
1001001000	-2	13489	11249.778	4030.078	8.875	1.452	75.375	3.806	135	6.982	11844.222	135	0	0	0	9	9	13489	11469	11660	13062	13107	12954	12459	13050	-2	10	8	8	11	11	8	7	8	-2	72	79	77	76	80	73	78	68	-2	133	145	138	133	143	129	137	122	-1
1001001000	-2	13849	11397.444	4117.655	10	1.225	79.5	4.33	149.5	9.631	13032.556	149.5	0	0	0	9	9	13849	11011	13118	13272	13670	12284	12081	13294	-2	11	10	8	12	11	10	9	9	-2	76	86	81	79	83	78	82	71	-2	154	168	151	144	155	143	148	133	-1
1001001000	-2	13849	11397.444	4117.655	10	1.225	79.5	4.33	149.5	9.631	13032.556	149.5	0	0	0	9	9	13849	11011	13118	13272	13670	12284	12081	13294	-2	11	10	8	12	11	10	9	9	-2	76	86	81	79	83	78	82	71	-2	154	168	151	144	155	143	148	133	-1
1001001000	-2	13009	10607.333	3837.614	10.125	1.166	80.875	4.781	156.375	18.795	13283.889	156.375	0	0	0	9	9	12993	10217	11356	12301	12233	11729	11630	13009	-2	11	10	8	12	11	10	10	9	-2	77	90	82	79	84	79	83	73	-2	154	204	153	144	157	146	153	140	-1
1001001000	-2	14167	11844.111	4252.977	11.125	1.763	85.875	5.302	171.375	13.999	13000.222	171.375	0	0	0	9	9	14167	11512	13696	13156	13794	13340	12969	13965	-2	11	11	9	12	11	11	15	9	-2	83	96	85	85	90	81	89	78	-2	173	201	164	162	186	156	165	164	-1
1001001000	-2	14251	11568.111	4195.948	12.125	2.803	88.5	5.657	185.875	10.856	12427.333	185.875	0	0	0	9	9	13814	10873	14251	12646	12511	13556	12831	13633	-2	12	12	10	12	11	12	19	9	-2	87	99	86	89	91	84	93	79	-2	195	201	168	192	196	179	178	178	-1
1001001000	-2	14251	11568.111	4195.948	12.125	2.803	88.5	5.657	185.875	10.856	12427.333	185.875	0	0	0	9	9	13814	10873	14251	12646	12511	13556	12831	13633	-2	12	12	10	12	11	12	19	9	-2	87	99	86	89	91	84	93	79	-2	195	201	168	192	196	179	178	178	-1
1001001000	-2	14520	11527.333	4238.098	12.25	3.419	88.375	4.923	188.875	11.33	12400.889	188.875	0	0	0	9	9	13811	10794	14520	11653	12127	14176	13106	13561	-2	11	11	11	10	11	13	21	10	-2	86	98	87	88	91	84	92	81	-2	202	202	168	184	196	184	179	196	-1
1001001000	-2	14520	11527.333	4238.098	12.25	3.419	88.375	4.923	188.875	11.33	12400.889	188.875	0	0	0	9	9	13811	10794	14520	11653	12127	14176	13106	13561	-2	11	11	11	10	11	13	21	10	-2	86	98	87	88	91	84	92	81	-2	202	202	168	184	196	184	179	196	-1
1001001000	-2	14381	11165.778	4163.763	11.75	2.905	87.125	4.936	183	13.454	12266.667	183	0	0	0	9	9	14381	10484	13898	11684	12003	13228	10869	13947	-2	11	10	10	10	11	13	19	10	-2	85	98	85	83	90	83	90	83	-2	181	202	166	163	198	180	179	195	-1
1002002000	-2	12640	9200.778	4947.172	13.571	1.498	120.429	2.129	276	18.385	13080.556	276	0	0	0	9	9	11063	12640	11489	12181	12624	11555	11258	-1	-2	15	13	14	13	13	16	11	-2	-2	119	118	121	121	120	119	125	-2	-2	299	274	257	301	280	268	285	244	-1
1001001000	-2	14338	11508.667	4218.562	14.875	4.428	79.625	6.518	133.375	11.916	12331.889	133.375	0	0	0	9	9	14338	13660	13056	13200	12388	13710	13053	10175	-2	22	11	17	12	16	20	8	13	-2	79	75	94	73	82	81	81	72	-2	134	126	160	125	134	139	132	117	-1
1001001000	-2	14756	12545.444	4454.791	17.25	5.019	87.25	5.995	155.625	13.209	16673.222	155.625	0	0	0	9	9	13642	14756	14115	13350	13997	14287	14585	14179	-2	25	12	24	16	19	18	10	14	-2	87	88	101	84	87	87	86	78	-2	155	153	179	141	162	164	158	133	-1
1001001000	-2	14653	11483.444	4199.147	16.5	4.031	96.5	5.244	178.875	8.447	13733	178.875	0	0	0	9	9	12582	10804	11895	13804	13739	12628	13248	14653	-2	25	13	19	16	19	14	12	14	-2	99	99	106	93	93	98	97	87	-2	179	161	177	180	193	185	176	180	-1
1001001000	-2	14653	11483.444	4199.147	16.5	4.031	96.5	5.244	178.875	8.447	13733	178.875	0	0	0	9	9	12582	10804	11895	13804	13739	12628	13248	14653	-2	25	13	19	16	19	14	12	14	-2	99	99	106	93	93	98	97	87	-2	179	161	177	180	193	185	176	180	-1
1001001000	-2	14552	11663.556	4224.592	12.75	3.865	90.625	3.903	181	8.031	13909.333	181	0	0	0	9	9	12321	11258	14089	13301	13638	12762	13053	14552	-2	21	11	9	13	16	12	8	12	-2	97	92	94	91	88	89	91	83	-2	180	178	194	177	169	188	189	173	-1
1001001000	-2	14552	11663.556	4224.592	12.75	3.865	90.625	3.903	181	8.031	13909.333	181	0	0	0	9	9	12321	11258	14089	13301	13638	12762	13053	14552	-2	21	11	9	13	16	12	8	12	-2	97	92	94	91	88	89	91	83	-2	180	178	194	177	169	188	189	173	-1
1001001000	-2	13593	10238.111	4435.743	8.25	2.046	73.375	2.913	125.625	6.556	10432.556	125.625	0	0	0	9	9	13593	12106	11940	13423	11522	12296	12719	4546	-2	13	7	7	7	9	8	6	9	-2	74	74	77	74	76	74	71	67	-2	129	129	127	127	130	130	124	109	-1
1001001000	-2	13593	10238.111	4435.743	8.25	2.046	73.375	2.913	125.625	6.556	10432.556	125.625	0	0	0	9	9	13593	12106	11940	13423	11522	12296	12719	4546	-2	13	7	7	7	9	8	6	9	-2	74	74	77	74	76	74	71	67	-2	129	129	127	127	130	130	124	109	-1
1001001000	-2	12825	9145.333	4191.769	8	1.5	71.625	2.997	119.5	6.124	9178	119.5	0	0	0	9	9	11818	11751	10647	10911	10549	12825	10752	3057	-2	11	7	7	8	9	7	6	9	-2	71	73	76	72	74	71	71	65	-2	120	124	122	119	124	123	120	104	-1
1001001000	-2	12825	9145.333	4191.769	8	1.5	71.625	2.997	119.5	6.124	9178	119.5	0	0	0	9	9	11818	11751	10647	10911	10549	12825	10752	3057	-2	11	7	7	8	9	7	6	9	-2	71	73	76	72	74	71	71	65	-2	120	124	122	119	124	123	120	104	-1
1001001000	-2	12001	8851.667	3828.213	7.875	1.364	71	3.391	119.25	6.22	8873	119.25	0	0	0	9	9	10634	11743	9425	10506	11313	12001	9872	4173	-2	10	7	7	8	10	7	6	8	-2	69	72	75	73	75	70	70	64	-2	117	124	124	118	126	122	118	105	-1
1001001000	-2	12001	8851.667	3828.213	7.875	1.364	71	3.391	119.25	6.22	8873	119.25	0	0	0	9	9	10634	11743	9425	10506	11313	12001	9872	4173	-2	10	7	7	8	10	7	6	8	-2	69	72	75	73	75	70	70	64	-2	117	124	124	118	126	122	118	105	-1
1001001000	-2	12323	9354.333	3816.848	8	1.225	71.25	3.345	121.125	5.925	9390.111	121.125	0	0	0	9	9	10854	11636	8211	10974	12323	12320	11604	6269	-2	10	7	7	7	10	8	7	8	-2	68	74	74	72	76	70	71	65	-2	116	126	124	119	129	124	122	109	-1
1001001000	-2	12323	9354.333	3816.848	8	1.225	71.25	3.345	121.125	5.925	9390.111	121.125	0	0	0	9	9	10854	11636	8211	10974	12323	12320	11604	6269	-2	10	7	7	7	10	8	7	8	-2	68	74	74	72	76	70	71	65	-2	116	126	124	119	129	124	122	109	-1
1001001000	-2	13448	10224.889	3912.156	8.125	1.166	72	3.391	124.875	6.431	10280.667	124.875	0	0	0	9	9	11866	11453	8554	11224	13448	13138	12671	9672	-2	10	7	7	8	10	8	7	8	-2	69	74	73	72	77	72	74	65	-2	120	127	126	120	135	129	129	113	-1
1001001000	-2	12820	9975	3767.463	8.125	1.166	72	3.391	124.875	6.431	10280.667	124.875	0	0	0	9	9	11866	10831	8554	11224	12820	12805	12005	9672	-2	10	7	7	8	10	8	7	8	-2	69	74	73	72	77	72	74	65	-2	120	127	126	120	135	129	129	113	-1
1001001000	-2	12554	10478	3823.07	8.375	0.992	74	3.808	131.875	6.623	11063.444	131.875	0	0	0	9	9	12554	12364	9336	11506	12356	12518	12073	11597	-2	10	8	8	7	10	8	8	8	-2	71	78	74	73	80	73	76	67	-2	128	140	132	126	141	133	135	120	-1
1001001000	-2	12554	10478	3823.07	8.375	0.992	74	3.808	131.875	6.623	11063.444	131.875	0	0	0	9	9	12554	12364	9336	11506	12356	12518	12073	11597	-2	10	8	8	7	10	8	8	8	-2	71	78	74	73	80	73	76	67	-2	128	140	132	126	141	133	135	120	-1
1001001000	-2	12559	10687.556	3806.929	8.5	0.866	76.5	4.5	139.625	7.466	11560.778	139.625	0	0	0	9	9	12537	12559	11080	12186	12185	11551	11757	12335	-2	10	8	8	8	10	8	8	8	-2	73	82	77	75	82	75	80	68	-2	137	152	140	134	147	138	143	126	-1
1001001000	-2	13296	11027.444	3956.492	8.5	0.866	76.5	4.5	139.625	7.466	11560.778	139.625	0	0	0	9	9	13296	12006	11296	12186	13241	11557	12751	12916	-2	10	8	8	8	10	8	8	8	-2	73	82	77	75	82	75	80	68	-2	137	152	140	134	147	138	143	126	-1
1001001000	-2	13632	10922.444	3917.409	9.375	0.857	81.875	5.061	156.5	8.93	12335.222	156.5	0	0	0	9	9	13632	11375	12720	11521	12676	11804	12124	12452	-2	10	9	9	8	11	9	10	9	-2	75	90	83	80	87	80	85	75	-2	154	175	155	148	166	153	155	146	-1
1001001000	-2	13632	10922.444	3917.409	9.375	0.857	81.875	5.061	156.5	8.93	12335.222	156.5	0	0	0	9	9	13632	11375	12720	11521	12676	11804	12124	12452	-2	10	9	9	8	11	9	10	9	-2	75	90	83	80	87	80	85	75	-2	154	175	155	148	166	153	155	146	-1
1001001000	-2	14670	11502.444	4132.233	10.25	2.046	84.625	5.171	166.875	14.581	12477.667	166.875	0	0	0	9	9	13394	12570	14670	12129	12809	12064	12987	12901	-2	11	10	9	8	11	9	15	9	-2	81	95	85	81	88	81	88	78	-2	165	203	163	151	169	157	163	164	-1
1001001000	-2	14670	11502.444	4132.233	10.25	2.046	84.625	5.171	166.875	14.581	12477.667	166.875	0	0	0	9	9	13394	12570	14670	12129	12809	12064	12987	12901	-2	11	10	9	8	11	9	15	9	-2	81	95	85	81	88	81	88	78	-2	165	203	163	151	169	157	163	164	-1
1001001000	-2	13564	11065.778	3942.238	10.25	1.714	83	4.637	164.25	18.04	12472.111	164.25	0	0	0	9	9	12550	12277	13564	12709	11685	12187	12205	12417	-2	11	10	9	8	11	10	14	9	-2	80	92	83	80	87	81	85	76	-2	164	209	158	149	170	157	156	151	-1
1001001000	-2	13564	11065.778	3942.238	10.25	1.714	83	4.637	164.25	18.04	12472.111	164.25	0	0	0	9	9	12550	12277	13564	12709	11685	12187	12205	12417	-2	11	10	9	8	11	10	14	9	-2	80	92	83	80	87	81	85	76	-2	164	209	158	149	170	157	156	151	-1
1001001000	-2	12618	9717.444	3603.498	11.375	3.498	72.375	4.742	121	6.205	10394.778	121	0	0	0	9	9	10028	12618	10896	11578	8928	11616	11904	9891	-2	16	9	13	10	9	17	6	11	-2	74	64	81	69	71	75	75	70	-2	121	112	131	118	118	129	124	115	-1
1001001000	-2	13992	12003.889	4256.499	14.375	3.426	81.75	5.54	146.5	19.105	14426.444	146.5	0	0	0	9	9	13788	13289	13234	13148	13992	13938	13120	13528	-2	21	12	17	14	16	14	9	12	-2	83	79	94	82	79	81	83	73	-2	145	134	195	136	146	142	144	130	-1
1001001000	-2	14315	12001.111	4277.636	14.375	3.199	91.875	4.512	183.5	6.144	16251.556	183.5	0	0	0	9	9	13210	12737	12734	13636	14315	13360	14259	13761	-2	21	12	16	15	16	13	10	12	-2	93	94	102	92	88	88	91	87	-2	180	178	177	180	193	187	193	180	-1
1001001000	-2	15433	13021.556	4635.728	14.375	3.199	91.875	4.512	183.5	6.144	16251.556	183.5	0	0	0	9	9	15361	13929	14047	14110	15168	14678	15433	14470	-2	21	12	16	15	16	13	10	12	-2	93	94	102	92	88	88	91	87	-2	180	178	177	180	193	187	193	180	-1
1001001000	-2	15458	12681.778	4573.999	10.625	2.446	84	4.416	164.125	11.14	15865.778	164.125	0	0	0	9	9	15390	12452	14150	13271	14519	14762	14136	15458	-2	16	10	9	12	11	10	7	10	-2	89	83	90	89	82	82	79	78	-2	184	159	171	177	153	162	155	152	-1
1001001000	-2	15458	12681.778	4573.999	10.625	2.446	84	4.416	164.125	11.14	15865.778	164.125	0	0	0	9	9	15390	12452	14150	13271	14519	14762	14136	15458	-2	16	10	9	12	11	10	7	10	-2	89	83	90	89	82	82	79	78	-2	184	159	171	177	153	162	155	152	-1
1001001000	-2	12010	7598.556	4111.135	7.625	1.654	67.75	3.631	113.375	6.781	7692.556	113.375	0	0	0	9	9	7579	12010	9666	10848	10257	10868	5817	1344	-2	11	7	7	7	8	7	5	9	-2	67	71	74	71	65	67	64	63	-2	111	122	120	117	112	118	106	101	-1
1001001000	-2	11478	7539.444	4050.661	7.625	1.654	67.75	3.631	113.375	6.781	7692.556	113.375	0	0	0	9	9	7579	11478	9666	10848	10257	10868	5817	1344	-2	11	7	7	7	8	7	5	9	-2	67	71	74	71	65	67	64	63	-2	111	122	120	117	112	118	106	101	-1
1001001000	-2	11489	6969	3845.465	7.75	1.199	66.625	2.497	108.875	10.216	6969.111	108.875	0	0	0	9	9	7817	11255	7456	7531	11489	8826	7735	614	-2	10	7	7	8	8	7	6	9	-2	67	69	69	69	68	65	64	62	-2	111	118	113	111	114	114	107	83	-1
1001001000	-2	11489	6969	3845.465	7.75	1.199	66.625	2.497	108.875	10.216	6969.111	108.875	0	0	0	9	9	7817	11255	7456	7531	11489	8826	7735	614	-2	10	7	7	8	8	7	6	9	-2	67	69	69	69	68	65	64	62	-2	111	118	113	111	114	114	107	83	-1
1001001000	-2	12489	6979.444	3878.965	7.375	1.111	67	2.784	109.125	10.08	7047.222	109.125	0	0	0	9	9	6637	10470	8377	7997	12489	8577	7474	796	-2	9	6	7	7	9	7	6	8	-2	66	68	70	70	70	65	65	62	-2	108	116	115	112	117	114	107	84	-1
1001001000	-2	12489	6979.444	3878.965	7.375	1.111	67	2.784	109.125	10.08	7047.222	109.125	0	0	0	9	9	6637	10470	8377	7997	12489	8577	7474	796	-2	9	6	7	7	9	7	6	8	-2	66	68	70	70	70	65	65	62	-2	108	116	115	112	117	114	107	84	-1
1001001000	-2	12103	7305.444	3767.138	7.375	1.111	66.5	2.179	110.125	10.203	7338.222	110.125	0	0	0	9	9	8876	9810	7784	8722	12103	8589	8637	1230	-2	9	6	7	7	9	7	6	8	-2	67	68	68	68	69	65	65	62	-2	112	117	115	112	117	115	109	84	-1
1001001000	-2	12103	7305.444	3767.138	7.375	1.111	66.5	2.179	110.125	10.203	7338.222	110.125	0	0	0	9	9	8876	9810	7784	8722	12103	8589	8637	1230	-2	9	6	7	7	9	7	6	8	-2	67	68	68	68	69	65	65	62	-2	112	117	115	112	117	115	109	84	-1
1001001000	-2	12755	8679.778	3608.884	7.5	1	68.25	2.107	116.375	4.211	8820.556	116.375	0	0	0	9	9	10749	9814	7565	10938	12755	10341	10168	5790	-2	9	6	7	7	9	7	7	8	-2	68	70	70	70	70	66	68	64	-2	115	120	120	116	120	119	114	107	-1
1001001000	-2	12755	8679.778	3608.884	7.5	1	68.25	2.107	116.375	4.211	8820.556	116.375	0	0	0	9	9	10749	9814	7565	10938	12755	10341	10168	5790	-2	9	6	7	7	9	7	7	8	-2	68	70	70	70	70	66	68	64	-2	115	120	120	116	120	119	114	107	-1
1001001000	-2	12333	9596.333	3661.462	7.875	1.053	70.875	2.421	124.375	4.414	9881.444	124.375	0	0	0	9	9	11782	10998	7282	10837	12333	11022	11799	10316	-2	10	7	8	7	9	7	7	8	-2	70	74	71	72	74	70	70	66	-2	123	130	127	121	130	125	123	116	-1
1001001000	-2	12333	9596.333	3661.462	7.875	1.053	70.875	2.421	124.375	4.414	9881.444	124.375	0	0	0	9	9	11782	10998	7282	10837	12333	11022	11799	10316	-2	10	7	8	7	9	7	7	8	-2	70	74	71	72	74	70	70	66	-2	123	130	127	121	130	125	123	116	-1
1001001000	-2	13408	10184.889	4004.935	8.125	0.927	72.875	2.666	130.625	4.794	10429.778	130.625	0	0	0	9	9	11495	11983	7075	10355	13408	12345	12763	12242	-2	10	7	8	7	9	8	8	8	-2	72	77	72	73	76	71	74	68	-2	130	137	130	126	137	130	133	122	-1
1001001000	-2	13408	10184.889	4004.935	8.125	0.927	72.875	2.666	130.625	4.794	10429.778	130.625	0	0	0	9	9	11495	11983	7075	10355	13408	12345	12763	12242	-2	10	7	8	7	9	8	8	8	-2	72	77	72	73	76	71	74	68	-2	130	137	130	126	137	130	133	122	-1
1001001000	-2	12943	10191.778	3900.069	8.875	0.781	76.875	3.516	142.875	5.797	10663.889	142.875	0	0	0	9	9	12564	12389	8561	11938	11139	9265	12929	12943	-2	10	8	8	8	10	9	9	9	-2	74	82	76	76	82	76	78	71	-2	141	153	140	138	150	143	144	134	-1
1001001000	-2	12867	10215.333	3744.069	9.125	1.053	78.25	3.631	147.75	6.016	10930.333	147.75	0	0	0	9	9	12434	12867	9830	12207	11030	10007	11582	11983	-2	11	8	8	8	10	9	10	9	-2	75	83	77	76	83	77	82	73	-2	150	157	142	142	156	146	149	140	-1
1001001000	-2	12867	10215.333	3744.069	9.125	1.053	78.25	3.631	147.75	6.016	10930.333	147.75	0	0	0	9	9	12434	12867	9830	12207	11030	10007	11582	11983	-2	11	8	8	8	10	9	10	9	-2	75	83	77	76	83	77	82	73	-2	150	157	142	142	156	146	149	140	-1
1001001000	-2	11922	9861.667	3608.011	9.125	0.781	75.25	3.527	138.625	6.04	10467.778	138.625	0	0	0	9	9	10263	11879	8902	11737	11922	11001	11289	11764	-2	10	9	8	8	10	9	10	9	-2	73	80	72	76	78	75	79	69	-2	139	149	132	136	144	138	142	129	-1
1001001000	-2	13911	11663.333	4182.087	9.375	2.546	72.875	4.755	125.375	6.264	13166.111	125.375	0	0	0	9	9	13197	13764	13162	13702	12528	13911	11515	13193	-2	12	8	10	9	8	14	5	9	-2	75	66	82	69	70	75	76	70	-2	125	118	136	119	123	133	129	120	-1
1001001000	-2	12930	10563.889	3789.851	9.375	2.546	72.875	4.755	125.375	6.264	13166.111	125.375	0	0	0	9	9	11265	12930	11149	12905	11919	11790	11116	12003	-2	12	8	10	9	8	14	5	9	-2	75	66	82	69	70	75	76	70	-2	125	118	136	119	123	133	129	120	-1
1001001000	-2	13196	9632.111	3630.121	12.625	3.08	73.25	5.585	124	8.485	9774.111	124	0	0	0	9	9	9026	11669	10453	10430	13196	10432	12183	9302	-2	18	10	17	12	12	13	9	10	-2	72	70	87	70	70	72	76	69	-2	119	117	142	117	132	124	125	116	-1
1001001000	-2	13964	10549.556	3979.182	12.5	2.646	76.125	5.085	130.75	9.351	11540.444	130.75	0	0	0	9	9	12547	9207	12955	11660	13964	12079	12558	9978	-2	18	10	15	13	12	12	10	10	-2	79	72	87	74	72	78	77	70	-2	131	121	151	123	135	135	129	121	-1
1001001000	-2	15813	13160.556	4685.253	12.75	2.222	87.875	5.158	184.75	9.23	18669.556	184.75	0	0	0	9	9	15002	15314	14453	14363	15056	13848	15813	14598	-2	17	11	15	14	12	12	10	11	-2	91	86	99	86	81	88	89	83	-2	193	179	180	180	169	189	201	187	-1
1001001000	-2	15212	12371.667	4428.241	9.75	2.107	79	3.162	144.625	5.978	14924.556	144.625	0	0	0	9	9	14866	13238	13708	14156	13426	15212	13731	13010	-2	14	8	9	12	9	9	7	10	-2	79	79	84	84	77	78	76	75	-2	145	146	151	155	141	143	142	134	-1
1001001000	-2	14669	11701.556	4265.992	9.75	2.107	79	3.162	144.625	5.978	14924.556	144.625	0	0	0	9	9	14669	11405	13209	11366	13733	13620	13455	13859	-2	14	8	9	12	9	9	7	10	-2	79	79	84	84	77	78	76	75	-2	145	146	151	155	141	143	142	134	-1
1001001000	-2	8617	4059	3317.951	7.125	1.536	63.375	4.526	99.125	14.04	4059.111	99.125	0	0	1	9	9	202	8617	6665	5245	5622	8065	2117	0	-2	10	6	6	7	7	7	5	9	-2	64	66	70	68	57	65	58	59	-2	81	113	112	108	100	110	96	73	-1
1001001000	-2	8617	4059	3317.951	7.125	1.536	63.375	4.526	99.125	14.04	4059.111	99.125	0	0	1	9	9	202	8617	6665	5245	5622	8065	2117	0	-2	10	6	6	7	7	7	5	9	-2	64	66	70	68	57	65	58	59	-2	81	113	112	108	100	110	96	73	-1
1001001000	-2	8346	4084.778	2993.403	7.375	1.317	63.5	2.915	100.625	12.348	4084.889	100.625	0	0	0	9	9	4353	8346	6562	4165	6208	6564	196	371	-2	9	6	7	8	8	7	5	9	-2	64	65	68	67	61	63	59	61	-2	105	112	111	107	104	106	76	84	-1
1001001000	-2	8346	4084.778	2993.403	7.375	1.317	63.5	2.915	100.625	12.348	4084.889	100.625	0	0	0	9	9	4353	8346	6562	4165	6208	6564	196	371	-2	9	6	7	8	8	7	5	9	-2	64	65	68	67	61	63	59	61	-2	105	112	111	107	104	106	76	84	-1
1001001000	-2	8970	5553	2812.531	7.25	0.968	65	2.646	108.5	5.477	5553.111	108.5	0	0	0	9	9	4727	8970	7216	6138	7973	8037	4886	2032	-2	9	6	7	7	8	7	6	8	-2	64	67	69	68	62	65	64	61	-2	105	115	114	109	107	115	104	99	-1
1001001000	-2	8970	5553	2812.531	7.25	0.968	65	2.646	108.5	5.477	5553.111	108.5	0	0	0	9	9	4727	8970	7216	6138	7973	8037	4886	2032	-2	9	6	7	7	8	7	6	8	-2	64	67	69	68	62	65	64	61	-2	105	115	114	109	107	115	104	99	-1
1001001000	-2	9557	6219.111	2899.855	7.125	1.053	64.625	1.867	109	4.062	6219.444	109	0	0	0	9	9	6184	8516	8369	7420	9557	7177	6217	2534	-2	9	6	7	7	8	6	6	8	-2	66	65	67	67	62	64	64	62	-2	108	113	114	110	109	112	105	101	-1
1001001000	-2	9557	6219.111	2899.855	7.125	1.053	64.625	1.867	109	4.062	6219.444	109	0	0	0	9	9	6184	8516	8369	7420	9557	7177	6217	2534	-2	9	6	7	7	8	6	6	8	-2	66	65	67	67	62	64	64	62	-2	108	113	114	110	109	112	105	101	-1
1001001000	-2	10875	7645.444	3115.717	7.375	0.857	65.875	1.364	112.75	3.961	7682.889	112.75	0	0	0	9	9	7404	8851	9088	9501	10875	8917	9230	4945	-2	9	6	7	7	8	7	7	8	-2	66	67	67	68	64	66	65	64	-2	111	117	117	112	113	117	110	105	-1
1001001000	-2	10875	7645.444	3115.717	7.375	0.857	65.875	1.364	112.75	3.961	7682.889	112.75	0	0	0	9	9	7404	8851	9088	9501	10875	8917	9230	4945	-2	9	6	7	7	8	7	7	8	-2	66	67	67	68	64	66	65	64	-2	111	117	117	112	113	117	110	105	-1
1001001000	-2	12251	9267.222	3369.84	7.625	0.857	68.75	1.561	120.5	2.398	9396.889	120.5	0	0	0	9	9	9410	10158	10058	10806	12251	9752	10915	10057	-2	9	6	8	8	8	7	7	8	-2	70	70	69	71	68	67	69	66	-2	122	123	122	120	122	121	119	115	-1
1001001000	-2	13206	9373.333	3475.503	7.625	0.857	68.75	1.561	120.5	2.398	9396.889	120.5	0	0	0	9	9	9410	10158	10058	10806	13206	9752	10915	10057	-2	9	6	8	8	8	7	7	8	-2	70	70	69	71	68	67	69	66	-2	122	123	122	120	122	121	119	115	-1
1001001000	-2	12042	9417.111	3612.63	8.25	0.829	72.625	1.317	130.125	2.26	9585.111	130.125	0	0	0	9	9	9570	11066	7213	11714	12042	10257	11565	11329	-2	10	7	8	8	9	8	8	8	-2	73	74	73	74	73	71	73	70	-2	130	132	131	128	134	130	130	126	-1
1001001000	-2	12042	9417.111	3612.63	8.25	0.829	72.625	1.317	130.125	2.26	9585.111	130.125	0	0	0	9	9	9570	11066	7213	11714	12042	10257	11565	11329	-2	10	7	8	8	9	8	8	8	-2	73	74	73	74	73	71	73	70	-2	130	132	131	128	134	130	130	126	-1
1001001000	-2	12049	9109.222	3512.286	8.25	0.829	73.125	1.833	133.125	3.257	9280.778	133.125	0	0	0	9	9	8277	10865	7677	11162	12049	9452	11378	11125	-2	10	7	8	8	9	8	8	8	-2	73	76	74	73	74	73	73	69	-2	134	136	133	130	138	135	132	127	-1
1001001000	-2	12049	9109.222	3512.286	8.25	0.829	73.125	1.833	133.125	3.257	9280.778	133.125	0	0	0	9	9	8277	10865	7677	11162	12049	9452	11378	11125	-2	10	7	8	8	9	8	8	8	-2	73	76	74	73	74	73	73	69	-2	134	136	133	130	138	135	132	127	-1
1001001000	-2	12153	9170	3519.783	8.375	0.696	74.125	2.26	135.5	3.464	9497.556	135.5	0	0	0	9	9	9380	10801	7481	11141	12153	8995	11363	11218	-2	10	8	8	8	9	8	8	8	-2	75	78	72	75	75	73	75	70	-2	139	140	131	135	139	135	135	130	-1
1001001000	-2	12153	9170	3519.783	8.375	0.696	74.125	2.26	135.5	3.464	9497.556	135.5	0	0	0	9	9	9380	10801	7481	11141	12153	8995	11363	11218	-2	10	8	8	8	9	8	8	8	-2	75	78	72	75	75	73	75	70	-2	139	140	131	135	139	135	135	130	-1
1001001000	-2	13747	11785.556	4178.894	9.875	1.269	101.5	3.391	182.75	5.214	14540.889	182.75	0	0	0	9	9	13407	13343	12899	13747	13315	12851	12876	13634	-2	11	9	11	9	9	12	8	10	-2	103	99	107	100	95	101	104	103	-2	183	182	186	177	173	183	189	189	-1
1001001000	-2	11520	8076.778	3056.679	7	1.581	63.125	3.621	107.5	4.183	8079.667	107.5	0	0	0	9	9	9636	7767	9835	8251	8011	11520	8554	9119	-2	8	7	8	7	6	10	5	5	-2	67	60	70	62	60	65	62	59	-2	111	102	115	105	107	111	106	103	-1
1001001000	-2	15328	12905	4586.95	10.25	1.92	81	4.899	157	8.986	17560.556	157	0	0	0	9	9	15075	14020	14383	14130	14881	13863	15328	14467	-2	13	9	12	13	9	9	8	9	-2	84	82	89	82	71	81	82	77	-2	160	156	172	154	146	159	166	143	-1
1001001000	-2	15328	12905	4586.95	10.25	1.92	81	4.899	157	8.986	17560.556	157	0	0	0	9	9	15075	14020	14383	14130	14881	13863	15328	14467	-2	13	9	12	13	9	9	8	9	-2	84	82	89	82	71	81	82	77	-2	160	156	172	154	146	159	166	143	-1
1001001000	-2	14066	10661.556	4163.501	9	1.658	76.25	3.597	130.125	6.954	11946.444	130.125	0	0	0	9	9	11066	12857	13181	14066	12353	13174	11639	7620	-2	12	8	8	11	8	8	7	10	-2	77	77	83	80	71	74	74	74	-2	126	136	140	139	123	128	129	120	-1
1001001000	-2	14066	10661.556	4163.501	9	1.658	76.25	3.597	130.125	6.954	11946.444	130.125	0	0	0	9	9	11066	12857	13181	14066	12353	13174	11639	7620	-2	12	8	8	11	8	8	7	10	-2	77	77	83	80	71	74	74	74	-2	126	136	140	139	123	128	129	120	-1
1001001000	-2	4718	2223.556	1692.732	6.875	1.452	62.625	3.603	94.75	12.517	2223.778	94.75	0	0	0	9	9	2669	4718	4512	3739	1063	1613	1683	17	-2	10	6	6	7	6	7	5	8	-2	63	63	68	66	56	65	60	60	-2	102	105	110	106	78	93	90	74	-1
1001001000	-2	4718	2223.556	1692.732	6.875	1.452	62.625	3.603	94.75	12.517	2223.778	94.75	0	0	0	9	9	2669	4718	4512	3739	1063	1613	1683	17	-2	10	6	6	7	6	7	5	8	-2	63	63	68	66	56	65	60	60	-2	102	105	110	106	78	93	90	74	-1
1001001000	-2	5355	2237.333	1849.359	6.75	1.199	62	3.041	94.375	10.547	2237.444	94.375	0	0	0	9	9	3806	4711	5355	651	960	1916	2294	445	-2	9	5	7	7	6	6	6	8	-2	63	62	68	64	57	62	60	60	-2	103	105	110	88	78	89	98	84	-1
1001001000	-2	5355	2237.333	1849.359	6.75	1.199	62	3.041	94.375	10.547	2237.444	94.375	0	0	0	9	9	3806	4711	5355	651	960	1916	2294	445	-2	9	5	7	7	6	6	6	8	-2	63	62	68	64	57	62	60	60	-2	103	105	110	88	78	89	98	84	-1
1001001000	-2	7197	4490.889	1984.669	6.75	1.199	62.75	1.984	104.75	3.072	4591.111	104.75	0	0	0	9	9	4149	4943	6574	4930	7197	5534	3875	3218	-2	9	5	7	7	6	6	6	8	-2	65	63	66	63	59	62	62	62	-2	106	106	111	104	103	106	101	101	-1
1001001000	-2	8358	5351.222	2366.146	6.625	0.696	62.5	1.732	105.625	3.352	5351.556	105.625	0	0	0	9	9	4832	5746	8358	6078	8351	5753	5298	3747	-2	8	6	7	7	6	6	6	7	-2	64	62	66	63	60	62	62	61	-2	106	108	112	104	105	107	103	100	-1
1001001000	-2	8358	5351.222	2366.146	6.625	0.696	62.5	1.732	105.625	3.352	5351.556	105.625	0	0	0	9	9	4832	5746	8358	6078	8351	5753	5298	3747	-2	8	6	7	7	6	6	6	7	-2	64	62	66	63	60	62	62	61	-2	106	108	112	104	105	107	103	100	-1
1001001000	-2	10224	6851.222	2975.251	7.125	0.927	64.375	1.218	110.125	4.014	6930.889	110.125	0	0	0	9	9	5381	7275	9431	6596	10224	9122	8702	4932	-2	9	6	7	7	7	7	6	8	-2	65	64	67	64	63	65	64	63	-2	108	114	116	106	111	114	108	104	-1
1001001000	-2	10224	6851.222	2975.251	7.125	0.927	64.375	1.218	110.125	4.014	6930.889	110.125	0	0	0	9	9	5381	7275	9431	6596	10224	9122	8702	4932	-2	9	6	7	7	7	7	6	8	-2	65	64	67	64	63	65	64	63	-2	108	114	116	106	111	114	108	104	-1
1001001000	-2	11226	8615.556	3253.987	7.25	0.829	67.25	1.479	117.625	2.497	8681.778	117.625	0	0	0	9	9	8890	7338	8879	11024	10557	9813	11226	9815	-2	9	6	7	7	7	7	7	8	-2	69	67	68	69	65	67	68	65	-2	119	119	120	116	117	120	118	112	-1
1001001000	-2	11024	8541.889	3202.076	7.25	0.829	67.25	1.479	117.625	2.497	8681.778	117.625	0	0	0	9	9	8890	7338	8879	11024	10395	9813	10725	9815	-2	9	6	7	7	7	7	7	8	-2	69	67	68	69	65	67	68	65	-2	119	119	120	116	117	120	118	112	-1
1001001000	-2	11703	8569.778	3329.99	7.75	1.09	70.125	1.615	124.5	2.5	8690.222	124.5	0	0	0	9	9	9289	8966	7692	11643	11703	7797	10658	9382	-2	10	6	8	8	8	7	7	8	-2	73	71	70	71	69	70	70	67	-2	128	126	125	123	125	126	124	119	-1
1001001000	-2	11703	8569.778	3329.99	7.75	1.09	70.125	1.615	124.5	2.5	8690.222	124.5	0	0	0	9	9	9289	8966	7692	11643	11703	7797	10658	9382	-2	10	6	8	8	8	7	7	8	-2	73	71	70	71	69	70	70	67	-2	128	126	125	123	125	126	124	119	-1
1001001000	-2	11687	7872.444	3080.757	7.625	0.857	69.75	1.392	124.375	2.288	7974.778	124.375	0	0	0	9	9	8564	7849	7430	10463	11687	7514	8853	8494	-2	9	6	8	8	8	7	7	8	-2	72	71	70	70	69	69	70	67	-2	128	126	124	121	125	126	124	121	-1
1001001000	-2	11687	7872.444	3080.757	7.625	0.857	69.75	1.392	124.375	2.288	7974.778	124.375	0	0	0	9	9	8564	7849	7430	10463	11687	7514	8853	8494	-2	9	6	8	8	8	7	7	8	-2	72	71	70	70	69	69	70	67	-2	128	126	124	121	125	126	124	121	-1
1001001000	-2	10927	7776.333	3121.438	7.625	0.857	68.875	1.691	122.625	2.118	7822.111	122.625	0	0	0	9	9	8215	7014	6642	9957	10927	7545	10803	8886	-2	9	6	7	8	8	8	7	8	-2	72	70	68	70	69	68	68	66	-2	126	124	121	120	123	125	122	120	-1
1001001000	-2	11928	9933.556	3546.857	6.125	0.781	63.875	3.855	113	3.536	10594.667	113	0	0	0	9	9	11928	11832	11056	11356	10692	10991	10258	11291	-2	7	6	7	6	6	7	5	5	-2	65	63	72	65	58	64	64	60	-2	115	112	120	115	108	112	113	109	-1
1001001000	-2	11928	9933.556	3546.857	6.125	0.781	63.875	3.855	113	3.536	10594.667	113	0	0	0	9	9	11928	11832	11056	11356	10692	10991	10258	11291	-2	7	6	7	6	6	7	5	5	-2	65	63	72	65	58	64	64	60	-2	115	112	120	115	108	112	113	109	-1
1001001000	-2	11145	8092.222	3135.223	6.875	1.166	64.375	3.967	110.875	4.649	8092.889	110.875	0	0	0	9	9	8698	8078	7286	10198	9837	10235	11145	7355	-2	9	6	8	8	6	6	6	6	-2	68	63	68	69	56	65	64	62	-2	114	109	113	116	103	114	114	104	-1
1001001000	-2	9634	6571.889	2931.221	7.125	1.053	67.625	3.998	111.625	4.581	6621.556	111.625	0	0	0	9	9	5858	8618	9229	8152	8324	9634	4388	4946	-2	9	6	7	8	6	7	6	8	-2	69	66	70	73	59	71	66	67	-2	111	111	116	117	105	118	107	108	-1
1001001000	-2	6698	3632.667	2314.852	6.75	1.199	62.625	3.389	101.125	8.58	3632.778	101.125	0	0	0	9	9	4527	5880	6698	4504	1417	6174	2267	1229	-2	9	5	7	7	6	6	6	8	-2	63	62	68	66	56	64	61	61	-2	104	104	112	106	83	107	100	93	-1
1001001000	-2	6393	3518.111	2213.063	6.75	1.199	62.625	3.389	101.125	8.58	3632.778	101.125	0	0	0	9	9	4393	5642	6393	4337	1412	6004	2267	1217	-2	9	5	7	7	6	6	6	8	-2	63	62	68	66	56	64	61	61	-2	104	104	112	106	83	107	100	93	-1
1001001000	-2	6425	4075.556	1732.424	6.75	0.829	61	2.828	101.875	4.014	4075.667	101.875	0	0	0	9	9	5174	5310	6425	4565	4356	4215	3889	2748	-2	8	6	7	7	6	6	6	8	-2	62	62	67	62	57	60	59	59	-2	103	104	111	101	98	101	99	98	-1
1001001000	-2	6425	4075.556	1732.424	6.75	0.829	61	2.828	101.875	4.014	4075.667	101.875	0	0	0	9	9	5174	5310	6425	4565	4356	4215	3889	2748	-2	8	6	7	7	6	6	6	8	-2	62	62	67	62	57	60	59	59	-2	103	104	111	101	98	101	99	98	-1
1001001000	-2	7324	4817.889	1943.749	6.625	0.696	60.875	1.763	102.75	3.269	4818.222	102.75	0	0	0	9	9	5161	4703	6892	5022	7324	4729	4809	4723	-2	8	6	7	7	6	6	6	7	-2	61	62	64	62	59	60	58	61	-2	102	105	110	102	102	102	98	101	-1
1001001000	-2	7306	4758.667	1906.442	6.625	0.696	60.875	1.763	102.75	3.269	4818.222	102.75	0	0	0	9	9	5134	4666	6584	5009	7306	4654	4771	4706	-2	8	6	7	7	6	6	6	7	-2	61	62	64	62	59	60	58	61	-2	102	105	110	102	102	102	98	101	-1
1001001000	-2	9145	6401.778	2392.866	6.375	0.857	61.25	1.561	105.625	2.288	6486	105.625	0	0	0	9	9	6198	6491	7305	7035	9145	7253	7246	6945	-2	8	5	6	7	6	6	6	7	-2	62	59	64	61	59	62	61	62	-2	107	104	111	104	105	106	104	104	-1
1001001000	-2	9159	6485.889	2420.686	6.375	0.857	61.25	1.561	105.625	2.288	6486	105.625	0	0	0	9	9	6247	6590	7673	7055	9159	7352	7333	6966	-2	8	5	6	7	6	6	6	7	-2	62	59	64	61	59	62	61	62	-2	107	104	111	104	105	106	104	104	-1
1001001000	-2	9621	6580.667	2548.64	6.625	0.696	62.75	1.92	108.25	2.222	6584.667	108.25	0	0	0	9	9	6537	5743	7662	7513	8256	7130	9621	6766	-2	8	6	7	7	6	6	6	7	-2	65	62	65	64	59	61	63	63	-2	110	107	113	107	106	109	108	106	-1
1001001000	-2	9621	6580.667	2548.64	6.625	0.696	62.75	1.92	108.25	2.222	6584.667	108.25	0	0	0	9	9	6537	5743	7662	7513	8256	7130	9621	6766	-2	8	6	7	7	6	6	6	7	-2	65	62	65	64	59	61	63	63	-2	110	107	113	107	106	109	108	106	-1
1001001000	-2	11354	8123.667	3193.088	6.625	0.696	64.875	1.965	113.75	2.107	8150.333	113.75	0	0	0	9	9	10085	7287	7367	10565	9514	7460	11354	9483	-2	8	6	7	7	6	6	6	7	-2	69	63	66	66	63	63	65	64	-2	118	113	116	112	113	113	114	111	-1
1001001000	-2	11354	8123.667	3193.088	6.625	0.696	64.875	1.965	113.75	2.107	8150.333	113.75	0	0	0	9	9	10085	7287	7367	10565	9514	7460	11354	9483	-2	8	6	7	7	6	6	6	7	-2	69	63	66	66	63	63	65	64	-2	118	113	116	112	113	113	114	111	-1
1001001000	-2	10430	8207.222	3072.547	7.125	0.599	66	1.936	116.625	1.996	8245.556	116.625	0	0	0	9	9	10175	7313	8065	9673	10139	8450	10430	9622	-2	8	6	7	7	7	7	7	8	-2	70	64	66	68	65	65	66	64	-2	121	115	117	117	117	117	115	114	-1
1001001000	-2	10431	8204.222	3070.683	7.125	0.599	66	1.936	116.625	1.996	8245.556	116.625	0	0	0	9	9	10175	7313	8065	9673	10111	8450	10431	9622	-2	8	6	7	7	7	7	7	8	-2	70	64	66	68	65	65	66	64	-2	121	115	117	117	117	117	115	114	-1
1001001000	-2	10195	8198.222	3019.514	7	0.5	65.5	1.323	116.125	1.965	8243.111	116.125	0	0	0	9	9	9868	7329	8646	9866	10195	9238	9911	8733	-2	7	6	7	8	7	7	7	7	-2	68	64	66	66	66	66	64	64	-2	120	116	116	115	116	118	113	115	-1
1001001000	-2	4130	2798.778	1227.917	5.25	0.433	52.875	1.9	90.75	3.961	2799.111	90.75	0	0	0	9	9	3514	3668	3849	4130	2389	3447	2169	2025	-2	6	5	5	5	5	6	5	5	-2	56	52	56	51	51	53	52	52	-2	95	92	96	90	90	91	82	90	-1
1001001000	-2	8535	5605.667	2425.511	7.125	1.053	66.5	3.841	109.375	3.706	5732.111	109.375	0	0	0	9	9	6050	6662	8535	5726	8060	6370	3374	5676	-2	9	6	7	8	6	6	7	8	-2	67	64	70	72	59	69	64	67	-2	110	107	115	114	105	112	105	107	-1
1001001000	-2	5358	3714.222	1685.192	6.5	1	61.25	2.681	100.75	4.265	3786.222	100.75	0	0	0	9	9	5358	5015	5195	4418	4239	4438	2787	1980	-2	8	5	6	7	6	6	6	8	-2	61	62	66	63	56	60	60	62	-2	103	103	108	103	97	100	99	93	-1
1001001000	-2	5439	3785.889	1732.811	6.5	1	61.25	2.681	100.75	4.265	3786.222	100.75	0	0	0	9	9	5439	5202	5325	4500	4247	4582	2787	1993	-2	8	5	6	7	6	6	6	8	-2	61	62	66	63	56	60	60	62	-2	103	103	108	103	97	100	99	93	-1
1001001000	-2	6846	5076.111	1901.086	6.375	0.857	60.375	1.317	101.875	2.147	5076.333	101.875	0	0	0	9	9	6846	5901	6031	5070	6421	5497	4925	4996	-2	8	6	7	6	6	5	6	7	-2	61	60	63	61	58	60	60	60	-2	103	102	107	101	100	101	100	101	-1
1001001000	-2	6846	5076.111	1901.086	6.375	0.857	60.375	1.317	101.875	2.147	5076.333	101.875	0	0	0	9	9	6846	5901	6031	5070	6421	5497	4925	4996	-2	8	6	7	6	6	5	6	7	-2	61	60	63	61	58	60	60	60	-2	103	102	107	101	100	101	100	101	-1
1001001000	-2	8658	6591.667	2454.971	6.125	0.781	59.625	1.576	102.875	2.421	6592	102.875	0	0	0	9	9	8082	7391	8284	7113	8658	6472	6176	7151	-2	7	6	7	6	5	5	6	7	-2	58	59	63	60	58	59	59	61	-2	101	102	109	102	103	102	101	103	-1
1001001000	-2	8658	6542	2437.03	6.125	0.781	59.625	1.576	102.875	2.421	6592	102.875	0	0	0	9	9	8051	7318	8097	7103	8658	6379	6140	7134	-2	7	6	7	6	5	5	6	7	-2	58	59	63	60	58	59	59	61	-2	101	102	109	102	103	102	101	103	-1
1001001000	-2	8641	6865.556	2517.456	5.875	0.781	60	1.581	104.25	2.681	6871.556	104.25	0	0	0	9	9	7335	8617	8527	7347	8641	6927	7528	6870	-2	7	5	6	6	6	5	5	7	-2	59	58	63	60	59	59	60	62	-2	103	102	111	103	105	103	103	104	-1
1001001000	-2	8641	6865.556	2517.456	5.875	0.781	60	1.581	104.25	2.681	6871.556	104.25	0	0	0	9	9	7335	8617	8527	7347	8641	6927	7528	6870	-2	7	5	6	6	6	5	5	7	-2	59	58	63	60	59	59	60	62	-2	103	102	111	103	105	103	103	104	-1
1001001000	-2	8877	7184.778	2611.942	6.125	0.599	61.125	1.364	106.75	2.222	7185	106.75	0	0	0	9	9	7120	7494	8805	8877	8237	7803	8778	7551	-2	7	6	6	6	6	5	6	7	-2	62	60	64	62	60	60	60	61	-2	108	105	112	106	106	107	105	105	-1
1001001000	-2	10601	8206	2989.783	6.125	0.599	62.75	2.046	110.75	2.278	8206.222	110.75	0	0	0	9	9	9478	8619	8127	10030	8552	9111	10601	9338	-2	7	5	6	6	6	6	6	7	-2	66	61	65	65	61	61	61	62	-2	114	110	114	112	109	111	108	108	-1
1001001000	-2	10601	8206	2989.783	6.125	0.599	62.75	2.046	110.75	2.278	8206.222	110.75	0	0	0	9	9	9478	8619	8127	10030	8552	9111	10601	9338	-2	7	5	6	6	6	6	6	7	-2	66	61	65	65	61	61	61	62	-2	114	110	114	112	109	111	108	108	-1
1001001000	-2	11814	8478.444	3161.834	6.375	0.484	63.5	1.5	112.625	1.495	8478.778	112.625	0	0	0	9	9	9284	8068	8755	10292	9563	8859	11814	9673	-2	7	6	6	7	6	6	6	7	-2	66	61	64	65	63	63	62	64	-2	115	110	113	114	112	113	111	113	-1
1001001000	-2	11814	8478.444	3161.834	6.375	0.484	63.5	1.5	112.625	1.495	8478.778	112.625	0	0	0	9	9	9284	8068	8755	10292	9563	8859	11814	9673	-2	7	6	6	7	6	6	6	7	-2	66	61	64	65	63	63	62	64	-2	115	110	113	114	112	113	111	113	-1
1001001000	-2	6780	3452.667	1780.125	5.75	0.433	53.75	1.92	93.625	2.233	3454.889	93.625	0	0	0	9	9	3335	3290	2963	6780	3171	5607	3102	2828	-2	6	6	6	6	5	6	6	5	-2	55	53	57	54	51	54	55	51	-2	95	92	97	95	91	95	94	90	-1
1001001000	-2	7218	4431.111	2014.498	6.625	0.857	64.25	3.8	105.625	3.462	4573	105.625	0	0	0	9	9	5196	3306	6962	3775	7218	4993	4285	4147	-2	8	6	7	7	6	5	7	7	-2	64	61	67	71	58	67	62	64	-2	106	101	110	111	103	108	103	103	-1
1001001000	-2	5456	3450.444	1564.863	6	0.866	60	1.936	98.875	3.516	3488.333	98.875	0	0	0	9	9	5456	4188	4874	4043	3698	4129	2618	2050	-2	8	6	6	6	5	5	6	6	-2	61	60	63	61	56	59	59	61	-2	102	100	104	101	96	98	98	92	-1
1001001000	-2	5440	3442.222	1559.871	6	0.866	60	1.936	98.875	3.516	3488.333	98.875	0	0	0	9	9	5440	4160	4869	4033	3700	4115	2618	2047	-2	8	6	6	6	5	5	6	6	-2	61	60	63	61	56	59	59	61	-2	102	100	104	101	96	98	98	92	-1
1001001000	-2	7957	6242.667	2270.603	5.875	0.599	58.875	1.615	101.125	2.204	6242.778	101.125	0	0	0	9	9	7957	7449	7213	6464	7529	6719	6240	6615	-2	7	6	6	6	5	5	6	6	-2	60	58	62	59	57	57	58	60	-2	103	101	106	100	99	99	100	101	-1
1001001000	-2	12051	10331.222	3659.781	7.125	0.599	75.25	2.222	132.625	3.533	13263.667	132.625	0	0	0	9	9	11605	11832	11612	12051	11532	11262	11394	11695	-2	8	7	7	7	7	8	6	7	-2	77	75	79	74	71	76	76	74	-2	134	133	140	130	128	131	135	130	-1
1001001000	-2	8178	5764.556	2180.484	5.125	0.331	54.375	1.798	95.625	2.781	5767	95.625	0	0	0	9	9	8178	6897	6267	5727	5608	5929	7185	6092	-2	6	5	5	5	5	5	5	5	-2	57	52	57	55	53	53	55	53	-2	100	93	100	96	93	93	96	94	-1
1001001000	-2	9872	6446.889	2546.709	5.25	0.433	55	2	97.625	3.498	6474.556	97.625	0	0	0	9	9	9872	6319	7599	7261	6256	5656	7663	7398	-2	6	5	5	5	5	6	5	5	-2	59	53	56	56	52	54	55	55	-2	104	94	102	99	94	95	96	97	-1
1001001000	-2	12837	10667.333	3796.326	6.75	0.661	68.125	3.48	128.5	4	13782.889	128.5	0	0	0	9	9	12637	12046	11576	11637	11650	12837	11686	11939	-2	8	7	7	6	6	7	7	6	-2	71	66	67	68	67	65	76	65	-2	132	126	127	130	129	122	136	126	-1
1001001000	-2	10100	7296.556	2838.055	6.875	1.166	67.875	3.855	112.125	3.018	7430.556	112.125	0	0	0	9	9	9269	8495	10100	7005	9215	8178	6075	7334	-2	7	7	7	8	6	5	9	6	-2	68	66	68	75	60	69	69	68	-2	112	109	115	117	108	115	111	110	-1
1001001000	-2	10014	7039.778	2744.866	6.875	1.166	67.875	3.855	112.125	3.018	7430.556	112.125	0	0	0	9	9	8537	8276	10014	6426	8895	7887	6036	7289	-2	7	7	7	8	6	5	9	6	-2	68	66	68	75	60	69	69	68	-2	112	109	115	117	108	115	111	110	-1
1001001000	-2	5469	3300	1711.365	5.75	0.661	58.5	1.936	97.125	3.219	3300.111	97.125	0	0	0	9	9	5446	3223	5469	4586	3127	3868	2587	1396	-2	7	5	6	6	5	5	6	6	-2	58	57	61	61	55	58	58	60	-2	98	96	102	101	95	97	97	91	-1
