1001001000	-2	6103	3795.444	1522.02	97.625	9.499	190.625	11.725	247.125	16.259	3795.556	247.125	0	0	0	9	9	3999	4207	3824	6103	3934	3441	4629	4024	-2	97	90	84	109	89	94	108	110	-2	178	179	176	203	199	184	206	200	-2	234	235	224	275	253	237	264	255	-1
1001001000	-2	5662	4055.333	1665.299	111.875	11.516	196	7.697	252.625	14.177	4055.667	252.625	0	0	0	9	9	5231	4565	2698	5662	4898	3877	5344	4225	-2	117	97	93	112	113	110	130	123	-2	199	184	185	200	204	192	206	198	-2	258	239	230	270	263	242	271	248	-1
1001001000	-2	3614	2725	1027.338	110.625	5.337	186	4.796	229.375	7.088	2725.222	229.375	0	0	0	9	9	3614	3399	2387	3304	2955	3271	2855	2742	-2	110	100	117	115	117	110	108	108	-2	191	180	184	186	193	191	180	183	-2	235	223	222	235	236	239	225	220	-1
1001001000	-2	3614	2725	1027.338	110.625	5.337	186	4.796	229.375	7.088	2725.222	229.375	0	0	0	9	9	3614	3399	2387	3304	2955	3271	2855	2742	-2	110	100	117	115	117	110	108	108	-2	191	180	184	186	193	191	180	183	-2	235	223	222	235	236	239	225	220	-1
1001001000	-2	3497	2583.556	984.196	110.375	5.999	185.25	4.548	228.5	6.442	2583.778	228.5	0	0	0	9	9	3497	3359	2366	3118	2530	2959	2504	2921	-2	114	104	113	115	119	110	109	99	-2	190	181	181	187	193	188	181	181	-2	232	223	221	237	235	235	224	221	-1
1001001000	-2	3497	2583.556	984.196	110.375	5.999	185.25	4.548	228.5	6.442	2583.778	228.5	0	0	0	9	9	3497	3359	2366	3118	2530	2959	2504	2921	-2	114	104	113	115	119	110	109	99	-2	190	181	181	187	193	188	181	181	-2	232	223	221	237	235	235	224	221	-1
1001001000	-2	3317	2544.556	1020.813	112.375	3.672	185.5	4.213	227	6.083	2544.667	227	0	0	0	9	9	3317	3259	2212	3117	1946	3285	3209	2558	-2	115	111	113	116	118	106	109	111	-2	190	184	179	186	189	187	190	179	-2	231	226	217	232	229	232	232	217	-1
1001001000	-2	3317	2544.556	1020.813	112.375	3.672	185.5	4.213	227	6.083	2544.667	227	0	0	0	9	9	3317	3259	2212	3117	1946	3285	3209	2558	-2	115	111	113	116	118	106	109	111	-2	190	184	179	186	189	187	190	179	-2	231	226	217	232	229	232	232	217	-1
1001001000	-2	3319	2507.111	985.31	114.75	4.409	186.125	4.936	228	6.652	2507.333	228	0	0	0	9	9	3089	3266	2055	2729	2215	3214	3319	2679	-2	116	115	114	120	120	105	115	113	-2	190	186	179	186	190	187	193	178	-2	231	229	217	233	230	231	236	217	-1
1001001000	-2	3249	2465.444	963.259	114.75	4.409	186.125	4.936	228	6.652	2507.333	228	0	0	0	9	9	3059	3249	2039	2680	2201	3157	3165	2641	-2	116	115	114	120	120	105	115	113	-2	190	186	179	186	190	187	193	178	-2	231	229	217	233	230	231	236	217	-1
1001001000	-2	3379	2565	994.195	116.875	6.071	186.625	5.314	228.75	7.479	2565.222	228.75	0	0	0	9	9	3056	3359	2040	2744	2572	3379	3232	2705	-2	116	117	114	122	125	105	123	113	-2	191	187	179	185	192	188	193	178	-2	234	232	216	232	232	232	236	216	-1
1004001000	-2	5470	2672.556	2410.649	74.75	19.753	198.6	10.557	206.375	96.474	2672.778	206.375	0	0	3	9	9	0	5470	4181	4911	0	4801	0	4692	-2	54	54	80	105	63	84	56	102	-2	-2	187	185	210	-2	203	-2	208	-2	91	265	257	316	77	277	83	285	-1
1001001000	-2	5439	4083	1541.404	111.25	9.846	197.75	6.978	255.125	9.918	4083.111	255.125	0	0	0	9	9	5321	4362	3491	5439	4722	4608	4465	4341	-2	116	97	95	112	114	110	123	123	-2	198	183	191	199	205	202	205	199	-2	257	239	241	269	264	258	261	252	-1
1001001000	-2	5399	4314.778	1559.114	133.25	6.591	205	4.822	271.625	14.756	4315	271.625	0	0	0	9	9	5399	4321	4882	4880	5129	4550	5122	4552	-2	142	129	125	125	140	134	130	141	-2	208	198	206	201	210	206	212	199	-2	289	255	265	261	279	280	293	251	-1
1001001000	-2	5347	4270.444	1557.532	132.75	6.379	205.75	4.684	271.875	15.744	4270.667	271.875	0	0	0	9	9	5229	4328	4227	5224	4569	4871	5347	4641	-2	143	129	128	126	139	133	125	139	-2	209	200	207	202	209	210	211	198	-2	290	262	262	264	264	291	293	249	-1
1001001000	-2	5347	4270.444	1557.532	132.75	6.379	205.75	4.684	271.875	15.744	4270.667	271.875	0	0	0	9	9	5229	4328	4227	5224	4569	4871	5347	4641	-2	143	129	128	126	139	133	125	139	-2	209	200	207	202	209	210	211	198	-2	290	262	262	264	264	291	293	249	-1
1001001000	-2	5656	4032	1510.394	126.25	7.412	202.625	3.706	269	13.775	4032.111	269	0	0	0	9	9	5656	4279	3932	5047	4359	4261	4132	4624	-2	140	120	125	126	135	125	115	124	-2	207	198	202	202	206	206	204	196	-2	290	261	255	274	265	285	275	247	-1
1001001000	-2	3434	2537.778	985.397	107	8.86	184	4.77	227.875	7.833	2538.222	227.875	0	0	0	9	9	3434	3373	2382	2731	2512	3355	2697	2358	-2	115	100	117	114	107	109	106	88	-2	191	183	180	186	188	188	180	176	-2	234	229	219	237	231	235	225	213	-1
1001001000	-2	3434	2537.778	985.397	107	8.86	184	4.77	227.875	7.833	2538.222	227.875	0	0	0	9	9	3434	3373	2382	2731	2512	3355	2697	2358	-2	115	100	117	114	107	109	106	88	-2	191	183	180	186	188	188	180	176	-2	234	229	219	237	231	235	225	213	-1
1001001000	-2	3668	2434.889	1042.091	106.625	8.717	181.625	4.948	222.875	7.524	2435.222	222.875	0	0	0	9	9	3668	3255	2159	2915	2071	3441	2408	1999	-2	113	102	116	114	110	107	104	87	-2	189	180	177	185	186	184	179	173	-2	231	222	215	231	226	228	222	208	-1
1001001000	-2	3668	2434.889	1042.091	106.625	8.717	181.625	4.948	222.875	7.524	2435.222	222.875	0	0	0	9	9	3668	3255	2159	2915	2071	3441	2408	1999	-2	113	102	116	114	110	107	104	87	-2	189	180	177	185	186	184	179	173	-2	231	222	215	231	226	228	222	208	-1
1001001000	-2	3342	2278.111	992.257	107.125	8.795	181.25	5.19	221.75	7.137	2278.333	221.75	0	0	0	9	9	3151	3342	2043	2924	1724	3203	2196	1922	-2	113	104	115	115	113	104	106	87	-2	189	180	177	185	186	183	178	172	-2	230	223	214	229	225	226	219	208	-1
1001001000	-2	3342	2278.111	992.257	107.125	8.795	181.25	5.19	221.75	7.137	2278.333	221.75	0	0	0	9	9	3151	3342	2043	2924	1724	3203	2196	1922	-2	113	104	115	115	113	104	106	87	-2	189	180	177	185	186	183	178	172	-2	230	223	214	229	225	226	219	208	-1
1001001000	-2	3364	2332.222	976.748	106.875	9.212	180.5	5.362	220.875	7.424	2332.444	220.875	0	0	0	9	9	3364	3342	2118	2813	1916	3078	2203	2158	-2	111	109	114	115	116	103	100	87	-2	189	180	176	184	185	182	177	171	-2	231	225	213	227	224	223	217	207	-1
1001001000	-2	3364	2332.222	976.748	106.875	9.212	180.5	5.362	220.875	7.424	2332.444	220.875	0	0	0	9	9	3364	3342	2118	2813	1916	3078	2203	2158	-2	111	109	114	115	116	103	100	87	-2	189	180	176	184	185	182	177	171	-2	231	225	213	227	224	223	217	207	-1
1001001000	-2	3265	2390.778	942.89	106.125	8.978	181.25	5.449	223	7.649	2390.889	223	0	0	0	9	9	3265	3234	2292	2856	2284	3101	2331	2156	-2	110	111	114	115	111	103	98	87	-2	190	181	177	183	187	183	177	172	-2	234	229	215	227	228	224	217	210	-1
1001001000	-2	3265	2390.778	942.89	106.125	8.978	181.25	5.449	223	7.649	2390.889	223	0	0	0	9	9	3265	3234	2292	2856	2284	3101	2331	2156	-2	110	111	114	115	111	103	98	87	-2	190	181	177	183	187	183	177	172	-2	234	229	215	227	228	224	217	210	-1
1001001000	-2	3467	2576.778	994.788	109	10.05	186.625	4.662	232.75	6.942	2577	232.75	0	0	0	9	9	3163	3172	2606	2339	2717	3467	3376	2353	-2	111	116	118	116	119	104	99	89	-2	191	185	187	186	191	186	191	176	-2	240	236	231	233	236	232	238	216	-1
1001001000	-2	3467	2576.778	994.788	109	10.05	186.625	4.662	232.75	6.942	2577	232.75	0	0	0	9	9	3163	3172	2606	2339	2717	3467	3376	2353	-2	111	116	118	116	119	104	99	89	-2	191	185	187	186	191	186	191	176	-2	240	236	231	233	236	232	238	216	-1
1001001000	-2	4265	2940.444	1148.068	116.5	6.325	193.375	5.83	247.125	11.667	2940.778	247.125	0	0	0	9	9	3485	3519	3118	2574	4265	3437	3475	2593	-2	116	120	124	121	124	107	110	110	-2	195	200	194	192	199	191	196	180	-2	256	265	244	243	254	242	250	223	-1
1001001000	-2	4275	3153.333	1201.389	121.25	5.673	197.375	6.945	259.75	20.945	3153.667	259.75	0	0	0	9	9	3648	4275	3378	3188	4168	3342	3645	2738	-2	126	122	126	123	129	112	118	114	-2	198	209	199	197	202	193	198	183	-2	269	308	253	251	261	248	257	231	-1
1001001000	-2	4275	3153.333	1201.389	121.25	5.673	197.375	6.945	259.75	20.945	3153.667	259.75	0	0	0	9	9	3648	4275	3378	3188	4168	3342	3645	2738	-2	126	122	126	123	129	112	118	114	-2	198	209	199	197	202	193	198	183	-2	269	308	253	251	261	248	257	231	-1
1001001000	-2	3924	2840	1153.447	129.375	5.957	208.625	6.836	287.875	14.667	2840.222	287.875	0	0	0	9	9	3515	1943	3924	3743	3187	2972	2733	3545	-2	126	127	122	127	134	134	141	124	-2	206	222	205	203	213	207	214	199	-2	299	308	276	270	289	297	299	265	-1
1001001000	-2	3846	2670.778	1120.869	130.875	7.524	210.375	8.774	286.375	14.203	2671	286.375	0	0	0	9	9	3846	1710	3449	3433	3004	2937	2361	3299	-2	124	126	121	134	138	135	144	125	-2	205	225	205	202	213	210	223	200	-2	285	308	276	270	290	297	300	265	-1
1001001000	-2	3832	2781.778	1058.302	128.25	6.418	208.625	8.572	283	16.086	2782	283	0	0	0	9	9	3832	2658	2874	3339	3595	3169	2583	2988	-2	125	124	118	127	133	135	139	125	-2	200	221	204	202	212	207	223	200	-2	273	304	272	270	290	298	300	257	-1
1001001000	-2	3832	2781.778	1058.302	128.25	6.418	208.625	8.572	283	16.086	2782	283	0	0	0	9	9	3832	2658	2874	3339	3595	3169	2583	2988	-2	125	124	118	127	133	135	139	125	-2	200	221	204	202	212	207	223	200	-2	273	304	272	270	290	298	300	257	-1
1004001000	-2	6788	3045.667	2790.124	79.625	18.357	200.6	5.499	211.875	102.764	3046.444	211.875	0	0	3	9	9	6788	0	4719	6055	0	4831	0	5020	-2	97	55	84	105	61	93	56	86	-2	198	-2	191	206	-2	204	-2	204	-2	297	85	264	338	77	276	84	274	-1
1001001000	-2	6099	4284.111	1612.193	121.75	12.039	203	5.612	263.125	11.396	4284.333	263.125	0	0	0	9	9	6099	4691	5131	5159	4494	4387	4410	4188	-2	121	99	109	129	133	121	123	139	-2	203	190	207	202	208	207	207	200	-2	281	243	267	264	264	273	264	249	-1
1001001000	-2	5573	3939.667	1472.488	124.375	10.416	201.875	5.372	256.5	10.735	3939.778	256.5	0	0	0	9	9	5573	4120	4502	4691	4154	3850	4513	4056	-2	124	103	120	129	135	121	123	140	-2	205	190	204	199	206	204	208	199	-2	272	237	260	255	255	264	265	244	-1
1001001000	-2	5573	3939.667	1472.488	124.375	10.416	201.875	5.372	256.5	10.735	3939.778	256.5	0	0	0	9	9	5573	4120	4502	4691	4154	3850	4513	4056	-2	124	103	120	129	135	121	123	140	-2	205	190	204	199	206	204	208	199	-2	272	237	260	255	255	264	265	244	-1
1001001000	-2	5423	4070.444	1548.656	135	6.164	212	4.637	287.75	11.903	4070.556	287.75	0	0	0	9	9	4545	4574	4891	4738	4470	3160	4835	5423	-2	145	131	129	134	140	140	125	136	-2	214	209	213	212	210	220	215	203	-2	290	280	298	294	273	304	295	268	-1
1001001000	-2	3497	2675.111	1010.234	106.5	9.631	184.75	4.265	230.375	7.398	2823.556	230.375	0	0	0	9	9	3497	3321	2488	3083	2935	3475	2555	2724	-2	115	101	119	114	100	112	103	88	-2	192	185	183	188	185	187	181	177	-2	240	233	224	238	230	235	227	216	-1
1001001000	-2	3497	2675.111	1010.234	106.5	9.631	184.75	4.265	230.375	7.398	2823.556	230.375	0	0	0	9	9	3497	3321	2488	3083	2935	3475	2555	2724	-2	115	101	119	114	100	112	103	88	-2	192	185	183	188	185	187	181	177	-2	240	233	224	238	230	235	227	216	-1
1002001000	-2	3647	1984	1190.8	97	11.832	177.857	6.937	205.25	37.238	2078.444	205.25	0	0	1	9	9	3647	2562	2289	0	2286	3188	2212	1674	-2	106	96	117	82	95	109	86	85	-2	187	173	179	-2	184	183	173	166	-2	229	217	217	109	225	227	216	202	-1
1002001000	-2	3740	2078.222	1229.92	97	11.832	177.857	6.937	205.25	37.238	2078.444	205.25	0	0	1	9	9	3740	2652	2359	0	2466	3250	2488	1751	-2	106	96	117	82	95	109	86	85	-2	187	173	179	-2	184	183	173	166	-2	229	217	217	109	225	227	216	202	-1
1001001000	-2	3287	2253	917.957	96.625	10.897	178.25	6.553	218.25	7.886	2253.222	218.25	0	0	0	9	9	3287	2865	2245	2829	1974	2770	2578	1731	-2	107	85	116	93	96	105	86	85	-2	185	171	178	184	184	180	179	165	-2	224	215	215	226	224	222	220	200	-1
1001001000	-2	3287	2253	917.957	96.625	10.897	178.25	6.553	218.25	7.886	2253.222	218.25	0	0	0	9	9	3287	2865	2245	2829	1974	2770	2578	1731	-2	107	85	116	93	96	105	86	85	-2	185	171	178	184	184	180	179	165	-2	224	215	215	226	224	222	220	200	-1
1001001000	-2	2972	2130.444	854.361	98.75	9.47	176.5	6.727	215.125	8.283	2130.667	215.125	0	0	0	9	9	2972	2843	2389	2785	2259	1891	2344	1693	-2	109	99	115	96	97	102	87	85	-2	184	172	177	184	183	171	177	164	-2	222	216	215	225	222	210	214	197	-1
1001001000	-2	2972	2130.444	854.361	98.75	9.47	176.5	6.727	215.125	8.283	2130.667	215.125	0	0	0	9	9	2972	2843	2389	2785	2259	1891	2344	1693	-2	109	99	115	96	97	102	87	85	-2	184	172	177	184	183	171	177	164	-2	222	216	215	225	222	210	214	197	-1
1001001000	-2	3013	2118.333	836.106	100.625	9.823	176	5.937	215.25	7.726	2118.556	215.25	0	0	0	9	9	2843	3013	2301	2621	2279	1799	2273	1938	-2	109	105	113	110	98	98	86	86	-2	181	176	175	183	183	170	175	165	-2	221	221	214	223	223	209	211	200	-1
1001001000	-2	3013	2118.333	836.106	100.625	9.823	176	5.937	215.25	7.726	2118.556	215.25	0	0	0	9	9	2843	3013	2301	2621	2279	1799	2273	1938	-2	109	105	113	110	98	98	86	86	-2	181	176	175	183	183	170	175	165	-2	221	221	214	223	223	209	211	200	-1
1001001000	-2	3352	2140.111	868.438	101.375	9.899	176.75	5.333	217.5	7.81	2148.444	217.5	0	0	0	9	9	2560	3352	2425	2618	2183	1856	2419	1850	-2	108	108	115	110	98	98	87	87	-2	178	178	176	182	185	171	177	167	-2	220	225	215	225	227	210	215	203	-1
1001001000	-2	3352	2140.111	868.438	101.375	9.899	176.75	5.333	217.5	7.81	2148.444	217.5	0	0	0	9	9	2560	3352	2425	2618	2183	1856	2419	1850	-2	108	108	115	110	98	98	87	87	-2	178	178	176	182	185	171	177	167	-2	220	225	215	225	227	210	215	203	-1
1001001000	-2	3433	2283.222	894.26	103.125	10.659	180	4.77	223.75	6.942	2359.444	223.75	0	0	0	9	9	2472	3433	2073	2507	2395	2984	2422	2265	-2	109	110	117	114	98	102	88	87	-2	180	182	178	183	188	179	180	170	-2	222	233	220	228	232	221	224	210	-1
1001001000	-2	3668	2537	959.764	105.625	10.38	184.375	4.442	232.625	6.726	2537.111	232.625	0	0	0	9	9	2971	3120	2620	2574	2663	3668	2580	2639	-2	110	115	118	116	100	105	92	89	-2	188	186	187	185	188	186	181	174	-2	238	242	234	232	235	234	228	218	-1
1001001000	-2	3668	2537	959.764	105.625	10.38	184.375	4.442	232.625	6.726	2537.111	232.625	0	0	0	9	9	2971	3120	2620	2574	2663	3668	2580	2639	-2	110	115	118	116	100	105	92	89	-2	188	186	187	185	188	186	181	174	-2	238	242	234	232	235	234	228	218	-1
1002001000	-2	3685	2430.111	1360.387	109.125	9.034	191.714	5.65	232.25	44.311	2430.333	232.25	0	0	1	9	9	3190	3685	2468	2798	0	3469	3623	2640	-2	111	118	120	117	102	112	94	99	-2	191	200	190	193	-2	193	195	180	-2	255	274	238	244	120	247	253	227	-1
1002001000	-2	3685	2430.111	1360.387	109.125	9.034	191.714	5.65	232.25	44.311	2430.333	232.25	0	0	1	9	9	3190	3685	2468	2798	0	3469	3623	2640	-2	111	118	120	117	102	112	94	99	-2	191	200	190	193	-2	193	195	180	-2	255	274	238	244	120	247	253	227	-1
1002001000	-2	3726	2433.667	1358.55	108.625	7.745	190.286	5.229	229	42.332	2433.778	229	0	0	1	9	9	2643	3473	2842	2994	0	3726	3641	2586	-2	110	118	115	117	101	108	94	106	-2	187	198	188	190	-2	193	195	181	-2	242	266	236	239	121	249	253	226	-1
1002001000	-2	3726	2433.667	1358.55	108.625	7.745	190.286	5.229	229	42.332	2433.778	229	0	0	1	9	9	2643	3473	2842	2994	0	3726	3641	2586	-2	110	118	115	117	101	108	94	106	-2	187	198	188	190	-2	193	195	181	-2	242	266	236	239	121	249	253	226	-1
1002001000	-2	4154	2495.444	1422.038	114.125	5.061	194.857	6.791	242.625	51.597	2495.778	242.625	0	0	1	9	9	2694	4154	2549	3040	0	3740	3503	2781	-2	111	119	116	122	105	117	111	112	-2	191	207	191	196	-2	195	200	184	-2	253	317	242	250	121	257	266	235	-1
1002001000	-2	3884	2451.889	1374.304	114.875	5.11	195.571	7.129	241.25	48.915	2452.111	241.25	0	0	1	9	9	2522	3884	2679	3048	0	3468	3585	2883	-2	110	118	116	121	106	122	113	113	-2	188	206	191	196	-2	198	204	186	-2	247	295	241	251	121	265	274	236	-1
1001001000	-2	3902	3233.222	1167.605	21.875	5.487	197.5	14.221	301.75	20.395	3233.444	301.75	0	0	0	9	9	3769	3787	3386	3754	3902	3786	3614	3103	-2	31	22	23	13	29	18	20	19	-2	183	189	180	215	201	186	206	220	-2	292	284	282	335	308	275	313	325	-1
1001001000	-2	5484	3783.667	1457.263	128.125	12.293	200	4.975	253.25	8.941	3784.111	253.25	0	0	0	9	9	5484	4381	4286	4811	3823	3374	3981	3915	-2	137	100	122	131	135	137	123	140	-2	202	189	204	200	206	201	202	196	-2	266	239	260	257	254	259	251	240	-1
1001001000	-2	4361	3046.333	1149.249	129.625	12.257	196	5.723	237.875	6.547	3046.556	237.875	0	0	0	9	9	4361	3461	3203	3589	3153	2825	3564	3263	-2	140	102	124	132	137	139	123	140	-2	199	186	203	189	202	197	199	193	-2	244	226	245	234	242	241	241	230	-1
1001001000	-2	3814	2756.222	1075.673	129.375	11.532	192.625	4.973	231.5	5.339	2756.556	231.5	0	0	0	9	9	3814	3029	2868	3570	2119	3005	3393	3010	-2	141	104	125	130	136	138	122	139	-2	195	185	201	186	195	194	195	190	-2	236	223	240	228	230	235	234	226	-1
1001001000	-2	3814	2756.222	1075.673	129.375	11.532	192.625	4.973	231.5	5.339	2756.556	231.5	0	0	0	9	9	3814	3029	2868	3570	2119	3005	3393	3010	-2	141	104	125	130	136	138	122	139	-2	195	185	201	186	195	194	195	190	-2	236	223	240	228	230	235	234	226	-1
1001001000	-2	4881	3398.556	1282.487	136.125	5.904	201.25	3.961	250.125	7.339	3399.111	250.125	0	0	0	9	9	3996	3898	3144	3661	3650	3880	4881	3479	-2	145	132	138	135	140	140	124	135	-2	202	201	209	202	196	200	204	196	-2	250	251	260	247	244	255	258	236	-1
1001001000	-2	4881	3398.556	1282.487	136.125	5.904	201.25	3.961	250.125	7.339	3399.111	250.125	0	0	0	9	9	3996	3898	3144	3661	3650	3880	4881	3479	-2	145	132	138	135	140	140	124	135	-2	202	201	209	202	196	200	204	196	-2	250	251	260	247	244	255	258	236	-1
1001001000	-2	5110	3350.333	1298.538	125.625	8.873	196.125	5.6	248.625	9.746	3350.778	248.625	0	0	0	9	9	5110	3238	3603	3868	3802	3790	3594	3150	-2	139	121	125	130	134	130	112	114	-2	203	196	200	199	195	200	192	184	-2	264	249	248	253	244	256	247	228	-1
1001001000	-2	5110	3350.333	1298.538	125.625	8.873	196.125	5.6	248.625	9.746	3350.778	248.625	0	0	0	9	9	5110	3238	3603	3868	3802	3790	3594	3150	-2	139	121	125	130	134	130	112	114	-2	203	196	200	199	195	200	192	184	-2	264	249	248	253	244	256	247	228	-1
1001001000	-2	3338	2664.111	976.601	104.75	11.486	185.375	4.846	230.875	6.99	2664.222	230.875	0	0	0	9	9	3338	3282	2927	3024	2690	3325	2669	2724	-2	109	100	122	115	100	114	91	87	-2	190	186	192	187	184	188	179	177	-2	237	234	234	235	229	237	226	215	-1
1001001000	-2	3338	2664.111	976.601	104.75	11.486	185.375	4.846	230.875	6.99	2664.222	230.875	0	0	0	9	9	3338	3282	2927	3024	2690	3325	2669	2724	-2	109	100	122	115	100	114	91	87	-2	190	186	192	187	184	188	179	177	-2	237	234	234	235	229	237	226	215	-1
1001001000	-2	2291	1723.333	638.204	86.125	15.839	169.25	6.418	209.375	7.088	1723.444	209.375	0	0	0	9	9	1819	2291	2186	1867	2020	1725	1908	1696	-2	95	70	115	71	79	105	73	81	-2	174	162	178	171	172	174	165	158	-2	212	206	215	213	212	217	207	193	-1
1001001000	-2	2291	1723.333	638.204	86.125	15.839	169.25	6.418	209.375	7.088	1723.444	209.375	0	0	0	9	9	1819	2291	2186	1867	2020	1725	1908	1696	-2	95	70	115	71	79	105	73	81	-2	174	162	178	171	172	174	165	158	-2	212	206	215	213	212	217	207	193	-1
1001001000	-2	2392	1682	650.063	86.5	13.143	167.875	5.819	206.625	5.808	1682.222	206.625	0	0	0	9	9	2005	2215	2392	1618	1780	1908	1612	1610	-2	100	71	108	79	79	100	73	82	-2	173	161	176	170	171	170	164	158	-2	210	205	213	209	209	210	204	193	-1
1001001000	-2	2392	1682	650.063	86.5	13.143	167.875	5.819	206.625	5.808	1682.222	206.625	0	0	0	9	9	2005	2215	2392	1618	1780	1908	1612	1610	-2	100	71	108	79	79	100	73	82	-2	173	161	176	170	171	170	164	158	-2	210	205	213	209	209	210	204	193	-1
1001001000	-2	2764	1763.444	734.144	87.625	11.521	168.375	5.073	207.75	5.847	1763.556	207.75	0	0	0	9	9	2258	2764	2201	1546	1617	2187	1543	1757	-2	102	74	105	86	82	97	73	82	-2	174	168	174	171	172	166	163	159	-2	213	212	213	209	211	206	203	195	-1
1001001000	-2	2764	1763.444	734.144	87.625	11.521	168.375	5.073	207.75	5.847	1763.556	207.75	0	0	0	9	9	2258	2764	2201	1546	1617	2187	1543	1757	-2	102	74	105	86	82	97	73	82	-2	174	168	174	171	172	166	163	159	-2	213	212	213	209	211	206	203	195	-1
1001001000	-2	2613	1804.889	729.618	90.375	11.247	168.625	5.266	208.375	5.999	1805.111	208.375	0	0	0	9	9	2432	2613	2244	1579	1655	2223	1622	1878	-2	101	85	111	91	82	96	73	84	-2	173	171	174	171	173	166	162	159	-2	212	215	213	209	213	206	203	196	-1
1001001000	-2	2613	1804.889	729.618	90.375	11.247	168.625	5.266	208.375	5.999	1805.111	208.375	0	0	0	9	9	2432	2613	2244	1579	1655	2223	1622	1878	-2	101	85	111	91	82	96	73	84	-2	173	171	174	171	173	166	162	159	-2	212	215	213	209	213	206	203	196	-1
1001001000	-2	2682	1878.222	723.032	89.625	11.575	168	7	208.875	7.424	1878.333	208.875	0	0	0	9	9	2469	2682	2223	1829	1862	1948	1807	2086	-2	97	81	112	92	81	97	73	84	-2	173	171	175	173	173	165	155	159	-2	213	217	215	212	215	203	199	197	-1
1001001000	-2	2821	2130.333	789.9	90.25	11.267	173.25	5.214	217.125	6.333	2130.444	217.125	0	0	0	9	9	2821	2791	2165	2384	2234	2364	2130	2286	-2	96	83	112	92	81	99	74	85	-2	178	174	176	178	176	172	171	161	-2	221	224	218	221	220	216	215	202	-1
1001001000	-2	2821	2130.333	789.9	90.25	11.267	173.25	5.214	217.125	6.333	2130.444	217.125	0	0	0	9	9	2821	2791	2165	2384	2234	2364	2130	2286	-2	96	83	112	92	81	99	74	85	-2	178	174	176	178	176	172	171	161	-2	221	224	218	221	220	216	215	202	-1
1002001000	-2	2716	1854.111	1006.735	90.25	10.545	174.143	5.139	203.5	37.934	1854.333	203.5	0	0	1	9	9	2716	0	2191	2559	2330	2481	2110	2302	-2	96	82	110	92	82	99	75	86	-2	178	-2	176	180	178	172	171	164	-2	221	104	218	223	222	218	216	206	-1
1001001000	-2	3351	2365.889	911.424	93.25	10.86	179.75	3.631	227.5	6.225	2366.111	227.5	0	0	0	9	9	2685	3211	2318	2548	2546	3351	2246	2390	-2	94	104	107	92	82	105	75	87	-2	181	182	180	181	182	184	176	172	-2	229	238	225	226	230	232	225	215	-1
1001001000	-2	3631	2472.889	939.926	92.5	11.747	182.25	4.023	232.25	6.722	2473.111	232.25	0	0	0	9	9	2661	3036	2450	2702	2748	3631	2507	2523	-2	83	106	107	91	84	107	75	87	-2	184	184	183	183	184	188	178	174	-2	234	242	231	230	234	240	228	219	-1
1001001000	-2	3631	2472.889	939.926	92.5	11.747	182.25	4.023	232.25	6.722	2473.111	232.25	0	0	0	9	9	2661	3036	2450	2702	2748	3631	2507	2523	-2	83	106	107	91	84	107	75	87	-2	184	184	183	183	184	188	178	174	-2	234	242	231	230	234	240	228	219	-1
1002001000	-2	3748	2156.111	1210.241	90.125	10.856	181.571	4.655	214.25	42.16	2156.333	214.25	0	0	1	9	9	2730	0	2585	2611	2806	3748	2535	2392	-2	83	84	107	92	84	108	76	87	-2	183	-2	183	181	184	189	178	173	-2	233	104	230	228	234	241	227	217	-1
1002001000	-2	3748	2156.111	1210.241	90.125	10.856	181.571	4.655	214.25	42.16	2156.333	214.25	0	0	1	9	9	2730	0	2585	2611	2806	3748	2535	2392	-2	83	84	107	92	84	108	76	87	-2	183	-2	183	181	184	189	178	173	-2	233	104	230	228	234	241	227	217	-1
1002001000	-2	3697	2148.778	1230.262	90.25	10.825	179.714	5.391	212.125	41.074	2148.889	212.125	0	0	1	9	9	3052	0	2230	2657	3067	3697	2315	2323	-2	83	83	106	91	85	109	76	89	-2	181	-2	179	178	185	188	177	170	-2	231	105	224	224	233	239	227	214	-1
1001001000	-2	5663	4486.556	1606.98	19.25	4.684	161.5	10.368	241	8.789	4486.889	241	0	0	0	9	9	4735	5057	4966	5663	5092	5160	4894	4814	-2	27	20	20	12	25	15	19	16	-2	154	141	155	173	169	166	161	173	-2	232	224	237	252	242	247	246	248	-1
1001001000	-2	3594	2395.222	975.799	123.125	12.374	186.25	6.629	221.75	7.067	2395.444	221.75	0	0	0	9	9	3231	2401	2695	2916	2282	3594	2575	1865	-2	137	100	121	125	133	137	109	123	-2	190	179	199	182	187	192	179	182	-2	225	214	234	218	221	231	216	215	-1
1001001000	-2	3500	2548	1010.239	132	5	192.375	5.023	232.125	7.061	2548.222	232.125	0	0	0	9	9	3472	2362	3500	3038	3271	2646	2239	2406	-2	140	129	132	133	137	132	122	131	-2	195	189	203	193	193	193	186	187	-2	235	227	246	232	236	234	225	222	-1
1001001000	-2	4393	3438.222	1237.951	130.25	6.476	198.5	5.612	252.75	8.842	3438.444	252.75	0	0	0	9	9	4393	3737	4044	3663	3840	3834	3898	3537	-2	138	128	131	133	137	132	116	127	-2	199	199	211	199	197	199	194	190	-2	256	252	271	250	250	256	250	237	-1
1001001000	-2	4393	3438.222	1237.951	130.25	6.476	198.5	5.612	252.75	8.842	3438.444	252.75	0	0	0	9	9	4393	3737	4044	3663	3840	3834	3898	3537	-2	138	128	131	133	137	132	116	127	-2	199	199	211	199	197	199	194	190	-2	256	252	271	250	250	256	250	237	-1
1001001000	-2	3696	2945	1065.144	110.125	11.152	188.625	5.36	238.75	7.327	2945.444	238.75	0	0	0	9	9	3607	2972	3696	3358	3241	3217	3046	3370	-2	111	107	124	118	102	125	104	90	-2	193	187	199	190	186	190	181	183	-2	247	239	249	241	234	243	229	228	-1
1001001000	-2	3696	2945	1065.144	110.125	11.152	188.625	5.36	238.75	7.327	2945.444	238.75	0	0	0	9	9	3607	2972	3696	3358	3241	3217	3046	3370	-2	111	107	124	118	102	125	104	90	-2	193	187	199	190	186	190	181	183	-2	247	239	249	241	234	243	229	228	-1
1001001000	-2	2329	1720.889	664.328	73.75	18.873	160.625	9.246	200.375	8.351	1723.222	200.375	0	0	0	9	9	1835	2274	2245	1594	1753	1623	2329	1837	-2	74	60	108	54	65	102	66	61	-2	166	156	177	154	158	172	151	151	-2	201	200	214	197	199	212	192	188	-1
1001001000	-2	2329	1720.889	664.328	73.75	18.873	160.625	9.246	200.375	8.351	1723.222	200.375	0	0	0	9	9	1835	2274	2245	1594	1753	1623	2329	1837	-2	74	60	108	54	65	102	66	61	-2	166	156	177	154	158	172	151	151	-2	201	200	214	197	199	212	192	188	-1
1001001000	-2	2330	1683.333	640.592	75.125	16.027	157.5	7.858	196.5	6.614	1683.444	196.5	0	0	0	9	9	1545	2330	1941	1801	1749	1996	2163	1627	-2	80	62	103	54	65	97	69	71	-2	163	154	174	153	157	161	150	148	-2	199	197	210	194	195	200	191	186	-1
1001001000	-2	2330	1683.333	640.592	75.125	16.027	157.5	7.858	196.5	6.614	1683.444	196.5	0	0	0	9	9	1545	2330	1941	1801	1749	1996	2163	1627	-2	80	62	103	54	65	97	69	71	-2	163	154	174	153	157	161	150	148	-2	199	197	210	194	195	200	191	186	-1
1001001000	-2	2447	1650.889	652.19	77.625	14.309	156.75	8.303	196.125	7.132	1651	196.125	0	0	0	9	9	1427	2447	2064	1529	1652	1979	1962	1800	-2	81	66	104	63	66	97	70	74	-2	160	157	173	154	159	160	146	145	-2	196	199	210	194	197	200	187	186	-1
1001001000	-2	2447	1650.889	652.19	77.625	14.309	156.75	8.303	196.125	7.132	1651	196.125	0	0	0	9	9	1427	2447	2064	1529	1652	1979	1962	1800	-2	81	66	104	63	66	97	70	74	-2	160	157	173	154	159	160	146	145	-2	196	199	210	194	197	200	187	186	-1
1001001000	-2	2697	1735.778	713.018	77.375	12.845	157.125	7.407	196.75	6.704	1735.889	196.75	0	0	0	9	9	1487	2697	2151	1427	1828	2219	1931	1884	-2	81	70	103	64	66	92	70	73	-2	159	158	171	157	159	160	148	145	-2	195	201	209	196	198	200	189	186	-1
1001001000	-2	2697	1735.778	713.018	77.375	12.845	157.125	7.407	196.75	6.704	1735.889	196.75	0	0	0	9	9	1487	2697	2151	1427	1828	2219	1931	1884	-2	81	70	103	64	66	92	70	73	-2	159	158	171	157	159	160	148	145	-2	195	201	209	196	198	200	189	186	-1
1001001000	-2	2693	1788.889	710.738	77.5	11.737	157.625	7.565	198	6.764	1789.333	198	0	0	0	9	9	1737	2693	2264	1481	1908	2174	1933	1912	-2	81	72	100	65	67	92	70	73	-2	160	160	171	155	160	161	150	144	-2	197	202	209	194	202	202	192	186	-1
1001001000	-2	2693	1788.889	710.738	77.5	11.737	157.625	7.565	198	6.764	1789.333	198	0	0	0	9	9	1737	2693	2264	1481	1908	2174	1933	1912	-2	81	72	100	65	67	92	70	73	-2	160	160	171	155	160	161	150	144	-2	197	202	209	194	202	202	192	186	-1
1001001000	-2	2271	1842	672.568	79	11.705	161.25	7.693	203	7.937	1842.444	203	0	0	0	9	9	1904	2271	2200	1748	2195	2193	1925	2144	-2	81	74	103	70	67	92	70	75	-2	161	169	173	163	162	162	153	147	-2	200	215	213	202	205	204	196	189	-1
1001001000	-2	2271	1842	672.568	79	11.705	161.25	7.693	203	7.937	1842.444	203	0	0	0	9	9	1904	2271	2200	1748	2195	2193	1925	2144	-2	81	74	103	70	67	92	70	75	-2	161	169	173	163	162	162	153	147	-2	200	215	213	202	205	204	196	189	-1
1001001000	-2	2530	1944.333	719.151	80.5	12.339	164.25	5.804	207.25	6.666	1944.556	207.25	0	0	0	9	9	2015	2530	2069	1988	2342	2131	1927	2499	-2	81	74	104	72	67	97	71	78	-2	162	171	173	165	165	166	155	157	-2	204	219	215	205	209	208	200	198	-1
1001001000	-2	2530	1944.333	719.151	80.5	12.339	164.25	5.804	207.25	6.666	1944.556	207.25	0	0	0	9	9	2015	2530	2069	1988	2342	2131	1927	2499	-2	81	74	104	72	67	97	71	78	-2	162	171	173	165	165	166	155	157	-2	204	219	215	205	209	208	200	198	-1
1001001000	-2	2571	2051.667	769.072	83.625	11.989	170.25	5.739	216.375	5.894	2052	216.375	0	0	0	9	9	2571	2560	2029	2556	2361	2375	1764	2251	-2	81	81	105	76	71	101	71	83	-2	173	173	176	173	166	177	160	164	-2	217	224	220	216	214	224	209	207	-1
1001001000	-2	2571	2051.667	769.072	83.625	11.989	170.25	5.739	216.375	5.894	2052	216.375	0	0	0	9	9	2571	2560	2029	2556	2361	2375	1764	2251	-2	81	81	105	76	71	101	71	83	-2	173	173	176	173	166	177	160	164	-2	217	224	220	216	214	224	209	207	-1
1001001000	-2	2867	2085.444	848.327	84.625	11.51	173.125	5.302	220.875	6.508	2085.556	220.875	0	0	0	9	9	2867	2720	1946	2487	2063	2825	1525	2338	-2	81	80	104	84	72	102	71	83	-2	176	175	178	174	170	181	166	165	-2	222	231	223	219	220	228	215	209	-1
1001001000	-2	2867	2085.444	848.327	84.625	11.51	173.125	5.302	220.875	6.508	2085.556	220.875	0	0	0	9	9	2867	2720	1946	2487	2063	2825	1525	2338	-2	81	80	104	84	72	102	71	83	-2	176	175	178	174	170	181	166	165	-2	222	231	223	219	220	228	215	209	-1
1001001000	-2	2970	2154.889	826.148	81.375	11.757	169.75	5.804	216.625	7.035	2155.111	216.625	0	0	0	9	9	2278	2634	2276	2425	2677	2970	1747	2389	-2	80	75	101	72	73	101	70	79	-2	166	175	174	168	166	181	164	164	-2	213	227	219	213	215	228	211	207	-1
1001001000	-2	2970	2154.889	826.148	81.375	11.757	169.75	5.804	216.625	7.035	2155.111	216.625	0	0	0	9	9	2278	2634	2276	2425	2677	2970	1747	2389	-2	80	75	101	72	73	101	70	79	-2	166	175	174	168	166	181	164	164	-2	213	227	219	213	215	228	211	207	-1
1001001000	-2	3013	2294	863.896	33.25	9.107	154	8.617	194.375	8.154	2294.333	194.375	0	0	0	9	9	2008	2728	3013	2220	2476	2738	2870	2595	-2	39	32	53	27	36	32	24	23	-2	157	137	165	159	149	164	151	150	-2	194	178	206	196	196	204	191	190	-1
1001001000	-2	3587	2499.333	959.246	124	5.788	188.25	6.139	227.625	7.793	2499.444	227.625	0	0	0	9	9	3108	2422	3587	2945	2964	2671	2374	2425	-2	125	116	127	129	132	126	114	123	-2	193	183	201	189	187	189	184	180	-2	233	220	244	227	230	227	222	218	-1
1001001000	-2	4429	3307.667	1240.003	123.875	6.193	194.125	5.819	245.5	7.517	3308.111	245.5	0	0	0	9	9	4429	3245	4009	4210	3678	3491	3621	3088	-2	124	121	130	130	130	127	115	114	-2	197	192	207	196	192	193	190	186	-2	249	241	262	247	243	245	243	234	-1
1001001000	-2	4429	3307.667	1240.003	123.875	6.193	194.125	5.819	245.5	7.517	3308.111	245.5	0	0	0	9	9	4429	3245	4009	4210	3678	3491	3621	3088	-2	124	121	130	130	130	127	115	114	-2	197	192	207	196	192	193	190	186	-2	249	241	262	247	243	245	243	234	-1
1001001000	-2	3591	2814.333	1054.79	101	11.034	182.375	6.499	229.375	7.347	2814.556	229.375	0	0	0	9	9	3381	2793	3591	3490	2544	3459	3274	2799	-2	106	97	122	95	97	113	91	87	-2	185	182	195	186	176	185	176	174	-2	232	232	240	234	224	235	221	217	-1
1001001000	-2	3591	2814.333	1054.79	101	11.034	182.375	6.499	229.375	7.347	2814.556	229.375	0	0	0	9	9	3381	2793	3591	3490	2544	3459	3274	2799	-2	106	97	122	95	97	113	91	87	-2	185	182	195	186	176	185	176	174	-2	232	232	240	234	224	235	221	217	-1
1001001000	-2	2468	1864.889	720.32	57.875	24.817	149.75	10.509	190.375	9.096	1865.444	190.375	0	0	0	9	9	1572	2318	2101	2279	2381	1964	2468	1703	-2	51	52	102	38	47	96	48	29	-2	148	142	173	143	152	158	139	143	-2	186	188	211	188	190	197	180	183	-1
1001001000	-2	2468	1864.889	720.32	57.875	24.817	149.75	10.509	190.375	9.096	1865.444	190.375	0	0	0	9	9	1572	2318	2101	2279	2381	1964	2468	1703	-2	51	52	102	38	47	96	48	29	-2	148	142	173	143	152	158	139	143	-2	186	188	211	188	190	197	180	183	-1
1001001000	-2	2273	1749.556	682.07	59.625	22.293	149.875	9.816	189.5	7.263	1750.444	189.5	0	0	0	9	9	1494	2273	1531	2215	2055	2156	2256	1768	-2	57	53	99	38	47	95	42	46	-2	158	145	166	142	153	158	135	142	-2	194	188	203	185	190	195	179	182	-1
1001001000	-2	2273	1749.556	682.07	59.625	22.293	149.875	9.816	189.5	7.263	1750.444	189.5	0	0	0	9	9	1494	2273	1531	2215	2055	2156	2256	1768	-2	57	53	99	38	47	95	42	46	-2	158	145	166	142	153	158	135	142	-2	194	188	203	185	190	195	179	182	-1
1001001000	-2	2233	1612.556	647.578	63.75	18.492	149.5	9.341	188.875	7.061	1612.889	188.875	0	0	0	9	9	1221	2025	1480	1858	1824	2233	2188	1686	-2	57	55	97	39	62	90	50	60	-2	156	147	164	141	156	156	135	141	-2	191	189	201	184	193	194	178	181	-1
1001001000	-2	2233	1612.556	647.578	63.75	18.492	149.5	9.341	188.875	7.061	1612.889	188.875	0	0	0	9	9	1221	2025	1480	1858	1824	2233	2188	1686	-2	57	55	97	39	62	90	50	60	-2	156	147	164	141	156	156	135	141	-2	191	189	201	184	193	194	178	181	-1
1001001000	-2	2255	1652.444	629.466	63.5	16.217	146.375	7.921	187.125	6.274	1652.667	187.125	0	0	0	9	9	1528	2059	1474	1936	1800	2255	1818	2004	-2	57	60	93	43	63	86	49	57	-2	151	146	160	139	148	153	134	140	-2	188	189	198	182	190	192	178	180	-1
1001001000	-2	2255	1652.444	629.466	63.5	16.217	146.375	7.921	187.125	6.274	1652.667	187.125	0	0	0	9	9	1528	2059	1474	1936	1800	2255	1818	2004	-2	57	60	93	43	63	86	49	57	-2	151	146	160	139	148	153	134	140	-2	188	189	198	182	190	192	178	180	-1
1001001000	-2	2251	1681.111	630.109	65.625	16.324	150	7.55	190.625	6.122	1682	190.625	0	0	0	9	9	1711	1965	1662	1678	1878	2217	1770	2251	-2	58	62	97	50	63	87	61	47	-2	151	147	163	150	156	154	138	141	-2	190	190	201	190	196	194	181	183	-1
1001001000	-2	2251	1681.111	630.109	65.625	16.324	150	7.55	190.625	6.122	1682	190.625	0	0	0	9	9	1711	1965	1662	1678	1878	2217	1770	2251	-2	58	62	97	50	63	87	61	47	-2	151	147	163	150	156	154	138	141	-2	190	190	201	190	196	194	181	183	-1
1001001000	-2	2466	1808.444	691.537	68.25	15.106	154.5	6.982	196.375	6.224	1810.667	196.375	0	0	0	9	9	1791	2466	1965	1576	2183	2336	1844	2117	-2	59	67	98	51	64	87	65	55	-2	153	155	166	154	160	159	146	143	-2	194	199	206	195	202	200	188	187	-1
1001001000	-2	2466	1808.444	691.537	68.25	15.106	154.5	6.982	196.375	6.224	1810.667	196.375	0	0	0	9	9	1791	2466	1965	1576	2183	2336	1844	2117	-2	59	67	98	51	64	87	65	55	-2	153	155	166	154	160	159	146	143	-2	194	199	206	195	202	200	188	187	-1
1001001000	-2	2606	1903.333	749.161	70.5	15.851	157.625	7.432	200.75	6.924	1904.778	200.75	0	0	0	9	9	2182	2577	1992	1462	2606	2191	1887	2235	-2	60	70	98	51	64	95	65	61	-2	161	161	168	156	161	162	148	144	-2	202	207	210	197	205	204	192	189	-1
1001001000	-2	2606	1903.333	749.161	70.5	15.851	157.625	7.432	200.75	6.924	1904.778	200.75	0	0	0	9	9	2182	2577	1992	1462	2606	2191	1887	2235	-2	60	70	98	51	64	95	65	61	-2	161	161	168	156	161	162	148	144	-2	202	207	210	197	205	204	192	189	-1
1001001000	-2	2919	1790	933.083	72.5	14.56	161.5	7.382	207.375	7.052	1790	207.375	0	0	0	9	9	2299	2228	2130	264	2919	1842	2002	2428	-2	62	71	95	60	65	99	61	67	-2	164	165	170	156	166	169	154	148	-2	207	214	214	201	213	214	201	195	-1
1002001000	-2	3254	1633	1054.071	66.625	14.142	158.143	7.53	191.125	39.244	1634.889	191.125	0	0	1	9	9	2134	2267	0	881	3254	1904	1778	2481	-2	60	68	74	51	66	99	53	62	-2	154	163	-2	157	166	169	151	147	-2	202	212	89	202	214	216	199	195	-1
1002001000	-2	3254	1633	1054.071	66.625	14.142	158.143	7.53	191.125	39.244	1634.889	191.125	0	0	1	9	9	2134	2267	0	881	3254	1904	1778	2481	-2	60	68	74	51	66	99	53	62	-2	154	163	-2	157	166	169	151	147	-2	202	212	89	202	214	216	199	195	-1
1001001000	-2	3030	1943.556	788.696	59.875	16.937	155.75	6.514	201.125	6.412	1944.778	201.125	0	0	0	9	9	2330	1948	1901	1630	3030	2252	1923	2480	-2	59	64	71	48	66	92	32	47	-2	152	159	162	155	160	165	147	146	-2	198	207	205	199	207	209	193	191	-1
1001001000	-2	3846	2882.556	1079.309	14.75	3.897	124.5	9.772	177.625	6.707	2882.778	177.625	0	0	0	9	9	2824	3477	2752	2941	3682	3247	3846	3176	-2	15	13	17	9	22	10	17	15	-2	131	103	131	130	122	137	121	121	-2	182	163	185	179	177	185	176	174	-1
1001001000	-2	3846	2882.556	1079.309	14.75	3.897	124.5	9.772	177.625	6.707	2882.778	177.625	0	0	0	9	9	2824	3477	2752	2941	3682	3247	3846	3176	-2	15	13	17	9	22	10	17	15	-2	131	103	131	130	122	137	121	121	-2	182	163	185	179	177	185	176	174	-1
1001001000	-2	3232	2183.111	913.398	119.375	7.952	182.25	7.224	218.375	7.889	2183.667	218.375	0	0	0	9	9	2268	2125	2645	2629	3232	2961	2364	1426	-2	118	105	126	124	128	128	114	112	-2	185	178	198	182	180	186	176	173	-2	218	211	234	216	222	225	213	208	-1
1001001000	-2	3035	2175.111	840.869	118.125	6.972	182.5	7.053	220	8.588	2175.222	220	0	0	0	9	9	2456	2242	3035	2413	2995	2296	2204	1937	-2	116	114	125	121	127	124	113	105	-2	186	180	198	182	179	185	177	173	-2	224	215	239	217	220	223	213	209	-1
1001001000	-2	4291	3218.333	1210.874	118.25	6.418	190.625	6.102	241.875	7.407	3218.556	241.875	0	0	0	9	9	3619	3130	4192	4291	3466	3481	3822	2966	-2	112	118	126	121	125	124	112	108	-2	192	185	204	194	183	191	189	187	-2	242	233	258	243	235	246	242	236	-1
1001001000	-2	3310	2607.333	966.473	93	13.82	174.375	6.726	218.875	7.737	2607.556	218.875	0	0	0	9	9	2889	3154	2926	2547	3310	3236	3025	2381	-2	94	73	118	86	91	111	88	83	-2	173	173	187	177	171	181	169	164	-2	216	219	231	225	216	226	213	205	-1
1001001000	-2	3310	2607.333	966.473	93	13.82	174.375	6.726	218.875	7.737	2607.556	218.875	0	0	0	9	9	2889	3154	2926	2547	3310	3236	3025	2381	-2	94	73	118	86	91	111	88	83	-2	173	173	187	177	171	181	169	164	-2	216	219	231	225	216	226	213	205	-1
1001001000	-2	2996	1976.111	764.584	44.75	23.784	136.875	13.824	178.5	11.79	1976.889	178.5	0	0	0	9	9	2154	1997	1951	2996	2292	2064	2385	1948	-2	47	42	71	27	39	92	17	23	-2	134	133	162	133	134	156	124	119	-2	175	178	200	178	173	194	164	166	-1
1001001000	-2	2996	1976.111	764.584	44.75	23.784	136.875	13.824	178.5	11.79	1976.889	178.5	0	0	0	9	9	2154	1997	1951	2996	2292	2064	2385	1948	-2	47	42	71	27	39	92	17	23	-2	134	133	162	133	134	156	124	119	-2	175	178	200	178	173	194	164	166	-1
1002001000	-2	2910	1680	970.043	46.875	22.212	135.571	8.483	166	30.935	1681.111	166	0	0	1	9	9	1699	1982	0	2571	1686	2162	2910	2112	-2	50	49	71	33	43	88	15	26	-2	135	131	-2	137	135	154	124	133	-2	178	176	86	181	175	191	166	175	-1
1002001000	-2	2910	1680	970.043	46.875	22.212	135.571	8.483	166	30.935	1681.111	166	0	0	1	9	9	1699	1982	0	2571	1686	2162	2910	2112	-2	50	49	71	33	43	88	15	26	-2	135	131	-2	137	135	154	124	133	-2	178	176	86	181	175	191	166	175	-1
1001001000	-2	2517	1704.889	696.721	53.25	22.078	140.625	10.676	182.5	9.192	1705.667	182.5	0	0	0	9	9	1812	1905	1301	2158	1455	2136	2517	2062	-2	51	51	88	38	45	89	22	42	-2	137	135	161	139	137	155	127	134	-2	178	180	200	182	178	195	172	175	-1
1001001000	-2	2517	1704.889	696.721	53.25	22.078	140.625	10.676	182.5	9.192	1705.667	182.5	0	0	0	9	9	1812	1905	1301	2158	1455	2136	2517	2062	-2	51	51	88	38	45	89	22	42	-2	137	135	161	139	137	155	127	134	-2	178	180	200	182	178	195	172	175	-1
1002001000	-2	2548	1693.333	916.916	48	20.718	133.143	8.096	165.25	30.153	1693.444	165.25	0	0	1	9	9	2033	2043	0	2095	2153	2206	2548	2164	-2	51	49	71	37	42	85	13	36	-2	138	129	-2	135	135	148	125	122	-2	179	175	87	179	177	188	169	168	-1
1002001000	-2	2548	1693.333	916.916	48	20.718	133.143	8.096	165.25	30.153	1693.444	165.25	0	0	1	9	9	2033	2043	0	2095	2153	2206	2548	2164	-2	51	49	71	37	42	85	13	36	-2	138	129	-2	135	135	148	125	122	-2	179	175	87	179	177	188	169	168	-1
1002001000	-2	2284	1645.111	887.806	48.5	21.708	136.143	7.882	168.25	30.918	1645.444	168.25	0	0	1	9	9	2029	1883	0	2246	2284	2149	2014	2203	-2	52	52	73	39	38	86	11	37	-2	141	134	-2	138	138	150	127	125	-2	181	178	88	183	182	191	173	170	-1
1002001000	-2	2284	1645.111	887.806	48.5	21.708	136.143	7.882	168.25	30.918	1645.444	168.25	0	0	1	9	9	2029	1883	0	2246	2284	2149	2014	2203	-2	52	52	73	39	38	86	11	37	-2	141	134	-2	138	138	150	127	125	-2	181	178	88	183	182	191	173	170	-1
1002001000	-2	2300	1579.778	860.026	50.5	21.325	140.429	7.423	173.375	32.741	1580.111	173.375	0	0	1	9	9	2300	2030	0	1979	1996	2142	1662	2111	-2	57	54	73	44	39	85	10	42	-2	146	138	-2	138	141	155	131	134	-2	188	184	88	185	188	197	178	179	-1
1002001000	-2	2300	1579.778	860.026	50.5	21.325	140.429	7.423	173.375	32.741	1580.111	173.375	0	0	1	9	9	2300	2030	0	1979	1996	2142	1662	2111	-2	57	54	73	44	39	85	10	42	-2	146	138	-2	138	141	155	131	134	-2	188	184	88	185	188	197	178	179	-1
1002001000	-2	2438	1560.111	867.915	52.25	21.111	146	8.485	179.375	34.688	1561.111	179.375	0	0	1	9	9	2193	1896	0	1818	2057	2438	1527	2114	-2	58	56	73	46	46	86	10	43	-2	150	144	-2	149	145	162	133	139	-2	194	192	89	194	194	204	182	186	-1
1002001000	-2	2438	1560.111	867.915	52.25	21.111	146	8.485	179.375	34.688	1561.111	179.375	0	0	1	9	9	2193	1896	0	1818	2057	2438	1527	2114	-2	58	56	73	46	46	86	10	43	-2	150	144	-2	149	145	162	133	139	-2	194	192	89	194	194	204	182	186	-1
1002001000	-2	2442	1364.111	876.071	49.875	21.098	145.286	7.959	179.875	34.898	1364.556	179.875	0	0	1	9	9	2083	1024	0	948	2130	2442	1510	2142	-2	54	53	71	40	45	85	9	42	-2	147	146	-2	145	144	162	135	138	-2	193	195	89	192	194	206	184	186	-1
1002001000	-2	2442	1364.111	876.071	49.875	21.098	145.286	7.959	179.875	34.898	1364.556	179.875	0	0	1	9	9	2083	1024	0	948	2130	2442	1510	2142	-2	54	53	71	40	45	85	9	42	-2	147	146	-2	145	144	162	135	138	-2	193	195	89	192	194	206	184	186	-1
1001001000	-2	2323	1776.667	704.393	51	21.296	148.75	8.786	195.875	7.407	1777	195.875	0	0	0	9	9	2274	1346	1914	1866	2277	2323	1682	2310	-2	53	51	72	45	47	88	10	42	-2	148	147	161	151	143	163	136	141	-2	195	197	205	196	194	208	184	188	-1
1001001000	-2	2323	1776.667	704.393	51	21.296	148.75	8.786	195.875	7.407	1777	195.875	0	0	0	9	9	2274	1346	1914	1866	2277	2323	1682	2310	-2	53	51	72	45	47	88	10	42	-2	148	147	161	151	143	163	136	141	-2	195	197	205	196	194	208	184	188	-1
1001001000	-2	5198	4001	1457.31	12.125	3.1	118.875	7.253	196.25	6.572	4001.222	196.25	0	0	0	9	9	4373	4621	4097	4518	4528	3918	4758	5198	-2	12	11	12	8	19	9	13	13	-2	126	103	121	124	120	126	113	118	-2	203	182	204	198	192	199	194	198	-1
1001001000	-2	3287	2454.333	930.358	18.25	4.63	117.375	9.164	163.5	7.018	2454.667	163.5	0	0	0	9	9	2281	3287	2713	2512	2968	2324	3203	2803	-2	23	20	20	10	25	13	18	17	-2	120	102	125	120	119	133	108	112	-2	167	152	175	163	164	171	158	158	-1
1001001000	-2	4195	2855.333	1085.273	108.25	8.729	181.125	5.51	227.25	5.117	2855.778	227.25	0	0	0	9	9	2785	3339	3297	2880	4195	3257	3067	2880	-2	105	105	124	103	115	114	107	93	-2	178	185	193	179	177	184	175	178	-2	227	230	238	222	226	230	224	221	-1
1001001000	-2	4195	2855.333	1085.273	108.25	8.729	181.125	5.51	227.25	5.117	2855.778	227.25	0	0	0	9	9	2785	3339	3297	2880	4195	3257	3067	2880	-2	105	105	124	103	115	114	107	93	-2	178	185	193	179	177	184	175	178	-2	227	230	238	222	226	230	224	221	-1
1001001000	-2	2775	2159	809.003	82.875	16.534	165.875	6.79	208.125	6.547	2159.333	208.125	0	0	0	9	9	2499	2598	2332	2187	2775	2562	2644	1836	-2	79	69	114	70	81	107	72	71	-2	164	164	179	163	164	175	159	159	-2	204	208	221	210	204	215	203	200	-1
1001001000	-2	2775	2159	809.003	82.875	16.534	165.875	6.79	208.125	6.547	2159.333	208.125	0	0	0	9	9	2499	2598	2332	2187	2775	2562	2644	1836	-2	79	69	114	70	81	107	72	71	-2	164	164	179	163	164	175	159	159	-2	204	208	221	210	204	215	203	200	-1
1001001000	-2	2886	2186	819.277	36.75	17.275	129.5	13.058	173.375	10.999	2186.556	173.375	0	0	0	9	9	2880	2523	2478	2355	2375	2079	2886	2100	-2	45	39	59	19	35	63	13	21	-2	129	129	156	119	125	144	119	115	-2	172	174	196	168	167	185	160	165	-1
1001001000	-2	2886	2186	819.277	36.75	17.275	129.5	13.058	173.375	10.999	2186.556	173.375	0	0	0	9	9	2880	2523	2478	2355	2375	2079	2886	2100	-2	45	39	59	19	35	63	13	21	-2	129	129	156	119	125	144	119	115	-2	172	174	196	168	167	185	160	165	-1
1002001000	-2	2982	1736	976.825	39.125	20.515	125	8.848	158.875	27.908	1736.222	158.875	0	0	1	9	9	2209	2341	0	1960	2267	1955	2982	1912	-2	46	41	59	21	35	78	12	21	-2	128	128	-2	119	125	143	118	114	-2	171	172	87	167	168	183	162	161	-1
1002001000	-2	2982	1736	976.825	39.125	20.515	125	8.848	158.875	27.908	1736.222	158.875	0	0	1	9	9	2209	2341	0	1960	2267	1955	2982	1912	-2	46	41	59	21	35	78	12	21	-2	128	128	-2	119	125	143	118	114	-2	171	172	87	167	168	183	162	161	-1
1002001000	-2	2115	1318.778	760.448	39.875	20.454	125.714	9.765	160	27.726	1598.333	160	0	0	1	9	9	1499	2000	0	1925	2115	1287	1259	1786	-2	46	43	55	27	35	81	11	21	-2	129	128	-2	120	125	146	119	113	-2	172	172	89	168	168	186	164	161	-1
1001001000	-2	2308	1731.778	660.411	37.125	21.814	126.125	13.186	170.375	9.899	1733.778	170.375	0	0	0	9	9	1666	2308	1650	2227	2102	1723	2172	1740	-2	45	43	55	19	25	80	8	22	-2	128	126	148	114	123	145	116	109	-2	170	171	187	164	167	185	161	158	-1
1001001000	-2	2308	1731.778	660.411	37.125	21.814	126.125	13.186	170.375	9.899	1733.778	170.375	0	0	0	9	9	1666	2308	1650	2227	2102	1723	2172	1740	-2	45	43	55	19	25	80	8	22	-2	128	126	148	114	123	145	116	109	-2	170	171	187	164	167	185	161	158	-1
1003001000	-2	2346	1406.333	1005.597	37.375	24.062	127.333	10.044	143.875	52.71	1408.111	143.875	0	0	2	9	9	2191	2128	0	2114	0	1750	2346	2130	-2	46	44	63	27	8	80	8	23	-2	131	128	-2	122	-2	147	119	117	-2	174	173	89	170	26	188	166	165	-1
1003001000	-2	2346	1406.333	1005.597	37.375	24.062	127.333	10.044	143.875	52.71	1408.111	143.875	0	0	2	9	9	2191	2128	0	2114	0	1750	2346	2130	-2	46	44	63	27	8	80	8	23	-2	131	128	-2	122	-2	147	119	117	-2	174	173	89	170	26	188	166	165	-1
1002001000	-2	2735	1771.778	971.412	37.375	22.045	129.286	9.129	165.125	29.489	1773	165.125	0	0	1	9	9	2492	1975	0	2127	2300	2077	2735	2242	-2	46	45	56	29	11	78	8	26	-2	132	130	-2	124	129	149	122	119	-2	178	176	89	174	175	191	170	168	-1
1002001000	-2	2736	1771.889	971.522	37.375	22.045	129.286	9.129	165.125	29.489	1773	165.125	0	0	1	9	9	2492	1975	0	2127	2300	2077	2736	2242	-2	46	45	56	29	11	78	8	26	-2	132	130	-2	124	129	149	122	119	-2	178	176	89	174	175	191	170	168	-1
1001001000	-2	2771	2060.333	772.275	40.875	22.054	138.25	10.232	185.125	8.506	2061.333	185.125	0	0	0	9	9	2771	1877	2067	2368	2602	2166	2269	2425	-2	45	49	63	35	16	80	9	30	-2	136	134	156	137	134	154	127	128	-2	183	182	199	185	184	198	175	175	-1
1001001000	-2	2771	2060.333	772.275	40.875	22.054	138.25	10.232	185.125	8.506	2061.333	185.125	0	0	0	9	9	2771	1877	2067	2368	2602	2166	2269	2425	-2	45	49	63	35	16	80	9	30	-2	136	134	156	137	134	154	127	128	-2	183	182	199	185	184	198	175	175	-1
1001001000	-2	2609	2004.333	766.657	38.375	19.773	134	11.969	181.75	9.484	2005.333	181.75	0	0	0	9	9	2491	1884	2012	1754	2609	2269	2537	2485	-2	43	45	52	29	18	77	9	34	-2	132	133	154	128	132	152	118	123	-2	180	181	197	177	182	196	169	172	-1
1001001000	-2	2609	2004.333	766.657	38.375	19.773	134	11.969	181.75	9.484	2005.333	181.75	0	0	0	9	9	2491	1884	2012	1754	2609	2269	2537	2485	-2	43	45	52	29	18	77	9	34	-2	132	133	154	128	132	152	118	123	-2	180	181	197	177	182	196	169	172	-1
1001001000	-2	2631	1883	753.764	33.5	19.013	131.625	12.815	179.125	9.905	1888.222	179.125	0	0	0	9	9	1907	1672	2286	1464	2442	2264	2631	2283	-2	34	42	31	27	17	77	9	31	-2	124	133	152	128	129	152	116	119	-2	174	181	194	176	178	195	167	168	-1
1001001000	-2	3510	2613.333	956	10.75	3.152	89.75	7.259	142.75	7.949	2614.333	142.75	0	0	0	9	9	3510	2971	2899	3076	2726	2977	2639	2724	-2	11	9	11	7	18	8	12	10	-2	100	82	96	84	89	100	83	84	-2	149	131	153	141	141	154	134	139	-1
1001001000	-2	3510	2613.333	956	10.75	3.152	89.75	7.259	142.75	7.949	2614.333	142.75	0	0	0	9	9	3510	2971	2899	3076	2726	2977	2639	2724	-2	11	9	11	7	18	8	12	10	-2	100	82	96	84	89	100	83	84	-2	149	131	153	141	141	154	134	139	-1
1001001000	-2	2953	2037.889	941.001	67.875	22.464	149.875	8.238	188.875	8.146	2038.222	188.875	0	0	0	9	9	2953	2537	2887	2563	884	1759	2582	2178	-2	76	53	102	57	61	98	67	29	-2	156	148	164	150	142	157	145	137	-2	195	190	202	188	176	196	184	180	-1
1001001000	-2	3073	2073.333	865.665	49.75	16.177	141.875	8.922	186.5	8.17	2073.556	186.5	0	0	0	9	9	2191	1942	3058	2497	1627	1978	3073	2296	-2	52	46	73	39	44	76	44	24	-2	137	136	159	137	140	155	137	134	-2	183	182	202	187	180	198	179	181	-1
1001001000	-2	2740	2157.444	788.779	31.625	12.549	123.75	12.657	169	10.607	2157.556	169	0	0	0	9	9	2698	2558	2462	2128	2215	2336	2740	2282	-2	43	38	47	18	29	45	13	20	-2	125	121	146	117	123	140	113	105	-2	170	167	188	166	165	183	157	156	-1
1001001000	-2	2637	2047.444	757.788	31.625	12.549	123.75	12.657	169	10.607	2157.556	169	0	0	0	9	9	2637	2423	2411	2083	2176	1890	2562	2247	-2	43	38	47	18	29	45	13	20	-2	125	121	146	117	123	140	113	105	-2	170	167	188	166	165	183	157	156	-1
1001001000	-2	2167	1680	617.33	28.375	11.968	116.25	12.647	162.625	9.499	1680.444	162.625	0	0	0	9	9	1874	2046	1778	1551	1990	2167	1914	1802	-2	42	35	42	18	27	38	9	16	-2	118	117	137	108	116	133	101	100	-2	165	163	178	161	161	174	149	150	-1
1001001000	-2	2167	1680	617.33	28.375	11.968	116.25	12.647	162.625	9.499	1680.444	162.625	0	0	0	9	9	1874	2046	1778	1551	1990	2167	1914	1802	-2	42	35	42	18	27	38	9	16	-2	118	117	137	108	116	133	101	100	-2	165	163	178	161	161	174	149	150	-1
1001001000	-2	2124	1624.556	648.203	26.5	12.845	112.25	11.691	159.125	8.667	1625.111	159.125	0	0	0	9	9	2050	1813	1739	1972	1045	2124	1964	1916	-2	41	37	41	17	17	37	8	14	-2	110	114	130	105	107	132	100	100	-2	157	160	172	158	156	173	148	149	-1
1001001000	-2	2038	1474	625.602	26.5	12.845	112.25	11.691	159.125	8.667	1625.111	159.125	0	0	0	9	9	1982	1701	1595	1915	878	2038	1325	1834	-2	41	37	41	17	17	37	8	14	-2	110	114	130	105	107	132	100	100	-2	157	160	172	158	156	173	148	149	-1
1001001000	-2	2319	1338.222	771.257	24.875	13.642	111.25	11.421	158.625	8.169	1549.111	158.625	0	0	0	9	9	1966	1606	1552	2319	112	1875	927	1689	-2	39	35	41	17	7	37	7	16	-2	111	113	129	104	103	130	100	100	-2	159	157	172	158	153	171	150	149	-1
1001001000	-2	2428	1545.889	821.099	24.875	13.642	111.25	11.421	158.625	8.169	1549.111	158.625	0	0	0	9	9	2089	1728	1735	2428	112	2000	1923	1900	-2	39	35	41	17	7	37	7	16	-2	111	113	129	104	103	130	100	100	-2	159	157	172	158	153	171	150	149	-1
1001001000	-2	2377	1541.889	844.21	24.75	12.527	111.875	11.942	156.75	13.8	1547	156.75	0	0	1	9	9	2149	1894	1743	2377	0	2031	1880	1805	-2	35	36	38	18	7	37	7	20	-2	112	113	129	104	103	133	101	100	-2	160	158	172	159	127	175	152	151	-1
1001001000	-2	2377	1541.889	844.21	24.75	12.527	111.875	11.942	156.75	13.8	1547	156.75	0	0	1	9	9	2149	1894	1743	2377	0	2031	1880	1805	-2	35	36	38	18	7	37	7	20	-2	112	113	129	104	103	133	101	100	-2	160	158	172	159	127	175	152	151	-1
1001001000	-2	2426	1525.778	850.147	23.875	11.185	114.375	11.81	160.125	13.869	1531.111	160.125	0	0	1	9	9	2238	1866	1681	2426	0	1739	2081	1703	-2	33	37	37	18	8	29	8	21	-2	116	115	131	108	105	135	102	103	-2	166	161	175	161	130	178	156	154	-1
1001001000	-2	2426	1525.778	850.147	23.875	11.185	114.375	11.81	160.125	13.869	1531.111	160.125	0	0	1	9	9	2238	1866	1681	2426	0	1739	2081	1703	-2	33	37	37	18	8	29	8	21	-2	116	115	131	108	105	135	102	103	-2	166	161	175	161	130	178	156	154	-1
1002001000	-2	2417	1508.778	833.658	23.75	10.744	118.857	13.054	153.75	36.612	1512.778	153.75	0	0	1	9	9	2059	1895	1793	2417	0	1732	2024	1661	-2	24	39	31	19	10	37	8	22	-2	117	118	136	111	-2	140	104	106	-2	168	163	180	163	60	183	157	156	-1
1002001000	-2	2417	1509.333	833.849	23.75	10.744	118.857	13.054	153.75	36.612	1512.778	153.75	0	0	1	9	9	2059	1895	1798	2417	0	1732	2024	1661	-2	24	39	31	19	10	37	8	22	-2	117	118	136	111	-2	140	104	106	-2	168	163	180	163	60	183	157	156	-1
1001001000	-2	2365	1558.667	845.01	20.625	8.703	113.375	12.318	162.875	8.343	1564.667	162.875	0	0	0	9	9	2365	1921	1700	2328	66	2069	1817	1764	-2	18	36	24	20	9	28	8	22	-2	110	117	131	106	105	135	100	103	-2	162	162	175	159	158	178	154	155	-1
1001001000	-2	2694	2040.556	753.759	17.125	5.158	102.875	10.179	145.5	7.583	2040.667	145.5	0	0	0	9	9	2299	2271	2694	2255	1877	2092	2459	2420	-2	22	17	22	10	25	12	17	12	-2	106	96	116	100	95	121	100	89	-2	148	140	157	142	141	158	142	136	-1
1001001000	-2	2683	2119.889	772.468	43.5	12.952	135	8.201	180.25	7.207	2160.111	180.25	0	0	0	9	9	2416	2088	2683	2540	2395	2081	2390	2488	-2	50	42	66	40	39	57	31	23	-2	134	135	147	135	133	147	128	121	-2	180	180	191	184	173	190	171	173	-1
1001001000	-2	2340	1797.111	697.363	23.625	10.049	109.125	12.444	156.5	9.708	1863.778	156.5	0	0	0	9	9	2182	2186	2017	1345	2086	2340	1766	2254	-2	38	32	36	16	20	24	9	14	-2	108	114	131	103	105	124	95	93	-2	158	160	173	156	153	166	143	143	-1
1001001000	-2	2398	1863.444	719.944	23.625	10.049	109.125	12.444	156.5	9.708	1863.778	156.5	0	0	0	9	9	2216	2398	2033	1382	2117	2367	1965	2295	-2	38	32	36	16	20	24	9	14	-2	108	114	131	103	105	124	95	93	-2	158	160	173	156	153	166	143	143	-1
1001001000	-2	2135	1643.889	609.777	19.5	8.846	103.375	12.308	151.125	8.936	1644.333	151.125	0	0	0	9	9	2135	1828	1679	1601	1620	1963	1877	2094	-2	32	31	24	15	11	24	8	11	-2	105	109	121	92	101	121	91	87	-2	153	154	165	148	149	162	141	137	-1
1001001000	-2	2135	1643.889	609.777	19.5	8.846	103.375	12.308	151.125	8.936	1644.333	151.125	0	0	0	9	9	2135	1828	1679	1601	1620	1963	1877	2094	-2	32	31	24	15	11	24	8	11	-2	105	109	121	92	101	121	91	87	-2	153	154	165	148	149	162	141	137	-1
1001001000	-2	2256	1593.111	616.408	17.125	7.079	98.5	10.77	146	7.81	1595.222	146	0	0	0	9	9	2256	1884	2032	1661	1339	1613	1675	1880	-2	23	27	22	15	9	23	7	11	-2	99	103	115	91	96	113	89	82	-2	147	148	159	145	144	154	139	132	-1
1001001000	-2	2181	1505.111	594.516	17.125	7.079	98.5	10.77	146	7.81	1595.222	146	0	0	0	9	9	2181	1848	1876	1646	1225	1565	1408	1799	-2	23	27	22	15	9	23	7	11	-2	99	103	115	91	96	113	89	82	-2	147	148	159	145	144	154	139	132	-1
1001001000	-2	2481	1538.667	715.173	16.875	7.557	99	9.95	146.875	7.322	1540.333	146.875	0	0	0	9	9	2481	1911	2032	1784	647	1567	1569	1859	-2	22	28	22	15	6	23	7	12	-2	99	103	115	92	94	113	90	86	-2	148	147	159	146	144	156	140	135	-1
1001001000	-2	2481	1538.667	715.173	16.875	7.557	99	9.95	146.875	7.322	1540.333	146.875	0	0	0	9	9	2481	1911	2032	1784	647	1567	1569	1859	-2	22	28	22	15	6	23	7	12	-2	99	103	115	92	94	113	90	86	-2	148	147	159	146	144	156	140	135	-1
1001001000	-2	2615	1576.333	786.449	16.625	7.21	99.5	10.583	148.375	7.841	1577	148.375	0	0	0	9	9	2615	1986	2097	1765	411	1602	1800	1913	-2	20	27	22	16	6	23	7	12	-2	99	101	116	91	93	117	90	89	-2	149	147	162	145	143	160	142	139	-1
1001001000	-2	2545	1579.556	808.208	15.625	6.594	100.125	11.263	149.5	8.231	1580.333	149.5	0	0	0	9	9	2545	2054	2131	1873	300	1538	1878	1899	-2	16	27	17	16	7	23	7	12	-2	96	102	117	93	94	120	89	90	-2	148	148	163	147	145	163	142	140	-1
1001001000	-2	2545	1579.556	808.208	15.625	6.594	100.125	11.263	149.5	8.231	1580.333	149.5	0	0	0	9	9	2545	2054	2131	1873	300	1538	1878	1899	-2	16	27	17	16	7	23	7	12	-2	96	102	117	93	94	120	89	90	-2	148	148	163	147	145	163	142	140	-1
1001001000	-2	2563	1539.444	811.197	16.375	6.945	99.875	12.036	150.125	8.477	1539.111	150.125	0	0	0	9	9	2563	1888	2052	1889	198	1761	1591	1915	-2	15	28	20	17	8	24	7	12	-2	97	101	116	94	94	122	84	91	-2	150	148	162	149	146	165	139	142	-1
1001001000	-2	2563	1539.444	811.197	16.375	6.945	99.875	12.036	150.125	8.477	1539.111	150.125	0	0	0	9	9	2563	1888	2052	1889	198	1761	1591	1915	-2	15	28	20	17	8	24	7	12	-2	97	101	116	94	94	122	84	91	-2	150	148	162	149	146	165	139	142	-1
1001001000	-2	2761	1978.556	769.03	19.25	4.465	106.75	8.671	150	6.982	2016.222	150	0	0	0	9	9	2030	2469	2377	1973	1576	2279	2761	2344	-2	22	19	28	15	23	16	17	14	-2	108	107	119	103	97	119	108	93	-2	150	151	161	145	143	158	153	139	-1
1001001000	-2	2934	2312.778	851.372	29.25	8.422	119.875	8.161	167	6.364	2404.556	167	0	0	0	9	9	2751	2574	2313	2195	2592	2934	2528	2930	-2	35	36	41	35	28	24	15	20	-2	118	129	131	116	121	126	113	105	-2	167	174	174	169	163	173	160	156	-1
1001001000	-2	2315	1772.778	683.363	15.375	4.82	94.5	10.012	142.75	7.902	1867.444	142.75	0	0	0	9	9	2315	2176	2128	1596	2206	1460	1958	2118	-2	20	19	20	15	11	20	7	11	-2	95	103	109	88	92	106	81	82	-2	146	149	154	142	140	149	131	131	-1
1001001000	-2	2298	1772.778	681.955	15.375	4.82	94.5	10.012	142.75	7.902	1867.444	142.75	0	0	0	9	9	2298	2173	2106	1584	2259	1499	1918	2120	-2	20	19	20	15	11	20	7	11	-2	95	103	109	88	92	106	81	82	-2	146	149	154	142	140	149	131	131	-1
1001001000	-2	2237	1603.111	665.237	12.75	3.631	87.625	8.901	135.75	6.887	1603.556	135.75	0	0	0	9	9	2109	1839	2237	1630	1817	943	1913	1942	-2	16	17	15	13	9	16	7	9	-2	88	92	103	80	85	98	78	77	-2	137	140	148	131	133	142	129	126	-1
1001001000	-2	4008	2802	1084.718	7.5	1.225	68.625	4.211	129	7	2888.333	129	0	0	0	9	9	3531	3025	4008	2530	3200	3407	2548	2971	-2	8	7	8	6	10	6	8	7	-2	73	66	76	65	67	72	67	63	-2	136	125	141	123	126	136	124	121	-1
1001001000	-2	2646	1876.778	746.348	7.625	1.317	67.75	5.286	115.5	6.652	2014.444	115.5	0	0	0	9	9	2466	2080	2646	2048	2078	2392	1540	1643	-2	8	7	9	6	10	6	8	7	-2	73	66	74	64	63	74	69	59	-2	119	114	122	112	109	127	116	105	-1
1001001000	-2	2602	2157.889	788.672	8.5	1.225	73.875	4.807	124.875	5.51	2306.889	124.875	0	0	0	9	9	2602	2563	2549	2221	2506	2468	1959	2555	-2	8	8	10	7	11	8	8	8	-2	77	70	81	70	71	81	73	68	-2	127	125	131	121	120	134	125	116	-1
1001001000	-2	3201	2510.778	920.998	20.875	3.257	118.375	5.936	166.5	6.164	2575.889	166.5	0	0	0	9	9	2796	2352	2853	2887	2766	3201	3148	2596	-2	22	24	25	19	24	20	18	15	-2	119	121	126	116	114	124	121	106	-2	168	167	173	163	163	169	175	154	-1
1001001000	-2	3719	2519.556	980.003	23.125	8.054	115.75	8.828	166	6	2519.778	166	0	0	0	9	9	2433	2887	2430	2558	2854	3719	2514	3283	-2	23	34	24	37	14	21	13	19	-2	112	130	126	113	119	118	103	105	-2	165	177	170	170	164	166	159	157	-1
1001001000	-2	3712	2439.333	963.928	23.125	8.054	115.75	8.828	166	6	2519.778	166	0	0	0	9	9	2428	2454	2407	2467	2788	3712	2449	3251	-2	23	34	24	37	14	21	13	19	-2	112	130	126	113	119	118	103	105	-2	165	177	170	170	164	166	159	157	-1
1001001000	-2	2754	2057.667	759.375	11.625	3.16	86	8.456	133.375	7.449	2058.111	133.375	0	0	0	9	9	2406	1936	2478	2236	2202	2754	2354	2155	-2	11	15	14	14	9	15	6	9	-2	86	94	99	79	85	94	77	74	-2	134	142	144	130	133	138	125	121	-1
