1001001000	-2	1429	910.222	443.318	48.25	11.244	145.125	7.672	228.875	22.795	15659.333	243.375	0	0	0	9	9	767	630	882	1236	1222	1429	600	1428	-2	54	42	28	51	45	40	65	61	-2	142	145	129	147	149	141	156	152	-2	261	194	210	250	244	222	205	245	-1
1001001000	-2	837	470.667	258.176	55.75	11.723	146.625	6.818	215.5	23.953	15502.556	232.375	0	0	0	9	9	515	297	503	617	715	837	142	612	-2	58	51	34	53	54	51	71	74	-2	145	143	133	146	150	152	158	146	-2	234	174	212	243	227	242	187	205	-1
1002002000	-2	11782	7703.444	4263.039	54.143	5.111	136.857	4.086	183.875	62.501	13946.111	204.625	0	0	1	9	9	10432	7490	0	10567	10276	11782	9703	9083	-2	55	48	-2	63	60	51	52	50	-2	136	132	-2	138	142	143	135	132	-2	208	202	21	211	206	231	202	190	-1
1002002000	-2	11782	7703.444	4263.039	54.143	5.111	136.857	4.086	183.875	62.501	13946.111	204.625	0	0	1	9	9	10432	7490	0	10567	10276	11782	9703	9083	-2	55	48	-2	63	60	51	52	50	-2	136	132	-2	138	142	143	135	132	-2	208	202	21	211	206	231	202	190	-1
1001001000	-2	12849	8449.889	3529.397	54.25	3.992	136	2.784	200.125	6.585	13436.111	199.75	0	0	0	9	9	7776	7574	7747	12849	11714	8527	8423	11441	-2	55	49	54	61	60	51	52	52	-2	134	134	134	138	141	138	137	132	-2	200	202	190	209	206	206	197	191	-1
1001001000	-2	13116	8550.444	3640.964	54.25	3.992	136	2.784	200.125	6.585	13436.111	199.75	0	0	0	9	9	7776	7549	7623	13116	12101	8619	8423	11749	-2	55	49	54	61	60	51	52	52	-2	134	134	134	138	141	138	137	132	-2	200	202	190	209	206	206	197	191	-1
1002001000	-2	9853	5016	3184.025	54.75	4.235	135	3.295	180.5	44.179	12784.778	195.875	0	0	1	9	9	4490	5782	0	9853	8515	4410	5073	7023	-2	56	55	54	62	59	47	53	52	-2	134	135	-2	136	138	135	139	128	-2	200	199	65	201	197	198	204	180	-1
1002001000	-2	9853	5016	3184.025	54.75	4.235	135	3.295	180.5	44.179	12784.778	195.875	0	0	1	9	9	4490	5782	0	9853	8515	4410	5073	7023	-2	56	55	54	62	59	47	53	52	-2	134	135	-2	136	138	135	139	128	-2	200	199	65	201	197	198	204	180	-1
1004002000	-2	6147	2474	2334.315	56.286	5.006	134.6	5.389	141.875	71.569	11029	179.625	0	0	3	9	9	0	4323	0	0	3360	3601	4837	6147	-2	59	57	55	-2	61	46	62	54	-2	-2	136	-2	-2	139	133	140	125	-2	68	200	66	21	200	194	208	178	-1
1004002000	-2	4512	1649.444	1738.178	56.286	5.006	134.6	5.389	137.625	69.322	11029	179.625	0	0	3	9	9	0	3826	0	0	2293	982	3234	4512	-2	59	57	55	-2	61	46	62	54	-2	-2	136	-2	-2	139	133	140	125	-2	68	200	66	21	200	160	208	178	-1
1003002000	-2	8121	3101.222	2708.95	57.143	6.151	135.333	5.935	161	69.739	12475.667	198.75	0	0	2	9	9	5465	3971	0	0	1579	4448	4329	8121	-2	57	58	55	-2	66	46	64	54	-2	140	139	-2	-2	138	131	140	124	-2	216	212	66	21	199	190	207	177	-1
1002001000	-2	1313	409.111	491.658	46.25	11.486	157.429	7.853	213.875	69.481	9550	235.75	0	0	4	9	9	0	0	1313	886	555	930	0	0	-2	54	38	28	50	43	35	63	59	-2	154	158	142	157	159	162	170	-2	-2	183	185	330	250	253	242	193	75	-1
1001001000	-2	1170	782.667	314.078	54.75	11.691	149.625	5.7	236.25	10.133	15479.444	238.5	0	0	0	9	9	743	778	979	1026	702	904	744	1170	-2	58	42	36	53	56	52	65	76	-2	149	142	141	149	157	151	158	150	-2	248	236	232	244	227	242	216	245	-1
1001001000	-2	6668	1526.222	1910.761	74.25	6.591	154.375	4.635	218.5	19.994	13013.111	228.5	0	0	1	9	9	787	1815	0	1495	572	6668	1163	1238	-2	83	70	66	66	81	75	71	82	-2	153	148	154	156	159	157	161	147	-2	220	217	173	230	206	242	227	233	-1
1001001000	-2	11705	3748.889	3064.426	73.75	6.379	155.5	5	219.75	13.953	12754.222	228.625	0	0	0	9	9	3292	3155	3223	4705	2117	11705	3415	2130	-2	84	70	69	67	80	74	66	80	-2	155	151	158	156	157	161	161	145	-2	220	211	232	224	206	244	197	224	-1
1001001000	-2	11705	3748.889	3064.426	73.75	6.379	155.5	5	219.75	13.953	12754.222	228.625	0	0	0	9	9	3292	3155	3223	4705	2117	11705	3415	2130	-2	84	70	69	67	80	74	66	80	-2	155	151	158	156	157	161	161	145	-2	220	211	232	224	206	244	197	224	-1
1001001000	-2	13503	11061	3994.975	68.5	7.176	151.875	5.207	235.25	7.98	12189.222	235.25	0	0	0	9	9	12419	13503	12425	10911	12251	11450	13289	13303	-2	81	66	66	72	76	66	56	65	-2	153	148	149	155	158	156	155	141	-2	231	231	233	229	253	243	228	234	-1
1004004000	-2	14364	7074.444	6586.074	55.2	5.492	135.8	2.786	136.125	89.57	12888.667	200.375	0	0	3	9	9	13705	14296	7888	13419	0	0	14364	0	-2	57	48	58	63	-2	-2	50	-2	-2	139	132	134	139	-2	-2	135	-2	-2	220	200	190	214	21	21	202	21	-1
1004004000	-2	14364	7074.444	6586.074	55.2	5.492	135.8	2.786	136.125	89.57	12888.667	200.375	0	0	3	9	9	13705	14296	7888	13419	0	0	14364	0	-2	57	48	58	63	-2	-2	50	-2	-2	139	132	134	139	-2	-2	135	-2	-2	220	200	190	214	21	21	202	21	-1
1001001000	-2	13066	7992.778	4205.084	50	9.042	130.375	4.27	188.25	8.54	11660.222	187.75	0	0	0	9	9	8393	4075	3904	13066	10911	9715	12992	8881	-2	56	49	57	62	52	48	46	30	-2	134	128	131	133	136	130	130	121	-2	199	186	183	197	193	188	190	170	-1
1001001000	-2	13342	8078.667	4292.635	50	9.042	130.375	4.27	188.25	8.54	11660.222	187.75	0	0	0	9	9	8409	4077	3904	13342	11125	9723	13241	8889	-2	56	49	57	62	52	48	46	30	-2	134	128	131	133	136	130	130	121	-2	199	186	183	197	193	188	190	170	-1
1001001000	-2	13015	6672.222	4011.472	49	8.888	130.875	4.285	188.25	8.8	11499.667	188.125	0	0	0	9	9	6072	3662	2328	13015	8704	6864	11850	7557	-2	55	49	56	57	54	45	48	28	-2	134	129	131	132	135	130	135	121	-2	198	188	182	192	193	187	197	169	-1
1001001000	-2	12621	7067.222	3531.275	48.875	8.781	130.75	4.265	188.125	8.753	11499.667	188.125	0	0	0	9	9	7746	4648	3707	12621	8471	8620	10065	7729	-2	55	49	56	56	54	45	48	28	-2	134	129	131	131	135	130	135	121	-2	198	188	182	191	193	187	197	169	-1
1001001000	-2	12825	6904.333	3562.212	48	9.327	129.375	4.241	185.25	8.671	11710.333	185.25	0	0	0	9	9	8668	5651	3037	12825	8587	5732	9185	8456	-2	52	50	55	57	57	44	41	28	-2	132	129	129	130	132	130	134	119	-2	196	189	178	188	186	184	194	167	-1
1001001000	-2	11805	5439.333	3306.596	49.25	8.969	129.5	4.555	185.5	9.069	11710.333	185.25	0	0	0	9	9	6478	4255	1495	11805	6261	3969	7593	7100	-2	52	50	55	57	57	44	51	28	-2	132	129	129	129	132	130	136	119	-2	196	189	178	187	186	184	197	167	-1
1001001000	-2	9505	5211.889	3189.669	47.25	8.941	131.625	5.097	190.5	10.571	11791.667	190.5	0	0	0	9	9	9499	4462	2295	9505	6758	3069	3303	8018	-2	51	52	55	56	52	45	39	28	-2	135	137	131	129	134	131	136	120	-2	206	203	184	188	193	184	195	171	-1
1001001000	-2	10969	5841.778	3193.093	47.125	8.978	131.625	5.097	190.5	10.571	11791.667	190.5	0	0	0	9	9	8488	5219	3778	10969	8344	4644	3136	8000	-2	51	52	55	56	52	44	39	28	-2	135	137	131	129	134	131	136	120	-2	206	203	184	188	193	184	195	171	-1
1002001000	-2	11201	5985.444	3749.828	50.125	10.142	136.429	5.729	190.625	55.794	11270.111	190.625	0	0	1	9	9	8239	6599	8591	11201	5344	4383	0	9514	-2	52	57	59	58	60	45	40	30	-2	139	141	138	138	142	133	-2	124	-2	225	241	208	206	218	196	50	181	-1
1002001000	-2	12696	6588.667	4143.604	50.125	10.142	136.429	5.729	190.625	55.794	11270.111	190.625	0	0	1	9	9	9367	6718	9464	12696	6336	4798	0	9921	-2	52	57	59	58	60	45	40	30	-2	139	141	138	138	142	133	-2	124	-2	225	241	208	206	218	196	50	181	-1
1002001000	-2	11292	6652.333	3827.825	57.5	6.325	142.143	6.642	208.125	56.104	11140.667	208.125	0	0	1	9	9	0	7611	9699	9029	7899	5781	8562	11292	-2	57	61	65	62	65	48	51	51	-2	-2	151	145	143	145	139	144	128	-2	65	241	227	226	248	225	238	195	-1
1001001000	-2	11573	7465.444	3213.794	62.25	5.673	147.25	7.378	236.25	11.787	11666.778	236.25	0	0	0	9	9	6447	8282	10012	6193	7615	6509	10560	11573	-2	67	63	67	64	70	53	59	55	-2	150	158	146	152	149	143	149	131	-2	232	242	240	229	248	251	237	211	-1
1002002000	-2	13549	6678.333	4168.617	63.571	4.777	147.857	7.698	207.5	71.251	11666.778	236.25	0	0	1	9	9	6917	6905	10235	6632	6512	0	9357	13549	-2	67	63	67	64	70	-2	59	55	-2	150	158	146	152	149	-2	149	131	-2	232	242	240	229	248	21	237	211	-1
1001001000	-2	10823	5514.444	3110.395	70.375	5.957	160.375	8.929	234.625	8.817	6658.333	234.625	0	0	0	9	9	6174	2865	10823	4327	6525	5899	3642	9377	-2	67	68	63	68	75	75	82	65	-2	157	175	151	157	160	165	171	147	-2	243	243	241	223	230	238	240	219	-1
1001001000	-2	9999	5104.222	2783.65	72	7.45	161.75	9.614	239.625	4.948	6595.111	239.625	0	0	0	9	9	5982	2932	9999	4326	5685	5608	3224	8184	-2	65	68	62	75	79	76	85	66	-2	156	175	153	158	161	166	177	148	-2	244	249	241	237	231	238	239	238	-1
1001001000	-2	11706	6567.778	3363.647	69.875	5.622	159.25	8.599	239.75	5.117	7678.222	239.75	0	0	0	9	9	7790	4726	11706	5641	8548	5434	4548	10719	-2	66	66	63	68	74	76	80	66	-2	152	171	152	157	157	164	173	148	-2	235	245	243	238	231	248	239	239	-1
1001001000	-2	11636	6530.444	3347.585	69.875	5.622	159.25	8.599	239.75	5.117	7678.222	239.75	0	0	0	9	9	7714	4691	11636	5626	8527	5359	4544	10679	-2	66	66	63	68	74	76	80	66	-2	152	171	152	157	157	164	173	148	-2	235	245	243	238	231	248	239	239	-1
1002001000	-2	1380	476.444	476.927	47.625	10.885	155.714	6.181	221.25	67.963	11423.556	238.625	0	0	3	9	9	646	0	1380	635	676	953	0	0	-2	55	37	28	50	42	47	61	61	-2	151	147	152	156	155	165	164	-2	-2	258	172	297	250	253	277	188	75	-1
1003001000	-2	731	314.444	258.628	64	10.989	152.667	5.793	178	62.761	11897.111	198.375	0	0	2	9	9	0	401	579	472	443	0	206	731	-2	62	42	57	70	74	62	64	81	-2	-2	142	153	153	159	-2	159	150	-2	76	194	201	237	226	71	186	233	-1
1003001000	-2	874	293.222	288.436	65.375	10.416	150.5	5.058	182.125	63.347	12378.222	193.375	0	0	2	9	9	0	69	874	369	418	0	337	574	-2	65	44	61	70	76	62	64	81	-2	-2	141	152	151	154	-2	157	148	-2	76	223	206	237	226	74	189	226	-1
1003001000	-2	288	94	101.842	65.375	10.416	150.5	5.058	164	54.902	12378.222	193.375	0	0	3	9	9	0	55	0	140	201	0	164	288	-2	65	44	61	70	76	62	64	81	-2	-2	141	152	151	154	-2	157	148	-2	76	162	171	192	226	74	197	214	-1
1003003000	-2	13076	7067.444	5134.99	76.167	6.362	158.833	5.177	175.625	89.566	9650.667	230.125	0	0	2	9	9	10880	8890	0	11090	10827	0	8846	13076	-2	86	72	-2	75	81	-2	66	77	-2	160	162	-2	161	158	-2	164	148	-2	231	221	21	228	214	21	228	241	-1
1005005000	-2	13646	5896.444	6595.915	55.5	5.408	139	3.082	118.125	97.398	13646.222	202.75	0	0	4	9	9	13646	12968	0	12978	0	13478	0	0	-2	57	48	-2	63	-2	54	-2	-2	-2	144	137	-2	139	-2	136	-2	-2	-2	232	209	21	215	21	205	21	21	-1
1005005000	-2	13646	5896.444	6595.915	55.5	5.408	139	3.082	118.125	97.398	13646.222	202.75	0	0	4	9	9	13646	12968	0	12978	0	13478	0	0	-2	57	48	-2	63	-2	54	-2	-2	-2	144	137	-2	139	-2	136	-2	-2	-2	232	209	21	215	21	205	21	21	-1
1003003000	-2	12452	7497.889	5453.654	46.167	8.295	127.5	5.346	144.625	71.977	11137.889	185.375	0	0	2	9	9	12299	12072	0	11747	0	12452	10998	7915	-2	50	46	-2	57	-2	50	44	30	-2	134	128	-2	132	-2	130	122	119	-2	199	188	21	195	21	187	180	166	-1
1001001000	-2	13836	10137.556	4412.235	45.125	10.373	128.75	5.166	186.375	9.617	11137.889	185.375	0	0	0	9	9	13836	13588	5247	11526	12422	13678	11695	9248	-2	50	46	58	57	41	50	29	30	-2	134	128	131	132	134	130	122	119	-2	199	188	185	195	192	187	179	166	-1
1001001000	-2	13304	8376.333	4100.235	44.125	9.752	127.25	4.38	181.5	8.093	10542	180.625	0	0	0	9	9	13304	7627	3417	12180	10443	10714	10725	6979	-2	49	47	57	54	42	46	29	29	-2	132	126	129	130	132	128	122	119	-2	191	183	180	187	187	184	177	163	-1
1001001000	-2	13304	8376.333	4100.235	44.125	9.752	127.25	4.38	181.5	8.093	10542	180.625	0	0	0	9	9	13304	7627	3417	12180	10443	10714	10725	6979	-2	49	47	57	54	42	46	29	29	-2	132	126	129	130	132	128	122	119	-2	191	183	180	187	187	184	177	163	-1
1001001000	-2	12115	6189.333	3891.066	43.125	10.13	124.5	5.852	176.25	9.038	10656.222	176.375	0	0	0	9	9	8406	3633	3554	12115	10002	2698	10241	5057	-2	50	43	56	54	44	43	28	27	-2	132	125	124	129	129	125	120	112	-2	186	181	174	183	182	178	170	156	-1
1001001000	-2	12115	6189.333	3891.066	43.125	10.13	124.5	5.852	176.25	9.038	10656.222	176.375	0	0	0	9	9	8406	3633	3554	12115	10002	2698	10241	5057	-2	50	43	56	54	44	43	28	27	-2	132	125	124	129	129	125	120	112	-2	186	181	174	183	182	178	170	156	-1
1002001000	-2	10982	4859.556	3597.091	42.125	10.277	122.857	5.792	159.5	41.524	9167.667	159.5	0	0	1	9	9	8698	4760	4147	10982	0	2311	8017	4823	-2	50	47	54	54	39	39	27	27	-2	132	125	123	128	-2	119	120	113	-2	188	183	174	181	52	170	169	159	-1
1002001000	-2	10982	4839.667	3591.432	42.125	10.277	122.857	5.792	159.5	41.524	9167.667	159.5	0	0	1	9	9	8660	4762	4087	10982	0	2299	7981	4788	-2	50	47	54	54	39	39	27	27	-2	132	125	123	128	-2	119	120	113	-2	188	183	174	181	52	170	169	159	-1
1001001000	-2	10469	6578.222	3350.151	42.75	10.268	125.5	5.196	178.75	10.195	10820.889	180	0	0	0	9	9	10023	7760	7154	10469	9240	1958	5857	6745	-2	49	49	56	54	39	39	28	28	-2	131	126	127	129	131	125	120	115	-2	191	187	180	185	188	166	170	163	-1
1001001000	-2	10469	6578.222	3350.151	42.75	10.268	125.5	5.196	178.75	10.195	10820.889	180	0	0	0	9	9	10023	7760	7154	10469	9240	1958	5857	6745	-2	49	49	56	54	39	39	28	28	-2	131	126	127	129	131	125	120	115	-2	191	187	180	185	188	166	170	163	-1
1002001000	-2	11808	5929.222	4250.339	44.25	10.791	129.571	4.204	171.75	47.749	10443.222	174.5	0	0	1	9	9	9681	6055	7533	9561	7750	977	0	11808	-2	50	51	58	56	39	43	29	28	-2	132	131	133	129	133	129	-2	120	-2	202	201	199	189	195	164	50	174	-1
1003001000	-2	11350	6233.556	4725.692	46.625	10.38	135.667	5.991	174.5	71.067	9791	174.5	0	0	2	9	9	10796	8869	9244	11350	0	5122	0	10723	-2	51	56	59	57	41	46	33	30	-2	137	143	138	139	-2	133	-2	124	-2	225	250	213	208	60	202	50	188	-1
1003001000	-2	11350	6233.556	4725.692	46.625	10.38	135.667	5.991	174.5	71.067	9791	174.5	0	0	2	9	9	10796	8869	9244	11350	0	5122	0	10723	-2	51	56	59	57	41	46	33	30	-2	137	143	138	139	-2	133	-2	124	-2	225	250	213	208	60	202	50	188	-1
1004001000	-2	10685	4586.444	4344.413	51	8.5	143	6.957	165.25	86.024	7666.889	165.25	0	0	3	9	9	0	7697	9622	8229	0	5047	0	10685	-2	52	59	61	59	43	53	35	46	-2	-2	154	143	143	-2	143	-2	132	-2	66	256	225	228	54	240	47	206	-1
1004001000	-2	11657	5254.889	4815.168	51	8.5	143	6.957	165.25	86.024	7666.889	165.25	0	0	3	9	9	0	9361	10205	8467	0	7606	0	11657	-2	52	59	61	59	43	53	35	46	-2	-2	154	143	143	-2	143	-2	132	-2	66	256	225	228	54	240	47	206	-1
1004001000	-2	12067	5453.556	5034.603	50.125	7.688	141.6	7.473	162.875	83.196	7611	162.875	0	0	3	9	9	0	8658	10787	7290	0	10282	0	12067	-2	51	59	56	58	42	49	35	51	-2	-2	155	139	141	-2	141	-2	132	-2	66	256	218	211	55	240	51	206	-1
1004001000	-2	10424	4800.444	4446.124	50.125	7.688	141.6	7.473	162.875	83.196	7611	162.875	0	0	3	9	9	0	7734	10345	6422	0	8281	0	10424	-2	51	59	56	58	42	49	35	51	-2	-2	155	139	141	-2	141	-2	132	-2	66	256	218	211	55	240	51	206	-1
1003001000	-2	12567	6679.222	5001.733	55.125	5.061	146.5	7.388	195.125	78.552	8040.111	195.125	0	0	2	9	9	0	7725	11790	7606	0	8877	11550	12567	-2	52	60	57	63	46	58	52	53	-2	-2	159	143	144	-2	147	151	135	-2	66	251	228	251	55	252	239	219	-1
1002001000	-2	11109	6240	3706.27	56.25	5.238	146.286	7.004	211.125	61.525	9533.889	216.625	0	0	1	9	9	6774	6396	10187	5799	0	8172	7725	11109	-2	52	60	57	63	47	63	54	54	-2	145	158	142	143	-2	148	153	135	-2	243	250	228	193	55	252	239	229	-1
1002002000	-2	415	73.778	131.855	30	9.928	183.429	11.891	276.375	86.654	9778.111	390.75	0	0	3	9	9	0	0	0	-2	149	415	105	-1	-2	31	27	19	40	29	17	47	-2	-2	177	173	171	198	196	172	197	-2	-2	212	203	203	470	241	340	237	305	-1
1001001000	-2	1944	980.667	508.725	69.125	12.293	150.75	6.398	230	12.855	16684.222	230	0	0	0	9	9	821	742	1461	1073	667	1944	1022	1098	-2	78	41	63	72	76	78	64	81	-2	147	140	156	150	158	157	155	143	-2	220	223	245	244	226	242	234	206	-1
1002001000	-2	1412	648	453.875	70.625	12.257	147	4.69	203.125	55.681	14794.556	203.125	0	0	1	9	9	916	0	1149	657	348	1412	594	758	-2	81	43	65	73	78	80	64	81	-2	144	-2	153	143	150	151	149	139	-2	231	63	250	213	220	243	213	192	-1
1002001000	-2	1135	346.222	358.578	70.375	11.532	141.857	5.276	184.875	47.332	12701.333	184.875	0	0	1	9	9	532	0	667	146	99	1135	122	417	-2	82	45	66	71	77	79	63	80	-2	142	-2	152	135	145	141	142	136	-2	208	64	230	193	199	203	197	185	-1
1002001000	-2	1132	342.667	361.622	70.375	11.532	141.857	5.276	184.875	47.332	12701.333	184.875	0	0	1	9	9	519	0	668	102	107	1132	107	451	-2	82	45	66	71	77	79	63	80	-2	142	-2	152	135	145	141	142	136	-2	208	64	230	193	199	203	197	185	-1
1002002000	-2	4704	1602.444	1736.101	76.857	6.266	152.286	3.692	178.25	63.953	15143.889	233.5	0	0	1	9	9	589	1471	0	458	3704	4704	3415	83	-2	86	73	-2	76	81	81	65	76	-2	155	155	-2	152	150	157	152	145	-2	180	197	21	177	237	210	234	170	-1
1002002000	-2	5370	1826.333	2019.236	76.857	6.266	152.286	3.692	178.125	63.966	15143.889	233.5	0	0	1	9	9	610	1523	0	494	4411	5370	3934	97	-2	86	73	-2	76	81	81	65	76	-2	155	155	-2	152	150	157	152	145	-2	180	196	21	177	237	209	235	170	-1
1002002000	-2	15294	10800.556	5884.76	66	9.32	148.143	6.556	208.625	72.019	14782.444	237.125	0	0	1	9	9	13814	14398	11030	13855	13815	0	15294	15001	-2	80	62	66	71	75	-2	53	55	-2	159	148	151	153	144	-2	145	137	-2	240	237	254	247	221	21	237	212	-1
1001001000	-2	14381	10307.667	3959.082	66.625	8.873	148.375	6.163	237.125	13.336	14782.444	237.125	0	0	0	9	9	9855	11641	9862	11086	14381	11158	10666	14122	-2	80	62	66	71	75	71	53	55	-2	159	148	151	153	144	150	145	137	-2	240	237	254	247	221	249	237	212	-1
1002001000	-2	12063	8093.778	4428.04	48.875	9.727	133.429	6.299	181.125	44.831	10917.667	181.125	0	0	1	9	9	0	10546	11546	9571	10724	8888	9508	12063	-2	55	45	63	57	42	55	43	31	-2	-2	131	141	137	138	138	125	124	-2	65	195	207	205	200	208	190	179	-1
1002001000	-2	12063	8093.778	4428.04	48.875	9.727	133.429	6.299	181.125	44.831	10917.667	181.125	0	0	1	9	9	0	10546	11546	9571	10724	8888	9508	12063	-2	55	45	63	57	42	55	43	31	-2	-2	131	141	137	138	138	125	124	-2	65	195	207	205	200	208	190	179	-1
1001001000	-2	11756	8833.778	3712.041	34	12.062	122.125	6.153	173.5	8.958	10043.444	173.375	0	0	0	9	9	10783	11483	9046	10970	10118	11756	10645	4705	-2	43	33	56	24	23	46	21	26	-2	128	120	123	129	125	124	120	108	-2	179	175	171	183	176	180	172	152	-1
1001001000	-2	14197	9988.556	4363.571	35.375	12.318	122.75	5.517	174.125	8.838	10043.444	173.375	0	0	0	9	9	14197	12357	10690	12714	10900	12163	12309	4569	-2	43	43	56	24	23	46	21	27	-2	128	123	123	129	125	124	120	110	-2	179	179	171	183	176	180	172	153	-1
1001001000	-2	12065	8920.889	3963.626	34.625	10.012	119.75	5.166	170.25	7.31	9401	169.375	0	0	0	9	9	10612	11800	10706	12065	10415	9033	11887	3772	-2	44	40	49	34	23	41	19	27	-2	124	118	121	128	123	118	116	110	-2	174	173	170	178	175	173	166	153	-1
1001001000	-2	12065	8920.889	3963.626	34.625	10.012	119.75	5.166	170.25	7.31	9401	169.375	0	0	0	9	9	10612	11800	10706	12065	10415	9033	11887	3772	-2	44	40	49	34	23	41	19	27	-2	124	118	121	128	123	118	116	110	-2	174	173	170	178	175	173	166	153	-1
1002001000	-2	11924	7059.889	4506.327	31.75	10.219	118.286	6.584	152.25	43.774	8171.222	152.25	0	0	1	9	9	9763	0	10168	11310	11924	4765	10804	4807	-2	44	30	46	34	24	38	14	24	-2	122	-2	120	127	125	115	110	109	-2	174	38	170	176	176	169	161	154	-1
1002001000	-2	11924	7059.889	4506.327	31.75	10.219	118.286	6.584	152.25	43.774	8171.222	152.25	0	0	1	9	9	9763	0	10168	11310	11924	4765	10804	4807	-2	44	30	46	34	24	38	14	24	-2	122	-2	120	127	125	115	110	109	-2	174	38	170	176	176	169	161	154	-1
1003001000	-2	11163	5792	4823.328	32.375	11.124	117.5	5.824	135	57.981	7136.444	135	0	0	2	9	9	10861	0	10213	11163	0	3392	11147	5354	-2	43	30	52	34	24	37	14	25	-2	119	-2	122	127	-2	115	111	111	-2	170	38	173	176	32	169	164	158	-1
1003001000	-2	11163	5796.889	4825.89	32.375	11.124	117.5	5.824	135	57.981	7136.444	135	0	0	2	9	9	10867	0	10233	11163	0	3392	11147	5372	-2	43	30	52	34	24	37	14	25	-2	119	-2	122	127	-2	115	111	111	-2	170	38	173	176	32	169	164	158	-1
1003001000	-2	11712	5999.667	5152.77	31.625	11.916	117.833	5.367	136.25	58.39	7293.556	136.25	0	0	2	9	9	11712	0	11081	11374	0	1508	10473	7851	-2	43	23	53	34	23	38	14	25	-2	119	-2	123	126	-2	115	113	111	-2	172	38	176	177	33	167	166	161	-1
1003001000	-2	13913	6653.556	5256.722	32.375	11.661	123.333	4.069	144.875	63.363	8553.222	144.875	0	0	2	9	9	13913	0	11978	10280	0	4580	10009	9124	-2	43	24	53	34	23	40	15	27	-2	125	-2	126	128	-2	125	120	116	-2	187	38	185	186	33	183	176	171	-1
1003001000	-2	13913	6653.556	5256.722	32.375	11.661	123.333	4.069	144.875	63.363	8553.222	144.875	0	0	2	9	9	13913	0	11978	10280	0	4580	10009	9124	-2	43	24	53	34	23	40	15	27	-2	125	-2	126	128	-2	125	120	116	-2	187	38	185	186	33	183	176	171	-1
1005001000	-2	12961	4257	5088.106	32.375	10.988	123.25	3.112	112.375	70.873	5782.111	112.375	0	0	4	9	9	12961	0	11487	0	0	6855	0	7012	-2	43	23	51	34	24	40	16	28	-2	124	-2	126	-2	-2	125	-2	118	-2	185	38	188	45	33	184	51	175	-1
1004001000	-2	14854	5530.889	5503.103	37.125	10.117	128.8	3.97	140.75	76.297	7686.333	140.75	0	0	3	9	9	14854	9719	12141	0	0	6602	0	6464	-2	43	45	52	34	25	46	23	29	-2	130	132	131	-2	-2	130	-2	121	-2	203	214	201	45	33	197	51	182	-1
1005001000	-2	12066	3823	4492.766	37.375	9.987	131.25	5.403	128.25	80.361	6096.111	128.25	0	0	4	9	9	0	8094	12066	0	0	6584	0	7665	-2	43	47	49	34	25	48	23	30	-2	-2	135	133	-2	-2	135	-2	122	-2	66	229	206	45	34	208	51	187	-1
1005001000	-2	12066	3823	4492.766	37.375	9.987	131.25	5.403	128.25	80.361	6096.111	128.25	0	0	4	9	9	0	8094	12066	0	0	6584	0	7665	-2	43	47	49	34	25	48	23	30	-2	-2	135	133	-2	-2	135	-2	122	-2	66	229	206	45	34	208	51	187	-1
1005001000	-2	10241	4057.444	4580.12	34.875	9.075	130.25	5.214	121.375	79.759	6047.667	121.375	0	0	4	9	9	9167	0	10241	0	0	7645	0	9466	-2	37	30	49	34	25	49	24	31	-2	130	-2	133	-2	-2	136	-2	122	-2	203	38	204	45	34	210	51	186	-1
1005001000	-2	10241	4057.444	4580.12	34.875	9.075	130.25	5.214	121.375	79.759	6047.667	121.375	0	0	4	9	9	9167	0	10241	0	0	7645	0	9466	-2	37	30	49	34	25	49	24	31	-2	130	-2	133	-2	-2	136	-2	122	-2	203	38	204	45	34	210	51	186	-1
1005001000	-2	10135	3367	3904.643	34.75	9.457	129.5	4.717	121.125	79.246	6096.556	121.125	0	0	4	9	9	7433	0	6654	0	0	6083	0	10135	-2	37	25	49	34	26	50	25	32	-2	128	-2	131	-2	-2	136	-2	123	-2	203	39	201	45	34	210	51	186	-1
1001001000	-2	0	-0.222	0.629	22.5	6.423	146.5	9.26	173.625	9.835	18208.333	254.875	0	0	8	9	9	0	0	0	0	0	0	0	0	-2	20	23	18	25	24	14	37	19	-2	137	130	141	153	150	147	154	160	-2	162	157	170	182	173	175	182	188	-1
1001001000	-2	642	284.111	204.178	64.375	12.144	132.5	6.144	178.375	6.183	11088.667	180.875	0	0	0	9	9	327	243	584	72	200	642	154	337	-2	78	42	62	66	74	78	50	65	-2	136	124	143	129	137	136	125	130	-2	186	170	184	179	175	187	172	174	-1
1001001000	-2	6051	1718.667	1971.576	73	5	141.875	5.134	192	26.768	14378.556	204	0	0	1	9	9	0	2717	3768	200	6051	1546	939	249	-2	81	70	73	74	78	73	63	72	-2	140	139	154	142	142	140	143	135	-2	158	195	240	170	209	203	204	157	-1
1001001000	-2	15984	11193.667	4388.456	71.25	6.476	151.625	5.633	238.125	6.585	15261.444	238.125	0	0	0	9	9	12539	11814	9284	10522	14120	12293	14189	15984	-2	79	69	72	74	78	73	57	68	-2	156	154	162	152	147	151	149	142	-2	240	222	238	241	240	246	237	241	-1
1001001000	-2	15984	11193.667	4388.456	71.25	6.476	151.625	5.633	238.125	6.585	15261.444	238.125	0	0	0	9	9	12539	11814	9284	10522	14120	12293	14189	15984	-2	79	69	72	74	78	73	57	68	-2	156	154	162	152	147	151	149	142	-2	240	222	238	241	240	246	237	241	-1
1002001000	-2	14643	10592.667	5698.92	52.75	10.317	139.571	5.852	196.625	50.254	12249	196.25	0	0	1	9	9	0	13094	14376	13180	14643	12632	13140	14271	-2	54	50	65	60	49	66	45	33	-2	-2	139	147	142	143	143	135	128	-2	66	214	222	222	217	227	211	194	-1
1002001000	-2	14643	10592.667	5698.92	52.75	10.317	139.571	5.852	196.625	50.254	12249	196.25	0	0	1	9	9	0	13094	14376	13180	14643	12632	13140	14271	-2	54	50	65	60	49	66	45	33	-2	-2	139	147	142	143	143	135	128	-2	66	214	222	222	217	227	211	194	-1
1001001000	-2	11069	8252.778	3308.041	29.25	12.784	113.625	6.061	163.75	8.074	8370.111	163.75	0	0	0	9	9	10232	11069	9229	7917	10020	10930	9146	5734	-2	35	15	50	16	35	43	14	26	-2	117	113	122	113	113	121	107	103	-2	165	165	170	165	165	176	157	147	-1
1001001000	-2	11069	8252.778	3308.041	29.25	12.784	113.625	6.061	163.75	8.074	8370.111	163.75	0	0	0	9	9	10232	11069	9229	7917	10020	10930	9146	5734	-2	35	15	50	16	35	43	14	26	-2	117	113	122	113	113	121	107	103	-2	165	165	170	165	165	176	157	147	-1
1001001000	-2	10233	7104.222	3209.602	25.875	11.107	111	5.099	158.875	6.214	7261.667	158.75	0	0	0	9	9	9784	10233	8517	6721	9337	8205	8042	3101	-2	36	15	44	16	21	38	13	24	-2	116	111	120	111	108	113	106	103	-2	162	162	166	160	157	164	155	145	-1
1001001000	-2	10233	7104.222	3209.602	25.875	11.107	111	5.099	158.875	6.214	7261.667	158.75	0	0	0	9	9	9784	10233	8517	6721	9337	8205	8042	3101	-2	36	15	44	16	21	38	13	24	-2	116	111	120	111	108	113	106	103	-2	162	162	166	160	157	164	155	145	-1
1001001000	-2	10131	6985.111	3306.436	27.125	10.764	111.25	5.142	159.375	6.019	7304.222	159.125	0	0	0	9	9	9177	10131	9650	6816	9724	7466	7375	2529	-2	38	21	45	19	20	38	13	23	-2	116	113	118	113	112	112	103	103	-2	161	164	165	161	161	164	152	147	-1
1001001000	-2	10131	6985.111	3306.436	27.125	10.764	111.25	5.142	159.375	6.019	7304.222	159.125	0	0	0	9	9	9177	10131	9650	6816	9724	7466	7375	2529	-2	38	21	45	19	20	38	13	23	-2	116	113	118	113	112	112	103	103	-2	161	164	165	161	161	164	152	147	-1
1001001000	-2	9615	6784.111	3123.043	25.25	10.952	109.625	5.83	158.375	6.04	7606.556	158.375	0	0	0	9	9	9392	8998	9615	6993	8957	6596	7757	2751	-2	37	21	44	19	12	33	12	24	-2	117	112	116	113	109	108	99	103	-2	162	165	164	161	159	159	149	148	-1
1001001000	-2	9615	6784.111	3123.043	25.25	10.952	109.625	5.83	158.375	6.04	7606.556	158.375	0	0	0	9	9	9392	8998	9615	6993	8957	6596	7757	2751	-2	37	21	44	19	12	33	12	24	-2	117	112	116	113	109	108	99	103	-2	162	165	164	161	159	159	149	148	-1
1002001000	-2	10930	6524.444	3914.394	24.25	10.802	109.429	6.863	142.25	46.575	7210.222	142.25	0	0	1	9	9	10930	8090	10052	9496	0	8295	7627	4232	-2	36	15	42	20	12	33	12	24	-2	117	112	115	113	-2	110	96	103	-2	164	165	164	161	20	164	150	150	-1
1002001000	-2	10931	6519.778	3916.738	24.25	10.802	109.429	6.863	142.25	46.575	7210.222	142.25	0	0	1	9	9	10931	8090	10052	9492	0	8295	7627	4193	-2	36	15	42	20	12	33	12	24	-2	117	112	115	113	-2	110	96	103	-2	164	165	164	161	20	164	150	150	-1
1002001000	-2	12732	7574.111	4411.659	26.375	9.759	112.571	6.344	149.625	42.676	8133.556	149.625	0	0	1	9	9	12732	0	10796	11142	9909	8965	8570	6055	-2	35	16	44	26	20	33	13	24	-2	118	-2	117	115	119	113	102	104	-2	169	38	170	166	174	169	158	153	-1
1002001000	-2	12732	7574.111	4411.659	26.375	9.759	112.571	6.344	149.625	42.676	8133.556	149.625	0	0	1	9	9	12732	0	10796	11142	9909	8965	8570	6055	-2	35	16	44	26	20	33	13	24	-2	118	-2	117	115	119	113	102	104	-2	169	38	170	166	174	169	158	153	-1
1002001000	-2	13268	7841.889	4508.627	27.125	10.203	116.286	5.75	154.75	44.201	8516.444	154.75	0	0	1	9	9	13268	0	11143	10675	9882	9727	9325	6559	-2	29	16	46	29	20	38	14	25	-2	119	-2	123	117	122	117	110	106	-2	174	39	178	170	178	175	166	158	-1
1002001000	-2	13268	7862.556	4514.312	27.125	10.203	116.286	5.75	154.75	44.201	8516.444	154.75	0	0	1	9	9	13268	0	11143	10727	9894	9794	9325	6614	-2	29	16	46	29	20	38	14	25	-2	119	-2	123	117	122	117	110	106	-2	174	39	178	170	178	175	166	158	-1
1004001000	-2	13402	6250.778	5699.317	28.875	10.068	123.4	4.587	130.5	69.647	6504.111	130.5	0	0	3	9	9	13402	0	10154	10947	0	12423	0	9333	-2	29	22	47	29	21	42	15	26	-2	124	-2	127	123	-2	128	-2	115	-2	187	38	189	180	34	191	51	174	-1
1004001000	-2	13402	6250.778	5699.317	28.875	10.068	123.4	4.587	130.5	69.647	6504.111	130.5	0	0	3	9	9	13402	0	10154	10947	0	12423	0	9333	-2	29	22	47	29	21	42	15	26	-2	124	-2	127	123	-2	128	-2	115	-2	187	38	189	180	34	191	51	174	-1
1004001000	-2	14024	5860	5427.523	28.25	10.651	125.2	4.069	134.5	72.547	6632.444	134.5	0	0	3	9	9	14024	0	11057	8855	0	9452	0	9354	-2	25	22	47	30	18	43	15	26	-2	127	-2	127	124	-2	130	-2	118	-2	199	39	193	183	34	197	51	180	-1
1004001000	-2	14024	5860	5427.523	28.25	10.651	125.2	4.069	134.5	72.547	6632.444	134.5	0	0	3	9	9	14024	0	11057	8855	0	9452	0	9354	-2	25	22	47	30	18	43	15	26	-2	127	-2	127	124	-2	130	-2	118	-2	199	39	193	183	34	197	51	180	-1
1004001000	-2	10884	4759.111	4511.911	27.625	10.535	123.2	6.306	137.875	65.9	6785.333	137.875	0	0	3	9	9	10422	6660	10884	0	0	5838	0	9030	-2	24	21	46	29	17	43	16	25	-2	125	122	126	-2	-2	131	-2	112	-2	193	193	190	45	65	197	51	169	-1
1004001000	-2	10884	4759.111	4511.911	27.625	10.535	123.2	6.306	137.875	65.9	6785.333	137.875	0	0	3	9	9	10422	6660	10884	0	0	5838	0	9030	-2	24	21	46	29	17	43	16	25	-2	125	122	126	-2	-2	131	-2	112	-2	193	193	190	45	65	197	51	169	-1
1001001000	-2	941	409.333	271.922	28.625	4.715	115.5	6.614	162.25	8.058	9473.889	162.25	0	0	0	9	9	345	145	941	494	220	716	377	448	-2	39	25	24	28	27	33	28	25	-2	118	100	117	115	122	123	115	114	-2	161	146	168	160	167	175	164	157	-1
1001001000	-2	3808	1396.889	1344.898	65.25	5.472	135	6.144	183.75	19.823	12139.667	191.625	0	0	0	9	9	444	536	3808	412	2803	1144	363	3064	-2	66	59	68	70	73	67	55	64	-2	137	130	149	137	135	134	129	129	-2	156	180	221	189	197	190	157	180	-1
1001001000	-2	14717	12036.111	4316.722	64.875	6.193	143.875	7.096	227	10.296	16325.444	227	0	0	0	9	9	14717	13613	12551	12201	13614	13842	13606	14183	-2	65	62	71	71	71	68	56	55	-2	145	142	161	146	140	140	141	136	-2	237	214	238	241	221	226	227	212	-1
1001001000	-2	15825	12756.444	4595.039	64.875	6.193	143.875	7.096	227	10.296	16325.444	227	0	0	0	9	9	15825	14556	13278	12662	14498	14802	14181	15008	-2	65	62	71	71	71	68	56	55	-2	145	142	161	146	140	140	141	136	-2	237	214	238	241	221	226	227	212	-1
1001001000	-2	15334	12687.556	4541.925	45.25	9.203	131.625	5.721	197.25	7.949	14209.444	197.25	0	0	0	9	9	14634	12876	14938	13876	15334	13544	14684	14304	-2	48	42	63	44	42	54	38	31	-2	135	129	143	135	127	133	124	127	-2	205	195	211	202	189	199	190	187	-1
1001001000	-2	15334	12687.556	4541.925	45.25	9.203	131.625	5.721	197.25	7.949	14209.444	197.25	0	0	0	9	9	14634	12876	14938	13876	15334	13544	14684	14304	-2	48	42	63	44	42	54	38	31	-2	135	129	143	135	127	133	124	127	-2	205	195	211	202	189	199	190	187	-1
1001001000	-2	10842	7334	3121.106	24.75	11.893	105.75	7.693	152.625	8.957	7406.667	151.75	0	0	0	9	9	7802	10662	7751	8894	10842	8606	6379	5072	-2	21	14	47	13	30	38	12	23	-2	108	108	119	102	106	112	92	99	-2	151	159	165	154	153	161	138	140	-1
1001001000	-2	10842	7213.778	3153.521	24.75	11.893	105.75	7.693	152.625	8.957	7406.667	151.75	0	0	0	9	9	7716	10662	7446	8894	10842	8606	5922	4838	-2	21	14	47	13	30	38	12	23	-2	108	108	119	102	106	112	92	99	-2	151	159	165	154	153	161	138	140	-1
1001001000	-2	9773	6361.222	2708.793	21.75	10.674	101.75	7.838	147.875	7.944	6503.889	147.5	0	0	0	9	9	5987	9773	7617	6070	7775	8222	7669	4140	-2	24	15	41	13	12	36	11	22	-2	106	107	116	97	101	104	90	93	-2	150	156	161	144	147	151	137	137	-1
1001001000	-2	9773	6361.222	2708.793	21.75	10.674	101.75	7.838	147.875	7.944	6503.889	147.5	0	0	0	9	9	5987	9773	7617	6070	7775	8222	7669	4140	-2	24	15	41	13	12	36	11	22	-2	106	107	116	97	101	104	90	93	-2	150	156	161	144	147	151	137	137	-1
1001001000	-2	9705	6070.444	2992.868	21.375	10.475	100.5	7.921	147.125	7.976	6453.111	147.125	0	0	0	9	9	3305	9705	9113	5600	8109	8138	6727	3939	-2	32	15	40	13	12	31	11	17	-2	104	105	115	97	102	102	89	90	-2	147	154	161	144	150	149	136	136	-1
1001001000	-2	9705	6070.444	2992.868	21.375	10.475	100.5	7.921	147.125	7.976	6453.111	147.125	0	0	0	9	9	3305	9705	9113	5600	8109	8138	6727	3939	-2	32	15	40	13	12	31	11	17	-2	104	105	115	97	102	102	89	90	-2	147	154	161	144	150	149	136	136	-1
1001001000	-2	9991	6197.444	3117.195	19.875	9.225	99.5	8.016	147.25	8.273	7184.111	147	0	0	0	9	9	3218	9140	9991	5494	7829	9198	6838	4071	-2	28	15	38	13	11	27	12	15	-2	104	105	113	96	101	101	88	88	-2	149	156	160	143	150	149	135	136	-1
1001001000	-2	9991	6197.444	3117.195	19.875	9.225	99.5	8.016	147.25	8.273	7184.111	147	0	0	0	9	9	3218	9140	9991	5494	7829	9198	6838	4071	-2	28	15	38	13	11	27	12	15	-2	104	105	113	96	101	101	88	88	-2	149	156	160	143	150	149	135	136	-1
1001001000	-2	10309	7215.333	2940.757	19.625	9.46	101.875	7.39	151.125	7.008	7923.778	151.125	0	0	0	9	9	5917	9519	10309	6326	7996	9282	8986	6605	-2	23	15	40	13	11	28	12	15	-2	104	105	114	103	105	103	92	89	-2	151	156	162	151	156	152	141	140	-1
1001001000	-2	10309	7215.333	2940.757	19.625	9.46	101.875	7.39	151.125	7.008	7923.778	151.125	0	0	0	9	9	5917	9519	10309	6326	7996	9282	8986	6605	-2	23	15	40	13	11	28	12	15	-2	104	105	114	103	105	103	92	89	-2	151	156	162	151	156	152	141	140	-1
1002001000	-2	10468	6806.444	3746.791	20.75	9.523	105.571	6.609	142.125	39.457	7656.556	142.125	0	0	1	9	9	8672	0	10468	9474	8801	8484	8499	6862	-2	23	15	42	16	12	28	12	18	-2	109	-2	116	108	106	107	94	99	-2	158	39	167	158	160	160	147	148	-1
1002001000	-2	10468	6806.444	3746.791	20.75	9.523	105.571	6.609	142.125	39.457	7656.556	142.125	0	0	1	9	9	8672	0	10468	9474	8801	8484	8499	6862	-2	23	15	42	16	12	28	12	18	-2	109	-2	116	108	106	107	94	99	-2	158	39	167	158	160	160	147	148	-1
1001001000	-2	12033	8703	3478.412	22.25	10.293	108.75	6.815	163.375	7.565	9417.778	163.25	0	0	0	9	9	12033	11003	10576	10539	9709	9766	8777	5926	-2	23	16	42	17	12	36	13	19	-2	114	115	117	108	107	112	96	101	-2	164	175	171	161	163	168	153	152	-1
1001001000	-2	12033	8703	3478.412	22.25	10.293	108.75	6.815	163.375	7.565	9417.778	163.25	0	0	0	9	9	12033	11003	10576	10539	9709	9766	8777	5926	-2	23	16	42	17	12	36	13	19	-2	114	115	117	108	107	112	96	101	-2	164	175	171	161	163	168	153	152	-1
1001001000	-2	12814	9024.222	3552.298	24	10.677	113.5	6.481	172.625	7.017	9182.222	172.625	0	0	0	9	9	12814	11469	10415	11000	9424	10185	8989	6924	-2	24	15	42	24	13	40	13	21	-2	118	117	119	116	110	120	100	108	-2	176	181	176	172	171	181	161	163	-1
1001001000	-2	13263	9124.222	3639.892	24	11.236	113	6.5	173.375	7.432	9860.667	173.375	0	0	0	9	9	11689	13263	10568	9745	8688	11115	10092	6960	-2	23	14	43	25	13	41	13	20	-2	116	119	118	112	109	122	102	106	-2	175	183	176	170	173	184	163	163	-1
1001001000	-2	13263	9124.222	3639.892	24	11.236	113	6.5	173.375	7.432	9860.667	173.375	0	0	0	9	9	11689	13263	10568	9745	8688	11115	10092	6960	-2	23	14	43	25	13	41	13	20	-2	116	119	118	112	109	122	102	106	-2	175	183	176	170	173	184	163	163	-1
1001001000	-2	10807	7831.556	3147.017	23.5	10.932	110.125	5.487	167.625	6.688	9378.667	167.625	0	0	0	9	9	9242	10807	10303	7415	7414	8655	10482	6168	-2	22	14	43	25	13	39	13	19	-2	109	115	118	110	107	116	101	105	-2	164	177	173	165	168	176	160	158	-1
1001001000	-2	1087	669.444	384.482	15.5	2.062	104.625	4.581	154	13.519	12841.667	158.375	0	0	1	9	9	958	559	1087	779	785	907	0	952	-2	15	13	16	18	18	15	12	17	-2	109	96	110	102	105	110	103	102	-2	158	146	168	154	159	168	123	156	-1
1001001000	-2	286	104.444	120.715	15.5	2.062	104.625	4.581	135.875	16.534	12841.667	158.375	0	0	4	9	9	0	0	185	286	0	270	0	201	-2	15	13	16	18	18	15	12	17	-2	109	96	110	102	105	110	103	102	-2	127	114	137	154	126	168	123	138	-1
1001001000	-2	1466	617.111	539.521	60.375	7.952	128.875	6.698	177.375	9.34	9139.111	177.375	0	0	0	9	9	500	124	1040	52	1466	570	356	1448	-2	59	46	67	65	69	69	55	53	-2	130	123	144	127	127	133	126	121	-2	175	167	195	172	186	184	173	167	-1
1001001000	-2	2477	1112.556	889.852	59.375	6.855	130.125	6.954	176	12.913	9983	181.25	0	0	0	9	9	514	538	2061	292	2377	1040	716	2477	-2	57	57	66	62	68	65	54	46	-2	134	124	145	130	128	133	126	121	-2	155	163	198	176	186	186	174	170	-1
1001001000	-2	15329	12584.111	4528.123	59.5	6.442	139.75	5.783	219.625	11.757	16179.778	219.625	0	0	0	9	9	15329	13293	15100	12865	14516	14607	14489	13060	-2	53	61	67	62	66	65	53	49	-2	143	137	152	142	134	139	139	132	-2	227	205	241	222	213	227	219	203	-1
1001001000	-2	15698	12771.778	4672.736	40	9.747	127.75	5.426	187	7.937	13752.889	186.625	0	0	0	9	9	14238	14271	14777	15698	14946	15024	14794	11200	-2	37	39	59	32	40	52	30	31	-2	125	128	139	131	126	130	120	123	-2	182	190	201	193	185	191	180	174	-1
1001001000	-2	14636	11640.222	4346.998	39.75	9.769	127.375	5.633	186.625	8.092	13752.889	186.625	0	0	0	9	9	13667	12602	14608	11395	14519	12965	14636	10372	-2	37	39	59	32	38	52	30	31	-2	125	128	139	131	123	130	120	123	-2	182	190	201	193	182	191	180	174	-1
1001001000	-2	9507	5802.889	2843.264	19.5	11.565	97.125	9.493	142.375	10.024	6629.222	142.25	0	0	0	9	9	3685	9507	6945	8569	7559	7633	3941	4389	-2	15	14	42	11	10	36	11	17	-2	99	97	116	94	93	106	84	88	-2	141	148	161	142	136	151	129	131	-1
1001001000	-2	9507	5802.889	2843.264	19.5	11.565	97.125	9.493	142.375	10.024	6629.222	142.25	0	0	0	9	9	3685	9507	6945	8569	7559	7633	3941	4389	-2	15	14	42	11	10	36	11	17	-2	99	97	116	94	93	106	84	88	-2	141	148	161	142	136	151	129	131	-1
1001001000	-2	9092	5808.444	2706.25	18.375	9.656	96	9.206	142	8.732	6222.667	141.875	0	0	0	9	9	3315	9092	8517	5879	6291	8113	6565	4506	-2	19	14	38	11	10	30	10	15	-2	102	99	111	96	94	100	78	88	-2	144	148	158	142	138	145	127	134	-1
1001001000	-2	9092	5798.222	2706.066	18.375	9.656	96	9.206	142	8.732	6222.667	141.875	0	0	0	9	9	3315	9092	8519	5878	6289	8112	6504	4477	-2	19	14	38	11	10	30	10	15	-2	102	99	111	96	94	100	78	88	-2	144	148	158	142	138	145	127	134	-1
1001001000	-2	9075	5530.667	2624.473	17.875	8.781	97.5	7.228	144.625	7.889	6146.889	144.375	0	0	0	9	9	3423	8668	9075	5410	5615	7521	5198	4868	-2	20	15	34	11	9	30	11	13	-2	100	101	111	96	96	101	87	88	-2	144	151	159	143	141	150	134	135	-1
1001001000	-2	9075	5530.667	2624.473	17.875	8.781	97.5	7.228	144.625	7.889	6146.889	144.375	0	0	0	9	9	3423	8668	9075	5410	5615	7521	5198	4868	-2	20	15	34	11	9	30	11	13	-2	100	101	111	96	96	101	87	88	-2	144	151	159	143	141	150	134	135	-1
1001001000	-2	9673	5963.222	2993.727	17.125	7.897	95.5	6.205	143.125	6.508	6943.333	142.625	0	0	0	9	9	3659	9494	8890	4697	6038	9673	6858	4362	-2	20	13	33	11	10	26	11	13	-2	100	97	105	95	96	99	85	87	-2	145	147	154	143	142	147	133	134	-1
1001001000	-2	9676	5990.778	2996.726	17.125	7.897	95.5	6.205	143.125	6.508	6943.333	142.625	0	0	0	9	9	3729	9575	8895	4698	6058	9676	6872	4416	-2	20	13	33	11	10	26	11	13	-2	100	97	105	95	96	99	85	87	-2	145	147	154	143	142	147	133	134	-1
1001001000	-2	10776	7056.889	3063.78	18.125	8.838	96.75	6.398	145.875	6.173	7714.333	145.75	0	0	0	9	9	5114	10138	10776	5768	7562	9211	8043	6902	-2	20	14	37	13	10	27	11	13	-2	102	99	107	94	97	100	88	87	-2	148	150	157	143	145	149	137	138	-1
1001001000	-2	10776	7056.889	3063.78	18.125	8.838	96.75	6.398	145.875	6.173	7714.333	145.75	0	0	0	9	9	5114	10138	10776	5768	7562	9211	8043	6902	-2	20	14	37	13	10	27	11	13	-2	102	99	107	94	97	100	88	87	-2	148	150	157	143	145	149	137	138	-1
1001001000	-2	10682	8365	3129.679	19.125	9.333	100.625	6.891	152.625	6.613	8599.333	152.5	0	0	0	9	9	7921	10211	10682	7455	9857	9332	9477	10352	-2	21	14	40	14	12	27	11	14	-2	105	102	114	98	100	103	92	91	-2	155	156	165	150	153	155	144	143	-1
1001001000	-2	10682	8379.111	3135.162	19.125	9.333	100.625	6.891	152.625	6.613	8599.333	152.5	0	0	0	9	9	7931	10211	10682	7460	9859	9391	9477	10403	-2	21	14	40	14	12	27	11	14	-2	105	102	114	98	100	103	92	91	-2	155	156	165	150	153	155	144	143	-1
1001001000	-2	11001	8743.444	3261.628	20.625	10.21	105.375	7.035	160.5	7.28	8929.444	160.375	0	0	0	9	9	11001	9930	10765	7841	10844	8535	9265	10512	-2	21	14	41	15	13	34	12	15	-2	109	108	116	104	107	110	95	94	-2	161	165	171	158	165	165	151	148	-1
1001001000	-2	11001	8743.444	3261.628	20.625	10.21	105.375	7.035	160.5	7.28	8929.444	160.375	0	0	0	9	9	11001	9930	10765	7841	10844	8535	9265	10512	-2	21	14	41	15	13	34	12	15	-2	109	108	116	104	107	110	95	94	-2	161	165	171	158	165	165	151	148	-1
1001001000	-2	10880	8576.333	3140.472	20.5	10.583	105.75	6.815	162.25	6.851	9106.778	162.125	0	0	0	9	9	10532	8305	10535	8845	9562	9531	10880	8999	-2	21	15	41	14	12	35	11	15	-2	109	109	116	106	104	111	97	94	-2	162	168	171	161	163	169	154	150	-1
1001001000	-2	10880	8576.333	3140.472	20.5	10.583	105.75	6.815	162.25	6.851	9106.778	162.125	0	0	0	9	9	10532	8305	10535	8845	9562	9531	10880	8999	-2	21	15	41	14	12	35	11	15	-2	109	109	116	106	104	111	97	94	-2	162	168	171	161	163	169	154	150	-1
1001001000	-2	10831	8289.111	3084.855	21.75	11.155	106.75	6.778	164.25	7.084	8988.111	164.25	0	0	0	9	9	10201	8267	9960	10028	8772	8880	10831	7665	-2	21	14	42	17	13	39	12	16	-2	109	111	116	108	104	113	97	96	-2	164	171	172	164	164	172	155	152	-1
1001001000	-2	10831	8289.111	3084.855	21.75	11.155	106.75	6.778	164.25	7.084	8988.111	164.25	0	0	0	9	9	10201	8267	9960	10028	8772	8880	10831	7665	-2	21	14	42	17	13	39	12	16	-2	109	111	116	108	104	113	97	96	-2	164	171	172	164	164	172	155	152	-1
1002001000	-2	190	20.889	59.793	13.5	0.866	121.714	2.864	148.625	27.681	15639.889	203.875	0	0	7	9	9	0	0	0	0	0	0	190	0	-2	14	12	13	13	14	13	14	15	-2	125	-2	125	122	116	122	120	122	-2	149	100	152	145	139	147	209	148	-1
1001001000	-2	325	161.556	89.664	15.875	2.571	93	3.841	129.375	8.688	9609.778	137.125	0	0	0	9	9	96	150	194	100	182	325	152	257	-2	15	22	15	14	17	16	13	15	-2	94	89	97	94	90	100	92	88	-2	114	136	133	124	123	144	127	134	-1
1001001000	-2	14832	10562.667	4476.9	50.375	8.41	130.125	5.776	194.75	7.276	13389.778	194.75	0	0	0	9	9	12950	13862	14489	11356	7281	11992	14832	8304	-2	46	51	65	44	58	55	48	36	-2	129	130	144	129	124	132	125	128	-2	193	194	211	187	192	200	194	187	-1
1001001000	-2	14832	10562.667	4476.9	50.375	8.41	130.125	5.776	194.75	7.276	13389.778	194.75	0	0	0	9	9	12950	13862	14489	11356	7281	11992	14832	8304	-2	46	51	65	44	58	55	48	36	-2	129	130	144	129	124	132	125	128	-2	193	194	211	187	192	200	194	187	-1
1001001000	-2	14310	9758.444	4199.493	34.125	10.612	119.625	7.193	171.625	9.151	11355.667	171.5	0	0	0	9	9	10571	13920	11569	14310	7059	12637	10359	7403	-2	28	31	55	27	34	48	23	27	-2	110	122	133	125	116	124	113	114	-2	160	177	186	180	169	177	164	160	-1
1001001000	-2	14310	9758.444	4199.493	34.125	10.612	119.625	7.193	171.625	9.151	11355.667	171.5	0	0	0	9	9	10571	13920	11569	14310	7059	12637	10359	7403	-2	28	31	55	27	34	48	23	27	-2	110	122	133	125	116	124	113	114	-2	160	177	186	180	169	177	164	160	-1
1001001000	-2	8289	5385.889	2379.131	16.5	8.139	93.125	9.479	139.375	8.901	6437.889	138.875	0	0	0	9	9	4280	7677	7199	8289	5294	6803	4562	4371	-2	14	17	35	10	10	23	10	13	-2	94	98	110	92	89	100	76	86	-2	139	144	156	141	133	145	125	132	-1
1001001000	-2	8289	5171.444	2347.602	16.5	8.139	93.125	9.479	139.375	8.901	6437.889	138.875	0	0	0	9	9	4105	7526	6858	8289	5117	6373	4064	4213	-2	14	17	35	10	10	23	10	13	-2	94	98	110	92	89	100	76	86	-2	139	144	156	141	133	145	125	132	-1
1001001000	-2	7871	5313.778	2220.631	15.25	7.496	90.75	6.553	137.5	6.576	6088.222	137.375	0	0	0	9	9	5253	7871	7136	5288	4430	7630	5230	4988	-2	14	13	31	10	8	24	10	12	-2	91	90	103	92	89	96	79	86	-2	137	139	151	138	133	142	128	132	-1
1001001000	-2	7871	5313.778	2220.631	15.25	7.496	90.75	6.553	137.5	6.576	6088.222	137.375	0	0	0	9	9	5253	7871	7136	5288	4430	7630	5230	4988	-2	14	13	31	10	8	24	10	12	-2	91	90	103	92	89	96	79	86	-2	137	139	151	138	133	142	128	132	-1
1002001000	-2	8597	4473.556	2890.304	13	5.05	88.286	5.006	121.875	37.608	5897.889	121.875	0	0	1	9	9	5680	8597	0	2344	4721	7412	5465	6045	-2	14	11	15	9	8	25	10	12	-2	90	86	-2	91	90	97	81	83	-2	137	138	23	138	134	144	129	132	-1
1002001000	-2	10772	4762	3519.848	13.125	5.254	87.429	4.435	121.625	37.506	6816.333	121.625	0	0	1	9	9	4118	10772	0	1487	5059	8233	6672	6519	-2	13	12	15	10	8	26	10	11	-2	87	86	-2	91	87	96	82	83	-2	135	138	23	138	134	144	130	131	-1
1002001000	-2	10772	4762	3519.848	13.125	5.254	87.429	4.435	121.625	37.506	6816.333	121.625	0	0	1	9	9	4118	10772	0	1487	5059	8233	6672	6519	-2	13	12	15	10	8	26	10	11	-2	87	86	-2	91	87	96	82	83	-2	135	138	23	138	134	144	130	131	-1
1001001000	-2	10785	6562.667	3450.046	15.75	8.136	91.625	6.421	141.25	6.24	8359.444	141.125	0	0	0	9	9	3831	10785	10167	2985	6285	9847	7542	7624	-2	13	13	32	11	9	27	10	11	-2	89	88	103	94	90	100	85	84	-2	138	141	153	142	138	149	135	134	-1
1001001000	-2	10785	6562.667	3450.046	15.75	8.136	91.625	6.421	141.25	6.24	8359.444	141.125	0	0	0	9	9	3831	10785	10167	2985	6285	9847	7542	7624	-2	13	13	32	11	9	27	10	11	-2	89	88	103	94	90	100	85	84	-2	138	141	153	142	138	149	135	134	-1
1001001000	-2	10291	7205.667	3446.712	15.875	7.801	94.25	6.24	146.375	5.43	9138.778	146.125	0	0	0	9	9	4383	9344	10217	3853	7377	10291	9388	10000	-2	13	12	32	13	10	26	10	11	-2	90	92	105	94	95	103	89	86	-2	144	146	157	145	145	153	141	140	-1
1001001000	-2	10217	6749	3432.83	15.875	7.801	94.25	6.24	146.375	5.43	9138.778	146.125	0	0	0	9	9	3915	9344	10217	3576	5415	9216	9150	9910	-2	13	12	32	13	10	26	10	11	-2	90	92	105	94	95	103	89	86	-2	144	146	157	145	145	153	141	140	-1
1001001000	-2	10347	7813.778	3063.505	17.625	9.512	98.875	5.883	153.375	5.894	8702.889	153	0	0	0	9	9	6635	8673	9584	6491	8798	9521	10347	10277	-2	13	14	38	13	11	29	10	13	-2	98	101	109	94	99	106	92	92	-2	153	157	163	148	155	159	146	146	-1
1001001000	-2	10347	7813.778	3063.505	17.625	9.512	98.875	5.883	153.375	5.894	8702.889	153	0	0	0	9	9	6635	8673	9584	6491	8798	9521	10347	10277	-2	13	14	38	13	11	29	10	13	-2	98	101	109	94	99	106	92	92	-2	153	157	163	148	155	159	146	146	-1
1001001000	-2	11063	7254.778	3137.507	16.75	8.7	96.75	6.2	152	5.59	8821.111	151.75	0	0	0	9	9	6123	8142	8540	4781	7437	9096	11063	10113	-2	12	14	36	13	10	26	10	13	-2	92	97	106	93	98	107	90	91	-2	150	154	160	147	154	160	145	146	-1
1001001000	-2	11063	7254.778	3137.507	16.75	8.7	96.75	6.2	152	5.59	8821.111	151.75	0	0	0	9	9	6123	8142	8540	4781	7437	9096	11063	10113	-2	12	14	36	13	10	26	10	13	-2	92	97	106	93	98	107	90	91	-2	150	154	160	147	154	160	145	146	-1
1001001000	-2	10878	7972.444	3112.109	16.375	7.598	96.25	6.119	150.375	5.453	8921.667	150.25	0	0	0	9	9	8119	8741	9254	6023	10878	8846	10457	9436	-2	12	15	32	13	10	26	10	13	-2	92	97	105	93	96	107	90	90	-2	148	153	157	146	150	160	145	144	-1
1004003000	-2	951	320.333	379.028	10.333	1.247	84.2	3.487	98.5	49.422	12113.111	133.5	0	0	3	9	9	541	0	855	0	537	951	0	1	-2	10	-2	10	9	10	10	-2	13	-2	83	-2	86	-2	82	90	-2	80	-2	135	21	142	71	131	138	21	129	-1
1004003000	-2	951	320.333	379.028	10.333	1.247	84.2	3.487	98.5	49.422	12113.111	133.5	0	0	3	9	9	541	0	855	0	537	951	0	1	-2	10	-2	10	9	10	10	-2	13	-2	83	-2	86	-2	82	90	-2	80	-2	135	21	142	71	131	138	21	129	-1
1001001000	-2	7072	3786.222	2635.974	26.375	10.343	103.375	6.891	144.75	13.132	8447.222	149.75	0	0	1	9	9	6992	7072	1899	3646	0	6565	4794	3110	-2	20	22	44	16	29	42	16	22	-2	101	109	113	99	100	113	99	93	-2	149	155	153	146	115	158	148	134	-1
1001001000	-2	10835	5944.667	3193.016	20.5	8.818	100.875	6.431	149.375	6.8	8065.556	149.25	0	0	0	9	9	7382	8034	7112	10835	4180	8235	1906	5820	-2	15	14	33	13	24	36	12	17	-2	103	103	110	99	99	109	90	94	-2	149	150	161	152	143	157	140	143	-1
1002001000	-2	8185	5059.333	2928.973	11.75	3.112	86.857	4.998	121.5	36.021	5672.778	121.5	0	0	1	9	9	6514	8093	0	8185	4374	6650	6419	5301	-2	12	12	13	9	9	19	9	11	-2	82	90	-2	90	87	95	79	85	-2	133	139	27	139	131	143	128	132	-1
1002001000	-2	7420	4448.222	2617.005	11.75	3.112	86.857	4.998	121.5	36.021	5672.778	121.5	0	0	1	9	9	5905	7312	0	7420	3795	5882	5047	4675	-2	12	12	13	9	9	19	9	11	-2	82	90	-2	90	87	95	79	85	-2	133	139	27	139	131	143	128	132	-1
1002001000	-2	8791	4771.778	2901.731	10.75	3.419	83.286	3.99	118.125	34.711	5995.778	118.125	0	0	1	9	9	5753	7815	0	4839	3947	8791	5351	6452	-2	11	11	11	9	7	19	8	10	-2	84	86	-2	87	80	89	78	79	-2	133	136	27	134	126	137	126	126	-1
1002001000	-2	8791	4771.778	2901.731	10.75	3.419	83.286	3.99	118.125	34.711	5995.778	118.125	0	0	1	9	9	5753	7815	0	4839	3947	8791	5351	6452	-2	11	11	11	9	7	19	8	10	-2	84	86	-2	87	80	89	78	79	-2	133	136	27	134	126	137	126	126	-1
1001001000	-2	8929	4688.778	2866.295	10.75	4.146	83.5	5.937	131.875	6.274	7655.111	131.875	0	0	0	9	9	2189	7207	8929	1023	4846	6960	4701	6346	-2	11	11	11	8	7	21	8	9	-2	82	81	96	85	80	89	77	78	-2	130	132	145	133	128	137	124	126	-1
1001001000	-2	8684	4091.111	2753.451	10.75	4.146	83.5	5.937	128.25	11.099	7655.111	131.875	0	0	1	9	9	1980	6182	8684	0	4519	5743	4251	5463	-2	11	11	11	8	7	21	8	9	-2	82	81	96	85	80	89	77	78	-2	130	132	145	104	128	137	124	126	-1
1001001000	-2	9491	4619.333	2831.449	11.25	3.929	83.125	6.716	132.75	6.32	8668.889	132.625	0	0	0	9	9	2538	5293	9491	1488	5152	8083	4492	5039	-2	11	11	12	9	8	21	8	10	-2	82	78	97	85	78	90	77	78	-2	132	129	146	134	128	139	127	127	-1
1001001000	-2	9837	5090.556	2985.781	11.25	3.929	83.125	6.716	132.75	6.32	8668.889	132.625	0	0	0	9	9	2394	6767	9837	1854	5556	8136	4886	6387	-2	11	11	12	9	8	21	8	10	-2	82	78	97	85	78	90	77	78	-2	132	129	146	134	128	139	127	127	-1
1002001000	-2	8136	4529.333	3154.043	11.25	4.023	82.571	4.686	119.5	36.373	7934	119.5	0	0	1	9	9	2897	8129	0	1921	5896	8136	6939	6848	-2	11	11	13	9	8	21	8	9	-2	83	77	-2	86	80	92	81	79	-2	133	130	24	137	129	143	131	129	-1
1002001000	-2	8136	4529.333	3154.043	11.25	4.023	82.571	4.686	119.5	36.373	7934	119.5	0	0	1	9	9	2897	8129	0	1921	5896	8136	6939	6848	-2	11	11	13	9	8	21	8	9	-2	83	77	-2	86	80	92	81	79	-2	133	130	24	137	129	143	131	129	-1
1002001000	-2	9818	5382.111	3924.682	11.625	3.603	85.143	5.139	123.375	37.845	8316.222	123.375	0	0	1	9	9	4412	9818	0	834	6810	9714	8308	8545	-2	11	11	14	11	8	20	9	9	-2	87	79	-2	89	82	95	83	81	-2	142	133	24	141	133	146	135	133	-1
1002001000	-2	9818	5382.111	3924.682	11.625	3.603	85.143	5.139	123.375	37.845	8316.222	123.375	0	0	1	9	9	4412	9818	0	834	6810	9714	8308	8545	-2	11	11	14	11	8	20	9	9	-2	87	79	-2	89	82	95	83	81	-2	142	133	24	141	133	146	135	133	-1
1002001000	-2	9986	5449.222	3767.065	12.125	4.136	86.286	5.364	125.25	38.541	8341	125.25	0	0	1	9	9	3731	9626	0	2716	5806	8602	8578	9986	-2	11	10	15	11	9	22	9	10	-2	88	79	-2	91	84	96	84	82	-2	144	134	24	143	137	148	137	135	-1
1002001000	-2	10896	6126	4169.105	12.375	4.06	86.857	4.734	125.75	38.677	8341	125.25	0	0	1	9	9	5352	10896	0	2180	7277	10159	9320	9952	-2	11	12	15	11	9	22	9	10	-2	88	83	-2	91	84	96	84	82	-2	144	138	24	143	137	148	137	135	-1
1002001000	-2	10653	6282.111	4069.202	12	3.571	85.714	3.99	124.625	38.216	8347	124.125	0	0	1	9	9	6548	10653	0	2557	8048	10269	8690	9776	-2	11	12	15	11	9	20	9	9	-2	85	84	-2	89	83	94	82	83	-2	141	139	24	142	136	146	134	135	-1
1001001000	-2	469	226.222	158.945	11.25	1.714	77.625	4.923	117.625	7.499	5859.333	119.75	0	0	0	9	9	252	103	468	242	247	234	469	23	-2	13	9	13	10	11	14	10	10	-2	80	73	80	78	79	87	70	74	-2	120	100	125	119	119	126	116	116	-1
1001001000	-2	9504	4664.556	2867.425	17.25	5.607	96	4.975	144	5.025	8218	143.875	0	0	0	9	9	6665	5803	5455	9504	2412	5857	719	5568	-2	15	15	19	12	26	26	10	15	-2	97	98	104	94	96	101	88	90	-2	146	145	151	147	139	149	136	139	-1
1001001000	-2	8856	5733.778	2445.643	10	2.646	82.125	5.441	131.25	6.139	7498.333	131.25	0	0	0	9	9	6792	6483	7717	8856	3973	6061	4783	6941	-2	10	11	11	7	8	16	8	9	-2	78	85	93	82	78	87	77	77	-2	131	134	143	133	124	135	123	127	-1
1001001000	-2	10527	6561.111	2788.927	9.875	2.619	82.25	5.517	131.375	5.978	7498.333	131.25	0	0	0	9	9	7410	7164	8465	10527	4562	6849	6048	8027	-2	10	10	11	7	8	16	8	9	-2	78	86	93	82	78	87	77	77	-2	131	134	143	133	124	135	124	127	-1
1001001000	-2	7653	5420	2358.437	9.25	2.437	79.125	4.622	127.75	4.684	7632.333	127.75	0	0	0	9	9	5916	7389	7653	3387	4272	6930	5927	7308	-2	9	10	10	7	7	15	8	8	-2	79	78	89	79	77	83	74	74	-2	128	128	138	127	124	131	123	123	-1
1001001000	-2	7653	5420	2358.437	9.25	2.437	79.125	4.622	127.75	4.684	7632.333	127.75	0	0	0	9	9	5916	7389	7653	3387	4272	6930	5927	7308	-2	9	10	10	7	7	15	8	8	-2	79	78	89	79	77	83	74	74	-2	128	128	138	127	124	131	123	123	-1
1001001000	-2	7852	4073.333	2667.324	9	2.915	76.75	4.841	123.5	7.382	7867.778	125.875	0	0	0	9	9	2039	5665	7852	901	2886	6653	3725	6941	-2	9	10	9	7	6	16	7	8	-2	76	74	87	79	75	80	72	71	-2	124	124	137	109	123	129	121	121	-1
1001001000	-2	7406	3572.889	2532.169	9	2.915	76.75	4.841	122.25	10.084	7867.778	125.875	0	0	0	9	9	1556	4420	7406	364	2279	5664	3896	6573	-2	9	10	9	7	6	16	7	8	-2	76	74	87	79	75	80	72	71	-2	124	124	137	99	123	129	121	121	-1
1001001000	-2	8130	4033.111	2651.868	9.375	2.87	77.375	4.872	127.125	5.183	8526.667	127.125	0	0	0	9	9	1857	5189	8130	1602	2694	7828	3602	5398	-2	9	11	10	7	7	16	7	8	-2	77	74	87	81	74	81	72	73	-2	126	123	137	131	123	132	122	123	-1
1001001000	-2	8130	4033.111	2651.868	9.375	2.87	77.375	4.872	127.125	5.183	8526.667	127.125	0	0	0	9	9	1857	5189	8130	1602	2694	7828	3602	5398	-2	9	11	10	7	7	16	7	8	-2	77	74	87	81	74	81	72	73	-2	126	123	137	131	123	132	122	123	-1
1001001000	-2	7886	4111.222	2457.497	9.375	2.87	78.625	5.384	129	5.59	8985.444	129	0	0	0	9	9	2493	4591	7886	1819	3323	7871	4572	4448	-2	9	10	11	7	7	16	7	8	-2	78	74	90	81	74	83	75	74	-2	129	124	140	132	124	134	126	123	-1
1001001000	-2	8243	4639.444	2398.637	9.375	2.69	79	5.477	131.5	5.244	9145.444	131.375	0	0	0	9	9	4296	4802	7812	2233	3902	8243	5239	5230	-2	9	10	12	7	7	15	7	8	-2	79	74	90	80	74	85	75	75	-2	133	127	141	134	126	137	127	127	-1
1001001000	-2	8243	4639.444	2398.637	9.375	2.69	79	5.477	131.5	5.244	9145.444	131.375	0	0	0	9	9	4296	4802	7812	2233	3902	8243	5239	5230	-2	9	10	12	7	7	15	7	8	-2	79	74	90	80	74	85	75	75	-2	133	127	141	134	126	137	127	127	-1
1001001000	-2	8187	5515.111	2219.961	9.25	2.681	80	5.545	132.875	5.667	8924.333	132.875	0	0	0	9	9	5619	5069	6962	5524	6425	8187	4640	7212	-2	9	9	12	7	7	15	7	8	-2	80	74	90	82	76	87	75	76	-2	136	127	142	136	128	139	127	128	-1
1001001000	-2	8187	5515.111	2219.961	9.25	2.681	80	5.545	132.875	5.667	8924.333	132.875	0	0	0	9	9	5619	5069	6962	5524	6425	8187	4640	7212	-2	9	9	12	7	7	15	7	8	-2	80	74	90	82	76	87	75	76	-2	136	127	142	136	128	139	127	128	-1
1001001000	-2	325	143	114.804	11.125	1.053	80	2.828	114.25	12.477	5545.111	121.75	0	0	2	9	9	276	0	178	196	130	325	184	0	-2	13	10	12	10	11	12	10	11	-2	79	78	82	79	79	86	81	76	-2	120	96	126	110	118	127	124	93	-1
1001001000	-2	9820	5725.333	3146.731	13.125	4.622	87	4.444	136.125	5.946	7962.333	136.75	0	0	0	9	9	8260	6541	8501	9820	2367	5667	2648	7726	-2	11	13	13	8	23	17	8	12	-2	79	93	89	89	87	92	83	84	-2	135	139	141	143	127	142	127	135	-1
1001001000	-2	8756	5867.333	2642.559	8.375	1.996	76.25	4.994	123.625	6.651	7950.778	124.75	0	0	0	9	9	8605	6860	6662	8756	3890	7080	3856	7099	-2	8	9	9	6	7	13	7	8	-2	75	77	86	76	75	81	70	70	-2	126	126	134	126	111	128	117	121	-1
1001001000	-2	8765	6097.778	2602.67	8.375	1.996	76.25	4.994	124.75	4.969	7950.778	124.75	0	0	0	9	9	8765	6969	6984	8722	4789	7268	4143	7242	-2	8	9	9	6	7	13	7	8	-2	75	77	86	76	75	81	70	70	-2	126	126	134	126	120	128	117	121	-1
1001001000	-2	8337	4737.222	2449.704	7.625	1.495	71.625	2.955	120.75	3.031	8307	120.75	0	0	0	9	9	4175	7702	8337	3927	2479	6119	4019	5879	-2	8	8	8	6	6	11	7	7	-2	71	71	78	70	72	74	69	68	-2	121	120	128	120	119	122	118	118	-1
1006003000	-2	0	-0.222	0.629	7.5	0.5	82	3.559	64.875	34.79	14239	145.5	0	0	8	9	9	0	0	0	0	0	0	0	0	-2	8	-2	8	7	7	8	7	-2	-2	-2	-2	-2	79	-2	87	80	-2	-2	78	21	33	100	55	108	103	21	-1
1004001000	-2	218	36.889	73.588	7	0.707	67	2.366	78.75	18.593	9224.889	112.75	0	0	6	9	9	218	0	0	0	0	116	0	0	-2	8	7	7	7	8	7	6	6	-2	64	66	-2	66	-2	71	68	-2	-2	112	83	59	84	62	92	86	52	-1
1001001000	-2	706	281.111	286.414	7.5	0.707	70.75	2.046	105.625	14.062	8746.556	115.875	0	0	3	9	9	650	372	0	0	219	585	706	0	-2	8	7	7	7	9	8	7	7	-2	69	71	72	69	71	75	71	68	-2	117	116	91	86	113	118	118	86	-1
1001001000	-2	11125	4056.889	3463.899	11.25	1.09	90	3.775	143.5	11.045	12396	147.25	0	0	0	9	9	11125	2810	118	6736	4403	3326	6883	1113	-2	12	12	12	10	10	11	10	13	-2	88	93	94	86	88	92	95	84	-2	149	146	116	146	146	147	156	142	-1
1001001000	-2	9726	7177.444	2987.657	10.25	1.714	86.625	4.82	140.125	4.4	9216.667	140.25	0	0	0	9	9	8509	6758	8050	9138	4306	9524	8588	9726	-2	10	13	11	9	8	12	8	11	-2	79	95	90	91	83	86	86	83	-2	139	141	144	148	132	141	138	138	-1
1001001000	-2	9251	6755.222	2986.76	10.875	1.691	87	4.637	139.875	5.183	9216.667	140.25	0	0	0	9	9	8263	6940	6789	9251	3146	8895	8275	9240	-2	10	13	11	9	13	12	8	11	-2	79	95	90	91	86	86	86	83	-2	139	142	144	148	129	141	138	138	-1
1001001000	-2	9937	6934.222	2819.673	6.875	0.781	70.625	3.426	119.5	3.082	9123.556	119.5	0	0	0	9	9	9020	7501	8903	9937	5237	7418	6051	8343	-2	7	8	8	6	6	7	6	7	-2	69	74	77	70	71	71	68	65	-2	119	122	124	123	116	120	116	116	-1
