1001001000	-2	6045	3985.444	1592.393	48.25	11.244	135.25	9.562	192.5	15.223	3985.889	192.5	0	0	0	9	9	4703	4773	3758	6045	3719	3686	5138	4049	-2	54	42	28	51	45	40	65	61	-2	130	131	117	144	139	130	149	142	-2	189	186	165	216	192	183	212	197	-1
1001001000	-2	5759	4121.667	1697.543	55.75	11.723	137.75	6.996	195.5	14.697	4121.889	195.5	0	0	0	9	9	5035	5001	2692	5759	5173	3877	5312	4248	-2	58	51	34	53	54	51	71	74	-2	139	130	126	141	146	133	147	140	-2	199	185	171	211	213	183	212	190	-1
1001001000	-2	3697	2755.667	1040.727	53.5	3.969	127.25	4.146	170.75	6.741	2755.889	170.75	0	0	0	9	9	3697	3481	2387	3267	2888	3271	2854	2958	-2	55	48	58	57	59	51	50	50	-2	131	123	125	128	133	132	121	125	-2	175	166	163	177	177	180	166	162	-1
1001001000	-2	3697	2755.667	1040.727	53.5	3.969	127.25	4.146	170.75	6.741	2755.889	170.75	0	0	0	9	9	3697	3481	2387	3267	2888	3271	2854	2958	-2	55	48	58	57	59	51	50	50	-2	131	123	125	128	133	132	121	125	-2	175	166	163	177	177	180	166	162	-1
1001001000	-2	3489	2589.889	986.03	52.5	4.717	126.625	4.299	169.875	5.988	2590.222	169.875	0	0	0	9	9	3489	3405	2366	3105	2530	2959	2547	2910	-2	55	49	54	57	60	51	50	44	-2	131	125	122	128	134	129	122	122	-2	173	168	162	177	176	176	165	162	-1
1001001000	-2	3489	2589.889	986.03	52.5	4.717	126.625	4.299	169.875	5.988	2590.222	169.875	0	0	0	9	9	3489	3405	2366	3105	2530	2959	2547	2910	-2	55	49	54	57	60	51	50	44	-2	131	125	122	128	134	129	122	122	-2	173	168	162	177	176	176	165	162	-1
1001001000	-2	3414	2556.333	1030.732	53.75	3.666	126.75	4.176	168.25	6.078	2556.444	168.25	0	0	0	9	9	3308	3414	2212	3090	1946	3285	3196	2558	-2	56	55	54	57	59	47	50	52	-2	131	127	120	127	130	128	131	120	-2	172	169	158	173	170	173	173	158	-1
1001001000	-2	3414	2556.333	1030.732	53.75	3.666	126.75	4.176	168.25	6.078	2556.444	168.25	0	0	0	9	9	3308	3414	2212	3090	1946	3285	3196	2558	-2	56	55	54	57	59	47	50	52	-2	131	127	120	127	130	128	131	120	-2	172	169	158	173	170	173	173	158	-1
1001001000	-2	3315	2504.778	983.56	55.875	4.428	127.125	4.936	169	6.652	2504.889	169	0	0	0	9	9	3089	3250	2055	2728	2215	3214	3315	2679	-2	57	57	55	61	61	46	56	54	-2	131	127	120	127	131	128	134	119	-2	172	170	158	174	171	172	177	158	-1
1001001000	-2	3234	2458.222	959.422	55.875	4.428	127.125	4.936	169	6.652	2504.889	169	0	0	0	9	9	3036	3234	2041	2677	2189	3150	3158	2641	-2	57	57	55	61	61	46	56	54	-2	131	127	120	127	131	128	134	119	-2	172	170	158	174	171	172	177	158	-1
1001001000	-2	3379	2565	994.195	57.875	6.071	127.625	5.314	169.75	7.479	2565.222	169.75	0	0	0	9	9	3056	3359	2040	2744	2572	3379	3232	2705	-2	57	58	55	63	66	46	64	54	-2	132	128	120	126	133	129	134	119	-2	175	173	157	173	173	173	177	157	-1
1001001000	-2	5862	4444	1620.641	46.25	11.486	145.75	7.806	239.875	21.854	4444.222	239.875	0	0	0	9	9	5862	4909	5014	4685	5434	4695	4909	4490	-2	54	38	28	50	43	35	63	59	-2	141	138	133	150	150	144	159	151	-2	267	223	209	257	267	218	252	226	-1
1001001000	-2	5438	4213.111	1585.512	54.75	11.691	140.375	5.048	197.875	8.447	4213.333	197.875	0	0	0	9	9	5431	5245	3704	5438	4823	4507	4512	4260	-2	58	42	36	53	56	52	65	76	-2	140	133	133	140	147	143	147	140	-2	198	189	184	210	205	199	206	192	-1
1001001000	-2	5399	4314.556	1559.113	74.25	6.591	146	4.822	212.625	14.756	4314.778	212.625	0	0	0	9	9	5399	4319	4882	4880	5129	4550	5122	4552	-2	83	70	66	66	81	75	71	82	-2	149	139	147	142	151	147	153	140	-2	230	196	206	202	220	221	234	192	-1
1001001000	-2	5343	4270	1557.226	73.75	6.379	146.75	4.684	212.875	15.744	4270.222	212.875	0	0	0	9	9	5229	4328	4227	5224	4569	4871	5343	4641	-2	84	70	69	67	80	74	66	80	-2	150	141	148	143	150	151	152	139	-2	231	203	203	205	205	232	234	190	-1
1001001000	-2	5343	4270	1557.226	73.75	6.379	146.75	4.684	212.875	15.744	4270.222	212.875	0	0	0	9	9	5229	4328	4227	5224	4569	4871	5343	4641	-2	84	70	69	67	80	74	66	80	-2	150	141	148	143	150	151	152	139	-2	231	203	203	205	205	232	234	190	-1
1001001000	-2	5656	4008.667	1505.637	67.875	7.061	143.5	3.873	210	13.775	4008.889	210	0	0	0	9	9	5656	4196	3932	5040	4269	4261	4122	4604	-2	81	66	66	67	76	66	56	65	-2	148	138	143	143	147	147	145	137	-2	231	202	196	215	206	226	216	188	-1
1001001000	-2	3496	2533.222	974.441	50	8.352	125.375	5.266	169.5	7.73	2533.444	169.5	0	0	0	9	9	3496	3175	2382	2726	2622	3355	2657	2388	-2	56	48	58	57	52	50	49	30	-2	132	123	121	128	132	129	121	117	-2	175	169	160	179	175	176	166	156	-1
1001001000	-2	3496	2533.222	974.441	50	8.352	125.375	5.266	169.5	7.73	2533.444	169.5	0	0	0	9	9	3496	3175	2382	2726	2622	3355	2657	2388	-2	56	48	58	57	52	50	49	30	-2	132	123	121	128	132	129	121	117	-2	175	169	160	179	175	176	166	156	-1
1001001000	-2	3520	2412.111	1010.523	49	8.426	122.5	4.873	163.5	6.982	2412.444	163.5	0	0	0	9	9	3520	3169	2159	2882	2059	3441	2373	2108	-2	55	49	57	56	52	48	46	29	-2	130	121	118	125	127	125	120	114	-2	171	163	156	171	166	169	162	150	-1
1001001000	-2	3520	2412.111	1010.523	49	8.426	122.5	4.873	163.5	6.982	2412.444	163.5	0	0	0	9	9	3520	3169	2159	2882	2059	3441	2373	2108	-2	55	49	57	56	52	48	46	29	-2	130	121	118	125	127	125	120	114	-2	171	163	156	171	166	169	162	150	-1
1001001000	-2	3401	2285	1006.09	48.875	8.781	122.25	5.19	162.75	7.137	2285.111	162.75	0	0	0	9	9	3401	3290	2043	2799	1724	3203	2189	1918	-2	55	49	56	56	54	45	48	28	-2	130	121	118	126	127	124	119	113	-2	171	164	155	170	166	167	160	149	-1
1001001000	-2	3401	2285	1006.09	48.875	8.781	122.25	5.19	162.75	7.137	2285.111	162.75	0	0	0	9	9	3401	3290	2043	2799	1724	3203	2189	1918	-2	55	49	56	56	54	45	48	28	-2	130	121	118	126	127	124	119	113	-2	171	164	155	170	166	167	160	149	-1
1001001000	-2	3364	2327.889	972.618	48	9.327	121.5	5.362	161.875	7.424	2328.111	161.875	0	0	0	9	9	3364	3308	2118	2808	1916	3078	2203	2158	-2	52	50	55	57	57	44	41	28	-2	130	121	117	125	126	123	118	112	-2	172	166	154	168	165	164	158	148	-1
1001001000	-2	3364	2327.889	972.618	48	9.327	121.5	5.362	161.875	7.424	2328.111	161.875	0	0	0	9	9	3364	3308	2118	2808	1916	3078	2203	2158	-2	52	50	55	57	57	44	41	28	-2	130	121	117	125	126	123	118	112	-2	172	166	154	168	165	164	158	148	-1
1001001000	-2	3265	2390.556	942.781	47.125	8.978	122.25	5.449	164	7.649	2390.667	164	0	0	0	9	9	3265	3234	2292	2854	2284	3101	2331	2156	-2	51	52	55	56	52	44	39	28	-2	131	122	118	124	128	124	118	113	-2	175	170	156	168	169	165	158	151	-1
1001001000	-2	3265	2390.556	942.781	47.125	8.978	122.25	5.449	164	7.649	2390.667	164	0	0	0	9	9	3265	3234	2292	2854	2284	3101	2331	2156	-2	51	52	55	56	52	44	39	28	-2	131	122	118	124	128	124	118	113	-2	175	170	156	168	169	165	158	151	-1
1001001000	-2	3467	2573	995.748	50.125	10.142	127.625	4.662	173.75	6.942	2573.222	173.75	0	0	0	9	9	3163	3172	2606	2305	2717	3467	3376	2353	-2	52	57	59	58	60	45	40	30	-2	132	126	128	127	132	127	132	117	-2	181	177	172	174	177	173	179	157	-1
1001001000	-2	3467	2573	995.748	50.125	10.142	127.625	4.662	173.75	6.942	2573.222	173.75	0	0	0	9	9	3163	3172	2606	2305	2717	3467	3376	2353	-2	52	57	59	58	60	45	40	30	-2	132	126	128	127	132	127	132	117	-2	181	177	172	174	177	173	179	157	-1
1001001000	-2	4265	2940.222	1148.139	57.5	6.325	134.375	5.83	188.125	11.667	2940.556	188.125	0	0	0	9	9	3485	3519	3118	2572	4265	3437	3475	2593	-2	57	61	65	62	65	48	51	51	-2	136	141	135	133	140	132	137	121	-2	197	206	185	184	195	183	191	164	-1
1001001000	-2	4275	3153.333	1201.389	62.25	5.673	138.375	6.945	200.75	20.945	3153.667	200.75	0	0	0	9	9	3648	4275	3378	3188	4168	3342	3645	2738	-2	67	63	67	64	70	53	59	55	-2	139	150	140	138	143	134	139	124	-2	210	249	194	192	202	189	198	172	-1
1001001000	-2	4275	3153.333	1201.389	62.25	5.673	138.375	6.945	200.75	20.945	3153.667	200.75	0	0	0	9	9	3648	4275	3378	3188	4168	3342	3645	2738	-2	67	63	67	64	70	53	59	55	-2	139	150	140	138	143	134	139	124	-2	210	249	194	192	202	189	198	172	-1
1001001000	-2	3924	2838.667	1152.655	70.375	5.957	149.625	6.836	228.875	14.667	2838.889	228.875	0	0	0	9	9	3508	1943	3924	3743	3187	2972	2733	3540	-2	67	68	63	68	75	75	82	65	-2	147	163	146	144	154	148	155	140	-2	240	249	217	211	230	238	240	206	-1
1001001000	-2	3846	2648.556	1131.955	72	7.45	151.625	9.151	227.375	14.203	2648.889	227.375	0	0	0	9	9	3846	1710	3449	3433	3004	2937	2133	3327	-2	65	68	62	75	79	76	85	66	-2	146	166	146	143	154	151	166	141	-2	226	249	217	211	231	238	241	206	-1
1001001000	-2	3832	2770.111	1061.014	69.875	5.622	149.5	8.703	223.875	16.174	2770.444	223.875	0	0	0	9	9	3832	2569	2824	3339	3595	3169	2567	3038	-2	66	66	63	68	74	76	80	66	-2	141	162	145	143	153	148	164	140	-2	214	245	212	211	231	239	241	198	-1
1001001000	-2	3832	2770.111	1061.014	69.875	5.622	149.5	8.703	223.875	16.174	2770.444	223.875	0	0	0	9	9	3832	2569	2824	3339	3595	3169	2567	3038	-2	66	66	63	68	74	76	80	66	-2	141	162	145	143	153	148	164	140	-2	214	245	212	211	231	239	241	198	-1
1001001000	-2	6303	4674.333	1729.533	47.625	10.885	143.5	8.485	229.5	23.984	4674.667	229.5	0	0	0	9	9	6303	5337	4490	5821	5044	4897	5292	4887	-2	55	37	28	50	42	47	61	61	-2	141	131	132	148	142	150	158	146	-2	241	204	205	279	219	222	250	216	-1
1001001000	-2	6099	4296.222	1613.808	64	10.989	144.125	5.325	204.25	11.178	4296.444	204.25	0	0	0	9	9	6099	4768	5100	5159	4558	4387	4410	4187	-2	62	42	57	70	74	62	64	81	-2	144	132	148	143	149	148	148	141	-2	222	185	208	205	205	214	205	190	-1
1001001000	-2	5573	3932	1471.716	65.375	10.416	142.75	5.651	197.5	10.735	3932.222	197.5	0	0	0	9	9	5573	4043	4502	4691	4154	3850	4513	4064	-2	65	44	61	70	76	62	64	81	-2	146	130	145	140	147	145	149	140	-2	213	178	201	196	196	205	206	185	-1
1001001000	-2	5573	3932	1471.716	65.375	10.416	142.75	5.651	197.5	10.735	3932.222	197.5	0	0	0	9	9	5573	4043	4502	4691	4154	3850	4513	4064	-2	65	44	61	70	76	62	64	81	-2	146	130	145	140	147	145	149	140	-2	213	178	201	196	196	205	206	185	-1
1001001000	-2	5423	4070.444	1548.656	76	6.164	153	4.637	228.75	11.903	4070.556	228.75	0	0	0	9	9	4545	4574	4891	4738	4470	3160	4835	5423	-2	86	72	70	75	81	81	66	77	-2	155	150	154	153	151	161	156	144	-2	231	221	239	235	214	245	236	209	-1
1001001000	-2	3476	2598.333	985.872	49.5	8.631	126.125	4.343	171.875	7.44	2744	171.875	0	0	0	9	9	3367	3255	2479	2986	2730	3476	2491	2603	-2	56	47	60	57	47	53	45	31	-2	134	127	124	128	127	128	123	118	-2	183	175	165	178	172	176	168	158	-1
1001001000	-2	3476	2598.333	985.872	49.5	8.631	126.125	4.343	171.875	7.44	2744	171.875	0	0	0	9	9	3367	3255	2479	2986	2730	3476	2491	2603	-2	56	47	60	57	47	53	45	31	-2	134	127	124	128	127	128	123	118	-2	183	175	165	178	172	176	168	158	-1
1001001000	-2	3473	2339	980.166	43.25	10.425	121.75	5.54	163.375	8.484	2438.444	163.375	0	0	0	9	9	3473	2881	2283	2957	2244	3187	2376	1652	-2	48	41	58	54	38	50	29	28	-2	130	121	120	126	124	124	119	110	-2	172	164	157	173	166	168	162	145	-1
1001001000	-2	3591	2438.333	1007.122	43.25	10.425	121.75	5.54	163.375	8.484	2438.444	163.375	0	0	0	9	9	3591	3018	2358	2982	2432	3250	2600	1716	-2	48	41	58	54	38	50	29	28	-2	130	121	120	126	124	124	119	110	-2	172	164	157	173	166	168	162	145	-1
1001001000	-2	3061	2176.444	881.961	42.5	10.173	119.5	5.788	159.5	7.228	2176.556	159.5	0	0	0	9	9	3061	2777	2245	2683	1856	2770	2537	1661	-2	48	41	57	54	38	46	28	28	-2	125	113	119	125	125	121	120	108	-2	164	157	156	168	164	163	161	143	-1
1001001000	-2	3061	2176.444	881.961	42.5	10.173	119.5	5.788	159.5	7.228	2176.556	159.5	0	0	0	9	9	3061	2777	2245	2683	1856	2770	2537	1661	-2	48	41	57	54	38	46	28	28	-2	125	113	119	125	125	121	120	108	-2	164	157	156	168	164	163	161	143	-1
1001001000	-2	2967	2136.667	859.259	42.375	10.258	117.625	6.651	156.375	8.03	2137	156.375	0	0	0	9	9	2967	2940	2389	2759	2248	1891	2323	1715	-2	50	43	56	54	38	43	28	27	-2	125	114	118	125	124	112	118	105	-2	163	158	156	166	163	151	155	139	-1
1001001000	-2	2967	2136.667	859.259	42.375	10.258	117.625	6.651	156.375	8.03	2137	156.375	0	0	0	9	9	2967	2940	2389	2759	2248	1891	2323	1715	-2	50	43	56	54	38	43	28	27	-2	125	114	118	125	124	112	118	105	-2	163	158	156	166	163	151	155	139	-1
1001001000	-2	3041	2123.778	834.239	42.125	10.277	117	5.568	156.375	7.482	2123.889	156.375	0	0	0	9	9	2843	3041	2301	2564	2274	1799	2273	2021	-2	50	47	54	54	39	39	27	27	-2	122	117	116	123	124	111	116	107	-2	162	162	155	164	164	150	152	142	-1
1001001000	-2	3041	2123.778	834.239	42.125	10.277	117	5.568	156.375	7.482	2123.889	156.375	0	0	0	9	9	2843	3041	2301	2564	2274	1799	2273	2021	-2	50	47	54	54	39	39	27	27	-2	122	117	116	123	124	111	116	107	-2	162	162	155	164	164	150	152	142	-1
1001001000	-2	3352	2153.889	865.731	42.75	10.268	117.875	5.464	158.5	7.81	2154.444	158.5	0	0	0	9	9	2558	3352	2425	2632	2183	1856	2419	1962	-2	49	49	56	54	39	39	28	28	-2	119	119	117	124	126	112	118	108	-2	161	166	156	166	168	151	156	144	-1
1001001000	-2	3352	2153.889	865.731	42.75	10.268	117.875	5.464	158.5	7.81	2154.444	158.5	0	0	0	9	9	2558	3352	2425	2632	2183	1856	2419	1962	-2	49	49	56	54	39	39	28	28	-2	119	119	117	124	126	112	118	108	-2	161	166	156	166	168	151	156	144	-1
1001001000	-2	3408	2276.889	887.935	44.25	10.791	121	4.77	164.75	6.942	2358.667	164.75	0	0	0	9	9	2417	3408	2078	2511	2408	2957	2448	2267	-2	50	51	58	56	39	43	29	28	-2	121	123	119	124	129	120	121	111	-2	163	174	161	169	173	162	165	151	-1
1001001000	-2	3668	2573.444	967.652	46.625	10.38	125.5	3.873	173.75	6.457	2573.556	173.75	0	0	0	9	9	2971	3120	2620	2610	2663	3668	2580	2931	-2	51	56	59	57	41	46	33	30	-2	129	127	128	125	129	127	122	117	-2	179	183	175	173	176	175	169	160	-1
1001001000	-2	3668	2573.444	967.652	46.625	10.38	125.5	3.873	173.75	6.457	2573.556	173.75	0	0	0	9	9	2971	3120	2620	2610	2663	3668	2580	2931	-2	51	56	59	57	41	46	33	30	-2	129	127	128	125	129	127	122	117	-2	179	183	175	173	176	175	169	160	-1
1002001000	-2	3685	2440.667	1364.083	51	8.5	132.857	5.693	173.375	44.399	2440.889	173.375	0	0	1	9	9	3190	3685	2468	2916	0	3469	3623	2617	-2	52	59	61	59	43	53	35	46	-2	132	141	131	135	-2	134	136	121	-2	196	215	179	187	61	188	194	167	-1
1002001000	-2	3685	2440.667	1364.083	51	8.5	132.857	5.693	173.375	44.399	2440.889	173.375	0	0	1	9	9	3190	3685	2468	2916	0	3469	3623	2617	-2	52	59	61	59	43	53	35	46	-2	132	141	131	135	-2	134	136	121	-2	196	215	179	187	61	188	194	167	-1
1002001000	-2	3726	2440.444	1360.36	50.125	7.688	131.429	5.421	170.5	42.476	2440.556	170.5	0	0	1	9	9	2694	3473	2842	3015	0	3726	3641	2575	-2	51	59	56	58	42	49	35	51	-2	129	139	129	132	-2	134	136	121	-2	185	207	177	182	62	190	194	167	-1
1002001000	-2	3726	2440.444	1360.36	50.125	7.688	131.429	5.421	170.5	42.476	2440.556	170.5	0	0	1	9	9	2694	3473	2842	3015	0	3726	3641	2575	-2	51	59	56	58	42	49	35	51	-2	129	139	129	132	-2	134	136	121	-2	185	207	177	182	62	190	194	167	-1
1002001000	-2	4154	2513.889	1428.146	55.125	5.061	136.143	6.357	183.75	51.541	2514.111	183.75	0	0	1	9	9	2634	4154	2549	3037	0	3740	3503	3010	-2	52	60	57	63	46	58	52	53	-2	132	148	132	137	-2	136	141	127	-2	193	258	183	191	62	198	207	178	-1
1002001000	-2	3790	2455	1362.671	56.25	5.238	137	6.655	183	49.003	2455.111	183	0	0	1	9	9	2730	3790	2677	2962	0	3468	3582	2888	-2	52	60	57	63	47	63	54	54	-2	131	147	132	137	-2	139	145	128	-2	193	236	182	192	62	206	215	178	-1
1002002000	-2	4075	2814.444	1526.468	30	9.928	165.143	12.368	292.25	36.362	2814.556	292.25	0	0	0	9	9	3920	3806	4075	3249	3431	3411	3441	-1	-2	31	27	19	40	29	17	47	-2	-2	159	154	153	177	173	154	186	-2	-2	286	259	255	349	313	240	331	305	-1
1001001000	-2	5484	3776.111	1454.319	69.125	12.293	140.875	5.254	194.25	8.941	3776.444	194.25	0	0	0	9	9	5484	4313	4286	4811	3823	3374	3981	3915	-2	78	41	63	72	76	78	64	81	-2	143	129	145	141	147	142	143	137	-2	207	180	201	198	195	200	192	181	-1
1001001000	-2	4361	3046.222	1149.228	70.625	12.257	137	5.723	178.875	6.547	3046.556	178.875	0	0	0	9	9	4361	3461	3203	3589	3153	2825	3564	3262	-2	81	43	65	73	78	80	64	81	-2	140	127	144	130	143	138	140	134	-2	185	167	186	175	183	182	182	171	-1
1001001000	-2	3814	2756.222	1075.673	70.375	11.532	133.625	4.973	172.5	5.339	2756.556	172.5	0	0	0	9	9	3814	3029	2868	3570	2119	3005	3393	3010	-2	82	45	66	71	77	79	63	80	-2	136	126	142	127	136	135	136	131	-2	177	164	181	169	171	176	175	167	-1
1001001000	-2	3814	2756.222	1075.673	70.375	11.532	133.625	4.973	172.5	5.339	2756.556	172.5	0	0	0	9	9	3814	3029	2868	3570	2119	3005	3393	3010	-2	82	45	66	71	77	79	63	80	-2	136	126	142	127	136	135	136	131	-2	177	164	181	169	171	176	175	167	-1
1001001000	-2	4881	3398.556	1282.487	77.125	5.904	142.25	3.961	191.125	7.339	3399.111	191.125	0	0	0	9	9	3996	3898	3144	3661	3650	3880	4881	3479	-2	86	73	79	76	81	81	65	76	-2	143	142	150	143	137	141	145	137	-2	191	192	201	188	185	196	199	177	-1
1001001000	-2	4881	3398.556	1282.487	77.125	5.904	142.25	3.961	191.125	7.339	3399.111	191.125	0	0	0	9	9	3996	3898	3144	3661	3650	3880	4881	3479	-2	86	73	79	76	81	81	65	76	-2	143	142	150	143	137	141	145	137	-2	191	192	201	188	185	196	199	177	-1
1001001000	-2	5110	3346	1299.265	66.625	8.873	137	5.874	189.625	9.746	3346.444	189.625	0	0	0	9	9	5110	3238	3603	3868	3802	3790	3594	3111	-2	80	62	66	71	75	71	53	55	-2	144	137	141	140	136	141	133	124	-2	205	190	189	194	185	197	188	169	-1
1001001000	-2	5110	3346	1299.265	66.625	8.873	137	5.874	189.625	9.746	3346.444	189.625	0	0	0	9	9	5110	3238	3603	3868	3802	3790	3594	3111	-2	80	62	66	71	75	71	53	55	-2	144	137	141	140	136	141	133	124	-2	205	190	189	194	185	197	188	169	-1
1001001000	-2	3325	2651.444	961.156	48.875	9.727	126.875	4.285	172.25	6.437	2651.778	172.25	0	0	0	9	9	3288	3016	2926	3023	2889	3325	2638	2760	-2	55	45	63	57	42	55	43	31	-2	131	126	133	129	126	129	121	120	-2	178	174	175	177	171	178	167	158	-1
1001001000	-2	3325	2651.444	961.156	48.875	9.727	126.875	4.285	172.25	6.437	2651.778	172.25	0	0	0	9	9	3288	3016	2926	3023	2889	3325	2638	2760	-2	55	45	63	57	42	55	43	31	-2	131	126	133	129	126	129	121	120	-2	178	174	175	177	171	178	167	158	-1
1001001000	-2	2466	1795.778	691.014	33.625	12.134	112.625	6.183	152.25	7.137	1795.889	152.25	0	0	0	9	9	1954	2427	2186	2466	1896	1723	1861	1651	-2	43	30	56	24	23	46	21	26	-2	117	110	119	120	113	115	106	101	-2	155	153	156	160	153	158	147	136	-1
1001001000	-2	2466	1795.778	691.014	33.625	12.134	112.625	6.183	152.25	7.137	1795.889	152.25	0	0	0	9	9	1954	2427	2186	2466	1896	1723	1861	1651	-2	43	30	56	24	23	46	21	26	-2	117	110	119	120	113	115	106	101	-2	155	153	156	160	153	158	147	136	-1
1001001000	-2	2565	1788.222	702.652	32.625	10.307	110.625	5.936	149.5	6.461	1788.556	149.5	0	0	0	9	9	1985	2565	2392	2183	1831	1908	1599	1633	-2	44	26	49	34	23	41	19	25	-2	114	107	117	119	112	111	105	100	-2	152	150	154	158	151	151	145	135	-1
1001001000	-2	2565	1788.222	702.652	32.625	10.307	110.625	5.936	149.5	6.461	1788.556	149.5	0	0	0	9	9	1985	2565	2392	2183	1831	1908	1599	1633	-2	44	26	49	34	23	41	19	25	-2	114	107	117	119	112	111	105	100	-2	152	150	154	158	151	151	145	135	-1
1001001000	-2	2622	1778.333	705.701	31.625	10.246	110.125	5.533	149.375	6.163	1778.444	149.375	0	0	0	9	9	2210	2622	2201	1820	1677	2187	1542	1748	-2	44	29	46	34	24	38	14	24	-2	114	111	115	117	113	107	104	100	-2	153	154	154	154	153	147	144	136	-1
1001001000	-2	2622	1778.333	705.701	31.625	10.246	110.125	5.533	149.375	6.163	1778.444	149.375	0	0	0	9	9	2210	2622	2201	1820	1677	2187	1542	1748	-2	44	29	46	34	24	38	14	24	-2	114	111	115	117	113	107	104	100	-2	153	154	154	154	153	147	144	136	-1
1001001000	-2	2577	1853.444	727.649	32.25	11.155	110.375	5.936	150.25	6.437	1853.556	150.25	0	0	0	9	9	2509	2577	2244	1857	1715	2223	1621	1937	-2	43	29	52	34	24	37	14	25	-2	115	111	115	117	115	107	103	100	-2	154	156	154	155	155	147	144	137	-1
1001001000	-2	2577	1853.444	727.649	32.25	11.155	110.375	5.936	150.25	6.437	1853.556	150.25	0	0	0	9	9	2509	2577	2244	1857	1715	2223	1621	1937	-2	43	29	52	34	24	37	14	25	-2	115	111	115	117	115	107	103	100	-2	154	156	154	155	155	147	144	137	-1
1001001000	-2	2686	1902.111	724.937	31.625	11.916	109.625	7.499	150.625	7.615	1902.333	150.625	0	0	0	9	9	2492	2686	2223	2008	1930	1948	1807	2027	-2	43	23	53	34	23	38	14	25	-2	115	112	116	117	115	106	96	100	-2	155	158	156	156	157	144	140	139	-1
1001001000	-2	2791	2138	796.791	32.375	11.661	114.75	5.695	158.625	6.688	2138.222	158.625	0	0	0	9	9	2739	2791	2165	2616	2127	2364	2059	2383	-2	43	24	53	34	23	40	15	27	-2	119	115	117	122	118	113	112	102	-2	162	165	159	165	162	157	156	143	-1
1001001000	-2	2791	2138	796.791	32.375	11.661	114.75	5.695	158.625	6.688	2138.222	158.625	0	0	0	9	9	2739	2791	2165	2616	2127	2364	2059	2383	-2	43	24	53	34	23	40	15	27	-2	119	115	117	122	118	113	112	102	-2	162	165	159	165	162	157	156	143	-1
1002001000	-2	2849	1916.778	1047.982	32.375	10.988	115.714	4.558	145	38.036	1917	145	0	0	1	9	9	2849	0	2191	2666	2343	2481	2109	2614	-2	43	23	51	34	24	40	16	28	-2	120	-2	117	122	118	113	112	108	-2	163	45	159	165	162	159	157	150	-1
1001001000	-2	3351	2388.333	914.185	37.125	10.117	121.375	3.603	169	6.021	2388.667	169	0	0	0	9	9	2544	3211	2387	2677	2637	3351	2220	2470	-2	43	45	52	34	25	46	23	29	-2	122	123	122	124	124	125	117	114	-2	170	179	167	169	172	173	165	157	-1
1001001000	-2	3631	2457.667	938.735	37.375	9.987	123.375	4.091	173.25	6.851	2457.778	173.25	0	0	0	9	9	2583	3036	2427	2708	2739	3631	2435	2562	-2	43	47	49	34	25	48	23	30	-2	125	125	124	124	126	129	119	115	-2	175	183	172	171	176	181	168	160	-1
1001001000	-2	3631	2457.667	938.735	37.375	9.987	123.375	4.091	173.25	6.851	2457.778	173.25	0	0	0	9	9	2583	3036	2427	2708	2739	3631	2435	2562	-2	43	47	49	34	25	48	23	30	-2	125	125	124	124	126	129	119	115	-2	175	183	172	171	176	181	168	160	-1
1002001000	-2	3647	2118.333	1188.051	34.875	9.075	123	4.342	155.75	42.269	2118.444	155.75	0	0	1	9	9	2625	0	2515	2709	2806	3647	2445	2320	-2	37	30	49	34	25	49	24	31	-2	124	-2	125	123	125	130	118	116	-2	174	45	172	170	175	182	168	160	-1
1002001000	-2	3647	2118.333	1188.051	34.875	9.075	123	4.342	155.75	42.269	2118.444	155.75	0	0	1	9	9	2625	0	2515	2709	2806	3647	2445	2320	-2	37	30	49	34	25	49	24	31	-2	124	-2	125	123	125	130	118	116	-2	174	45	172	170	175	182	168	160	-1
1002001000	-2	3578	2164	1215.638	34.75	9.457	122.714	3.99	155	41.557	2164.444	155	0	0	1	9	9	2926	0	2486	2787	3061	3578	2334	2306	-2	37	25	49	34	26	50	25	32	-2	123	-2	124	122	126	129	119	116	-2	174	46	170	168	174	180	168	160	-1
1001001000	-2	6003	4573	1712.74	22.5	6.423	132.5	8.078	208	6.819	4573.111	208	0	0	0	9	9	5700	5784	4308	6003	5132	4985	4880	4367	-2	20	23	18	25	24	14	37	19	-2	130	118	124	140	141	129	141	137	-2	207	195	202	215	212	207	218	208	-1
1001001000	-2	3594	2428	965.077	64.375	12.144	127.5	6.5	162.875	6.954	2428.222	162.875	0	0	0	9	9	3231	2477	2695	2916	2282	3594	2575	2084	-2	78	42	62	66	74	78	50	65	-2	131	120	140	123	128	133	120	125	-2	166	155	175	159	162	172	157	157	-1
1001001000	-2	3500	2548	1010.239	73	5	133.375	5.023	173.125	7.061	2548.222	173.125	0	0	0	9	9	3472	2362	3500	3038	3271	2646	2239	2406	-2	81	70	73	74	78	73	63	72	-2	136	130	144	134	134	134	127	128	-2	176	168	187	173	177	175	166	163	-1
1001001000	-2	4393	3437.444	1237.891	71.25	6.476	139.5	5.612	193.75	8.842	3437.778	193.75	0	0	0	9	9	4393	3737	4044	3663	3840	3834	3898	3530	-2	79	69	72	74	78	73	57	68	-2	140	140	152	140	138	140	135	131	-2	197	193	212	191	191	197	191	178	-1
1001001000	-2	4393	3437.444	1237.891	71.25	6.476	139.5	5.612	193.75	8.842	3437.778	193.75	0	0	0	9	9	4393	3737	4044	3663	3840	3834	3898	3530	-2	79	69	72	74	78	73	57	68	-2	140	140	152	140	138	140	135	131	-2	197	193	212	191	191	197	191	178	-1
1001001000	-2	3696	2931.889	1056.041	52.375	10.499	129.875	5.325	180.25	7.259	2932.222	180.25	0	0	0	9	9	3496	3073	3696	3403	3066	3217	3116	3322	-2	54	50	65	60	46	66	45	33	-2	134	129	140	132	126	131	122	125	-2	188	181	190	184	175	184	170	170	-1
1001001000	-2	3696	2931.889	1056.041	52.375	10.499	129.875	5.325	180.25	7.259	2932.222	180.25	0	0	0	9	9	3496	3073	3696	3403	3066	3217	3116	3322	-2	54	50	65	60	46	66	45	33	-2	134	129	140	132	126	131	122	125	-2	188	181	190	184	175	184	170	170	-1
1001001000	-2	2234	1694.222	632.261	27.25	12.949	106	6.614	144.75	6.398	1694.333	144.75	0	0	0	9	9	1806	1985	2234	1780	1640	1621	2085	2099	-2	35	14	50	16	22	43	14	24	-2	110	102	118	106	100	113	101	98	-2	145	144	155	146	141	153	140	134	-1
1001001000	-2	2234	1694.222	632.261	27.25	12.949	106	6.614	144.75	6.398	1694.333	144.75	0	0	0	9	9	1806	1985	2234	1780	1640	1621	2085	2099	-2	35	14	50	16	22	43	14	24	-2	110	102	118	106	100	113	101	98	-2	145	144	155	146	141	153	140	134	-1
1001001000	-2	2102	1642.444	614.547	25.75	11.233	101.125	7.305	139	6.708	1642.778	139	0	0	0	9	9	1549	2102	2066	1748	1667	1996	2040	1616	-2	36	14	44	16	21	38	13	24	-2	106	99	116	102	100	102	94	90	-2	141	140	152	140	138	141	133	127	-1
1001001000	-2	2102	1642.444	614.547	25.75	11.233	101.125	7.305	139	6.708	1642.778	139	0	0	0	9	9	1549	2102	2066	1748	1667	1996	2040	1616	-2	36	14	44	16	21	38	13	24	-2	106	99	116	102	100	102	94	90	-2	141	140	152	140	138	141	133	127	-1
1001001000	-2	2158	1629.667	616.19	26.25	11.486	102.125	7.184	140.125	6.373	1629.889	140.125	0	0	0	9	9	1615	2158	2061	1559	1546	1979	2007	1744	-2	38	14	45	19	20	38	13	23	-2	111	102	114	103	101	101	91	94	-2	146	142	151	140	139	141	131	131	-1
1001001000	-2	2158	1629.667	616.19	26.25	11.486	102.125	7.184	140.125	6.373	1629.889	140.125	0	0	0	9	9	1615	2158	2061	1559	1546	1979	2007	1744	-2	38	14	45	19	20	38	13	23	-2	111	102	114	103	101	101	91	94	-2	146	142	151	140	139	141	131	131	-1
1001001000	-2	2219	1654.333	644.121	24.375	11.521	101.5	7	139.875	6.133	1654.556	139.875	0	0	0	9	9	1484	2208	2064	1444	1681	2219	1836	1955	-2	37	14	44	19	12	33	12	24	-2	110	103	112	103	99	101	89	95	-2	144	144	150	140	138	141	130	132	-1
1001001000	-2	2219	1654.333	644.121	24.375	11.521	101.5	7	139.875	6.133	1654.556	139.875	0	0	0	9	9	1484	2208	2064	1444	1681	2219	1836	1955	-2	37	14	44	19	12	33	12	24	-2	110	103	112	103	99	101	89	95	-2	144	144	150	140	138	141	130	132	-1
1001001000	-2	2489	1828.889	706.315	24.25	10.802	102	6.614	141.625	5.7	1829.333	141.625	0	0	0	9	9	1742	2489	2315	1490	2015	2174	2014	2223	-2	36	15	42	20	12	33	12	24	-2	110	102	112	103	102	102	91	94	-2	147	143	150	140	144	143	133	133	-1
1001001000	-2	2489	1828.889	706.315	24.25	10.802	102	6.614	141.625	5.7	1829.333	141.625	0	0	0	9	9	1742	2489	2315	1490	2015	2174	2014	2223	-2	36	15	42	20	12	33	12	24	-2	110	102	112	103	102	102	91	94	-2	147	143	150	140	144	143	133	133	-1
1001001000	-2	2539	1940	725.521	26.375	9.759	105	6.892	146.25	6.906	1940.333	146.25	0	0	0	9	9	2539	2260	2182	1780	2152	2193	1863	2493	-2	35	16	44	26	20	33	13	24	-2	112	112	114	105	103	103	93	98	-2	151	157	154	143	146	145	137	137	-1
1001001000	-2	2539	1940	725.521	26.375	9.759	105	6.892	146.25	6.906	1940.333	146.25	0	0	0	9	9	2539	2260	2182	1780	2152	2193	1863	2493	-2	35	16	44	26	20	33	13	24	-2	112	112	114	105	103	103	93	98	-2	151	157	154	143	146	145	137	137	-1
1001001000	-2	2516	2012.889	732.979	27.125	10.203	107	5.568	149.875	5.988	2013	149.875	0	0	0	9	9	2151	2498	2092	2516	2394	2131	2003	2333	-2	29	16	46	29	20	38	14	25	-2	109	112	114	112	104	107	97	101	-2	150	160	156	152	149	149	142	141	-1
1001001000	-2	2516	2012.889	732.979	27.125	10.203	107	5.568	149.875	5.988	2013	149.875	0	0	0	9	9	2151	2498	2092	2516	2394	2131	2003	2333	-2	29	16	46	29	20	38	14	25	-2	109	112	114	112	104	107	97	101	-2	150	160	156	152	149	149	142	141	-1
1001001000	-2	2931	2047.889	791.962	28.875	10.068	113.375	6.594	159.375	6.707	2048.111	159.375	0	0	0	9	9	2931	2558	2019	2428	2034	2375	1770	2318	-2	29	22	47	29	21	42	15	26	-2	118	114	118	115	119	118	100	105	-2	162	165	162	158	166	165	149	148	-1
1001001000	-2	2931	2047.889	791.962	28.875	10.068	113.375	6.594	159.375	6.707	2048.111	159.375	0	0	0	9	9	2931	2558	2019	2428	2034	2375	1770	2318	-2	29	22	47	29	21	42	15	26	-2	118	114	118	115	119	118	100	105	-2	162	165	162	158	166	165	149	148	-1
1001001000	-2	2855	2118.778	847.941	28.25	10.651	116	6.69	164	7.746	2118.889	164	0	0	0	9	9	2769	2855	2008	2505	2224	2815	1565	2330	-2	25	22	47	30	18	43	15	26	-2	121	117	120	116	122	122	104	106	-2	169	173	165	161	171	169	153	151	-1
1001001000	-2	2855	2118.778	847.941	28.25	10.651	116	6.69	164	7.746	2118.889	164	0	0	0	9	9	2769	2855	2008	2505	2224	2815	1565	2330	-2	25	22	47	30	18	43	15	26	-2	121	117	120	116	122	122	104	106	-2	169	173	165	161	171	169	153	151	-1
1001001000	-2	3139	2223.333	861.914	27.625	10.535	113.25	6.139	159.75	6.741	2223.667	159.75	0	0	0	9	9	2807	2654	2173	2554	2493	3139	1820	2372	-2	24	21	46	29	17	43	16	25	-2	118	115	116	116	108	123	104	106	-2	163	167	160	160	158	170	151	149	-1
1001001000	-2	3139	2223.333	861.914	27.625	10.535	113.25	6.139	159.75	6.741	2223.667	159.75	0	0	0	9	9	2807	2654	2173	2554	2493	3139	1820	2372	-2	24	21	46	29	17	43	16	25	-2	118	115	116	116	108	123	104	106	-2	163	167	160	160	158	170	151	149	-1
1001001000	-2	3182	2228.778	896.413	28.625	4.715	108.625	5.678	145.625	6.927	2228.889	145.625	0	0	0	9	9	1861	2468	3182	2629	2610	2765	2801	1745	-2	39	25	24	28	27	33	28	25	-2	109	96	113	113	112	112	111	103	-2	143	131	153	148	148	153	149	140	-1
1001001000	-2	3587	2502.889	959.012	65.25	5.472	129.25	6.139	168.5	7.921	2503	168.5	0	0	0	9	9	3108	2454	3587	2945	2964	2671	2374	2425	-2	66	59	68	70	73	67	55	64	-2	134	124	142	130	128	130	125	121	-2	174	160	185	168	171	168	163	159	-1
1001001000	-2	4429	3306.667	1240.126	64.875	6.193	135.125	5.819	186.5	7.517	3306.889	186.5	0	0	0	9	9	4429	3241	4009	4210	3678	3491	3621	3083	-2	65	62	71	71	71	68	56	55	-2	138	133	148	137	133	134	131	127	-2	190	182	203	188	184	186	184	175	-1
1001001000	-2	4429	3306.667	1240.126	64.875	6.193	135.125	5.819	186.5	7.517	3306.889	186.5	0	0	0	9	9	4429	3241	4009	4210	3678	3491	3621	3083	-2	65	62	71	71	71	68	56	55	-2	138	133	148	137	133	134	131	127	-2	190	182	203	188	184	186	184	175	-1
1001001000	-2	3670	2938.222	1062.772	45	9.314	125.125	5.51	172.125	6.294	2938.333	172.125	0	0	0	9	9	3182	2948	3588	3670	3066	3459	3258	3275	-2	48	42	63	44	40	54	38	31	-2	125	126	136	129	123	126	117	119	-2	173	175	181	177	170	176	163	162	-1
1001001000	-2	3670	2938.222	1062.772	45	9.314	125.125	5.51	172.125	6.294	2938.333	172.125	0	0	0	9	9	3182	2948	3588	3670	3066	3459	3258	3275	-2	48	42	63	44	40	54	38	31	-2	125	126	136	129	123	126	117	119	-2	173	175	181	177	170	176	163	162	-1
1001001000	-2	2694	1845.444	742.441	22.625	12.277	96.375	8.63	134.75	8.642	1845.667	134.75	0	0	0	9	9	1457	2397	2146	2218	2119	1967	2694	1613	-2	21	13	47	13	14	38	12	23	-2	101	96	115	92	95	99	85	88	-2	135	139	153	134	132	137	123	125	-1
1001001000	-2	2694	1845.444	742.441	22.625	12.277	96.375	8.63	134.75	8.642	1845.667	134.75	0	0	0	9	9	1457	2397	2146	2218	2119	1967	2694	1613	-2	21	13	47	13	14	38	12	23	-2	101	96	115	92	95	99	85	88	-2	135	139	153	134	132	137	123	125	-1
1001001000	-2	2155	1603.111	636.896	21.5	10.851	94.25	8.856	132.75	7.049	1604.111	132.75	0	0	0	9	9	1228	2138	1564	1876	1870	2155	2043	1556	-2	24	13	41	13	12	36	11	22	-2	102	95	108	92	95	99	78	85	-2	136	136	145	132	132	136	121	124	-1
1001001000	-2	2155	1603.111	636.896	21.5	10.851	94.25	8.856	132.75	7.049	1604.111	132.75	0	0	0	9	9	1228	2138	1564	1876	1870	2155	2043	1556	-2	24	13	41	13	12	36	11	22	-2	102	95	108	92	95	99	78	85	-2	136	136	145	132	132	136	121	124	-1
1001001000	-2	2234	1520.667	621.285	21.25	10.556	94.5	7.365	132.75	6.495	1520.889	132.75	0	0	0	9	9	1136	2171	1590	1593	1585	2234	1737	1642	-2	32	14	40	13	12	31	11	17	-2	99	96	107	94	96	97	82	85	-2	134	136	144	133	134	135	122	124	-1
1001001000	-2	2234	1520.667	621.285	21.25	10.556	94.5	7.365	132.75	6.495	1520.889	132.75	0	0	0	9	9	1136	2171	1590	1593	1585	2234	1737	1642	-2	32	14	40	13	12	31	11	17	-2	99	96	107	94	96	97	82	85	-2	134	136	144	133	134	135	122	124	-1
1001001000	-2	2483	1642.222	671.451	19.625	9.38	93.375	6.575	132.25	5.89	1642.556	132.25	0	0	0	9	9	1309	2483	1532	1642	1949	2255	1786	1826	-2	28	13	38	13	11	27	12	15	-2	100	93	103	93	97	94	83	84	-2	135	136	141	132	135	133	123	123	-1
1001001000	-2	2483	1642.222	671.451	19.625	9.38	93.375	6.575	132.25	5.89	1642.556	132.25	0	0	0	9	9	1309	2483	1532	1642	1949	2255	1786	1826	-2	28	13	38	13	11	27	12	15	-2	100	93	103	93	97	94	83	84	-2	135	136	141	132	135	133	123	123	-1
1001001000	-2	2635	1719.889	684.48	19.375	9.604	94.875	6.431	134.25	5.826	1720.111	134.25	0	0	0	9	9	1644	2635	1728	1524	1821	2217	1931	1981	-2	23	13	40	13	11	28	12	15	-2	100	96	105	93	99	95	87	84	-2	137	138	143	132	138	135	126	125	-1
1001001000	-2	2635	1719.889	684.48	19.375	9.604	94.875	6.431	134.25	5.826	1720.111	134.25	0	0	0	9	9	1644	2635	1728	1524	1821	2217	1931	1981	-2	23	13	40	13	11	28	12	15	-2	100	96	105	93	99	95	87	84	-2	137	138	143	132	138	135	126	125	-1
1001001000	-2	2593	1836.889	718.43	20.625	9.604	98.25	7.031	139.5	6.5	1837	139.5	0	0	0	9	9	1925	2593	2213	1501	1832	2334	1873	2263	-2	23	14	42	16	12	28	12	18	-2	102	101	111	95	100	100	90	87	-2	141	144	151	136	142	141	131	130	-1
1001001000	-2	2593	1836.889	718.43	20.625	9.604	98.25	7.031	139.5	6.5	1837	139.5	0	0	0	9	9	1925	2593	2213	1501	1832	2334	1873	2263	-2	23	14	42	16	12	28	12	18	-2	102	101	111	95	100	100	90	87	-2	141	144	151	136	142	141	131	130	-1
1001001000	-2	2611	1879.333	719.945	22	10.464	99.75	7.189	142.875	6.623	1879.556	142.875	0	0	0	9	9	2019	2611	2157	1646	2268	2191	1733	2291	-2	23	14	42	17	12	36	13	19	-2	103	103	112	97	101	103	92	87	-2	143	149	154	139	145	145	136	132	-1
1001001000	-2	2611	1879.333	719.945	22	10.464	99.75	7.189	142.875	6.623	1879.556	142.875	0	0	0	9	9	2019	2611	2157	1646	2268	2191	1733	2291	-2	23	14	42	17	12	36	13	19	-2	103	103	112	97	101	103	92	87	-2	143	149	154	139	145	145	136	132	-1
1001001000	-2	2549	1910.778	718.76	24	10.677	104.25	6.398	149.75	6.398	1911.444	149.75	0	0	0	9	9	2326	2163	2154	1847	2549	1800	1928	2432	-2	24	15	42	24	13	40	13	21	-2	104	108	114	105	105	109	96	93	-2	148	157	157	148	152	155	143	138	-1
1001001000	-2	2843	2031.111	771.512	24	11.236	104.875	6.274	150.875	6.112	2031.333	150.875	0	0	0	9	9	2442	2046	2227	1999	2843	2039	2059	2627	-2	23	14	43	25	13	41	13	20	-2	106	107	114	105	105	111	98	93	-2	150	156	157	149	153	158	145	139	-1
1001001000	-2	2843	2031.111	771.512	24	11.236	104.875	6.274	150.875	6.112	2031.333	150.875	0	0	0	9	9	2442	2046	2227	1999	2843	2039	2059	2627	-2	23	14	43	25	13	41	13	20	-2	106	107	114	105	105	111	98	93	-2	150	156	157	149	153	158	145	139	-1
1001001000	-2	2982	2126	801.879	23.5	10.932	103.125	6.234	147.25	5.911	2126.111	147.25	0	0	0	9	9	2582	2278	2353	1911	2982	2179	2339	2512	-2	22	14	43	25	13	39	13	19	-2	106	105	113	104	102	107	97	91	-2	148	152	155	146	149	151	142	135	-1
1001001000	-2	3823	2773	1085.256	15.5	2.062	95.5	6.285	139	6.442	2773.222	139	0	0	0	9	9	2416	2686	3823	2837	2733	3470	3744	3250	-2	15	13	16	18	18	15	12	17	-2	98	81	101	98	94	102	98	92	-2	139	125	148	138	139	145	142	136	-1
1001001000	-2	3823	2773	1085.256	15.5	2.062	95.5	6.285	139	6.442	2773.222	139	0	0	0	9	9	2416	2686	3823	2837	2733	3470	3744	3250	-2	15	13	16	18	18	15	12	17	-2	98	81	101	98	94	102	98	92	-2	139	125	148	138	139	145	142	136	-1
1001001000	-2	3232	2181.667	913.538	60.375	7.952	123.125	7.305	159.375	7.889	2181.778	159.375	0	0	0	9	9	2270	2110	2645	2629	3232	2961	2364	1426	-2	59	46	67	65	69	69	55	53	-2	126	118	139	123	121	127	117	114	-2	159	152	175	157	163	166	154	149	-1
1001001000	-2	3035	2171.333	840.533	59.375	6.855	123.375	7.105	161	8.588	2171.444	161	0	0	0	9	9	2456	2209	3035	2413	2994	2296	2204	1937	-2	57	57	66	62	68	65	54	46	-2	127	120	139	123	120	126	118	114	-2	165	156	180	158	161	164	154	150	-1
1001001000	-2	4290	3213.222	1211.063	59.5	6.442	131.75	5.995	182.875	7.373	3213.444	182.875	0	0	0	9	9	3619	3095	4192	4290	3460	3481	3822	2962	-2	53	61	67	62	66	65	53	49	-2	133	127	145	135	124	132	130	128	-2	183	175	199	184	176	187	183	176	-1
1001001000	-2	3236	2573	946.772	39.75	9.769	117	5.635	161	6.69	2573.222	161	0	0	0	9	9	2934	2854	2926	2645	3163	3236	3073	2328	-2	37	39	59	32	38	52	30	31	-2	116	116	128	120	111	122	111	112	-2	159	161	172	167	156	167	155	151	-1
1001001000	-2	3236	2573	946.772	39.75	9.769	117	5.635	161	6.69	2573.222	161	0	0	0	9	9	2934	2854	2926	2645	3163	3236	3073	2328	-2	37	39	59	32	38	52	30	31	-2	116	116	128	120	111	122	111	112	-2	159	161	172	167	156	167	155	151	-1
1001001000	-2	2582	1752.333	715.148	19.125	11.784	88.125	10.018	127	9.474	1752.556	127	0	0	0	9	9	1621	2521	1934	2582	1593	2022	1971	1529	-2	15	11	42	11	10	36	11	17	-2	79	87	108	88	88	98	74	83	-2	120	128	145	130	124	136	113	120	-1
1001001000	-2	2582	1752.333	715.148	19.125	11.784	88.125	10.018	127	9.474	1752.556	127	0	0	0	9	9	1621	2521	1934	2582	1593	2022	1971	1529	-2	15	11	42	11	10	36	11	17	-2	79	87	108	88	88	98	74	83	-2	120	128	145	130	124	136	113	120	-1
1001001000	-2	2556	1618.889	684.82	18	9.874	89.5	7.246	128.25	6.32	1619.778	128.25	0	0	0	9	9	1177	2099	1650	1836	1565	2106	2556	1583	-2	19	11	38	11	10	30	10	15	-2	96	86	101	89	90	94	76	84	-2	131	128	140	129	126	132	117	123	-1
1001001000	-2	2556	1618.889	684.82	18	9.874	89.5	7.246	128.25	6.32	1619.778	128.25	0	0	0	9	9	1177	2099	1650	1836	1565	2106	2556	1583	-2	19	11	38	11	10	30	10	15	-2	96	86	101	89	90	94	76	84	-2	131	128	140	129	126	132	117	123	-1
1001001000	-2	2136	1512.333	599.292	17.625	8.887	90.875	6.585	129.875	5.776	1513	129.875	0	0	0	9	9	1303	1900	1281	1594	1789	2136	1960	1650	-2	20	13	34	11	9	30	11	13	-2	95	88	101	91	93	96	79	84	-2	130	130	140	130	129	136	121	123	-1
1001001000	-2	2136	1512.333	599.292	17.625	8.887	90.875	6.585	129.875	5.776	1513	129.875	0	0	0	9	9	1303	1900	1281	1594	1789	2136	1960	1650	-2	20	13	34	11	9	30	11	13	-2	95	88	101	91	93	96	79	84	-2	130	130	140	130	129	136	121	123	-1
1001001000	-2	2342	1717.556	659.722	17	7.969	87.25	6.869	127.25	6.016	1717.889	127.25	0	0	0	9	9	1680	2342	1749	2023	1582	2320	2022	1742	-2	20	12	33	11	10	26	11	13	-2	91	85	101	87	86	91	78	79	-2	128	127	139	128	127	131	119	119	-1
1001001000	-2	2342	1717.556	659.722	17	7.969	87.25	6.869	127.25	6.016	1717.889	127.25	0	0	0	9	9	1680	2342	1749	2023	1582	2320	2022	1742	-2	20	12	33	11	10	26	11	13	-2	91	85	101	87	86	91	78	79	-2	128	127	139	128	127	131	119	119	-1
1001001000	-2	2300	1678.667	626.852	17.875	8.978	88.875	6.112	129.375	5.29	1678.889	129.375	0	0	0	9	9	1670	2300	1726	1689	1899	2149	1803	1874	-2	20	12	37	13	10	27	11	13	-2	91	86	100	93	89	91	81	80	-2	129	128	139	133	130	132	122	122	-1
1001001000	-2	2300	1678.667	626.852	17.875	8.978	88.875	6.112	129.375	5.29	1678.889	129.375	0	0	0	9	9	1670	2300	1726	1689	1899	2149	1803	1874	-2	20	12	37	13	10	27	11	13	-2	91	86	100	93	89	91	81	80	-2	129	128	139	133	130	132	122	122	-1
1001001000	-2	2170	1735.778	640.583	18.875	9.493	93.625	5.611	135	4.796	1736.667	135	0	0	0	9	9	1809	2156	1642	1718	2170	2126	2010	1993	-2	21	12	40	14	12	27	11	14	-2	98	92	101	94	98	96	86	84	-2	138	135	142	135	138	137	127	128	-1
1001001000	-2	2170	1735.778	640.583	18.875	9.493	93.625	5.611	135	4.796	1736.667	135	0	0	0	9	9	1809	2156	1642	1718	2170	2126	2010	1993	-2	21	12	40	14	12	27	11	14	-2	98	92	101	94	98	96	86	84	-2	138	135	142	135	138	137	127	128	-1
1001001000	-2	2302	1848.556	678.341	20.5	10.296	97.5	6.205	140.875	5.6	1850.778	140.875	0	0	0	9	9	2080	2167	1872	1715	2237	2302	2021	2245	-2	21	13	41	15	13	34	12	15	-2	102	96	107	94	100	103	90	88	-2	144	141	149	137	144	146	133	133	-1
1001001000	-2	2302	1848.556	678.341	20.5	10.296	97.5	6.205	140.875	5.6	1850.778	140.875	0	0	0	9	9	2080	2167	1872	1715	2237	2302	2021	2245	-2	21	13	41	15	13	34	12	15	-2	102	96	107	94	100	103	90	88	-2	144	141	149	137	144	146	133	133	-1
1001001000	-2	2687	1898	747.763	20.25	10.733	97.25	6.18	141.875	5.555	1899.444	141.875	0	0	0	9	9	2352	2131	1698	1523	2687	2357	2134	2202	-2	21	13	41	14	12	35	11	15	-2	103	98	102	94	101	104	90	86	-2	146	144	146	138	147	147	134	133	-1
1001001000	-2	2687	1898	747.763	20.25	10.733	97.25	6.18	141.875	5.555	1899.444	141.875	0	0	0	9	9	2352	2131	1698	1523	2687	2357	2134	2202	-2	21	13	41	14	12	35	11	15	-2	103	98	102	94	101	104	90	86	-2	146	144	146	138	147	147	134	133	-1
1001001000	-2	2870	2042.333	774.265	21.75	11.155	98.5	7.297	143.625	6.421	2044	143.625	0	0	0	9	9	2540	1995	2120	1877	2870	2333	2276	2372	-2	21	14	42	17	13	39	12	16	-2	103	98	110	94	101	105	90	87	-2	147	145	153	139	147	149	135	134	-1
1001001000	-2	2870	2042.333	774.265	21.75	11.155	98.5	7.297	143.625	6.421	2044	143.625	0	0	0	9	9	2540	1995	2120	1877	2870	2333	2276	2372	-2	21	14	42	17	13	39	12	16	-2	103	98	110	94	101	105	90	87	-2	147	145	153	139	147	149	135	134	-1
1001001000	-2	4889	3543.889	1381.057	13	0.707	105.25	6.339	172.875	6.412	3544.111	172.875	0	0	0	9	9	3640	3449	4170	2941	4262	4737	4889	3809	-2	14	12	13	13	14	13	12	13	-2	107	90	110	108	102	110	110	105	-2	176	159	180	172	167	176	178	175	-1
1001001000	-2	3396	2345.778	941.699	14.25	2.046	83.25	6.24	121.875	4.54	2345.889	121.875	0	0	0	9	9	3152	3396	2543	2495	2404	1747	2859	2518	-2	15	11	15	14	17	16	11	15	-2	89	72	89	85	80	92	79	80	-2	127	114	127	122	119	127	121	118	-1
1001001000	-2	4046	2807.222	1056.599	50.375	8.41	122.125	5.667	168.375	5.195	2807.667	168.375	0	0	0	9	9	2785	3138	3297	2850	4046	3257	3066	2828	-2	46	51	65	44	58	55	48	36	-2	119	127	134	119	118	125	116	119	-2	168	172	179	163	167	171	165	162	-1
1001001000	-2	4046	2807.222	1056.599	50.375	8.41	122.125	5.667	168.375	5.195	2807.667	168.375	0	0	0	9	9	2785	3138	3297	2850	4046	3257	3066	2828	-2	46	51	65	44	58	55	48	36	-2	119	127	134	119	118	125	116	119	-2	168	172	179	163	167	171	165	162	-1
1001001000	-2	2958	2203	852.143	33.875	10.635	110.375	5.544	151.625	6.402	2203.111	151.625	0	0	0	9	9	2466	2958	2326	1833	2824	2694	2683	2045	-2	28	31	55	27	32	48	23	27	-2	106	112	120	111	108	117	102	107	-2	146	155	162	157	146	157	145	145	-1
1001001000	-2	2958	2203	852.143	33.875	10.635	110.375	5.544	151.625	6.402	2203.111	151.625	0	0	0	9	9	2466	2958	2326	1833	2824	2694	2683	2045	-2	28	31	55	27	32	48	23	27	-2	106	112	120	111	108	117	102	107	-2	146	155	162	157	146	157	145	145	-1
1001001000	-2	2549	1806.333	738.047	15.625	8.425	84.125	8.022	124	7.969	1806.667	124	0	0	0	9	9	1814	2318	2032	2549	1401	2105	2480	1560	-2	14	11	35	10	9	23	10	13	-2	78	87	100	84	79	92	74	79	-2	120	127	139	127	116	131	114	118	-1
1001001000	-2	2549	1806.333	738.047	15.625	8.425	84.125	8.022	124	7.969	1806.667	124	0	0	0	9	9	1814	2318	2032	2549	1401	2105	2480	1560	-2	14	11	35	10	9	23	10	13	-2	78	87	100	84	79	92	74	79	-2	120	127	139	127	116	131	114	118	-1
1001001000	-2	2444	1716.556	674.039	15	7.599	82.25	7.067	122.125	6.864	1719.667	122.125	0	0	0	9	9	1737	1735	1798	2301	1512	2180	2444	1744	-2	14	11	31	10	8	24	10	12	-2	79	82	98	82	77	88	75	77	-2	120	123	137	123	116	127	115	116	-1
1001001000	-2	2444	1716.556	674.039	15	7.599	82.25	7.067	122.125	6.864	1719.667	122.125	0	0	0	9	9	1737	1735	1798	2301	1512	2180	2444	1744	-2	14	11	31	10	8	24	10	12	-2	79	82	98	82	77	88	75	77	-2	120	123	137	123	116	127	115	116	-1
1002001000	-2	2135	1375.222	774.255	13	5.05	79	5.043	108.25	29.857	1505.111	108.25	0	0	1	9	9	1682	1689	0	2135	1476	1363	2058	1976	-2	14	11	15	9	8	25	10	12	-2	81	76	-2	82	77	89	73	75	-2	121	119	30	122	116	128	115	115	-1
1001001000	-2	2474	1784.222	669.428	13	5.292	79.875	7.356	120.375	6.323	1784.444	120.375	0	0	0	9	9	2161	1798	1717	2474	2156	1789	1942	2023	-2	13	11	15	10	8	26	10	11	-2	81	75	95	80	76	87	71	74	-2	120	117	133	122	116	127	113	115	-1
1001001000	-2	2474	1784.222	669.428	13	5.292	79.875	7.356	120.375	6.323	1784.444	120.375	0	0	0	9	9	2161	1798	1717	2474	2156	1789	1942	2023	-2	13	11	15	10	8	26	10	11	-2	81	75	95	80	76	87	71	74	-2	120	117	133	122	116	127	113	115	-1
1001001000	-2	2443	1801.778	672.94	15.5	8.246	82.5	7.681	123.875	6.827	1801.889	123.875	0	0	0	9	9	2295	1887	1980	2443	2085	1875	1682	1971	-2	13	11	32	11	9	27	10	11	-2	81	76	98	86	78	90	75	76	-2	122	119	137	128	119	131	117	118	-1
1001001000	-2	2443	1801.778	672.94	15.5	8.246	82.5	7.681	123.875	6.827	1801.889	123.875	0	0	0	9	9	2295	1887	1980	2443	2085	1875	1682	1971	-2	13	11	32	11	9	27	10	11	-2	81	76	98	86	78	90	75	76	-2	122	119	137	128	119	131	117	118	-1
1001001000	-2	2613	1931.667	727.187	15.75	7.87	85.375	7.532	128.25	6.629	1931.778	128.25	0	0	0	9	9	2613	2006	2173	2488	2217	2219	1845	1826	-2	13	11	32	13	10	26	10	11	-2	83	78	100	90	81	93	79	79	-2	127	122	141	132	125	135	122	122	-1
1001001000	-2	2613	1931.667	727.187	15.75	7.87	85.375	7.532	128.25	6.629	1931.778	128.25	0	0	0	9	9	2613	2006	2173	2488	2217	2219	1845	1826	-2	13	11	32	13	10	26	10	11	-2	83	78	100	90	81	93	79	79	-2	127	122	141	132	125	135	122	122	-1
1001001000	-2	2555	2024.222	736.396	17.375	9.63	89.5	6.538	134.125	5.555	2024.556	134.125	0	0	0	9	9	2555	2205	2086	2270	2469	2443	2176	2016	-2	13	12	38	13	11	29	10	13	-2	88	84	101	91	86	99	84	83	-2	133	131	144	134	133	142	128	128	-1
1001001000	-2	2555	2024.222	736.396	17.375	9.63	89.5	6.538	134.125	5.555	2024.556	134.125	0	0	0	9	9	2555	2205	2086	2270	2469	2443	2176	2016	-2	13	12	38	13	11	29	10	13	-2	88	84	101	91	86	99	84	83	-2	133	131	144	134	133	142	128	128	-1
1001001000	-2	2602	1961.778	718.342	16.5	8.803	87.625	6.945	132.125	5.578	1962	132.125	0	0	0	9	9	2602	2141	1951	2247	2402	2064	2182	2069	-2	12	12	36	13	10	26	10	13	-2	86	81	101	90	82	96	82	83	-2	131	128	143	133	129	139	126	128	-1
1001001000	-2	2602	1961.778	718.342	16.5	8.803	87.625	6.945	132.125	5.578	1962	132.125	0	0	0	9	9	2602	2141	1951	2247	2402	2064	2182	2069	-2	12	12	36	13	10	26	10	13	-2	86	81	101	90	82	96	82	83	-2	131	128	143	133	129	139	126	128	-1
1001001000	-2	2551	1945.556	710.322	16	7.73	87	7.106	130.625	5.314	1945.889	130.625	0	0	0	9	9	2551	2064	2134	2416	2231	1993	2062	2061	-2	12	12	32	13	10	26	10	13	-2	86	81	100	88	81	97	81	82	-2	131	127	140	131	128	138	125	125	-1
1001001000	-2	3705	2622.444	998.378	9.25	0.829	71.75	4.323	114.25	4.116	2622.667	114.25	0	0	0	9	9	2747	3705	3147	2612	2556	2502	3107	3228	-2	10	8	10	9	10	10	8	9	-2	73	65	75	71	72	80	67	71	-2	112	111	123	114	111	119	112	112	-1
1001001000	-2	3705	2622.444	998.378	9.25	0.829	71.75	4.323	114.25	4.116	2622.667	114.25	0	0	0	9	9	2747	3705	3147	2612	2556	2502	3107	3228	-2	10	8	10	9	10	10	8	9	-2	73	65	75	71	72	80	67	71	-2	112	111	123	114	111	119	112	112	-1
1001001000	-2	2891	1990.778	915.031	26.25	10.317	94.875	6.827	132.875	7.149	1991	132.875	0	0	0	9	9	2891	2369	2873	2426	962	1700	2698	2000	-2	20	22	44	16	28	42	16	22	-2	98	99	106	94	91	99	90	82	-2	137	138	144	131	122	138	129	124	-1
1001001000	-2	2925	2121.111	850.974	19.5	8.818	91	6.481	132.625	6.963	2121.333	132.625	0	0	0	9	9	2013	2533	2909	2816	1907	2013	2925	1976	-2	15	14	33	13	16	36	12	17	-2	83	92	101	92	91	100	83	86	-2	127	133	144	137	127	141	123	129	-1
1001001000	-2	2695	1902.444	754.801	11.5	3.24	81.125	7.574	122.125	7.474	1902.667	122.125	0	0	0	9	9	2353	1686	2378	2413	1571	1991	2695	2037	-2	12	11	13	9	8	19	9	11	-2	74	81	97	83	77	88	74	75	-2	117	123	137	125	115	129	114	117	-1
1001001000	-2	2673	1790.556	736.355	11.5	3.24	81.125	7.574	122.125	7.474	1902.667	122.125	0	0	0	9	9	2314	1667	2175	2294	1487	1527	2673	1980	-2	12	11	13	9	8	19	9	11	-2	74	81	97	83	77	88	74	75	-2	117	123	137	125	115	129	114	117	-1
1001001000	-2	2621	1753.556	668.73	10.75	3.419	76.5	6.874	117	6.727	1753.778	117	0	0	0	9	9	1761	1908	1716	1826	1976	1974	2621	2002	-2	11	11	11	9	7	19	8	10	-2	75	76	92	76	75	80	67	71	-2	117	118	132	116	114	120	108	111	-1
1001001000	-2	2621	1753.556	668.73	10.75	3.419	76.5	6.874	117	6.727	1753.778	117	0	0	0	9	9	1761	1908	1716	1826	1976	1974	2621	2002	-2	11	11	11	9	7	19	8	10	-2	75	76	92	76	75	80	67	71	-2	117	118	132	116	114	120	108	111	-1
1001001000	-2	2450	1755.667	668.71	10.625	4.151	74.375	5.872	114.875	5.349	1756.667	114.875	0	0	0	9	9	1823	2000	1563	2072	2135	1684	2450	2076	-2	11	10	11	8	7	21	8	9	-2	75	71	87	71	73	80	68	70	-2	115	114	126	113	113	120	108	110	-1
1001001000	-2	2209	1673.778	626.942	10.625	4.151	74.375	5.872	114.875	5.349	1756.667	114.875	0	0	0	9	9	1792	1863	1545	1948	2090	1596	2209	2023	-2	11	10	11	8	7	21	8	9	-2	75	71	87	71	73	80	68	70	-2	115	114	126	113	113	120	108	110	-1
1001001000	-2	2221	1753.111	648.832	11.125	3.951	74.5	6.557	115	5.612	1844.333	115	0	0	0	9	9	2033	2020	1636	2041	2221	1671	2189	1969	-2	11	10	12	9	8	21	8	10	-2	75	70	88	73	70	82	68	70	-2	115	111	126	115	111	122	110	110	-1
1001001000	-2	2433	1844.111	693.062	11.125	3.951	74.5	6.557	115	5.612	1844.333	115	0	0	0	9	9	2079	2175	1678	2168	2324	1731	2433	2011	-2	11	10	12	9	8	21	8	10	-2	75	70	88	73	70	82	68	70	-2	115	111	126	115	111	122	110	110	-1
1001001000	-2	2333	1834.889	693.556	11.125	4.045	75.375	6.163	116.625	5.765	1835	116.625	0	0	0	9	9	2268	2098	1697	2324	2333	1603	2072	2121	-2	11	10	13	9	8	21	8	9	-2	74	71	88	77	71	82	70	70	-2	115	113	128	119	111	123	112	112	-1
1001001000	-2	2333	1834.889	693.556	11.125	4.045	75.375	6.163	116.625	5.765	1835	116.625	0	0	0	9	9	2268	2098	1697	2324	2333	1603	2072	2121	-2	11	10	13	9	8	21	8	9	-2	74	71	88	77	71	82	70	70	-2	115	113	128	119	111	123	112	112	-1
1001001000	-2	2752	1926	759.343	11.5	3.64	77.5	6.481	120	6.042	1926.111	120	0	0	0	9	9	2752	2104	1718	2585	2338	1702	1968	2169	-2	11	10	14	11	8	20	9	9	-2	78	72	90	79	72	85	72	72	-2	122	115	131	123	114	126	115	114	-1
1001001000	-2	2752	1926	759.343	11.5	3.64	77.5	6.481	120	6.042	1926.111	120	0	0	0	9	9	2752	2104	1718	2585	2338	1702	1968	2169	-2	11	10	14	11	8	20	9	9	-2	78	72	90	79	72	85	72	72	-2	122	115	131	123	114	126	115	114	-1
1001001000	-2	2924	2055.556	786.402	12.125	4.136	79.875	6.864	123.125	6.431	2055.889	123.125	0	0	0	9	9	2720	2127	1940	2924	2349	2154	2086	2202	-2	11	10	15	11	9	22	9	10	-2	79	74	91	83	74	90	73	75	-2	124	117	133	127	118	132	117	117	-1
1001001000	-2	2924	2055.444	786.36	12.125	4.136	79.875	6.864	123.125	6.431	2055.889	123.125	0	0	0	9	9	2720	2127	1940	2924	2348	2154	2086	2202	-2	11	10	15	11	9	22	9	10	-2	79	74	91	83	74	90	73	75	-2	124	117	133	127	118	132	117	117	-1
1001001000	-2	2711	2002.444	748.092	11.75	3.631	78.375	6.04	120.875	5.418	2004.222	120.875	0	0	0	9	9	2407	2097	1838	2711	2344	1997	2264	2366	-2	11	10	15	11	9	20	9	9	-2	75	75	90	82	73	85	73	74	-2	120	117	131	125	117	126	116	115	-1
1001001000	-2	2512	1637.556	718.59	11.25	1.714	69.875	4.196	104.5	3.808	1637.667	104.5	0	0	0	9	9	1197	2512	2271	1653	1728	1257	2270	1852	-2	13	9	13	10	11	14	10	10	-2	69	65	70	67	71	80	68	69	-2	103	101	109	100	103	112	105	103	-1
1001001000	-2	3075	1926.778	840.813	15.375	4.82	87.125	5.819	129	6.595	2009.556	129	0	0	0	9	9	2037	2064	3075	2209	1281	1709	2737	2231	-2	15	15	19	12	11	26	10	15	-2	81	91	98	86	83	93	81	84	-2	126	130	141	132	121	135	120	127	-1
1001001000	-2	2580	1862.444	701.09	9.75	2.727	73	5.701	114.375	5.7	1950.444	114.375	0	0	0	9	9	2433	1993	2049	1851	1810	2035	2580	2013	-2	10	10	11	7	7	16	8	9	-2	72	75	85	68	70	78	67	69	-2	115	116	126	112	109	119	107	111	-1
1001001000	-2	2592	1949	723.403	9.75	2.727	73	5.701	114.375	5.7	1950.444	114.375	0	0	0	9	9	2495	2058	2062	2117	1866	2296	2592	2057	-2	10	10	11	7	7	16	8	9	-2	72	75	85	68	70	78	67	69	-2	115	116	126	112	109	119	107	111	-1
1001001000	-2	2381	1705	641.138	9.125	2.421	70.875	5.487	111.125	4.986	1705.333	111.125	0	0	0	9	9	1863	2108	1565	1801	1880	1985	2381	1764	-2	9	9	10	7	7	15	8	8	-2	71	68	83	68	69	76	66	66	-2	111	109	122	109	109	116	106	107	-1
1001001000	-2	2381	1705	641.138	9.125	2.421	70.875	5.487	111.125	4.986	1705.333	111.125	0	0	0	9	9	1863	2108	1565	1801	1880	1985	2381	1764	-2	9	9	10	7	7	15	8	8	-2	71	68	83	68	69	76	66	66	-2	111	109	122	109	109	116	106	107	-1
1001001000	-2	2440	1843.111	691.766	8.875	2.891	68.625	4.794	108.875	3.855	1844	108.875	0	0	0	9	9	2004	2435	1907	1981	2167	1972	2440	1684	-2	9	9	9	7	6	16	7	8	-2	68	67	80	66	68	71	66	63	-2	107	108	118	109	107	111	106	105	-1
1001001000	-2	2330	1735.889	648.88	8.875	2.891	68.625	4.794	108.875	3.855	1844	108.875	0	0	0	9	9	1964	2330	1807	1795	1996	1961	2196	1576	-2	9	9	9	7	6	16	7	8	-2	68	67	80	66	68	71	66	63	-2	107	108	118	109	107	111	106	105	-1
1001001000	-2	2660	1934.556	741.096	9.125	2.803	69.25	5.044	109.25	4.323	1935.222	109.25	0	0	0	9	9	2144	2501	1995	2357	2136	1965	2660	1655	-2	9	9	10	7	7	16	7	8	-2	68	68	81	69	67	72	66	63	-2	107	107	119	111	107	112	106	105	-1
1001001000	-2	2660	1934.556	741.096	9.125	2.803	69.25	5.044	109.25	4.323	1935.222	109.25	0	0	0	9	9	2144	2501	1995	2357	2136	1965	2660	1655	-2	9	9	10	7	7	16	7	8	-2	68	68	81	69	67	72	66	63	-2	107	107	119	111	107	112	106	105	-1
1001001000	-2	2572	1892.333	718.996	9.25	2.861	70.25	6.036	111.25	5.333	1892.667	111.25	0	0	0	9	9	2144	2300	1851	2365	2238	1823	2572	1740	-2	9	9	11	7	7	16	7	8	-2	68	67	84	69	68	75	68	63	-2	109	107	123	112	108	116	109	106	-1
1001001000	-2	2610	1940.222	744.61	9.25	2.681	71.375	5.544	112.875	5.254	1940.556	112.875	0	0	0	9	9	2351	2283	1931	2445	2336	1722	2610	1786	-2	9	9	12	7	7	15	7	8	-2	71	68	84	70	68	76	68	66	-2	114	108	124	114	109	117	109	108	-1
1001001000	-2	2610	1940.222	744.61	9.25	2.681	71.375	5.544	112.875	5.254	1940.556	112.875	0	0	0	9	9	2351	2283	1931	2445	2336	1722	2610	1786	-2	9	9	12	7	7	15	7	8	-2	71	68	84	70	68	76	68	66	-2	114	108	124	114	109	117	109	108	-1
1001001000	-2	2419	1905	719.059	9.25	2.681	72	5.148	113.75	4.763	1905.111	113.75	0	0	0	9	9	2364	2103	1963	2340	2404	1658	2419	1896	-2	9	9	12	7	7	15	7	8	-2	71	68	83	72	70	77	69	66	-2	115	109	123	114	111	119	110	109	-1
1001001000	-2	2419	1905	719.059	9.25	2.681	72	5.148	113.75	4.763	1905.111	113.75	0	0	0	9	9	2364	2103	1963	2340	2404	1658	2419	1896	-2	9	9	12	7	7	15	7	8	-2	71	68	83	72	70	77	69	66	-2	115	109	123	114	111	119	110	109	-1
1001001000	-2	1979	1519.778	583.169	11	1.118	72.25	2.817	106.375	3.389	1539.111	106.375	0	0	0	9	9	1333	1979	1937	1522	1404	1814	1765	1926	-2	13	10	12	10	10	12	10	11	-2	72	73	73	69	73	78	72	68	-2	105	108	110	103	104	111	109	101	-1
1001001000	-2	2733	2073.778	787.947	11.25	2.99	78.625	5.29	121	5.196	2188.556	121	0	0	0	9	9	2432	1858	2719	1897	2285	2354	2733	2388	-2	11	13	13	8	8	17	8	12	-2	75	85	87	77	75	83	76	71	-2	120	125	128	124	113	126	115	117	-1
1001001000	-2	2456	1698.667	726.072	8.25	2.107	66.375	3.871	107.25	3.307	1864.667	107.25	0	0	0	9	9	2456	2169	2025	1003	1806	2015	2274	1542	-2	8	9	9	6	6	13	7	8	-2	66	67	75	64	65	69	63	62	-2	108	109	113	107	104	110	102	105	-1
1001001000	-2	2396	1639.333	743.357	8.25	2.107	66.375	3.871	107.25	3.307	1864.667	107.25	0	0	0	9	9	2396	2100	1991	732	1735	1999	2270	1533	-2	8	9	9	6	6	13	7	8	-2	66	67	75	64	65	69	63	62	-2	108	109	113	107	104	110	102	105	-1
1001001000	-2	2404	1649.667	643.195	7.625	1.495	63.75	3.455	104.125	2.934	1650.444	104.125	0	0	0	9	9	1785	2160	1687	1686	1551	2008	2404	1568	-2	8	8	8	6	6	11	7	7	-2	62	67	70	61	60	67	62	61	-2	104	106	110	102	100	106	103	102	-1
1001001000	-2	4167	3272.222	1176.829	7.375	0.484	70.25	3.307	123.25	3.992	3273.111	123.25	0	0	0	9	9	3872	3685	4167	3440	3603	3688	3488	3509	-2	8	7	8	7	7	8	7	7	-2	73	68	76	70	69	73	65	68	-2	126	121	132	122	119	125	120	121	-1
1001001000	-2	2763	2109.889	794.462	6.875	0.599	58.25	2.222	95.875	2.803	2111.778	95.875	0	0	0	9	9	2077	2409	2749	1925	2135	2413	2763	2520	-2	8	7	7	7	7	7	6	6	-2	58	59	59	55	58	63	58	56	-2	96	96	99	92	93	100	98	93	-1
1001001000	-2	2559	1927.778	739	7.25	0.433	62.625	2.058	99.25	2.817	1938	99.25	0	0	0	9	9	2155	2237	2559	1983	1579	1971	2490	2378	-2	8	7	7	7	7	8	7	7	-2	61	65	64	61	60	66	63	61	-2	100	100	103	97	94	102	101	97	-1
1001001000	-2	3300	2572.222	956.792	11.25	1.09	80.75	2.586	124.875	2.848	2602.667	124.875	0	0	0	9	9	2999	2149	2888	2978	2884	2850	3300	3104	-2	12	12	12	10	10	11	10	13	-2	79	84	85	79	79	82	81	77	-2	125	125	126	124	124	124	131	120	-1
1001001000	-2	3251	2403.444	922.634	10.25	1.714	75.75	4.176	121.75	2.817	2403.667	121.75	0	0	0	9	9	2872	1938	3080	2563	2820	2459	3251	2650	-2	10	13	11	9	8	12	8	11	-2	74	81	82	76	76	71	77	69	-2	122	124	123	127	117	121	120	120	-1
1001001000	-2	3044	2308.222	890.806	10.25	1.714	75.75	4.176	121.75	2.817	2403.667	121.75	0	0	0	9	9	2803	1859	3007	2264	2775	2399	3044	2625	-2	10	13	11	9	8	12	8	11	-2	74	81	82	76	76	71	77	69	-2	122	124	123	127	117	121	120	120	-1
1001001000	-2	2527	1935.111	721.456	6.875	0.781	61.125	3.621	101.75	3.597	1936.111	101.75	0	0	0	9	9	2182	2282	1738	2224	1865	2527	2359	2241	-2	7	8	8	6	6	7	6	7	-2	62	67	62	62	56	65	58	57	-2	104	106	102	105	97	105	97	98	-1
