1002001000	-2	954	535.556	395.549	97.625	9.499	200.857	7.717	263.5	66.009	14699.778	277.25	0	0	2	9	9	777	850	934	538	0	954	0	769	-2	97	90	84	109	89	94	108	110	-2	195	197	188	205	-2	201	213	207	-2	320	292	268	309	103	281	231	304	-1
1002001000	-2	812	363.667	237.522	111.875	11.516	204.714	6.627	268.375	52.543	13923.333	269.875	0	0	1	9	9	498	394	426	329	488	812	328	0	-2	117	97	93	112	113	110	130	123	-2	204	199	193	204	208	211	214	-2	-2	293	276	271	302	286	301	286	132	-1
1001001000	-2	11794	8248.111	3608.776	110.625	5.337	194.125	4.045	262.25	13.872	13813	262.25	0	0	0	9	9	10404	5381	5770	11094	10377	11794	10287	9128	-2	110	100	117	115	117	110	108	108	-2	195	189	192	195	198	202	192	190	-2	274	256	245	267	263	290	256	247	-1
1001001000	-2	11794	8248.111	3608.776	110.625	5.337	194.125	4.045	262.25	13.872	13813	262.25	0	0	0	9	9	10404	5381	5770	11094	10377	11794	10287	9128	-2	110	100	117	115	117	110	108	108	-2	195	189	192	195	198	202	192	190	-2	274	256	245	267	263	290	256	247	-1
1002002000	-2	12920	7716.333	4454.132	111.286	5.873	194.714	3.01	229.875	79.268	13509.778	259.5	0	0	1	9	9	7818	0	7620	12920	11531	8539	9645	11376	-2	114	-2	113	115	119	110	109	99	-2	193	-2	193	196	200	197	194	190	-2	267	21	249	267	265	265	256	249	-1
1002002000	-2	13175	7821.667	4544.924	111.286	5.873	194.714	3.01	229.875	79.268	13509.778	259.5	0	0	1	9	9	7818	0	7621	13175	11881	8639	9661	11602	-2	114	-2	113	115	119	110	109	99	-2	193	-2	193	196	200	197	194	190	-2	267	21	249	267	265	265	256	249	-1
1004004000	-2	9570	3654.444	3493.338	111	3.406	192.6	3.555	165.75	112.315	12795	254.375	0	0	3	9	9	0	0	6014	9570	0	4843	5481	6984	-2	-2	-2	113	116	-2	106	109	111	-2	-2	-2	192	192	-2	194	198	187	-2	21	21	248	256	21	257	263	239	-1
1004004000	-2	9570	3654.444	3493.338	111	3.406	192.6	3.555	165.75	112.315	12795	254.375	0	0	3	9	9	0	0	6014	9570	0	4843	5481	6984	-2	-2	-2	113	116	-2	106	109	111	-2	-2	-2	192	192	-2	194	198	187	-2	21	21	248	256	21	257	263	239	-1
1002001000	-2	8098	3995.889	2480.168	114.75	4.409	193.571	4.625	238.625	43.003	11045.778	238.625	0	0	1	9	9	0	4356	4614	8098	3466	4226	5066	6139	-2	116	115	114	120	120	105	115	113	-2	-2	195	192	195	198	192	199	184	-2	127	259	248	260	259	253	266	237	-1
1002001000	-2	5492	2626.444	1821.869	114.75	4.409	193.571	4.625	232.25	42.145	11045.778	238.625	0	0	1	9	9	0	3646	3343	5492	2406	1010	3352	4391	-2	116	115	114	120	120	105	115	113	-2	-2	195	192	195	198	192	199	184	-2	127	259	248	243	259	219	266	237	-1
1001001000	-2	8314	4322.111	2254.804	116.875	6.071	194.25	5.238	257.75	12.306	12475.667	257.75	0	0	0	9	9	5606	4055	4062	5934	1757	4684	4489	8314	-2	116	117	114	122	125	105	123	113	-2	199	198	192	196	197	190	199	183	-2	275	271	247	260	258	249	266	236	-1
1006001000	-2	582	64.222	183.064	74.75	19.753	208.333	7.318	169.625	118.295	4867.667	177.5	0	0	6	9	9	0	0	-2	582	0	0	0	0	-2	54	54	80	105	63	84	56	102	-2	-2	-2	198	213	-2	214	-2	-2	-2	63	78	389	309	70	238	76	134	-1
1002001000	-2	905	460.111	297.942	111.25	9.846	207.286	6.43	276	54.802	13652.667	276	0	0	1	9	9	751	419	905	522	312	532	702	0	-2	116	97	95	112	114	110	123	123	-2	206	197	200	208	214	210	216	-2	-2	307	295	291	303	286	301	293	132	-1
1001001000	-2	7240	1792.222	2021.553	133.25	6.591	213.375	4.635	286.75	8.628	13014.556	287.5	0	0	0	9	9	1053	2339	974	1328	458	7240	1458	1282	-2	142	129	125	125	140	134	130	141	-2	212	207	213	215	218	216	220	206	-2	279	270	291	289	286	301	286	292	-1
1001001000	-2	11737	3800.889	3076.191	132.75	6.379	214.5	5	279.875	14.598	12755	287.625	0	0	0	9	9	3490	3149	3191	4915	2134	11737	3427	2167	-2	143	129	128	126	139	133	125	139	-2	214	210	217	215	216	220	220	204	-2	279	270	291	283	265	303	256	292	-1
1001001000	-2	11737	3800.889	3076.191	132.75	6.379	214.5	5	279.875	14.598	12755	287.625	0	0	0	9	9	3490	3149	3191	4915	2134	11737	3427	2167	-2	143	129	128	126	139	133	125	139	-2	214	210	217	215	216	220	220	204	-2	279	270	291	283	265	303	256	292	-1
1001001000	-2	13527	11109.667	4011.743	126.25	7.412	211	4.899	294.25	7.98	12190	294.25	0	0	0	9	9	12446	13527	12523	10897	12607	11454	13395	13140	-2	140	120	125	126	135	125	115	124	-2	212	207	208	215	216	215	214	201	-2	290	290	292	288	312	302	287	293	-1
1005005000	-2	14177	5441.667	6284.711	111.5	4.272	193.25	2.046	139.625	118.74	12806.556	257.5	0	0	4	9	9	0	0	8237	13701	0	12862	14177	0	-2	-2	-2	117	114	-2	109	106	-2	-2	-2	-2	193	195	-2	195	190	-2	-2	21	21	249	266	21	265	253	21	-1
1005005000	-2	14177	5441.667	6284.711	111.5	4.272	193.25	2.046	139.625	118.74	12806.556	257.5	0	0	4	9	9	0	0	8237	13701	0	12862	14177	0	-2	-2	-2	117	114	-2	109	106	-2	-2	-2	-2	193	195	-2	195	190	-2	-2	21	21	249	266	21	265	253	21	-1
1004004000	-2	13034	5444.444	5423.668	105.6	10.288	187	3.633	159.75	107.668	11571.222	246.125	0	0	3	9	9	0	0	4386	13034	0	9824	13022	8736	-2	-2	-2	116	114	-2	107	104	87	-2	-2	-2	190	189	-2	189	187	180	-2	21	21	242	252	21	247	246	228	-1
1004004000	-2	13260	5490.778	5486.68	105.6	10.288	187	3.633	159.75	107.668	11571.222	246.125	0	0	3	9	9	0	0	4386	13260	0	9848	13184	8741	-2	-2	-2	116	114	-2	107	104	87	-2	-2	-2	190	189	-2	189	187	180	-2	21	21	242	252	21	247	246	228	-1
1001001000	-2	12977	6774	4133.391	107.125	8.795	189.5	4.555	246.625	8.774	11344.889	246.625	0	0	0	9	9	5771	2918	2822	12977	8737	7906	12465	7372	-2	113	104	115	115	113	104	106	87	-2	193	186	190	189	194	189	195	180	-2	257	244	241	249	252	246	256	228	-1
1001001000	-2	12934	6977.889	3505.313	107.125	8.795	189.5	4.555	246.625	8.774	11344.889	246.625	0	0	0	9	9	7178	4193	4495	12934	8413	8736	9668	7186	-2	113	104	115	115	113	104	106	87	-2	193	186	190	189	194	189	195	180	-2	257	244	241	249	252	246	256	228	-1
1001001000	-2	12953	7179.889	3465.387	106.875	9.212	188.375	4.241	244.25	8.671	11704.111	244.25	0	0	0	9	9	8854	6186	3807	12953	8559	6588	9198	8476	-2	111	109	114	115	116	103	100	87	-2	191	188	188	189	191	189	193	178	-2	255	248	237	247	245	243	253	226	-1
1002002000	-2	11959	5150.778	3921.884	105.571	9.132	188	4.408	216.25	74.305	11704.111	244.25	0	0	1	9	9	8692	4221	1598	11959	0	4633	8091	7165	-2	111	109	114	115	-2	103	100	87	-2	191	188	188	189	-2	189	193	178	-2	255	248	237	247	21	243	253	226	-1
1001001000	-2	10172	5673.111	3255.316	106.125	8.978	190.625	5.097	249.5	10.571	11793.222	249.5	0	0	0	9	9	10172	4698	2878	9698	7462	3913	3746	8493	-2	110	111	114	115	111	103	98	87	-2	194	196	190	188	193	190	195	179	-2	265	262	243	247	252	243	254	230	-1
1001001000	-2	10985	5915.556	3168.245	106.125	8.978	190.625	5.097	249.5	10.571	11793.222	249.5	0	0	0	9	9	8281	6018	3974	10985	8365	4568	3063	7988	-2	110	111	114	115	111	103	98	87	-2	194	196	190	188	193	190	195	179	-2	265	262	243	247	252	243	254	230	-1
1002001000	-2	11017	5952.222	3706.168	109	10.05	195.429	5.729	249.625	55.794	11307.222	249.625	0	0	1	9	9	7727	7004	8538	11017	5345	4353	0	9588	-2	111	116	118	116	119	104	99	89	-2	198	200	197	197	201	192	-2	183	-2	284	300	267	265	277	255	109	240	-1
1002001000	-2	12719	6599.333	4121.383	109	10.05	195.429	5.729	249.625	55.794	11307.222	249.625	0	0	1	9	9	8854	7592	9378	12719	6238	4722	0	9893	-2	111	116	118	116	119	104	99	89	-2	198	200	197	197	201	192	-2	183	-2	284	300	267	265	277	255	109	240	-1
1002001000	-2	11341	6607.444	3814.614	116.5	6.325	201.143	6.642	267.125	56.104	11141.444	267.125	0	0	1	9	9	0	7750	9708	8825	7529	5758	8558	11341	-2	116	120	124	121	124	107	110	110	-2	-2	210	204	202	204	198	203	187	-2	124	300	286	285	307	284	297	254	-1
1001001000	-2	11564	7414.333	3190.535	121.25	5.673	206.25	7.378	295.25	11.787	11666.778	295.25	0	0	0	9	9	6416	8308	9962	6143	7504	6484	10350	11564	-2	126	122	126	123	129	112	118	114	-2	209	217	205	211	208	202	208	190	-2	291	301	299	288	307	310	296	270	-1
1001001000	-2	13856	7980.889	3605.55	121.25	5.673	206.25	7.378	295.25	11.787	11666.778	295.25	0	0	0	9	9	6810	8446	10704	7625	7255	6516	10618	13856	-2	126	122	126	123	129	112	118	114	-2	209	217	205	211	208	202	208	190	-2	291	301	299	288	307	310	296	270	-1
1001001000	-2	11147	5670.444	3235.579	129.375	5.957	219.375	8.929	293.625	8.817	6661.333	293.625	0	0	0	9	9	6650	2865	11147	4464	6610	5899	3642	9759	-2	126	127	122	127	134	134	141	124	-2	216	234	210	216	219	224	230	206	-2	302	302	300	282	289	297	299	278	-1
1001001000	-2	9997	5216.222	2831.207	130.875	7.524	220.75	9.614	298.625	4.948	6589.667	298.625	0	0	0	9	9	6083	2932	9997	4420	5708	5906	3338	8564	-2	124	126	121	134	138	135	144	125	-2	215	234	212	217	220	225	236	207	-2	303	308	300	296	290	297	298	297	-1
1001001000	-2	11785	6806.444	3385.113	128.25	6.418	218.25	8.599	298.75	5.117	7686.111	298.75	0	0	0	9	9	8321	4775	11785	5734	8520	6662	4589	10874	-2	125	124	118	127	133	135	139	125	-2	211	230	211	216	216	223	232	207	-2	294	304	302	297	290	307	298	298	-1
1001001000	-2	11730	6769.889	3371.027	128.25	6.418	218.25	8.599	298.75	5.117	7686.111	298.75	0	0	0	9	9	8146	4768	11730	5714	8513	6582	4589	10889	-2	125	124	118	127	133	135	139	125	-2	211	230	211	216	216	223	232	207	-2	294	304	302	297	290	307	298	298	-1
1005001000	-2	875	97	275.065	79.625	18.357	212.75	7.361	174.375	101.332	6861	206.625	0	0	7	9	9	0	0	875	0	0	0	0	0	-2	97	55	84	105	61	93	56	86	-2	207	-2	207	212	-2	225	-2	-2	-2	232	78	356	241	70	247	77	94	-1
1003001000	-2	467	224.222	172.602	121.75	12.039	211.667	5.793	248	68.031	11967.333	258	0	0	2	9	9	0	265	467	303	275	0	275	435	-2	121	99	109	129	133	121	123	139	-2	-2	201	212	212	218	-2	218	209	-2	135	295	253	296	285	130	293	297	-1
1003001000	-2	721	250.778	241.89	124.375	10.416	209.5	5.058	243.875	64.658	12359.556	252.375	0	0	2	9	9	0	61	721	268	371	0	354	484	-2	124	103	120	129	135	121	123	140	-2	-2	200	211	210	213	-2	216	207	-2	135	270	254	296	285	133	293	285	-1
1003001000	-2	230	74.222	79.453	124.375	10.416	209.5	5.058	216.125	49.612	12359.556	252.375	0	0	3	9	9	0	51	0	129	145	0	115	230	-2	124	103	120	129	135	121	123	140	-2	-2	200	211	210	213	-2	216	207	-2	135	221	230	244	252	133	240	274	-1
1001001000	-2	13235	8521.111	3741.258	135	6.164	219.75	5.717	289.125	9.36	9650.667	289.125	0	0	0	9	9	10985	8890	5323	11325	10799	7289	8846	13235	-2	145	131	129	134	140	140	125	136	-2	219	221	226	219	217	226	223	207	-2	290	280	292	287	273	304	287	300	-1
1007007000	-2	12048	2259.333	4319.259	111	8	191	5	78.75	100.031	13418.778	258.625	0	0	6	9	9	0	0	8288	0	0	0	12048	0	-2	-2	-2	119	-2	-2	-2	103	-2	-2	-2	-2	196	-2	-2	-2	186	-2	-2	21	21	254	21	21	21	250	21	-1
1007007000	-2	12048	2259.333	4319.259	111	8	191	5	78.75	100.031	13418.778	258.625	0	0	6	9	9	0	0	8288	0	0	0	12048	0	-2	-2	-2	119	-2	-2	-2	103	-2	-2	-2	-2	196	-2	-2	-2	186	-2	-2	21	21	254	21	21	21	250	21	-1
1006005000	-2	12502	3253.556	5009.696	98.5	14.841	187	4.32	112.875	103.145	9827.333	223.625	0	0	5	9	9	0	0	4925	0	0	12502	11857	0	-2	-2	-2	117	82	-2	109	86	-2	-2	-2	-2	191	-2	-2	189	181	-2	-2	21	21	244	90	21	246	239	21	-1
1005004000	-2	13783	5044.333	6007.479	98	13.312	186.75	3.767	140.875	104.794	9827.333	223.625	0	0	4	9	9	0	13395	6080	0	0	13783	12143	0	-2	-2	96	117	82	-2	109	86	-2	-2	-2	186	191	-2	-2	189	181	-2	-2	21	245	244	90	21	246	239	21	-1
1003001000	-2	13757	6515.667	5040.686	96.625	10.897	184.833	5.52	203.625	60.434	7501	203.5	0	0	2	9	9	13757	0	6304	0	9458	11281	10634	7209	-2	107	85	116	93	96	105	86	85	-2	191	-2	188	-2	188	187	180	175	-2	250	96	239	104	242	243	236	219	-1
1003001000	-2	13757	6515.667	5040.686	96.625	10.897	184.833	5.52	203.625	60.434	7501	203.5	0	0	2	9	9	13757	0	6304	0	9458	11281	10634	7209	-2	107	85	116	93	96	105	86	85	-2	191	-2	188	-2	188	187	180	175	-2	250	96	239	104	242	243	236	219	-1
1002001000	-2	10506	5534.444	3867.458	98.75	9.47	182.429	6.253	217.875	44.369	9284	217.875	0	0	1	9	9	10005	4868	5872	0	10506	3362	10322	4877	-2	109	99	115	96	97	102	87	85	-2	191	182	183	-2	188	184	179	170	-2	246	239	233	103	242	237	229	214	-1
1002001000	-2	10506	5534.444	3867.458	98.75	9.47	182.429	6.253	217.875	44.369	9284	217.875	0	0	1	9	9	10005	4868	5872	0	10506	3362	10322	4877	-2	109	99	115	96	97	102	87	85	-2	191	182	183	-2	188	184	179	170	-2	246	239	233	103	242	237	229	214	-1
1002001000	-2	11591	5363.333	3861.802	100.625	9.823	182.143	5.986	218.5	41.524	9194.778	218.5	0	0	1	9	9	9942	4965	5730	11591	0	2713	8428	4903	-2	109	105	113	110	98	98	86	86	-2	191	185	182	188	-2	178	179	172	-2	247	242	233	240	111	229	228	218	-1
1002001000	-2	11591	5332.889	3839.671	100.625	9.823	182.143	5.986	218.5	41.524	9194.778	218.5	0	0	1	9	9	9792	4966	5646	11591	0	2712	8405	4886	-2	109	105	113	110	98	98	86	86	-2	191	185	182	188	-2	178	179	172	-2	247	242	233	240	111	229	228	218	-1
1001001000	-2	10403	6473.111	3278.011	101.375	9.899	184.375	5.122	237.25	10.627	10815.556	238.875	0	0	0	9	9	9804	7801	7141	10403	8874	2030	5747	6460	-2	108	108	115	110	98	98	87	87	-2	190	185	186	187	190	184	179	174	-2	250	246	239	243	247	222	229	222	-1
1001001000	-2	10403	6473.111	3278.011	101.375	9.899	184.375	5.122	237.25	10.627	10815.556	238.875	0	0	0	9	9	9804	7801	7141	10403	8874	2030	5747	6460	-2	108	108	115	110	98	98	87	87	-2	190	185	186	187	190	184	179	174	-2	250	246	239	243	247	222	229	222	-1
1002001000	-2	11798	6414.333	4478.758	103.125	10.659	188.571	4.204	230.375	47.82	10429.667	233.5	0	0	1	9	9	10800	7047	8562	9401	9087	1036	0	11798	-2	109	110	117	114	98	102	88	87	-2	191	190	192	188	192	188	-2	179	-2	261	260	258	248	254	220	109	233	-1
1003001000	-2	10488	6015.778	4510.117	105.625	10.38	194.833	5.669	233.5	71.067	9797.889	233.5	0	0	2	9	9	10478	8635	9070	10232	0	5241	0	10488	-2	110	115	118	116	100	105	92	89	-2	196	202	197	198	-2	192	-2	184	-2	284	309	272	267	119	261	109	247	-1
1003001000	-2	10488	6015.778	4510.117	105.625	10.38	194.833	5.669	233.5	71.067	9797.889	233.5	0	0	2	9	9	10478	8635	9070	10232	0	5241	0	10488	-2	110	115	118	116	100	105	92	89	-2	196	202	197	198	-2	192	-2	184	-2	284	309	272	267	119	261	109	247	-1
1005001000	-2	9875	3687.667	4205.597	109.125	9.034	205	4.637	204.5	92.309	5916.333	204.5	0	0	4	9	9	0	8676	9875	8220	0	6420	0	0	-2	111	118	120	117	102	112	94	99	-2	-2	213	202	203	-2	202	-2	-2	-2	125	315	284	287	113	299	106	107	-1
1005001000	-2	10034	3930.333	4433.166	109.125	9.034	205	4.637	204.5	92.309	5916.333	204.5	0	0	4	9	9	0	9275	10034	8297	0	7769	0	0	-2	111	118	120	117	102	112	94	99	-2	-2	213	202	203	-2	202	-2	-2	-2	125	315	284	287	113	299	106	107	-1
1004001000	-2	12317	5512.111	5099.832	108.625	7.745	200.8	7.467	222.5	83.573	7623	222.5	0	0	3	9	9	0	8629	10903	7342	0	10420	0	12317	-2	110	118	115	117	101	108	94	106	-2	-2	214	198	201	-2	200	-2	191	-2	125	315	277	275	114	299	110	265	-1
1004001000	-2	11286	5201.667	4806.461	108.625	7.745	200.8	7.467	222.5	83.573	7623	222.5	0	0	3	9	9	0	8130	10671	6925	0	9805	0	11286	-2	110	118	115	117	101	108	94	106	-2	-2	214	198	201	-2	200	-2	191	-2	125	315	277	275	114	299	110	265	-1
1003001000	-2	13253	7014.111	5237.138	114.125	5.061	205.167	7.925	254.125	78.552	8105.444	254.125	0	0	2	9	9	0	7725	11860	7848	0	10893	11550	13253	-2	111	119	116	122	105	117	111	112	-2	-2	218	202	203	-2	206	210	192	-2	125	310	287	310	114	311	298	278	-1
1002001000	-2	9850	5870.778	3415.795	114.875	5.11	205.571	6.716	270.375	61.601	9520.222	275.875	0	0	1	9	9	7025	6238	9511	5512	0	8054	6649	9850	-2	110	118	116	121	106	122	113	113	-2	204	217	201	203	-2	207	212	195	-2	302	309	287	252	114	311	298	290	-1
1002001000	-2	0	-0.222	0.629	21.875	5.487	218.857	13.432	244.875	20.27	10945.222	388.375	0	0	8	9	9	0	0	0	0	0	0	0	0	-2	31	22	23	13	29	18	20	19	-2	205	-2	206	233	219	204	225	240	-2	239	201	239	267	253	236	256	268	-1
1001001000	-2	1781	700.556	528.557	128.125	12.293	209.75	6.398	289	12.855	16690.111	289	0	0	0	9	9	660	419	1422	612	272	1781	455	686	-2	137	100	122	131	135	137	123	140	-2	206	199	215	209	217	216	214	202	-2	279	282	304	303	285	301	293	265	-1
1002001000	-2	1417	652.111	460.257	129.625	12.257	206	4.69	262.125	55.681	14794.556	262.125	0	0	1	9	9	672	0	1241	727	469	1417	874	471	-2	140	102	124	132	137	139	123	140	-2	203	-2	212	202	209	210	208	198	-2	290	122	309	272	279	302	272	251	-1
1002001000	-2	1044	368.222	307.602	129.375	11.532	200.857	5.276	243.875	47.332	12701.333	243.875	0	0	1	9	9	357	0	556	493	102	1044	386	378	-2	141	104	125	130	136	138	122	139	-2	201	-2	211	194	204	200	201	195	-2	267	123	289	252	258	262	256	244	-1
1002001000	-2	1167	401.556	340.027	129.375	11.532	200.857	5.276	243.875	47.332	12701.333	243.875	0	0	1	9	9	413	0	574	482	102	1167	410	468	-2	141	104	125	130	136	138	122	139	-2	201	-2	211	194	204	200	201	195	-2	267	123	289	252	258	262	256	244	-1
1002002000	-2	4723	1652.222	1794.712	135.857	6.266	211.286	3.692	229.5	82.12	15143.889	292.5	0	0	1	9	9	590	1466	0	455	3794	4723	3761	83	-2	145	132	-2	135	140	140	124	135	-2	214	214	-2	211	209	216	211	204	-2	239	256	21	236	296	269	290	229	-1
1002002000	-2	5434	1922.333	2136.744	135.857	6.266	211.286	3.692	229.625	82.213	15143.889	292.5	0	0	1	9	9	608	1542	0	493	4393	5434	4746	87	-2	145	132	-2	135	140	140	124	135	-2	214	214	-2	211	209	216	211	204	-2	239	256	21	236	296	269	291	229	-1
1004004000	-2	15719	7898.667	7176.449	124.4	7.605	206.6	2.728	194.5	134.697	14799.889	296.125	0	0	3	9	9	0	14589	11088	0	14048	15719	15646	0	-2	-2	121	125	-2	134	130	112	-2	-2	-2	207	210	-2	203	209	204	-2	-2	21	296	313	21	280	308	296	21	-1
1001001000	-2	14596	10238.889	4009.871	125.625	8.873	207.375	6.163	296.125	13.336	14799.889	296.125	0	0	0	9	9	9476	11585	9647	11346	14596	11047	10188	14267	-2	139	121	125	130	134	130	112	114	-2	218	207	210	212	203	209	204	196	-2	299	296	313	306	280	308	296	271	-1
1002001000	-2	12123	7977.222	4376.222	104.75	11.486	191.857	6.105	239.625	44.626	10883	239.625	0	0	1	9	9	0	10562	10980	9405	10786	8602	9339	12123	-2	109	100	122	115	100	114	91	87	-2	-2	189	200	195	195	197	184	183	-2	124	253	266	263	257	267	249	238	-1
1002001000	-2	12123	7977.222	4376.222	104.75	11.486	191.857	6.105	239.625	44.626	10883	239.625	0	0	1	9	9	0	10562	10980	9405	10786	8602	9339	12123	-2	109	100	122	115	100	114	91	87	-2	-2	189	200	195	195	197	184	183	-2	124	253	266	263	257	267	249	238	-1
1001001000	-2	11378	8529.778	3481.558	86.125	15.839	178.375	6.818	229.875	9.727	9763.778	229.875	0	0	0	9	9	9914	10127	9063	10955	9837	11378	10452	5044	-2	95	70	115	71	79	105	73	81	-2	186	174	182	183	179	183	177	163	-2	237	230	230	237	231	239	229	206	-1
1002002000	-2	14029	8506.444	5107.269	88.571	15.472	179	7.071	203.625	69.696	9763.778	229.875	0	0	1	9	9	14029	0	10731	12034	10443	11769	12490	5064	-2	95	-2	115	72	79	105	73	81	-2	186	-2	182	183	179	183	177	163	-2	237	21	230	236	231	239	229	206	-1
1002001000	-2	11134	7556.444	4518.95	86.5	13.143	174.857	6.334	208.5	45.508	7902.111	208.5	0	0	1	9	9	11134	10851	10706	0	10740	9502	10860	4217	-2	100	71	108	79	79	100	73	82	-2	182	172	180	-2	179	177	172	162	-2	232	226	229	90	231	232	222	206	-1
1002001000	-2	11134	7556.444	4518.95	86.5	13.143	174.857	6.334	208.5	45.508	7902.111	208.5	0	0	1	9	9	11134	10851	10706	0	10740	9502	10860	4217	-2	100	71	108	79	79	100	73	82	-2	182	172	180	-2	179	177	172	162	-2	232	226	229	90	231	232	222	206	-1
1002001000	-2	11353	7131.778	4493.017	87.625	11.521	176.286	6.584	210.5	43.506	8042.222	210.5	0	0	1	9	9	10697	0	10262	11143	11353	5462	10815	4456	-2	102	74	105	86	82	97	73	82	-2	182	-2	179	183	182	174	169	165	-2	233	97	229	232	234	228	220	211	-1
1002001000	-2	11353	7131.778	4493.017	87.625	11.521	176.286	6.584	210.5	43.506	8042.222	210.5	0	0	1	9	9	10697	0	10262	11143	11353	5462	10815	4456	-2	102	74	105	86	82	97	73	82	-2	182	-2	179	183	182	174	169	165	-2	233	97	229	232	234	228	220	211	-1
1003001000	-2	11251	5910	4874.083	90.375	11.247	176.333	6.018	194	58.009	7081.444	194	0	0	2	9	9	11143	0	10480	11251	0	3837	11160	5321	-2	101	85	111	91	82	96	73	84	-2	178	-2	181	186	-2	174	170	169	-2	230	97	232	235	91	228	223	216	-1
1003001000	-2	11251	5927.889	4886.48	90.375	11.247	176.333	6.018	194	58.009	7081.444	194	0	0	2	9	9	11149	0	10600	11251	0	3851	11160	5342	-2	101	85	111	91	82	96	73	84	-2	178	-2	181	186	-2	174	170	169	-2	230	97	232	235	91	228	223	216	-1
1003001000	-2	12178	6262.111	5076.84	89.625	11.575	176.833	5.64	195.25	58.416	7331.333	195.25	0	0	2	9	9	12178	0	11157	11385	0	3314	10500	7827	-2	97	81	112	92	81	97	73	84	-2	179	-2	182	185	-2	174	172	169	-2	232	97	235	236	92	226	225	219	-1
1003001000	-2	14390	6985.556	5304.936	90.25	11.267	181.667	4.607	203	62.889	8571	203	0	0	2	9	9	14390	0	11978	10551	0	6853	10333	8767	-2	96	83	112	92	81	99	74	85	-2	182	-2	185	187	-2	184	179	173	-2	243	97	244	244	92	242	235	227	-1
1003001000	-2	14390	6985.556	5304.936	90.25	11.267	181.667	4.607	203	62.889	8571	203	0	0	2	9	9	14390	0	11978	10551	0	6853	10333	8767	-2	96	83	112	92	81	99	74	85	-2	182	-2	185	187	-2	184	179	173	-2	243	97	244	244	92	242	235	227	-1
1005001000	-2	13758	4604	5404.511	90.25	10.545	181.5	3.905	171	70.527	5863	171	0	0	4	9	9	13758	0	11625	0	0	8443	0	7612	-2	96	82	110	92	82	99	75	86	-2	182	-2	185	-2	-2	184	-2	175	-2	243	97	247	104	92	243	110	232	-1
1004001000	-2	14963	5884.222	5694.783	93.25	10.86	187.4	4.454	199.375	76.062	7651.889	199.375	0	0	3	9	9	14963	10303	12551	0	0	8367	0	6776	-2	94	104	107	92	82	105	75	87	-2	187	191	191	-2	-2	189	-2	179	-2	260	273	261	104	92	256	110	239	-1
1005001000	-2	12268	4048.889	4694.282	92.5	11.747	190.25	5.403	182.875	84.249	6049	182.875	0	0	4	9	9	0	8604	12268	0	0	8033	0	7537	-2	83	106	107	91	84	107	75	87	-2	-2	194	192	-2	-2	194	-2	181	-2	91	288	265	104	93	267	110	245	-1
1005001000	-2	12268	4048.889	4694.282	92.5	11.747	190.25	5.403	182.875	84.249	6049	182.875	0	0	4	9	9	0	8604	12268	0	0	8033	0	7537	-2	83	106	107	91	84	107	75	87	-2	-2	194	192	-2	-2	194	-2	181	-2	91	288	265	104	93	267	110	245	-1
1005001000	-2	10480	4193.556	4722.003	90.125	10.856	188.75	5.117	180.125	79.529	6077.556	180.125	0	0	4	9	9	9727	0	10480	0	0	8164	0	9373	-2	83	84	107	92	84	108	76	87	-2	188	-2	191	-2	-2	195	-2	181	-2	262	97	262	104	93	269	110	244	-1
1005001000	-2	10480	4193.556	4722.003	90.125	10.856	188.75	5.117	180.125	79.529	6077.556	180.125	0	0	4	9	9	9727	0	10480	0	0	8164	0	9373	-2	83	84	107	92	84	108	76	87	-2	188	-2	191	-2	-2	195	-2	181	-2	262	97	262	104	93	269	110	244	-1
1006001000	-2	9860	2467.667	3635.883	90.25	10.825	189	5.354	158.875	77.208	4613.111	158.875	0	0	5	9	9	0	0	6555	0	0	5796	0	9860	-2	83	83	106	91	85	109	76	89	-2	-2	-2	190	-2	-2	195	-2	182	-2	92	98	260	104	93	269	110	245	-1
1001001000	-2	0	-0.222	0.629	19.25	4.684	177.625	7.364	206.625	6.707	20050.444	278.375	0	0	8	9	9	0	0	0	0	0	0	0	0	-2	27	20	20	12	25	15	19	16	-2	169	165	179	185	183	177	175	188	-2	197	195	208	214	211	206	208	214	-1
1001001000	-2	640	272.889	228.3	123.125	12.374	191.625	5.978	228.375	15.676	11157.444	239.875	0	0	2	9	9	344	0	371	0	179	548	640	376	-2	137	100	121	125	133	137	109	123	-2	195	184	202	188	196	195	184	189	-2	245	200	232	206	234	246	231	233	-1
1001001000	-2	6146	1763.444	1984.366	132	5	200.875	5.134	251	26.768	14378.556	263	0	0	1	9	9	0	2697	3765	161	6146	1537	1326	241	-2	140	129	132	133	137	132	122	131	-2	199	198	213	201	201	199	202	194	-2	217	254	299	229	268	262	263	216	-1
1001001000	-2	16244	11177.444	4429.362	130.25	6.476	210.625	5.633	297.125	6.585	15271.889	297.125	0	0	0	9	9	12569	11977	9090	10505	14379	11861	13974	16244	-2	138	128	131	133	137	132	116	127	-2	215	213	221	211	206	210	208	201	-2	299	281	297	300	299	305	296	300	-1
1001001000	-2	16244	11177.444	4429.362	130.25	6.476	210.625	5.633	297.125	6.585	15271.889	297.125	0	0	0	9	9	12569	11977	9090	10505	14379	11861	13974	16244	-2	138	128	131	133	137	132	116	127	-2	215	213	221	211	206	210	208	201	-2	299	281	297	300	299	305	296	300	-1
1007007000	-2	12617	2790.222	5220.639	116	9	199	3	85.5	111.772	12183.889	253.625	0	0	6	9	9	0	12617	0	0	0	12497	0	0	-2	-2	107	-2	-2	-2	125	-2	-2	-2	-2	196	-2	-2	-2	202	-2	-2	-2	21	272	21	21	21	286	21	21	-1
1007007000	-2	12617	2790.222	5220.639	116	9	199	3	85.5	111.772	12183.889	253.625	0	0	6	9	9	0	12617	0	0	0	12497	0	0	-2	-2	107	-2	-2	-2	125	-2	-2	-2	-2	196	-2	-2	-2	202	-2	-2	-2	21	272	21	21	21	286	21	21	-1
1005004000	-2	10962	4221.556	4848.101	82	19.339	174	9.028	129	95.714	6567.444	183.875	0	0	4	9	9	10719	0	9532	0	0	10962	0	6783	-2	74	-2	108	-2	65	102	-2	61	-2	175	-2	182	-2	-2	180	-2	159	-2	223	21	229	21	78	235	21	204	-1
1005004000	-2	10962	4221.556	4848.101	82	19.339	174	9.028	129	95.714	6567.444	183.875	0	0	4	9	9	10719	0	9532	0	0	10962	0	6783	-2	74	-2	108	-2	65	102	-2	61	-2	175	-2	182	-2	-2	180	-2	159	-2	223	21	229	21	78	235	21	204	-1
1003001000	-2	9884	5149.778	3876.853	75.125	16.027	166.667	6.799	182.125	57.418	5299.333	182.125	0	0	2	9	9	0	9884	8540	7420	0	8205	7777	4524	-2	80	62	103	54	65	97	69	71	-2	-2	163	179	165	-2	172	162	159	-2	89	215	225	215	78	223	211	201	-1
1003001000	-2	9884	5149.778	3876.853	75.125	16.027	166.667	6.799	182.125	57.418	5299.333	182.125	0	0	2	9	9	0	9884	8540	7420	0	8205	7777	4524	-2	80	62	103	54	65	97	69	71	-2	-2	163	179	165	-2	172	162	159	-2	89	215	225	215	78	223	211	201	-1
1003001000	-2	10136	4882.667	3952.413	77.625	14.309	167	6	182.75	57.701	5143	182.75	0	0	2	9	9	0	10136	9664	6601	0	7515	7098	2932	-2	81	66	104	63	66	97	70	74	-2	-2	167	177	167	-2	171	159	161	-2	89	219	224	216	78	223	208	205	-1
1003001000	-2	10136	4882.667	3952.413	77.625	14.309	167	6	182.75	57.701	5143	182.75	0	0	2	9	9	0	10136	9664	6601	0	7515	7098	2932	-2	81	66	104	63	66	97	70	74	-2	-2	167	177	167	-2	171	159	161	-2	89	219	224	216	78	223	208	205	-1
1002001000	-2	9667	5933	3714.092	78.125	12.201	165.571	6.138	199.25	41.778	6436	199.125	0	0	1	9	9	0	9656	9667	6781	8139	8134	8262	2760	-2	81	70	103	70	66	92	70	73	-2	-2	169	175	168	165	167	154	161	-2	90	222	223	216	215	218	205	205	-1
1002001000	-2	9667	5933	3714.092	78.125	12.201	165.571	6.138	199.25	41.778	6436	199.125	0	0	1	9	9	0	9656	9667	6781	8139	8134	8262	2760	-2	81	70	103	70	66	92	70	73	-2	-2	169	175	168	165	167	154	161	-2	90	222	223	216	215	218	205	205	-1
1002001000	-2	10098	6478.444	3786.602	78.125	11.174	166.857	6.402	200	46.136	7136.333	200	0	0	1	9	9	9501	8903	10098	8465	0	8844	8161	4336	-2	81	72	100	70	67	92	70	73	-2	172	171	174	167	-2	169	155	160	-2	220	224	223	215	79	223	208	208	-1
1002001000	-2	10098	6464.111	3781.951	78.125	11.174	166.857	6.402	200	46.136	7136.333	200	0	0	1	9	9	9499	8840	10098	8450	0	8827	8161	4304	-2	81	72	100	70	67	92	70	73	-2	172	171	174	167	-2	169	155	160	-2	220	224	223	215	79	223	208	208	-1
1002001000	-2	12727	7856.333	4558.908	79	11.705	170	6.525	207.375	42.163	8269.889	207.375	0	0	1	9	9	12727	0	11122	11845	10089	10000	8765	6161	-2	81	74	103	70	67	92	70	75	-2	176	-2	176	174	171	172	157	164	-2	226	97	229	225	228	228	213	213	-1
1002001000	-2	12727	7856.333	4558.908	79	11.705	170	6.525	207.375	42.163	8269.889	207.375	0	0	1	9	9	12727	0	11122	11845	10089	10000	8765	6161	-2	81	74	103	70	67	92	70	75	-2	176	-2	176	174	171	172	157	164	-2	226	97	229	225	228	228	213	213	-1
1002001000	-2	12520	7818.778	4455.997	80.5	12.339	173.714	6.135	212.375	43.723	8379.778	212.375	0	0	1	9	9	12520	0	11267	11166	9209	10282	9222	6705	-2	81	74	104	72	67	97	71	78	-2	175	-2	181	176	179	176	165	164	-2	228	98	237	229	235	234	222	216	-1
1002001000	-2	12520	7830.333	4458.417	80.5	12.339	173.714	6.135	212.375	43.723	8379.778	212.375	0	0	1	9	9	12520	0	11267	11183	9219	10313	9222	6751	-2	81	74	104	72	67	97	71	78	-2	175	-2	181	176	179	176	165	164	-2	228	98	237	229	235	234	222	216	-1
1005001000	-2	12976	4874.889	5532.194	83.625	11.989	180.5	5.937	169.125	71.804	5050	169.125	0	0	4	9	9	0	0	10660	11235	0	12976	0	9005	-2	81	81	105	76	71	101	71	83	-2	-2	-2	185	178	-2	187	-2	172	-2	91	97	247	235	93	250	110	230	-1
1005001000	-2	12976	4874.889	5532.194	83.625	11.989	180.5	5.937	169.125	71.804	5050	169.125	0	0	4	9	9	0	0	10660	11235	0	12976	0	9005	-2	81	81	105	76	71	101	71	83	-2	-2	-2	185	178	-2	187	-2	172	-2	91	97	247	235	93	250	110	230	-1
1004001000	-2	14102	5958.111	5524.957	84.625	11.51	182.8	5.154	192.375	71.795	6656.444	192.375	0	0	3	9	9	14102	0	11740	8878	0	9506	0	9399	-2	81	80	104	84	72	102	71	83	-2	184	-2	187	179	-2	189	-2	175	-2	255	98	253	237	93	257	110	236	-1
1004001000	-2	14102	5958.111	5524.957	84.625	11.51	182.8	5.154	192.375	71.795	6656.444	192.375	0	0	3	9	9	14102	0	11740	8878	0	9506	0	9399	-2	81	80	104	84	72	102	71	83	-2	184	-2	187	179	-2	189	-2	175	-2	255	98	253	237	93	257	110	236	-1
1004001000	-2	11983	5112.889	4877.264	81.375	11.757	180.2	6.242	191.875	68.912	7121.222	191.875	0	0	3	9	9	11983	6760	11499	0	0	6583	0	9193	-2	80	75	101	72	73	101	70	79	-2	180	181	183	-2	-2	188	-2	169	-2	245	251	245	80	124	254	110	226	-1
1004001000	-2	11983	5112.889	4877.264	81.375	11.757	180.2	6.242	191.875	68.912	7121.222	191.875	0	0	3	9	9	11983	6760	11499	0	0	6583	0	9193	-2	80	75	101	72	73	101	70	79	-2	180	181	183	-2	-2	188	-2	169	-2	245	251	245	80	124	254	110	226	-1
1002001000	-2	799	289.556	241.233	33.25	9.107	166.286	7.869	191.875	55.494	8696.333	194.125	0	0	1	9	9	132	264	487	437	194	799	295	0	-2	39	32	53	27	36	32	24	23	-2	172	150	176	169	162	170	165	-2	-2	199	199	226	215	212	222	215	47	-1
1002002000	-2	3068	1015.222	1155.546	123.571	6.068	192	3.338	209.5	72.553	12145.222	250.625	0	0	1	9	9	422	471	0	60	3068	1246	834	3038	-2	125	116	-2	129	132	126	114	123	-2	196	189	-2	196	194	193	188	188	-2	215	239	21	215	256	249	242	239	-1
1005005000	-2	14343	6222.222	6958.383	121.5	7.089	198.25	1.92	150.75	129.818	16282.111	286	0	0	4	9	9	0	0	0	0	13931	13843	13885	14343	-2	-2	-2	-2	-2	130	127	115	114	-2	-2	-2	-2	-2	199	199	200	195	-2	21	21	21	21	280	285	286	271	-1
1005005000	-2	15264	6660.111	7449.35	121.5	7.089	198.25	1.92	150.75	129.818	16282.111	286	0	0	4	9	9	0	0	0	0	15060	15136	14483	15264	-2	-2	-2	-2	-2	130	127	115	114	-2	-2	-2	-2	-2	199	199	200	195	-2	21	21	21	21	280	285	286	271	-1
1007007000	-2	15475	3233	6064.637	105	8	189.5	2.5	79.25	100.912	12575	237.5	0	0	6	9	9	0	0	0	0	15475	13624	0	0	-2	-2	-2	-2	-2	97	113	-2	-2	-2	-2	-2	-2	-2	187	192	-2	-2	-2	21	21	21	21	250	258	21	21	-1
1007007000	-2	15475	3233	6064.637	105	8	189.5	2.5	79.25	100.912	12575	237.5	0	0	6	9	9	0	0	0	0	15475	13624	0	0	-2	-2	-2	-2	-2	97	113	-2	-2	-2	-2	-2	-2	-2	187	192	-2	-2	-2	21	21	21	21	250	258	21	21	-1
1003002000	-2	10930	6028.556	4342.551	60.429	25.839	163.667	8.882	168.5	76.613	4972.333	155.125	0	0	2	9	9	8228	10930	8153	9136	9639	8173	0	0	-2	51	52	102	38	55	96	-2	29	-2	165	154	178	157	156	172	-2	-2	-2	207	209	224	209	204	221	21	53	-1
1004003000	-2	9638	4763.111	4290.588	61.833	27.661	165.6	8.499	145	88.497	4972.333	155.125	0	0	3	9	9	8144	0	7827	9088	9638	8173	0	0	-2	51	-2	102	38	55	96	-2	29	-2	165	-2	178	157	156	172	-2	-2	-2	207	21	224	209	204	221	21	53	-1
1003001000	-2	9757	5405.111	3931.291	60.5	21.714	158.667	9.586	168.25	65.776	5435.222	168.375	0	0	2	9	9	6254	9757	7934	7416	0	8222	9065	0	-2	57	53	99	38	47	95	49	46	-2	164	154	174	153	-2	163	144	-2	-2	208	206	219	201	55	210	192	55	-1
1003001000	-2	9757	5405.111	3931.291	60.5	21.714	158.667	9.586	168.25	65.776	5435.222	168.375	0	0	2	9	9	6254	9757	7934	7416	0	8222	9065	0	-2	57	53	99	38	47	95	49	46	-2	164	154	174	153	-2	163	144	-2	-2	208	206	219	201	55	210	192	55	-1
1002001000	-2	10041	5781	3449.563	65.5	17.755	157.143	8.725	187.625	46.271	6106.333	187.625	0	0	1	9	9	0	10041	8990	6130	7577	8138	6761	4394	-2	57	55	97	39	62	90	64	60	-2	-2	158	174	156	158	161	145	148	-2	67	209	220	203	206	208	193	195	-1
1002001000	-2	10041	5781	3449.563	65.5	17.755	157.143	8.725	187.625	46.271	6106.333	187.625	0	0	1	9	9	0	10041	8990	6130	7577	8138	6761	4394	-2	57	55	97	39	62	90	64	60	-2	-2	158	174	156	158	161	145	148	-2	67	209	220	203	206	208	193	195	-1
1002002000	-2	11042	5918	3869.853	68.571	13.595	157.286	8.066	182.5	61.476	6712.889	188.125	0	0	1	9	9	3830	11042	9854	0	7899	9198	7107	4334	-2	57	60	93	-2	63	86	64	57	-2	162	156	171	-2	159	160	146	147	-2	207	209	218	21	208	208	194	195	-1
1002002000	-2	11042	5918	3869.853	68.571	13.595	157.286	8.066	182.5	61.476	6712.889	188.125	0	0	1	9	9	3830	11042	9854	0	7899	9198	7107	4334	-2	57	60	93	-2	63	86	64	57	-2	162	156	171	-2	159	160	146	147	-2	207	209	218	21	208	208	194	195	-1
1002001000	-2	11670	6873.222	4025.16	66.75	15.498	160.714	6.797	190.75	51.705	7147.556	190.875	0	0	1	9	9	6180	11670	10135	6184	9321	9282	9089	0	-2	58	62	97	59	63	87	61	47	-2	164	160	173	156	161	162	149	-2	-2	210	212	222	205	213	211	198	55	-1
1002001000	-2	11670	6873.222	4025.16	66.75	15.498	160.714	6.797	190.75	51.705	7147.556	190.875	0	0	1	9	9	6180	11670	10135	6184	9321	9282	9089	0	-2	58	62	97	59	63	87	61	47	-2	164	160	173	156	161	162	149	-2	-2	210	212	222	205	213	211	198	55	-1
1002001000	-2	10748	7149.889	3954.268	68.25	15.106	161	7.856	198.875	38.847	7525.667	198.875	0	0	1	9	9	7861	0	10440	7370	10748	9431	9025	9476	-2	59	67	98	51	64	87	65	55	-2	165	-2	174	157	163	166	152	150	-2	215	98	226	208	218	219	205	202	-1
1002001000	-2	10748	7149.889	3954.268	68.25	15.106	161	7.856	198.875	38.847	7525.667	198.875	0	0	1	9	9	7861	0	10440	7370	10748	9431	9025	9476	-2	59	67	98	51	64	87	65	55	-2	165	-2	174	157	163	166	152	150	-2	215	98	226	208	218	219	205	202	-1
1001001000	-2	10181	8347.333	3027.576	70.5	15.851	164.375	7.381	219.25	8.182	8886.889	219.25	0	0	0	9	9	10085	9263	10181	7818	9602	9854	9398	8927	-2	60	70	98	51	64	95	65	61	-2	167	170	175	158	165	171	156	153	-2	218	229	229	212	221	227	212	206	-1
1001001000	-2	10181	8347.333	3027.576	70.5	15.851	164.375	7.381	219.25	8.182	8886.889	219.25	0	0	0	9	9	10085	9263	10181	7818	9602	9854	9398	8927	-2	60	70	98	51	64	95	65	61	-2	167	170	175	158	165	171	156	153	-2	218	229	229	212	221	227	212	206	-1
1001001000	-2	11727	8001.667	4338.176	72.5	14.56	169.25	6.629	223.625	16.109	8295.889	223.625	0	0	1	9	9	10814	11727	10692	0	9885	10157	9774	8968	-2	62	71	95	60	65	99	61	67	-2	168	175	176	167	169	179	160	160	-2	223	239	234	187	230	240	221	215	-1
1002001000	-2	11856	6834.556	4975.57	66.625	14.142	167.286	7.667	204.75	49.631	7472.111	204.75	0	0	2	9	9	10671	11856	0	0	8809	11384	10976	7817	-2	60	68	74	51	66	99	53	62	-2	169	175	-2	162	168	180	160	157	-2	226	239	82	182	232	242	222	213	-1
1002001000	-2	11856	6834.556	4975.57	66.625	14.142	167.286	7.667	204.75	49.631	7472.111	204.75	0	0	2	9	9	10671	11856	0	0	8809	11384	10976	7817	-2	60	68	74	51	66	99	53	62	-2	169	175	-2	162	168	180	160	157	-2	226	239	82	182	232	242	222	213	-1
1003001000	-2	10161	5595.333	4071.762	59.875	16.937	165.5	6.602	182.875	71.548	6890.444	182.875	0	0	2	9	9	10161	8857	0	6610	7177	8788	0	8767	-2	59	64	71	48	66	92	32	47	-2	168	171	-2	159	166	174	-2	155	-2	223	233	82	215	226	234	40	210	-1
1001001000	-2	989	518	333.664	17.375	5.765	137.875	11.439	192.25	10.86	13117.444	197.875	0	0	1	9	9	446	952	989	402	628	0	629	618	-2	15	13	17	30	22	10	17	15	-2	142	113	147	150	134	148	130	139	-2	198	180	194	203	199	169	198	197	-1
1001001000	-2	0	-0.222	0.629	17.375	5.765	137.875	11.439	159.5	9.055	13117.444	197.875	0	0	8	9	9	0	0	0	0	0	0	0	0	-2	15	13	17	30	22	10	17	15	-2	142	113	147	150	134	148	130	139	-2	163	139	166	168	157	169	157	157	-1
1002002000	-2	1797	599.222	600.906	118.429	8.069	185.714	3.731	207.25	70.7	9145.333	236.375	0	0	1	9	9	634	346	0	46	1797	560	564	1448	-2	118	105	-2	124	128	128	114	112	-2	189	182	-2	186	186	192	185	180	-2	234	226	21	231	245	243	232	226	-1
1003003000	-2	2486	980.444	922.983	116.5	7.274	186.667	4.643	182.375	93.481	10013.778	240.125	0	0	2	9	9	1344	543	0	0	2455	1083	915	2486	-2	116	114	-2	-2	127	124	113	105	-2	193	183	-2	-2	187	192	185	180	-2	243	222	21	21	245	245	233	229	-1
1003003000	-2	15503	9970.222	7078.817	117.833	7.312	198.833	6.517	215.75	112.917	16236	278.625	0	0	2	9	9	15479	0	15503	0	14802	15447	15193	13310	-2	112	-2	126	-2	125	124	112	108	-2	202	-2	211	-2	193	198	198	191	-2	286	21	300	21	272	286	278	262	-1
1005004000	-2	15205	6084.556	6877.999	90.4	12.611	182.5	4.093	139	103.246	11725.333	224.625	0	0	4	9	9	14267	0	0	0	14129	15205	0	11162	-2	94	73	-2	-2	91	111	-2	83	-2	183	-2	-2	-2	179	189	-2	179	-2	241	89	21	21	239	250	21	230	-1
1002001000	-2	14902	10158.556	5565.694	93	13.82	185	6.612	224.625	51.981	11725.333	224.625	0	0	1	9	9	13703	0	14165	11510	14129	11530	14902	11490	-2	94	73	118	86	91	111	88	83	-2	183	-2	198	188	179	189	179	179	-2	241	89	260	250	239	250	238	230	-1
1004002000	-2	10603	4341.667	4124.347	49	22.709	144.2	9.02	142	70.477	4719.444	144.125	0	0	3	9	9	5182	9086	0	10603	7051	7155	0	0	-2	47	42	71	27	41	92	-2	23	-2	140	137	-2	141	141	162	-2	-2	-2	189	194	85	194	190	208	21	55	-1
1004002000	-2	10603	4341.667	4124.347	49	22.709	144.2	9.02	142	70.477	4719.444	144.125	0	0	3	9	9	5182	9086	0	10603	7051	7155	0	0	-2	47	42	71	27	41	92	-2	23	-2	140	137	-2	141	141	162	-2	-2	-2	189	194	85	194	190	208	21	55	-1
1005002000	-2	8905	3559.556	4052.341	51.429	19.949	146.5	7.365	125.25	72.838	3572	127.375	0	0	4	9	9	6087	8834	0	8905	0	8212	0	0	-2	50	49	71	33	43	88	-2	26	-2	144	140	-2	143	-2	159	-2	-2	-2	193	195	79	194	60	204	21	56	-1
1005002000	-2	8905	3558.889	4051.867	51.429	19.949	146.5	7.365	125.25	72.838	3572	127.375	0	0	4	9	9	6082	8834	0	8905	0	8211	0	0	-2	50	49	71	33	43	88	-2	26	-2	144	140	-2	143	-2	159	-2	-2	-2	193	195	79	194	60	204	21	56	-1
1003001000	-2	9216	4963	3601.532	55.5	19.551	151.167	9.081	164.375	63.342	4464.778	145.25	0	0	2	9	9	7008	9216	8075	6591	0	7521	6258	0	-2	51	51	88	38	45	89	40	42	-2	145	148	167	143	-2	160	144	-2	-2	192	200	216	195	55	209	192	56	-1
1003001000	-2	9216	4963	3601.532	55.5	19.551	151.167	9.081	164.375	63.342	4464.778	145.25	0	0	2	9	9	7008	9216	8075	6591	0	7521	6258	0	-2	51	51	88	38	45	89	40	42	-2	145	148	167	143	-2	160	144	-2	-2	192	200	216	195	55	209	192	56	-1
1005002000	-2	9544	3554	4101.5	52.143	17.956	145	8.515	122.625	74.465	5198.333	142.625	0	0	4	9	9	6581	9544	0	0	0	9491	0	6372	-2	51	49	71	-2	42	85	31	36	-2	147	139	-2	-2	-2	158	-2	136	-2	195	194	80	21	60	206	39	186	-1
1005002000	-2	9559	3568.444	4112.935	52.143	17.956	145	8.515	122.625	74.465	5198.333	142.625	0	0	4	9	9	6606	9559	0	0	0	9491	0	6462	-2	51	49	71	-2	42	85	31	36	-2	147	139	-2	-2	-2	158	-2	136	-2	195	194	80	21	60	206	39	186	-1
1004001000	-2	10293	4427	4144.219	48.5	21.708	146.2	7.359	144.25	71.075	5164.778	144.125	0	0	3	9	9	7567	10293	0	5618	0	9244	0	7123	-2	52	52	73	39	38	86	11	37	-2	149	141	-2	144	-2	159	-2	138	-2	198	196	81	198	60	208	23	190	-1
1004001000	-2	10293	4427	4144.219	48.5	21.708	146.2	7.359	144.25	71.075	5164.778	144.125	0	0	3	9	9	7567	10293	0	5618	0	9244	0	7123	-2	52	52	73	39	38	86	11	37	-2	149	141	-2	144	-2	159	-2	138	-2	198	196	81	198	60	208	23	190	-1
1005001000	-2	9899	3969.667	4465.713	50.5	21.325	154.75	5.214	131.125	78.25	4171.222	131.125	0	0	4	9	9	8745	9211	0	7874	0	9899	0	0	-2	57	54	73	44	39	85	10	42	-2	152	149	-2	155	-2	163	-2	-2	-2	206	204	81	207	56	215	24	56	-1
1005001000	-2	9922	3970.333	4466.886	50.5	21.325	154.75	5.214	131.125	78.25	4171.222	131.125	0	0	4	9	9	8718	9211	0	7884	0	9922	0	0	-2	57	54	73	44	39	85	10	42	-2	152	149	-2	155	-2	163	-2	-2	-2	206	204	81	207	56	215	24	56	-1
1005001000	-2	10126	3991.667	4498.946	52.25	21.111	161.5	3.905	136.125	82.476	4119.556	136.125	0	0	4	9	9	8512	10126	0	7896	0	9393	0	0	-2	58	56	73	46	46	86	10	43	-2	161	158	-2	159	-2	168	-2	-2	-2	215	217	82	213	56	224	24	58	-1
1005001000	-2	10126	3991.667	4498.946	52.25	21.111	161.5	3.905	136.125	82.476	4119.556	136.125	0	0	4	9	9	8512	10126	0	7896	0	9393	0	0	-2	58	56	73	46	46	86	10	43	-2	161	158	-2	159	-2	168	-2	-2	-2	215	217	82	213	56	224	24	58	-1
1004001000	-2	10576	5014.889	4537.016	49.875	21.098	157.2	6.4	154.875	79.089	5619.889	154.875	0	0	3	9	9	8712	10576	0	7755	0	9176	0	8917	-2	54	53	71	40	45	85	9	42	-2	156	156	-2	158	-2	168	-2	148	-2	213	216	82	214	57	226	25	206	-1
1004001000	-2	10576	5014.889	4537.016	49.875	21.098	157.2	6.4	154.875	79.089	5619.889	154.875	0	0	3	9	9	8712	10576	0	7755	0	9176	0	8917	-2	54	53	71	40	45	85	9	42	-2	156	156	-2	158	-2	168	-2	148	-2	213	216	82	214	57	226	25	206	-1
1004001000	-2	9283	4712.778	4249.137	51	21.296	159	6	156.25	79.84	5380.556	156.25	0	0	3	9	9	8935	9283	0	7985	0	8873	0	7341	-2	53	51	72	45	47	88	10	42	-2	156	159	-2	158	-2	170	-2	152	-2	215	219	82	215	57	228	26	208	-1
1004001000	-2	9283	4712.778	4249.137	51	21.296	159	6	156.25	79.84	5380.556	156.25	0	0	3	9	9	8935	9283	0	7985	0	8873	0	7341	-2	53	51	72	45	47	88	10	42	-2	156	159	-2	158	-2	170	-2	152	-2	215	219	82	215	57	228	26	208	-1
1001001000	-2	281	31	88.391	15.625	5.872	137.375	8.76	169.375	11.821	18359.778	229.125	0	0	7	9	9	0	0	0	0	281	0	0	0	-2	12	11	20	28	19	9	13	13	-2	140	122	147	151	133	141	130	135	-2	169	149	175	178	191	170	160	163	-1
1001001000	-2	214	45.444	85.649	22.375	5.589	131.375	12.124	157.625	8.276	11398.889	181.875	0	0	6	9	9	0	197	0	0	0	0	214	0	-2	23	20	28	32	25	13	18	20	-2	138	109	148	141	128	141	120	126	-2	157	171	166	158	145	159	159	146	-1
1001001000	-2	15373	10719.333	4613.878	108.25	8.729	189.125	5.71	253.625	7.398	13335.556	253.625	0	0	0	9	9	12950	14234	14611	11393	7114	12505	15373	8296	-2	105	105	124	103	115	114	107	93	-2	188	189	203	188	184	191	184	186	-2	252	252	270	246	252	259	253	245	-1
1001001000	-2	15373	10719.333	4613.878	108.25	8.729	189.125	5.71	253.625	7.398	13335.556	253.625	0	0	0	9	9	12950	14234	14611	11393	7114	12505	15373	8296	-2	105	105	124	103	115	114	107	93	-2	188	189	203	188	184	191	184	186	-2	252	252	270	246	252	259	253	245	-1
1003001000	-2	12765	7108.444	5205.274	82.875	16.534	176.833	7.798	192.5	64.854	8252.667	192.5	0	0	2	9	9	10512	0	12395	9730	7816	12765	10760	0	-2	79	69	114	70	81	107	72	71	-2	169	-2	191	175	173	183	170	-2	-2	219	84	244	233	226	236	220	78	-1
1003001000	-2	12765	7108.444	5205.274	82.875	16.534	176.833	7.798	192.5	64.854	8252.667	192.5	0	0	2	9	9	10512	0	12395	9730	7816	12765	10760	0	-2	79	69	114	70	81	107	72	71	-2	169	-2	191	175	173	183	170	-2	-2	219	84	244	233	226	236	220	78	-1
1004002000	-2	11666	4241	4293.617	40.571	15.674	134	3.098	138.5	63.685	6212.667	158.125	0	0	3	9	9	3959	8949	0	11666	5476	0	0	8121	-2	45	39	59	19	38	63	-2	21	-2	136	134	-2	136	136	-2	-2	128	-2	188	189	85	190	183	72	21	180	-1
1004002000	-2	11501	4055.667	4223.97	40.571	15.674	134	3.098	138.5	63.685	6212.667	158.125	0	0	3	9	9	3454	8949	0	11501	4725	0	0	7874	-2	45	39	59	19	38	63	-2	21	-2	136	134	-2	136	136	-2	-2	128	-2	188	189	85	190	183	72	21	180	-1
1002001000	-2	9845	5909.556	3452.096	40.125	19.675	135	7.819	172.75	35.573	7022.556	172.75	0	0	1	9	9	6275	8669	0	9845	5960	8831	5388	8220	-2	46	41	59	21	38	78	17	21	-2	136	132	-2	135	136	152	127	127	-2	188	187	80	187	184	199	178	179	-1
1002001000	-2	9845	5909.556	3452.096	40.125	19.675	135	7.819	172.75	35.573	7022.556	172.75	0	0	1	9	9	6275	8669	0	9845	5960	8831	5388	8220	-2	46	41	59	21	38	78	17	21	-2	136	132	-2	135	136	152	127	127	-2	188	187	80	187	184	199	178	179	-1
1003001000	-2	9153	4916.778	3690.402	40.375	19.78	136	8.367	154.25	59.824	6056.333	154.25	0	0	2	9	9	6524	8692	0	4692	6948	8244	0	9153	-2	46	43	55	27	35	81	15	21	-2	137	131	-2	135	134	153	-2	126	-2	188	186	82	187	185	201	26	179	-1
1004001000	-2	9925	4567	4331.808	37.875	20.883	134.8	8.863	135.25	68.352	5542.889	135.25	0	0	3	9	9	5040	9925	0	0	6917	9817	0	9406	-2	45	43	55	19	25	80	14	22	-2	137	131	-2	-2	129	151	-2	126	-2	188	186	82	27	181	200	39	179	-1
1004001000	-2	9925	4567	4331.808	37.875	20.883	134.8	8.863	135.25	68.352	5542.889	135.25	0	0	3	9	9	5040	9925	0	0	6917	9817	0	9406	-2	45	43	55	19	25	80	14	22	-2	137	131	-2	-2	129	151	-2	126	-2	188	186	82	27	181	200	39	179	-1
1003001000	-2	10318	5510.889	4274.719	37.375	24.062	137.833	8.933	156.125	63.31	7157.889	156.125	0	0	2	9	9	4973	9606	0	5651	0	10196	8856	10318	-2	46	44	63	27	8	80	8	23	-2	138	135	-2	139	-2	156	130	129	-2	190	191	82	193	19	206	185	183	-1
1003001000	-2	10318	5510.889	4274.719	37.375	24.062	137.833	8.933	156.125	63.31	7157.889	156.125	0	0	2	9	9	4973	9606	0	5651	0	10196	8856	10318	-2	46	44	63	27	8	80	8	23	-2	138	135	-2	139	-2	156	130	129	-2	190	191	82	193	19	206	185	183	-1
1005001000	-2	10740	3402.333	4305.131	37.375	22.045	144.5	7.826	122.375	79.303	5263.667	122.375	0	0	4	9	9	4681	10740	0	4586	0	10616	0	0	-2	46	45	56	29	11	78	8	26	-2	140	139	-2	141	-2	158	-2	-2	-2	197	197	82	197	23	209	40	34	-1
1005001000	-2	10740	3229.444	4149.495	37.375	22.045	144.5	7.826	122.375	79.303	5263.667	122.375	0	0	4	9	9	3984	10740	0	4456	0	9887	0	0	-2	46	45	56	29	11	78	8	26	-2	140	139	-2	141	-2	158	-2	-2	-2	197	197	82	197	23	209	40	34	-1
1004001000	-2	10174	4569	4300.476	40.875	22.054	146	8.877	143.5	79.12	5871.889	143.5	0	0	3	9	9	6234	10171	0	6101	0	10174	0	8443	-2	45	49	63	35	16	80	9	30	-2	144	144	-2	142	-2	163	-2	137	-2	202	203	83	199	24	217	25	195	-1
1004001000	-2	10174	4569	4300.476	40.875	22.054	146	8.877	143.5	79.12	5871.889	143.5	0	0	3	9	9	6234	10171	0	6101	0	10174	0	8443	-2	45	49	63	35	16	80	9	30	-2	144	144	-2	142	-2	163	-2	137	-2	202	203	83	199	24	217	25	195	-1
1004001000	-2	10249	4435.111	4321.468	38.375	19.773	144.2	9.239	142.875	78.09	5990	142.875	0	0	3	9	9	5032	9778	0	5339	0	9520	0	10249	-2	43	45	52	29	18	77	9	34	-2	144	143	-2	140	-2	161	-2	133	-2	202	202	83	198	25	215	26	192	-1
1004001000	-2	10249	4435.111	4321.468	38.375	19.773	144.2	9.239	142.875	78.09	5990	142.875	0	0	3	9	9	5032	9778	0	5339	0	9520	0	10249	-2	43	45	52	29	18	77	9	34	-2	144	143	-2	140	-2	161	-2	133	-2	202	202	83	198	25	215	26	192	-1
1004001000	-2	10272	5048.222	4641.769	33.5	19.013	142	10.507	137.75	80.346	5871.222	137.75	0	0	3	9	9	9600	10092	0	6311	0	9161	0	10272	-2	34	42	31	27	17	77	9	31	-2	136	142	-2	138	-2	162	-2	132	-2	195	201	55	196	24	215	26	190	-1
1003003000	-2	1524	504.889	581.007	16.667	7.11	105.5	12.176	125.25	63.403	13017.444	163.875	0	0	3	9	9	1070	22	934	0	1524	996	0	0	-2	11	9	30	-2	18	20	12	-2	-2	106	91	121	-2	98	122	95	-2	-2	166	155	186	21	161	178	114	21	-1
1003003000	-2	1524	504.889	581.007	16.667	7.11	105.5	12.176	125.25	63.403	13017.444	163.875	0	0	3	9	9	1070	22	934	0	1524	996	0	0	-2	11	9	30	-2	18	20	12	-2	-2	106	91	121	-2	98	122	95	-2	-2	166	155	186	21	161	178	114	21	-1
1002001000	-2	7541	3445.778	2764.011	67.875	22.464	160.429	7.461	188.5	50.646	7767.889	188.5	0	0	1	9	9	6674	6789	2532	2532	1235	7541	3711	0	-2	76	53	102	57	61	98	67	29	-2	161	158	172	154	153	171	154	-2	-2	209	207	220	202	194	216	204	56	-1
1003001000	-2	12347	5272.444	4623.142	50.625	15.953	152	6.733	169.875	57.305	7257.222	170	0	0	2	9	9	8587	10726	0	12347	5811	7968	2015	0	-2	52	46	73	39	46	76	49	24	-2	147	151	-2	152	151	166	145	-2	-2	199	202	87	207	197	215	195	57	-1
1003001000	-2	12542	6024.222	4687.44	32.75	11.808	127.667	4.679	154	48.639	7022.667	154	0	0	2	9	9	10757	9955	0	12542	8034	0	5036	7896	-2	43	38	47	18	34	45	17	20	-2	131	134	-2	127	129	-2	126	119	-2	184	188	86	185	178	56	178	177	-1
1003001000	-2	12204	5268.889	4271.829	32.875	11.826	127.667	4.679	154	48.639	7022.667	154	0	0	2	9	9	7976	9154	0	12204	7216	0	3624	7248	-2	43	38	47	18	35	45	17	20	-2	131	134	-2	127	129	-2	126	119	-2	184	188	86	185	178	56	178	177	-1
1004001000	-2	10881	5054.444	4605.034	29.25	11.009	124.2	6.911	130.375	62.203	5348.889	130	0	0	3	9	9	8091	10881	0	0	7760	0	9987	8773	-2	42	35	42	18	29	38	14	16	-2	131	131	-2	-2	126	-2	120	113	-2	182	184	86	27	176	45	173	170	-1
1004001000	-2	10881	5054.444	4605.034	29.25	11.009	124.2	6.911	130.375	62.203	5348.889	130	0	0	3	9	9	8091	10881	0	0	7760	0	9987	8773	-2	42	35	42	18	29	38	14	16	-2	131	131	-2	-2	126	-2	120	113	-2	182	184	86	27	176	45	173	170	-1
1003001000	-2	9498	4985.444	3757.463	27	12.176	124.333	12.512	142.5	62.318	5691.889	142.375	0	0	2	9	9	4706	9498	7633	0	7313	0	9102	6619	-2	41	37	41	17	17	37	12	14	-2	128	128	146	-2	124	-2	114	106	-2	179	183	197	27	176	45	168	165	-1
1003001000	-2	9076	4767.667	3568.807	27	12.176	124.333	12.512	142.5	62.318	5691.889	142.375	0	0	2	9	9	4562	9076	7479	0	7119	0	8266	6409	-2	41	37	41	17	17	37	12	14	-2	128	128	146	-2	124	-2	114	106	-2	179	183	197	27	176	45	168	165	-1
1004001000	-2	9213	4079.778	3814.399	24.875	13.642	122.2	11.356	122.25	70.754	5359.556	122.25	0	0	3	9	9	5022	9213	7435	0	0	0	8554	6496	-2	39	35	41	17	7	37	7	16	-2	128	126	138	-2	-2	-2	113	106	-2	180	179	190	27	23	45	169	165	-1
1004001000	-2	10007	4238.333	4018.604	24.875	13.642	122.2	11.356	122.25	70.754	5359.556	122.25	0	0	3	9	9	4798	10007	7626	0	0	0	8907	6809	-2	39	35	41	17	7	37	7	16	-2	128	126	138	-2	-2	-2	113	106	-2	180	179	190	27	23	45	169	165	-1
1004001000	-2	10302	4073	4073.865	24.75	12.527	118.6	7.338	129.125	61.546	5627.556	129.125	0	0	3	9	9	4543	10302	0	5443	0	0	10219	6152	-2	35	36	38	18	7	37	7	20	-2	128	126	-2	117	-2	-2	113	109	-2	181	180	83	177	27	46	171	168	-1
1004001000	-2	10302	4073	4073.865	24.75	12.527	118.6	7.338	129.125	61.546	5627.556	129.125	0	0	3	9	9	4543	10302	0	5443	0	0	10219	6152	-2	35	36	38	18	7	37	7	20	-2	128	126	-2	117	-2	-2	113	109	-2	181	180	83	177	27	46	171	168	-1
1005001000	-2	11198	3296.778	4015.713	23.875	11.185	123.5	6.5	112.25	71.302	4854.556	112.25	0	0	4	9	9	5030	11198	0	5755	0	0	0	7690	-2	33	37	37	18	8	29	8	21	-2	130	129	-2	121	-2	-2	-2	114	-2	187	184	83	182	28	36	25	173	-1
1005001000	-2	11198	3296.778	4015.713	23.875	11.185	123.5	6.5	112.25	71.302	4854.556	112.25	0	0	4	9	9	5030	11198	0	5755	0	0	0	7690	-2	33	37	37	18	8	29	8	21	-2	130	129	-2	121	-2	-2	-2	114	-2	187	184	83	182	28	36	25	173	-1
1005001000	-2	8956	2712.333	3666.56	23.75	10.744	122.5	5.025	109.875	67.094	4460	113.875	0	0	4	9	9	1554	8956	0	4960	0	0	0	8943	-2	24	39	31	19	10	37	8	22	-2	122	129	-2	124	-2	-2	-2	115	-2	152	185	83	185	28	46	25	175	-1
1005001000	-2	10952	3663.333	4317.859	23.75	10.744	122.5	5.025	113.875	70.361	4460	113.875	0	0	4	9	9	6674	10952	0	5893	0	0	0	9453	-2	24	39	31	19	10	37	8	22	-2	122	129	-2	124	-2	-2	-2	115	-2	184	185	83	185	28	46	25	175	-1
1004001000	-2	11357	3584.778	4217.192	20.625	8.703	121.2	5.776	127.5	61.616	4384.222	127.5	0	0	4	9	9	7054	11357	0	6216	0	0	0	7638	-2	18	36	24	20	9	28	8	22	-2	122	128	-2	120	125	-2	-2	111	-2	183	185	83	181	145	46	26	171	-1
1001001000	-2	986	445	321.059	17.375	5.43	112.375	10.136	159.125	7.623	8744.556	162	0	0	0	9	9	335	872	334	439	708	212	986	121	-2	22	17	24	10	25	12	17	12	-2	117	104	125	107	110	130	108	98	-2	164	157	176	150	159	155	160	152	-1
1003002000	-2	10849	4596.889	3862.294	45.857	12.688	147.333	8.097	159.5	70.148	7519.778	180.625	0	0	2	9	9	7742	7478	6530	10849	2181	6594	0	0	-2	50	42	66	40	43	57	-2	23	-2	141	144	161	141	141	156	-2	-2	-2	197	196	210	199	189	206	21	58	-1
1002001000	-2	11670	7073.444	4213.476	25.125	9.13	120.286	8.598	158.375	46.722	7949.111	157.5	0	0	1	9	9	11267	11670	10275	8185	7775	0	5132	9359	-2	38	32	36	16	27	24	14	14	-2	125	124	135	116	122	-2	114	106	-2	180	179	189	175	173	36	168	167	-1
1002001000	-2	12182	7560.889	4311.778	25.125	9.13	120.286	8.598	158.375	46.722	7949.111	157.5	0	0	1	9	9	11786	12182	10296	8654	8510	0	7076	9546	-2	38	32	36	16	27	24	14	14	-2	125	124	135	116	122	-2	114	106	-2	180	179	189	175	173	36	168	167	-1
1003001000	-2	9687	5381	3892.17	20.875	7.623	109.167	5.814	136.875	52.829	5895.333	136.125	0	0	2	9	9	7760	9687	0	6549	8015	0	8897	7523	-2	32	31	24	15	18	24	12	11	-2	111	117	-2	108	115	-2	102	102	-2	170	172	36	168	170	56	162	161	-1
1003001000	-2	9687	5381	3892.17	20.875	7.623	109.167	5.814	136.875	52.829	5895.333	136.125	0	0	2	9	9	7760	9687	0	6549	8015	0	8897	7523	-2	32	31	24	15	18	24	12	11	-2	111	117	-2	108	115	-2	102	102	-2	170	172	36	168	170	56	162	161	-1
1002001000	-2	10868	5990.444	3763.007	17.125	7.079	106.857	9.613	150.125	36.258	7516.333	151	0	0	1	9	9	4450	8908	7766	4850	7205	0	9869	10868	-2	23	27	22	15	9	23	7	11	-2	111	110	127	103	102	-2	98	97	-2	166	165	180	159	161	56	157	157	-1
1002001000	-2	10489	5541.111	3581.286	17.5	6.595	107.286	9.269	150.375	36.314	7516.333	151	0	0	1	9	9	4462	8496	7456	3397	6986	0	8586	10489	-2	23	27	22	15	9	23	10	11	-2	111	110	127	103	102	-2	101	97	-2	166	165	180	158	161	56	160	157	-1
1002001000	-2	10691	5772.444	3639.371	16.875	7.557	107.429	9.1	151.75	36.748	7898.333	151.75	0	0	1	9	9	4300	8232	8378	4799	6301	0	9253	10691	-2	22	28	22	15	6	23	7	12	-2	111	109	127	104	103	-2	101	97	-2	167	164	180	167	163	56	160	157	-1
1002001000	-2	10691	5772.444	3639.371	16.875	7.557	107.429	9.1	151.75	36.748	7898.333	151.75	0	0	1	9	9	4300	8232	8378	4799	6301	0	9253	10691	-2	22	28	22	15	6	23	7	12	-2	111	109	127	104	103	-2	101	97	-2	167	164	180	167	163	56	160	157	-1
1002001000	-2	9709	5735.778	3435.328	16.625	7.21	111.571	11.843	151.5	48.417	7673.111	151.5	0	0	1	9	9	4822	7228	8567	6210	5705	9383	0	9709	-2	20	27	22	16	6	23	7	12	-2	111	110	130	101	103	128	-2	98	-2	170	165	183	166	164	180	25	159	-1
1002001000	-2	9576	6002.222	3468.324	15.625	6.594	107.571	9.022	152.375	40.706	8400.444	152.375	0	0	1	9	9	6926	6362	9313	6700	5833	0	9312	9576	-2	16	27	17	16	7	23	7	12	-2	108	110	128	103	103	-2	102	99	-2	169	165	183	167	165	46	164	160	-1
1002001000	-2	9576	6002.222	3468.324	15.625	6.594	107.571	9.022	152.375	40.706	8400.444	152.375	0	0	1	9	9	6926	6362	9313	6700	5833	0	9312	9576	-2	16	27	17	16	7	23	7	12	-2	108	110	128	103	103	-2	102	99	-2	169	165	183	167	165	46	164	160	-1
1002001000	-2	9472	5827	3272.172	16.375	6.945	108.571	9.47	153.625	41.204	8159.222	153.625	0	0	1	9	9	8531	6534	9472	8080	6225	0	6484	7119	-2	15	28	20	17	8	24	7	12	-2	108	111	130	106	104	-2	99	102	-2	170	166	185	169	167	46	162	164	-1
1002001000	-2	9472	5827	3272.172	16.375	6.945	108.571	9.47	153.625	41.204	8159.222	153.625	0	0	1	9	9	8531	6534	9472	8080	6225	0	6484	7119	-2	15	28	20	17	8	24	7	12	-2	108	111	130	106	104	-2	99	102	-2	170	166	185	169	167	46	162	164	-1
1001001000	-2	1158	394.667	405.866	19.25	4.465	118.25	8.482	157.75	18.294	8313.889	166.25	0	0	2	9	9	722	1158	79	0	212	777	606	0	-2	22	19	28	15	23	16	17	14	-2	120	117	129	114	117	130	118	101	-2	168	160	176	134	159	174	169	122	-1
1001001000	-2	13636	8119.778	4006.338	30.625	6.981	130.75	8.105	186.125	6.66	10473	186	0	0	0	9	9	13636	7493	9969	12736	4281	8614	6181	10170	-2	35	36	41	35	31	24	23	20	-2	130	138	144	132	130	131	127	114	-2	186	190	196	193	178	189	180	177	-1
1002002000	-2	11708	7393.111	4332.2	17.143	3.27	107.286	9.996	147	48.122	8972	163	0	0	1	9	9	10218	10004	8316	5177	10141	11708	0	10976	-2	20	19	20	15	15	20	-2	11	-2	107	113	120	98	105	118	-2	90	-2	167	169	174	163	161	171	21	150	-1
1002002000	-2	11842	7471	4373.58	17.143	3.27	107.286	9.996	147	48.122	8972	163	0	0	1	9	9	10358	9878	8683	5163	10392	11842	0	10925	-2	20	19	20	15	15	20	-2	11	-2	107	113	120	98	105	118	-2	90	-2	167	169	174	163	161	171	21	150	-1
1001001000	-2	10159	7929.778	3067.138	12.75	3.631	97	9.394	155.25	7.084	8329	155.25	0	0	0	9	9	9592	10159	9983	6382	8308	7361	9753	9832	-2	16	17	15	13	9	16	7	9	-2	98	104	113	92	92	106	87	84	-2	158	160	168	153	152	159	148	144	-1
1003003000	-2	2074	276.667	648.7	10.333	4.534	80.667	8.975	90.375	43.376	15295.222	156	0	0	6	9	9	0	0	0	418	0	0	2074	0	-2	8	10	-2	6	10	20	8	-2	-2	81	78	-2	73	76	100	76	-2	-2	105	101	21	101	98	124	152	21	-1
1001001000	-2	3354	1341.222	1276.964	8	1.5	76.625	4.715	120.25	20.284	10805.333	135.75	0	0	3	9	9	2100	1576	0	2464	0	2579	3354	0	-2	8	10	9	6	10	6	8	7	-2	80	76	83	73	73	83	76	69	-2	139	124	103	134	93	144	135	90	-1
1001001000	-2	6288	1932.444	1772.103	8.5	1.225	85.125	5.441	139.375	10.307	10925.222	144	0	0	1	9	9	1875	6288	0	1464	1950	1794	2895	1128	-2	8	8	10	7	11	8	8	8	-2	87	82	92	82	81	95	84	78	-2	146	144	115	141	138	151	145	135	-1
1001001000	-2	5284	2518.444	1467.575	20.875	3.257	130.875	6.294	189.75	6.495	13120.667	189.75	0	0	0	9	9	3590	3425	908	2665	2388	2744	5284	1664	-2	22	24	25	19	24	20	18	15	-2	133	134	138	128	125	135	136	118	-2	193	190	193	188	185	191	201	177	-1
1001001000	-2	13079	8968.889	3807.985	23.125	8.054	127	7.416	186.5	5.025	12334.556	186.5	0	0	0	9	9	12681	8294	11029	11258	8030	6268	10083	13079	-2	23	34	24	37	14	21	13	19	-2	125	140	134	128	128	125	123	113	-2	187	193	189	194	180	186	183	180	-1
1001001000	-2	13494	8240	3915.839	24.75	7.327	127.25	7.479	186.75	4.737	12334.556	186.5	0	0	0	9	9	13494	8164	10020	13073	5386	5802	9517	8706	-2	23	34	24	37	27	21	13	19	-2	125	140	134	128	130	125	123	113	-2	187	193	189	194	182	186	183	180	-1
1001001000	-2	11326	7424	3457.451	12.125	3.018	95.375	8.63	154	7.382	9565	153.375	0	0	0	9	9	9181	11051	6450	8373	11326	5811	4441	10185	-2	11	15	14	14	13	15	6	9	-2	95	104	105	92	98	104	84	81	-2	155	161	161	156	155	160	144	140	-1
