1001001000	-2	417	326.333	122.964	48.25	11.244	135.25	9.562	192.5	15.223	3985.889	192.5	0	0	0	9	9	378	367	406	368	374	417	264	365	-2	54	42	28	51	45	40	65	61	-2	130	131	117	144	139	130	149	142	-2	189	186	165	216	192	183	212	197	-1
1001001000	-2	468	299.111	118.013	55.75	11.723	137.75	6.996	195.5	14.697	4121.889	195.5	0	0	0	9	9	336	344	279	336	318	468	290	323	-2	58	51	34	53	54	51	71	74	-2	139	130	126	141	146	133	147	140	-2	199	185	171	211	213	183	212	190	-1
1002002000	-2	2883	1662.444	1043.813	54.143	5.111	127.857	4.324	153.25	50.38	2755.889	170.75	0	0	1	9	9	999	1642	0	2567	2676	2883	2339	1858	-2	55	48	-2	63	60	51	52	50	-2	131	123	-2	128	134	132	122	125	-2	175	166	21	178	178	180	166	162	-1
1002002000	-2	2883	1662.444	1043.813	54.143	5.111	127.857	4.324	153.25	50.38	2755.889	170.75	0	0	1	9	9	999	1642	0	2567	2676	2883	2339	1858	-2	55	48	-2	63	60	51	52	50	-2	131	123	-2	128	134	132	122	125	-2	175	166	21	178	178	180	166	162	-1
1001001000	-2	3020	1934.111	980.262	54.25	3.992	127.25	3.562	170.5	5.745	2590.222	169.875	0	0	0	9	9	893	1006	2306	2801	2404	2644	2335	3020	-2	55	49	54	61	60	51	52	52	-2	130	125	122	128	134	129	126	124	-2	173	168	162	178	176	176	168	163	-1
1001001000	-2	3021	1934.333	980.466	54.25	3.992	127.25	3.562	170.5	5.745	2590.222	169.875	0	0	0	9	9	893	1006	2306	2801	2404	2645	2335	3021	-2	55	49	54	61	60	51	52	52	-2	130	125	122	128	134	129	126	124	-2	173	168	162	178	176	176	168	163	-1
1002001000	-2	2629	1258.556	923.355	54.75	4.235	127.857	3.681	157	35.135	2556.444	168.25	0	0	1	9	9	486	774	0	2629	1449	1780	1951	2260	-2	56	55	54	62	59	47	53	52	-2	131	127	-2	127	130	128	132	120	-2	172	169	65	173	170	173	176	158	-1
1002001000	-2	2629	1258.556	923.355	54.75	4.235	127.857	3.681	157	35.135	2556.444	168.25	0	0	1	9	9	486	774	0	2629	1449	1780	1951	2260	-2	56	55	54	62	59	47	53	52	-2	131	127	-2	127	130	128	132	120	-2	172	169	65	173	170	173	176	158	-1
1003002000	-2	1932	852.333	712.312	56.286	5.006	128.333	4.749	138.5	56.232	2504.889	169	0	0	2	9	9	617	805	0	0	1173	1476	1670	1932	-2	59	57	55	-2	61	46	62	54	-2	131	127	-2	-2	131	128	134	119	-2	172	170	66	21	171	172	178	158	-1
1003002000	-2	1439	665.111	541.618	56.286	5.006	128.333	4.749	138.5	56.232	2504.889	169	0	0	2	9	9	496	700	0	0	915	1166	1272	1439	-2	59	57	55	-2	61	46	62	54	-2	131	127	-2	-2	131	128	134	119	-2	172	170	66	21	171	172	178	158	-1
1003002000	-2	2229	914.889	745.879	57.143	6.151	129.167	5.014	139.375	56.771	2565.222	169.75	0	0	2	9	9	1245	1191	0	0	1103	1647	821	2229	-2	57	58	55	-2	66	46	64	54	-2	132	128	-2	-2	133	129	134	119	-2	175	173	66	21	173	173	177	157	-1
1001001000	-2	429	327.444	125.031	46.25	11.486	145.75	7.806	240	22.011	4444.222	239.875	0	0	0	9	9	389	317	406	352	426	339	291	429	-2	54	38	28	50	43	35	63	59	-2	141	138	133	150	150	144	159	151	-2	267	223	209	257	268	218	252	226	-1
1001001000	-2	452	303.111	123.215	54.75	11.691	140.375	5.048	197.875	8.447	4213.333	197.875	0	0	0	9	9	333	253	452	429	330	314	334	285	-2	58	42	36	53	56	52	65	76	-2	140	133	133	140	147	143	147	140	-2	198	189	184	210	205	199	206	192	-1
1001001000	-2	2956	843.889	789.044	74.25	6.591	146	4.822	212.625	14.756	4314.778	212.625	0	0	0	9	9	616	723	955	694	446	2956	764	443	-2	83	70	66	66	81	75	71	82	-2	149	139	147	142	151	147	153	140	-2	230	196	206	202	220	221	234	192	-1
1001001000	-2	4871	1886.889	1338.02	73.75	6.379	146.75	4.684	212.875	15.744	4270.222	212.875	0	0	0	9	9	983	1913	1736	2699	1616	4871	2553	613	-2	84	70	69	67	80	74	66	80	-2	150	141	148	143	150	151	152	139	-2	231	203	203	205	205	232	234	190	-1
1001001000	-2	4871	1886.889	1338.02	73.75	6.379	146.75	4.684	212.875	15.744	4270.222	212.875	0	0	0	9	9	983	1913	1736	2699	1616	4871	2553	613	-2	84	70	69	67	80	74	66	80	-2	150	141	148	143	150	151	152	139	-2	231	203	203	205	205	232	234	190	-1
1001001000	-2	5409	3738.111	1494.121	68.5	7.176	143.625	3.871	210	13.775	4008.889	210	0	0	0	9	9	5409	4196	3374	5037	4269	4261	4122	2977	-2	81	66	66	72	76	66	56	65	-2	148	138	143	144	147	147	145	137	-2	231	202	196	215	206	226	216	188	-1
1004004000	-2	3173	1407.333	1301.003	55.2	5.492	125.6	4.964	114.5	72.67	2533.444	169.5	0	0	3	9	9	1976	3173	2110	2757	0	0	2652	0	-2	57	48	58	63	-2	-2	50	-2	-2	133	123	121	130	-2	-2	121	-2	-2	177	169	160	181	21	21	166	21	-1
1004004000	-2	3173	1407.333	1301.003	55.2	5.492	125.6	4.964	114.5	72.67	2533.444	169.5	0	0	3	9	9	1976	3173	2110	2757	0	0	2652	0	-2	57	48	58	63	-2	-2	50	-2	-2	133	123	121	130	-2	-2	121	-2	-2	177	169	160	181	21	21	166	21	-1
1001001000	-2	2827	1928.111	815.662	50	9.042	122.875	4.936	163.875	7.407	2412.444	163.5	0	0	0	9	9	2108	1287	1987	2766	2009	2827	2474	1897	-2	56	49	57	62	52	48	46	30	-2	131	121	118	126	127	125	120	115	-2	173	163	156	172	166	169	162	150	-1
1001001000	-2	2827	1928.667	815.743	50	9.042	122.875	4.936	163.875	7.407	2412.444	163.5	0	0	0	9	9	2111	1287	1987	2766	2010	2827	2474	1898	-2	56	49	57	62	52	48	46	30	-2	131	121	118	126	127	125	120	115	-2	173	163	156	172	166	169	162	150	-1
1001001000	-2	2745	1567.778	722.379	49	8.888	122.25	5.19	162.875	7.27	2285.111	162.75	0	0	0	9	9	1938	1084	1304	2745	1527	1623	2186	1705	-2	55	49	56	57	54	45	48	28	-2	130	121	118	126	127	124	119	113	-2	171	164	155	171	166	167	160	149	-1
1001001000	-2	2799	1676.778	720.385	48.875	8.781	122.25	5.19	162.75	7.137	2285.111	162.75	0	0	0	9	9	1761	1308	1762	2799	1530	2075	2189	1669	-2	55	49	56	56	54	45	48	28	-2	130	121	118	126	127	124	119	113	-2	171	164	155	170	166	167	160	149	-1
1001001000	-2	2808	1603.778	704.413	48	9.327	121.5	5.362	161.875	7.424	2328.111	161.875	0	0	0	9	9	1719	1829	1273	2808	1492	1443	1984	1888	-2	52	50	55	57	57	44	41	28	-2	130	121	117	125	126	123	118	112	-2	172	166	154	168	165	164	158	148	-1
1001001000	-2	2788	1406.778	727.439	49.25	8.969	122.125	5.183	162.5	7.211	2328.111	161.875	0	0	0	9	9	1539	1496	978	2788	1349	857	1815	1841	-2	52	50	55	57	57	44	51	28	-2	130	121	117	124	126	123	124	112	-2	172	166	154	167	165	164	164	148	-1
1001001000	-2	2778	1573	870.564	47.25	8.941	122.375	5.499	164.125	7.672	2390.667	164	0	0	0	9	9	2778	1948	1049	2765	1611	620	1456	1932	-2	51	52	55	56	52	45	39	28	-2	131	122	118	124	128	125	118	113	-2	175	170	156	168	169	166	158	151	-1
1001001000	-2	2847	1715.556	798.144	47.125	8.978	122.25	5.449	164	7.649	2390.667	164	0	0	0	9	9	2308	2437	1483	2847	1821	1016	1575	1955	-2	51	52	55	56	52	44	39	28	-2	131	122	118	124	128	124	118	113	-2	175	170	156	168	169	165	158	151	-1
1001001000	-2	2725	1732.444	755.28	50.125	10.142	127.625	4.662	173.75	6.942	2573.222	173.75	0	0	0	9	9	2725	1988	1813	2305	2055	1160	1383	2165	-2	52	57	59	58	60	45	40	30	-2	132	126	128	127	132	127	132	117	-2	181	177	172	174	177	173	179	157	-1
1001001000	-2	2805	1776	764.157	50.125	10.142	127.625	4.662	173.75	6.942	2573.222	173.75	0	0	0	9	9	2805	1968	1899	2305	2129	1239	1442	2199	-2	52	57	59	58	60	45	40	30	-2	132	126	128	127	132	127	132	117	-2	181	177	172	174	177	173	179	157	-1
1001001000	-2	2833	2088.889	794.31	57.5	6.325	134.375	5.83	188.125	11.667	2940.556	188.125	0	0	0	9	9	2833	2123	2363	2475	2513	1705	2315	2475	-2	57	61	65	62	65	48	51	51	-2	136	141	135	133	140	132	137	121	-2	197	206	185	184	195	183	191	164	-1
1001001000	-2	4193	2602.778	1082.934	62.25	5.673	138.375	6.945	200.75	20.945	3153.667	200.75	0	0	0	9	9	2930	4193	2499	2376	3242	2183	3292	2712	-2	67	63	67	64	70	53	59	55	-2	139	150	140	138	143	134	139	124	-2	210	249	194	192	202	189	198	172	-1
1002002000	-2	3926	2271.778	1280.285	63.571	4.777	139	7.211	179.75	63.397	3153.667	200.75	0	0	1	9	9	2734	3926	2527	2465	2982	0	3076	2738	-2	67	63	67	64	70	-2	59	55	-2	139	150	140	138	143	-2	139	124	-2	210	249	194	192	202	21	198	172	-1
1001001000	-2	3625	2559.889	1004.13	70.375	5.957	149.625	6.836	228.5	14.414	2838.889	228.875	0	0	0	9	9	3024	1943	3625	2662	2809	2972	2733	3273	-2	67	68	63	68	75	75	82	65	-2	147	163	146	144	154	148	155	140	-2	237	249	217	211	230	238	240	206	-1
1001001000	-2	3102	2250.222	935.426	72	7.45	151.625	9.151	227.375	14.203	2648.889	227.375	0	0	0	9	9	3006	1696	3102	2786	2176	2900	1804	2784	-2	65	68	62	75	79	76	85	66	-2	146	166	146	143	154	151	166	141	-2	226	249	217	211	231	238	241	206	-1
1001001000	-2	3342	2476.222	915.767	69.875	5.622	149.5	8.703	223.875	16.174	2770.444	223.875	0	0	0	9	9	3342	2629	2570	2833	2898	3040	2465	2511	-2	66	66	63	68	74	76	80	66	-2	141	162	145	143	153	148	164	140	-2	214	245	212	211	231	239	241	198	-1
1001001000	-2	3326	2463	912.656	69.875	5.622	149.5	8.703	223.875	16.174	2770.444	223.875	0	0	0	9	9	3326	2603	2557	2825	2889	3039	2428	2502	-2	66	66	63	68	74	76	80	66	-2	141	162	145	143	153	148	164	140	-2	214	245	212	211	231	239	241	198	-1
1001001000	-2	502	328.889	134.333	47.625	10.885	143.5	8.485	227.25	19.518	4674.667	229.5	0	0	0	9	9	399	357	502	331	408	346	239	380	-2	55	37	28	50	42	47	61	61	-2	141	131	132	148	142	150	158	146	-2	241	204	205	257	219	222	254	216	-1
1001001000	-2	433	308.667	128.039	64	10.989	144.125	5.325	204.25	11.178	4296.444	204.25	0	0	0	9	9	387	227	425	403	291	433	304	310	-2	62	42	57	70	74	62	64	81	-2	144	132	148	143	149	148	148	141	-2	222	185	208	205	205	214	205	190	-1
1001001000	-2	874	308.222	250.605	65.375	10.416	142.75	5.651	197.5	10.735	3932.222	197.5	0	0	0	9	9	312	176	596	211	222	874	242	143	-2	65	44	61	70	76	62	64	81	-2	146	130	145	140	147	145	149	140	-2	213	178	201	196	196	205	206	185	-1
1001001000	-2	788	269	222.771	65.375	10.416	142.75	5.651	197.5	10.735	3932.222	197.5	0	0	0	9	9	273	170	505	169	187	788	175	156	-2	65	44	61	70	76	62	64	81	-2	146	130	145	140	147	145	149	140	-2	213	178	201	196	196	205	206	185	-1
1003003000	-2	4835	2977.111	2117.925	76.167	6.362	151.5	3.948	173.5	88.504	4070.556	228.75	0	0	2	9	9	4237	4563	0	4729	4021	0	4835	4411	-2	86	72	-2	75	81	-2	66	77	-2	155	150	-2	153	151	-2	156	144	-2	231	221	21	235	214	21	236	209	-1
1005005000	-2	3524	1487.667	1668.024	55.5	5.408	129.5	2.958	99.875	78.91	2744	171.875	0	0	4	9	9	3454	3360	0	3053	0	3524	0	0	-2	57	48	-2	63	-2	54	-2	-2	-2	134	126	-2	130	-2	128	-2	-2	-2	183	175	21	181	21	176	21	21	-1
1005005000	-2	3524	1487.667	1668.024	55.5	5.408	129.5	2.958	99.875	78.91	2744	171.875	0	0	4	9	9	3454	3360	0	3053	0	3524	0	0	-2	57	48	-2	63	-2	54	-2	-2	-2	134	126	-2	130	-2	128	-2	-2	-2	183	175	21	181	21	176	21	21	-1
1003003000	-2	3335	1779	1349.756	46.167	8.295	122	5.888	128.5	62.542	2438.444	163.375	0	0	2	9	9	3335	2972	0	2861	0	3063	2212	1570	-2	50	46	-2	57	-2	50	44	30	-2	130	123	-2	125	-2	124	119	111	-2	172	166	21	172	21	168	162	146	-1
1001001000	-2	3528	2373.889	1014.611	45.125	10.373	122.375	5.266	163.625	8.123	2438.444	163.375	0	0	0	9	9	3528	3183	2019	2864	2328	3208	2587	1650	-2	50	46	58	57	41	50	29	30	-2	130	123	120	126	125	124	120	111	-2	172	166	157	172	166	168	162	146	-1
1001001000	-2	3315	2052.222	888.646	44.125	9.752	120.625	5.219	160.5	7.433	2176.556	159.5	0	0	0	9	9	3315	2361	1807	2683	1793	2490	2500	1523	-2	49	47	57	54	42	46	29	29	-2	126	120	119	125	126	121	119	109	-2	166	162	156	168	165	163	161	143	-1
1001001000	-2	3315	2052.222	888.646	44.125	9.752	120.625	5.219	160.5	7.433	2176.556	159.5	0	0	0	9	9	3315	2361	1807	2683	1793	2490	2500	1523	-2	49	47	57	54	42	46	29	29	-2	126	120	119	125	126	121	119	109	-2	166	162	156	168	165	163	161	143	-1
1001001000	-2	2759	1697.889	799.351	43.125	10.13	118	6.671	156.75	8.212	2137	156.375	0	0	0	9	9	2531	1841	1425	2759	2062	1086	2249	1330	-2	50	43	56	54	44	43	28	27	-2	125	116	118	125	125	112	118	105	-2	163	160	156	166	164	151	155	139	-1
1001001000	-2	2759	1697.889	799.351	43.125	10.13	118	6.671	156.75	8.212	2137	156.375	0	0	0	9	9	2531	1841	1425	2759	2062	1086	2249	1330	-2	50	43	56	54	44	43	28	27	-2	125	116	118	125	125	112	118	105	-2	163	160	156	166	164	151	155	139	-1
1001001000	-2	2727	1623.333	817.7	42.125	10.277	117	5.568	156.375	7.482	2123.889	156.375	0	0	0	9	9	2727	1927	1437	2564	2028	788	1944	1197	-2	50	47	54	54	39	39	27	27	-2	122	117	116	123	124	111	116	107	-2	162	162	155	164	164	150	152	142	-1
1001001000	-2	2724	1621.778	816.988	42.125	10.277	117	5.568	156.375	7.482	2123.889	156.375	0	0	0	9	9	2724	1927	1437	2564	2020	788	1944	1194	-2	50	47	54	54	39	39	27	27	-2	122	117	116	123	124	111	116	107	-2	162	162	155	164	164	150	152	142	-1
1001001000	-2	2632	1719.889	792.163	42.75	10.268	117.875	5.464	158.5	7.81	2154.444	158.5	0	0	0	9	9	2558	2444	1851	2632	1948	1048	1558	1442	-2	49	49	56	54	39	39	28	28	-2	119	119	117	124	126	112	118	108	-2	161	166	156	166	168	151	156	144	-1
1001001000	-2	2632	1719.889	792.163	42.75	10.268	117.875	5.464	158.5	7.81	2154.444	158.5	0	0	0	9	9	2558	2444	1851	2632	1948	1048	1558	1442	-2	49	49	56	54	39	39	28	28	-2	119	119	117	124	126	112	118	108	-2	161	166	156	166	168	151	156	144	-1
1001001000	-2	2511	1617.444	806.295	44.25	10.791	121	4.77	164.75	6.942	2358.667	164.75	0	0	0	9	9	2498	1365	1649	2511	1960	552	1898	2126	-2	50	51	58	56	39	43	29	28	-2	121	123	119	124	129	120	121	111	-2	163	174	161	169	173	162	165	151	-1
1001001000	-2	2790	2017.333	805.259	46.625	10.38	125.5	3.873	173.75	6.457	2573.556	173.75	0	0	0	9	9	2790	2588	2056	2591	2366	1465	2297	2005	-2	51	56	59	57	41	46	33	30	-2	129	127	128	125	129	127	122	117	-2	179	183	175	173	176	175	169	160	-1
1001001000	-2	2790	2017.333	805.259	46.625	10.38	125.5	3.873	173.75	6.457	2573.556	173.75	0	0	0	9	9	2790	2588	2056	2591	2366	1465	2297	2005	-2	51	56	59	57	41	46	33	30	-2	129	127	128	125	129	127	122	117	-2	179	183	175	173	176	175	169	160	-1
1002001000	-2	3623	1885.222	1171.871	51	8.5	132.857	5.693	173.375	44.399	2440.889	173.375	0	0	1	9	9	3147	2600	1634	2081	0	2023	3623	1861	-2	52	59	61	59	43	53	35	46	-2	132	141	131	135	-2	134	136	121	-2	196	215	179	187	61	188	194	167	-1
1002001000	-2	3623	2050.556	1230.501	51	8.5	132.857	5.693	173.375	44.399	2440.889	173.375	0	0	1	9	9	3190	3106	1701	2318	0	2407	3623	2112	-2	52	59	61	59	43	53	35	46	-2	132	141	131	135	-2	134	136	121	-2	196	215	179	187	61	188	194	167	-1
1002001000	-2	3641	2126.222	1247.356	50.125	7.688	131.429	5.421	170.5	42.476	2440.556	170.5	0	0	1	9	9	2694	3107	2006	2241	0	3286	3641	2163	-2	51	59	56	58	42	49	35	51	-2	129	139	129	132	-2	134	136	121	-2	185	207	177	182	62	190	194	167	-1
1002001000	-2	3641	1967.222	1178.938	50.125	7.688	131.429	5.421	170.5	42.476	2440.556	170.5	0	0	1	9	9	2694	2640	1719	2124	0	2912	3641	1977	-2	51	59	56	58	42	49	35	51	-2	129	139	129	132	-2	134	136	121	-2	185	207	177	182	62	190	194	167	-1
1002001000	-2	4114	2285.444	1373.178	55.125	5.061	136.143	6.357	183.75	51.541	2514.111	183.75	0	0	1	9	9	2634	4114	1933	2283	0	3418	3503	2686	-2	52	60	57	63	46	58	52	53	-2	132	148	132	137	-2	136	141	127	-2	193	258	183	191	62	198	207	178	-1
1002001000	-2	3598	2135.333	1265.47	56.25	5.238	137	6.655	183	49.003	2455.111	183	0	0	1	9	9	2477	3598	1898	2120	0	3055	3538	2534	-2	52	60	57	63	47	63	54	54	-2	131	147	132	137	-2	139	145	128	-2	193	236	182	192	62	206	215	178	-1
1002002000	-2	344	223.889	125.391	30	9.928	165.143	12.368	292.25	36.362	2814.556	292.25	0	0	0	9	9	264	305	219	262	344	300	324	-1	-2	31	27	19	40	29	17	47	-2	-2	159	154	153	177	173	154	186	-2	-2	286	259	255	349	313	240	331	305	-1
1001001000	-2	621	327.889	168.55	69.125	12.293	140.875	5.254	194.25	8.941	3776.444	194.25	0	0	0	9	9	357	269	495	418	324	621	274	195	-2	78	41	63	72	76	78	64	81	-2	143	129	145	141	147	142	143	137	-2	207	180	201	198	195	200	192	181	-1
1001001000	-2	535	221.556	152.987	70.625	12.257	137	5.723	178.875	6.547	3046.556	178.875	0	0	0	9	9	240	86	400	168	153	535	163	251	-2	81	43	65	73	78	80	64	81	-2	140	127	144	130	143	138	140	134	-2	185	167	186	175	183	182	182	171	-1
1001001000	-2	435	191.556	115.052	70.375	11.532	133.625	4.973	172.5	5.339	2756.556	172.5	0	0	0	9	9	264	141	265	142	159	435	117	203	-2	82	45	66	71	77	79	63	80	-2	136	126	142	127	136	135	136	131	-2	177	164	181	169	171	176	175	167	-1
1001001000	-2	441	194.778	116.935	70.375	11.532	133.625	4.973	172.5	5.339	2756.556	172.5	0	0	0	9	9	276	141	265	142	160	441	123	207	-2	82	45	66	71	77	79	63	80	-2	136	126	142	127	136	135	136	131	-2	177	164	181	169	171	176	175	167	-1
1002002000	-2	3099	940.444	940.298	76.857	6.266	141.143	2.85	167.5	55.772	3399.111	191.125	0	0	1	9	9	469	1946	0	477	916	3099	668	891	-2	86	73	-2	76	81	81	65	76	-2	143	142	-2	143	137	141	145	137	-2	183	192	21	187	185	196	199	177	-1
1002002000	-2	3404	1063.444	1038.96	76.857	6.266	141.143	2.85	168	55.962	3399.111	191.125	0	0	1	9	9	704	2222	0	448	1095	3404	731	969	-2	86	73	-2	76	81	81	65	76	-2	143	142	-2	143	137	141	145	137	-2	191	192	21	183	185	196	199	177	-1
1002002000	-2	5110	2752.889	1620.125	66	9.32	136.429	6.068	167.625	56.2	3346.444	189.625	0	0	1	9	9	5110	3238	2417	3868	3440	0	3594	3111	-2	80	62	66	71	75	-2	53	55	-2	144	137	141	140	136	-2	133	124	-2	205	190	189	194	185	21	188	169	-1
1001001000	-2	5110	3224.111	1307.377	66.625	8.873	137	5.874	189.625	9.746	3346.444	189.625	0	0	0	9	9	5110	3238	2642	3868	3666	3790	3594	3111	-2	80	62	66	71	75	71	53	55	-2	144	137	141	140	136	141	133	124	-2	205	190	189	194	185	197	188	169	-1
1001001000	-2	3325	2595	956.885	48.875	9.727	126.875	4.285	172.25	6.437	2651.778	172.25	0	0	0	9	9	3288	3016	2458	3023	2889	3325	2638	2720	-2	55	45	63	57	42	55	43	31	-2	131	126	133	129	126	129	121	120	-2	178	174	175	177	171	178	167	158	-1
1001001000	-2	3325	2595	956.885	48.875	9.727	126.875	4.285	172.25	6.437	2651.778	172.25	0	0	0	9	9	3288	3016	2458	3023	2889	3325	2638	2720	-2	55	45	63	57	42	55	43	31	-2	131	126	133	129	126	129	121	120	-2	178	174	175	177	171	178	167	158	-1
1001001000	-2	2657	1791.111	712.398	34	12.062	112.875	6.112	152.5	7.194	1795.889	152.25	0	0	0	9	9	1954	2657	2006	2466	1896	1723	1861	1559	-2	43	33	56	24	23	46	21	26	-2	117	112	119	120	113	115	106	101	-2	155	155	156	160	153	158	147	136	-1
1001001000	-2	2539	1791.222	702.129	35.375	12.318	112.875	6.353	152.5	7.533	1795.889	152.25	0	0	0	9	9	1954	2539	2120	2466	1896	1723	1861	1564	-2	43	43	56	24	23	46	21	27	-2	117	113	119	120	113	115	106	100	-2	155	156	156	160	153	158	147	135	-1
1001001000	-2	2388	1694.556	693.957	34.625	10.012	110.875	6.03	149.625	6.8	1788.556	149.5	0	0	0	9	9	1964	2382	2388	2183	1831	1606	1599	1300	-2	44	40	49	34	23	41	19	27	-2	114	110	117	119	112	111	105	99	-2	152	152	154	158	151	151	145	134	-1
1001001000	-2	2388	1694.556	693.957	34.625	10.012	110.875	6.03	149.625	6.8	1788.556	149.5	0	0	0	9	9	1964	2382	2388	2183	1831	1606	1599	1300	-2	44	40	49	34	23	41	19	27	-2	114	110	117	119	112	111	105	99	-2	152	152	154	158	151	151	145	134	-1
1001001000	-2	2274	1614.111	661.517	31.75	10.219	110.25	5.562	149.375	6.163	1778.444	149.375	0	0	0	9	9	2210	2274	2192	1820	1677	1587	1542	1227	-2	44	30	46	34	24	38	14	24	-2	114	112	115	117	113	107	104	100	-2	153	154	154	154	153	147	144	136	-1
1001001000	-2	2274	1614.111	661.517	31.75	10.219	110.25	5.562	149.375	6.163	1778.444	149.375	0	0	0	9	9	2210	2274	2192	1820	1677	1587	1542	1227	-2	44	30	46	34	24	38	14	24	-2	114	112	115	117	113	107	104	100	-2	153	154	154	154	153	147	144	136	-1
1001001000	-2	2509	1606.778	697.604	32.375	11.124	110.375	5.936	150.125	6.333	1853.556	150.25	0	0	0	9	9	2509	2060	2244	1857	1715	1281	1621	1176	-2	43	30	52	34	24	37	14	25	-2	115	111	115	117	115	107	103	100	-2	154	155	154	155	155	147	144	137	-1
1001001000	-2	2509	1607.111	697.539	32.375	11.124	110.375	5.936	150.125	6.333	1853.556	150.25	0	0	0	9	9	2509	2061	2244	1857	1715	1281	1621	1178	-2	43	30	52	34	24	37	14	25	-2	115	111	115	117	115	107	103	100	-2	154	155	154	155	155	147	144	137	-1
1001001000	-2	2492	1701.444	710.968	31.625	11.916	109.625	7.499	150.625	7.615	1902.333	150.625	0	0	0	9	9	2492	2151	2223	2008	1930	1081	1807	1623	-2	43	23	53	34	23	38	14	25	-2	115	112	116	117	115	106	96	100	-2	155	158	156	156	157	144	140	139	-1
1001001000	-2	2739	1871.333	747.052	32.375	11.661	114.75	5.695	158.625	6.688	2138.222	158.625	0	0	0	9	9	2739	1981	2165	2616	1899	1630	2059	1755	-2	43	24	53	34	23	40	15	27	-2	119	115	117	122	118	113	112	102	-2	162	165	159	165	162	157	156	143	-1
1001001000	-2	2739	1871.333	747.052	32.375	11.661	114.75	5.695	158.625	6.688	2138.222	158.625	0	0	0	9	9	2739	1981	2165	2616	1899	1630	2059	1755	-2	43	24	53	34	23	40	15	27	-2	119	115	117	122	118	113	112	102	-2	162	165	159	165	162	157	156	143	-1
1002001000	-2	2849	1689.556	951.184	32.375	10.988	115.714	4.558	145	38.036	1917	145	0	0	1	9	9	2849	0	2191	2353	1747	2127	2109	1832	-2	43	23	51	34	24	40	16	28	-2	120	-2	117	122	118	113	112	108	-2	163	45	159	165	162	159	157	150	-1
1001001000	-2	2544	1906.667	743.729	37.125	10.117	121.375	3.603	169	6.021	2388.667	169	0	0	0	9	9	2544	2321	2387	2101	2137	2095	2220	1357	-2	43	45	52	34	25	46	23	29	-2	122	123	122	124	124	125	117	114	-2	170	179	167	169	172	173	165	157	-1
1001001000	-2	2583	1960.111	743.574	37.375	9.987	123.375	4.091	173.25	6.851	2457.778	173.25	0	0	0	9	9	2583	2163	2413	1944	2127	2333	2435	1645	-2	43	47	49	34	25	48	23	30	-2	125	125	124	124	126	129	119	115	-2	175	183	172	171	176	181	168	160	-1
1001001000	-2	2583	1960.111	743.574	37.375	9.987	123.375	4.091	173.25	6.851	2457.778	173.25	0	0	0	9	9	2583	2163	2413	1944	2127	2333	2435	1645	-2	43	47	49	34	25	48	23	30	-2	125	125	124	124	126	129	119	115	-2	175	183	172	171	176	181	168	160	-1
1002001000	-2	2620	1702.444	954.946	34.875	9.075	123	4.342	155.75	42.269	2118.444	155.75	0	0	1	9	9	2620	0	2368	1895	1822	2419	2445	1755	-2	37	30	49	34	25	49	24	31	-2	124	-2	125	123	125	130	118	116	-2	174	45	172	170	175	182	168	160	-1
1002001000	-2	2620	1702.444	954.946	34.875	9.075	123	4.342	155.75	42.269	2118.444	155.75	0	0	1	9	9	2620	0	2368	1895	1822	2419	2445	1755	-2	37	30	49	34	25	49	24	31	-2	124	-2	125	123	125	130	118	116	-2	174	45	172	170	175	182	168	160	-1
1002001000	-2	2306	1515	833.238	34.75	9.457	122.714	3.99	155	41.557	2164.444	155	0	0	1	9	9	1644	0	2132	2030	1960	1676	2306	1889	-2	37	25	49	34	26	50	25	32	-2	123	-2	124	122	126	129	119	116	-2	174	46	170	168	174	180	168	160	-1
1001001000	-2	235	185.111	68.429	22.5	6.423	132.5	8.078	208	6.819	4573.111	208	0	0	0	9	9	202	214	200	174	216	231	235	196	-2	20	23	18	25	24	14	37	19	-2	130	118	124	140	141	129	141	137	-2	207	195	202	215	212	207	218	208	-1
1001001000	-2	335	174.222	89.665	64.375	12.144	127.5	6.5	162.875	6.954	2428.222	162.875	0	0	0	9	9	133	181	335	124	192	277	171	157	-2	78	42	62	66	74	78	50	65	-2	131	120	140	123	128	133	120	125	-2	166	155	175	159	162	172	157	157	-1
1001001000	-2	1053	467	265.992	73	5	133.375	5.023	173.125	7.061	2548.222	173.125	0	0	0	9	9	372	399	612	309	1053	448	578	434	-2	81	70	73	74	78	73	63	72	-2	136	130	144	134	134	134	127	128	-2	176	168	187	173	177	175	166	163	-1
1001001000	-2	4351	3219.444	1182.342	71.25	6.476	139.5	5.612	193.75	8.842	3437.778	193.75	0	0	0	9	9	4351	3737	3308	3192	3491	3834	3534	3530	-2	79	69	72	74	78	73	57	68	-2	140	140	152	140	138	140	135	131	-2	197	193	212	191	191	197	191	178	-1
1001001000	-2	4351	3219.444	1182.342	71.25	6.476	139.5	5.612	193.75	8.842	3437.778	193.75	0	0	0	9	9	4351	3737	3308	3192	3491	3834	3534	3530	-2	79	69	72	74	78	73	57	68	-2	140	140	152	140	138	140	135	131	-2	197	193	212	191	191	197	191	178	-1
1001001000	-2	3696	2932.111	1056.07	52.75	10.317	130	5.244	180.25	7.259	2932.222	180.25	0	0	0	9	9	3496	3073	3696	3403	3068	3217	3116	3322	-2	54	50	65	60	49	66	45	33	-2	134	129	140	132	127	131	122	125	-2	188	181	190	184	175	184	170	170	-1
1001001000	-2	3696	2932.111	1056.07	52.75	10.317	130	5.244	180.25	7.259	2932.222	180.25	0	0	0	9	9	3496	3073	3696	3403	3068	3217	3116	3322	-2	54	50	65	60	49	66	45	33	-2	134	129	140	132	127	131	122	125	-2	188	181	190	184	175	184	170	170	-1
1001001000	-2	2234	1688.111	620.921	29.25	12.784	106.625	6.183	145.125	6.254	1694.333	144.75	0	0	0	9	9	1806	1951	2234	1780	1817	1621	2085	1901	-2	35	15	50	16	35	43	14	26	-2	110	101	118	106	105	113	101	99	-2	145	144	155	146	144	153	140	134	-1
1001001000	-2	2234	1688.111	620.921	29.25	12.784	106.625	6.183	145.125	6.254	1694.333	144.75	0	0	0	9	9	1806	1951	2234	1780	1817	1621	2085	1901	-2	35	15	50	16	35	43	14	26	-2	110	101	118	106	105	113	101	99	-2	145	144	155	146	144	153	140	134	-1
1001001000	-2	2066	1614.333	609.522	25.875	11.107	101.125	7.305	139.125	6.735	1642.778	139	0	0	0	9	9	1549	2004	2066	1748	1667	1996	2040	1461	-2	36	15	44	16	21	38	13	24	-2	106	99	116	102	100	102	94	90	-2	141	141	152	140	138	141	133	127	-1
1001001000	-2	2066	1614.333	609.522	25.875	11.107	101.125	7.305	139.125	6.735	1642.778	139	0	0	0	9	9	1549	2004	2066	1748	1667	1996	2040	1461	-2	36	15	44	16	21	38	13	24	-2	106	99	116	102	100	102	94	90	-2	141	141	152	140	138	141	133	127	-1
1001001000	-2	2118	1541.111	615.226	27.125	10.764	102.375	7.21	140.5	6.557	1629.889	140.125	0	0	0	9	9	1408	2118	2061	1559	1546	1889	2007	1284	-2	38	21	45	19	20	38	13	23	-2	111	104	114	103	101	101	91	94	-2	146	145	151	140	139	141	131	131	-1
1001001000	-2	2118	1541.111	615.226	27.125	10.764	102.375	7.21	140.5	6.557	1629.889	140.125	0	0	0	9	9	1408	2118	2061	1559	1546	1889	2007	1284	-2	38	21	45	19	20	38	13	23	-2	111	104	114	103	101	101	91	94	-2	146	145	151	140	139	141	131	131	-1
1001001000	-2	2302	1467.444	631.965	25.25	10.952	101.75	7.084	140.25	6.457	1654.556	139.875	0	0	0	9	9	1147	2302	2064	1426	1681	1577	1836	1176	-2	37	21	44	19	12	33	12	24	-2	110	105	112	103	99	101	89	95	-2	144	147	150	140	138	141	130	132	-1
1001001000	-2	2302	1467.444	631.965	25.25	10.952	101.75	7.084	140.25	6.457	1654.556	139.875	0	0	0	9	9	1147	2302	2064	1426	1681	1577	1836	1176	-2	37	21	44	19	12	33	12	24	-2	110	105	112	103	99	101	89	95	-2	144	147	150	140	138	141	130	132	-1
1001001000	-2	2436	1728.889	681.867	24.25	10.802	102	6.614	141.625	5.7	1829.333	141.625	0	0	0	9	9	1699	2436	2315	1490	2015	2036	2014	1557	-2	36	15	42	20	12	33	12	24	-2	110	102	112	103	102	102	91	94	-2	147	143	150	140	144	143	133	133	-1
1001001000	-2	2436	1728.333	682.009	24.25	10.802	102	6.614	141.625	5.7	1829.333	141.625	0	0	0	9	9	1699	2436	2315	1490	2015	2036	2014	1552	-2	36	15	42	20	12	33	12	24	-2	110	102	112	103	102	102	91	94	-2	147	143	150	140	144	143	133	133	-1
1001001000	-2	2539	1840.222	695.168	26.375	9.759	105	6.892	146.25	6.906	1940.333	146.25	0	0	0	9	9	2539	2235	2182	1780	2152	2112	1863	1701	-2	35	16	44	26	20	33	13	24	-2	112	112	114	105	103	103	93	98	-2	151	157	154	143	146	145	137	137	-1
1001001000	-2	2539	1840.222	695.168	26.375	9.759	105	6.892	146.25	6.906	1940.333	146.25	0	0	0	9	9	2539	2235	2182	1780	2152	2112	1863	1701	-2	35	16	44	26	20	33	13	24	-2	112	112	114	105	103	103	93	98	-2	151	157	154	143	146	145	137	137	-1
1001001000	-2	2455	1887	732.26	27.125	10.203	107	5.568	149.875	5.988	2013	149.875	0	0	0	9	9	2151	2376	2092	2455	2394	2131	2003	1383	-2	29	16	46	29	20	38	14	25	-2	109	112	114	112	104	107	97	101	-2	150	160	156	152	149	149	142	141	-1
1001001000	-2	2456	1888.333	732.413	27.125	10.203	107	5.568	149.875	5.988	2013	149.875	0	0	0	9	9	2151	2382	2092	2456	2394	2131	2003	1388	-2	29	16	46	29	20	38	14	25	-2	109	112	114	112	104	107	97	101	-2	150	160	156	152	149	149	142	141	-1
1001001000	-2	2931	1963.333	797.93	28.875	10.068	113.375	6.594	159.375	6.707	2048.111	159.375	0	0	0	9	9	2931	2558	2019	2428	2014	2375	1770	1577	-2	29	22	47	29	21	42	15	26	-2	118	114	118	115	119	118	100	105	-2	162	165	162	158	166	165	149	148	-1
1001001000	-2	2931	1963.333	797.93	28.875	10.068	113.375	6.594	159.375	6.707	2048.111	159.375	0	0	0	9	9	2931	2558	2019	2428	2014	2375	1770	1577	-2	29	22	47	29	21	42	15	26	-2	118	114	118	115	119	118	100	105	-2	162	165	162	158	166	165	149	148	-1
1001001000	-2	2770	2012.444	800.666	28.25	10.651	116	6.69	164	7.746	2118.889	164	0	0	0	9	9	2769	2770	2008	2119	2095	2561	1565	2227	-2	25	22	47	30	18	43	15	26	-2	121	117	120	116	122	122	104	106	-2	169	173	165	161	171	169	153	151	-1
1001001000	-2	2770	2012.444	800.666	28.25	10.651	116	6.69	164	7.746	2118.889	164	0	0	0	9	9	2769	2770	2008	2119	2095	2561	1565	2227	-2	25	22	47	30	18	43	15	26	-2	121	117	120	116	122	122	104	106	-2	169	173	165	161	171	169	153	151	-1
1001001000	-2	2547	1754.222	704.894	27.625	10.535	113.25	6.139	159.75	6.741	2223.667	159.75	0	0	0	9	9	2547	2088	2173	1484	1864	1497	1820	2317	-2	24	21	46	29	17	43	16	25	-2	118	115	116	116	108	123	104	106	-2	163	167	160	160	158	170	151	149	-1
1001001000	-2	2547	1754.222	704.894	27.625	10.535	113.25	6.139	159.75	6.741	2223.667	159.75	0	0	0	9	9	2547	2088	2173	1484	1864	1497	1820	2317	-2	24	21	46	29	17	43	16	25	-2	118	115	116	116	108	123	104	106	-2	163	167	160	160	158	170	151	149	-1
1001001000	-2	333	211.111	92.578	28.625	4.715	108.625	5.678	145.625	6.927	2228.889	145.625	0	0	0	9	9	207	194	299	222	248	333	259	140	-2	39	25	24	28	27	33	28	25	-2	109	96	113	113	112	112	111	103	-2	143	131	153	148	148	153	149	140	-1
1001001000	-2	793	416.444	251.945	65.25	5.472	129.25	6.139	168.5	7.921	2503	168.5	0	0	0	9	9	739	443	634	244	443	234	220	793	-2	66	59	68	70	73	67	55	64	-2	134	124	142	130	128	130	125	121	-2	174	160	185	168	171	168	163	159	-1
1001001000	-2	4244	2761.889	1100.015	64.875	6.193	135.125	5.819	186.5	7.517	3306.889	186.5	0	0	0	9	9	4244	3239	3274	2251	2817	3206	2745	3083	-2	65	62	71	71	71	68	56	55	-2	138	133	148	137	133	134	131	127	-2	190	182	203	188	184	186	184	175	-1
1001001000	-2	4244	2761.889	1099.912	64.875	6.193	135.125	5.819	186.5	7.517	3306.889	186.5	0	0	0	9	9	4244	3239	3273	2252	2817	3206	2745	3083	-2	65	62	71	71	71	68	56	55	-2	138	133	148	137	133	134	131	127	-2	190	182	203	188	184	186	184	175	-1
1001001000	-2	3670	2974.333	1071.975	45.25	9.203	125.375	5.453	172.25	6.26	2938.333	172.125	0	0	0	9	9	3182	2948	3588	3670	3392	3458	3258	3275	-2	48	42	63	44	42	54	38	31	-2	125	126	136	129	125	126	117	119	-2	173	175	181	177	171	176	163	162	-1
1001001000	-2	3670	2974.333	1071.975	45.25	9.203	125.375	5.453	172.25	6.26	2938.333	172.125	0	0	0	9	9	3182	2948	3588	3670	3392	3458	3258	3275	-2	48	42	63	44	42	54	38	31	-2	125	126	136	129	125	126	117	119	-2	173	175	181	177	171	176	163	162	-1
1001001000	-2	2341	1770.111	686.285	24.75	11.893	96.625	8.616	135	8.588	1845.667	134.75	0	0	0	9	9	1454	2261	2146	2217	1972	1929	2341	1613	-2	21	14	47	13	30	38	12	23	-2	101	97	115	92	96	99	85	88	-2	135	139	153	134	134	137	123	125	-1
1001001000	-2	2261	1724.444	665.409	24.75	11.893	96.625	8.616	135	8.588	1845.667	134.75	0	0	0	9	9	1454	2261	2146	2215	1972	1770	2106	1598	-2	21	14	47	13	30	38	12	23	-2	101	97	115	92	96	99	85	88	-2	135	139	153	134	134	137	123	125	-1
1001001000	-2	2142	1571.778	634.811	21.75	10.674	94.375	8.873	132.875	7.114	1604.111	132.75	0	0	0	9	9	1207	2142	1564	1876	1870	2076	2038	1375	-2	24	15	41	13	12	36	11	22	-2	102	96	108	92	95	99	78	85	-2	136	137	145	132	132	136	121	124	-1
1001001000	-2	2142	1571.778	634.811	21.75	10.674	94.375	8.873	132.875	7.114	1604.111	132.75	0	0	0	9	9	1207	2142	1564	1876	1870	2076	2038	1375	-2	24	15	41	13	12	36	11	22	-2	102	96	108	92	95	99	78	85	-2	136	137	145	132	132	136	121	124	-1
1001001000	-2	2233	1437	637.215	21.375	10.475	94.5	7.365	132.75	6.495	1520.889	132.75	0	0	0	9	9	860	2087	1590	1593	1585	2233	1737	1250	-2	32	15	40	13	12	31	11	17	-2	99	96	107	94	96	97	82	85	-2	134	136	144	133	134	135	122	124	-1
1001001000	-2	2233	1437	637.215	21.375	10.475	94.5	7.365	132.75	6.495	1520.889	132.75	0	0	0	9	9	860	2087	1590	1593	1585	2233	1737	1250	-2	32	15	40	13	12	31	11	17	-2	99	96	107	94	96	97	82	85	-2	134	136	144	133	134	135	122	124	-1
1001001000	-2	2503	1487.111	743.642	19.875	9.225	93.75	6.629	132.5	6.083	1642.556	132.25	0	0	0	9	9	756	2503	1532	1642	1949	2255	1786	963	-2	28	15	38	13	11	27	12	15	-2	100	96	103	93	97	94	83	84	-2	135	138	141	132	135	133	123	123	-1
1001001000	-2	2503	1487.111	743.642	19.875	9.225	93.75	6.629	132.5	6.083	1642.556	132.25	0	0	0	9	9	756	2503	1532	1642	1949	2255	1786	963	-2	28	15	38	13	11	27	12	15	-2	100	96	103	93	97	94	83	84	-2	135	138	141	132	135	133	123	123	-1
1001001000	-2	2582	1602.556	690.069	19.625	9.46	95	6.461	134.25	5.826	1720.111	134.25	0	0	0	9	9	1163	2582	1728	1518	1821	2206	1931	1476	-2	23	15	40	13	11	28	12	15	-2	100	97	105	93	99	95	87	84	-2	137	138	143	132	138	135	126	125	-1
1001001000	-2	2582	1602.556	690.069	19.625	9.46	95	6.461	134.25	5.826	1720.111	134.25	0	0	0	9	9	1163	2582	1728	1518	1821	2206	1931	1476	-2	23	15	40	13	11	28	12	15	-2	100	97	105	93	99	95	87	84	-2	137	138	143	132	138	135	126	125	-1
1001001000	-2	2430	1670.333	648.681	20.75	9.523	98.375	7.088	139.625	6.594	1837	139.5	0	0	0	9	9	1673	2430	2213	1501	1832	1693	1873	1820	-2	23	15	42	16	12	28	12	18	-2	102	102	111	95	100	100	90	87	-2	141	145	151	136	142	141	131	130	-1
1001001000	-2	2430	1670.333	648.681	20.75	9.523	98.375	7.088	139.625	6.594	1837	139.5	0	0	0	9	9	1673	2430	2213	1501	1832	1693	1873	1820	-2	23	15	42	16	12	28	12	18	-2	102	102	111	95	100	100	90	87	-2	141	145	151	136	142	141	131	130	-1
1001001000	-2	2647	1744.222	694.081	22.25	10.293	100	7.331	143.125	6.882	1879.556	142.875	0	0	0	9	9	1969	2647	2157	1646	2165	1521	1733	1862	-2	23	16	42	17	12	36	13	19	-2	103	105	112	97	101	103	92	87	-2	143	151	154	139	145	145	136	132	-1
1001001000	-2	2647	1744.222	694.081	22.25	10.293	100	7.331	143.125	6.882	1879.556	142.875	0	0	0	9	9	1969	2647	2157	1646	2165	1521	1733	1862	-2	23	16	42	17	12	36	13	19	-2	103	105	112	97	101	103	92	87	-2	143	151	154	139	145	145	136	132	-1
1001001000	-2	2326	1824.333	668.738	24	10.677	104.25	6.398	149.75	6.398	1911.444	149.75	0	0	0	9	9	2326	2163	2154	1847	2157	1732	1928	2114	-2	24	15	42	24	13	40	13	21	-2	104	108	114	105	105	109	96	93	-2	148	157	157	148	152	155	143	138	-1
1001001000	-2	2442	1869.778	677.572	24	11.236	104.875	6.274	150.875	6.112	2031.333	150.875	0	0	0	9	9	2442	2046	2227	1926	1991	2003	2059	2136	-2	23	14	43	25	13	41	13	20	-2	106	107	114	105	105	111	98	93	-2	150	156	157	149	153	158	145	139	-1
1001001000	-2	2442	1869.778	677.572	24	11.236	104.875	6.274	150.875	6.112	2031.333	150.875	0	0	0	9	9	2442	2046	2227	1926	1991	2003	2059	2136	-2	23	14	43	25	13	41	13	20	-2	106	107	114	105	105	111	98	93	-2	150	156	157	149	153	158	145	139	-1
1001001000	-2	2353	1812.889	695.356	23.5	10.932	103.125	6.234	147.25	5.911	2126.111	147.25	0	0	0	9	9	2117	2278	2353	1548	1799	1746	2339	2138	-2	22	14	43	25	13	39	13	19	-2	106	105	113	104	102	107	97	91	-2	148	152	155	146	149	151	142	135	-1
1001001000	-2	365	268.556	102.997	15.5	2.062	95.5	6.285	139	6.442	2773.222	139	0	0	0	9	9	258	231	324	278	316	365	324	323	-2	15	13	16	18	18	15	12	17	-2	98	81	101	98	94	102	98	92	-2	139	125	148	138	139	145	142	136	-1
1001001000	-2	276	218.111	80.744	15.5	2.062	95.5	6.285	139	6.442	2773.222	139	0	0	0	9	9	218	220	270	230	276	250	272	229	-2	15	13	16	18	18	15	12	17	-2	98	81	101	98	94	102	98	92	-2	139	125	148	138	139	145	142	136	-1
1001001000	-2	534	248.667	155.891	60.375	7.952	123.125	7.305	159.375	7.889	2181.778	159.375	0	0	0	9	9	187	164	534	148	476	211	258	262	-2	59	46	67	65	69	69	55	53	-2	126	118	139	123	121	127	117	114	-2	159	152	175	157	163	166	154	149	-1
1001001000	-2	1270	437.444	353.362	59.375	6.855	123.375	7.105	161	8.588	2171.444	161	0	0	0	9	9	746	285	1270	192	403	270	276	497	-2	57	57	66	62	68	65	54	46	-2	127	120	139	123	120	126	118	114	-2	165	156	180	158	161	164	154	150	-1
1001001000	-2	4143	2858.333	1099.478	59.5	6.442	131.75	5.995	182.875	7.373	3213.444	182.875	0	0	0	9	9	3478	2977	4143	2949	3087	3226	3404	2463	-2	53	61	67	62	66	65	53	49	-2	133	127	145	135	124	132	130	128	-2	183	175	199	184	176	187	183	176	-1
1001001000	-2	3236	2536.778	945.537	40	9.747	117.25	5.403	161.375	6.48	2573.222	161	0	0	0	9	9	2934	2854	2926	2645	3029	3236	3073	2136	-2	37	39	59	32	40	52	30	31	-2	116	116	128	120	113	122	111	112	-2	159	161	172	167	159	167	155	151	-1
1001001000	-2	3236	2546.444	951.179	39.75	9.769	117	5.635	161	6.69	2573.222	161	0	0	0	9	9	2934	2854	2926	2645	3118	3236	3073	2134	-2	37	39	59	32	38	52	30	31	-2	116	116	128	120	111	122	111	112	-2	159	161	172	167	156	167	155	151	-1
1001001000	-2	2481	1586.333	725.964	19.5	11.565	88.375	10.012	127.25	9.523	1752.556	127	0	0	0	9	9	1479	2391	1934	2481	1536	2022	921	1515	-2	15	14	42	11	10	36	11	17	-2	79	89	108	88	88	98	74	83	-2	120	130	145	130	124	136	113	120	-1
1001001000	-2	2481	1586.333	725.964	19.5	11.565	88.375	10.012	127.25	9.523	1752.556	127	0	0	0	9	9	1479	2391	1934	2481	1536	2022	921	1515	-2	15	14	42	11	10	36	11	17	-2	79	89	108	88	88	98	74	83	-2	120	130	145	130	124	136	113	120	-1
1001001000	-2	2096	1509.444	605.364	18.375	9.656	89.75	7.155	128.375	6.323	1619.778	128.25	0	0	0	9	9	1151	2096	1650	1836	1560	2086	1780	1428	-2	19	14	38	11	10	30	10	15	-2	96	88	101	89	90	94	76	84	-2	131	129	140	129	126	132	117	123	-1
1001001000	-2	2096	1507.778	604.952	18.375	9.656	89.75	7.155	128.375	6.323	1619.778	128.25	0	0	0	9	9	1151	2096	1650	1836	1560	2086	1770	1423	-2	19	14	38	11	10	30	10	15	-2	96	88	101	89	90	94	76	84	-2	131	129	140	129	126	132	117	123	-1
1001001000	-2	2148	1457.444	637.121	17.875	8.781	91.375	6.499	130.25	5.868	1513	129.875	0	0	0	9	9	969	2148	1281	1594	1654	2136	1960	1377	-2	20	15	34	11	9	30	11	13	-2	95	92	101	91	93	96	79	84	-2	130	133	140	130	129	136	121	123	-1
1001001000	-2	2148	1457.444	637.121	17.875	8.781	91.375	6.499	130.25	5.868	1513	129.875	0	0	0	9	9	969	2148	1281	1594	1654	2136	1960	1377	-2	20	15	34	11	9	30	11	13	-2	95	92	101	91	93	96	79	84	-2	130	133	140	130	129	136	121	123	-1
1001001000	-2	2313	1496.778	679.51	17.125	7.897	87.25	6.869	127.25	6.016	1717.889	127.25	0	0	0	9	9	1112	2290	1749	1131	1452	2313	2007	1419	-2	20	13	33	11	10	26	11	13	-2	91	85	101	87	86	91	78	79	-2	128	127	139	128	127	131	119	119	-1
1001001000	-2	2313	1498.333	679.475	17.125	7.897	87.25	6.869	127.25	6.016	1717.889	127.25	0	0	0	9	9	1117	2292	1749	1131	1454	2313	2008	1423	-2	20	13	33	11	10	26	11	13	-2	91	85	101	87	86	91	78	79	-2	128	127	139	128	127	131	119	119	-1
1001001000	-2	2287	1582.778	636.573	18.125	8.838	88.875	6.112	129.375	5.29	1678.889	129.375	0	0	0	9	9	1256	2287	1726	1402	1864	2149	1803	1760	-2	20	14	37	13	10	27	11	13	-2	91	86	100	93	89	91	81	80	-2	129	128	139	133	130	132	122	122	-1
1001001000	-2	2287	1582.778	636.573	18.125	8.838	88.875	6.112	129.375	5.29	1678.889	129.375	0	0	0	9	9	1256	2287	1726	1402	1864	2149	1803	1760	-2	20	14	37	13	10	27	11	13	-2	91	86	100	93	89	91	81	80	-2	129	128	139	133	130	132	122	122	-1
1001001000	-2	2157	1662.778	630.241	19.125	9.333	93.75	5.585	135	4.796	1736.667	135	0	0	0	9	9	1478	2157	1642	1626	2144	1966	2010	1944	-2	21	14	40	14	12	27	11	14	-2	98	93	101	94	98	96	86	84	-2	138	135	142	135	138	137	127	128	-1
1001001000	-2	2157	1664.222	630.75	19.125	9.333	93.75	5.585	135	4.796	1736.667	135	0	0	0	9	9	1479	2157	1642	1629	2147	1968	2010	1948	-2	21	14	40	14	12	27	11	14	-2	98	93	101	94	98	96	86	84	-2	138	135	142	135	138	137	127	128	-1
1001001000	-2	2205	1778.778	652.988	20.625	10.21	97.875	6.193	141.125	5.644	1850.778	140.875	0	0	0	9	9	1884	2200	1872	1631	2205	2068	2021	2130	-2	21	14	41	15	13	34	12	15	-2	102	99	107	94	100	103	90	88	-2	144	143	149	137	144	146	133	133	-1
1001001000	-2	2205	1778.778	652.988	20.625	10.21	97.875	6.193	141.125	5.644	1850.778	140.875	0	0	0	9	9	1884	2200	1872	1631	2205	2068	2021	2130	-2	21	14	41	15	13	34	12	15	-2	102	99	107	94	100	103	90	88	-2	144	143	149	137	144	146	133	133	-1
1001001000	-2	2175	1700.111	646.214	20.5	10.583	97.5	6.245	142.125	5.689	1899.444	141.875	0	0	0	9	9	2117	2075	1698	1413	2175	1910	2134	1781	-2	21	15	41	14	12	35	11	15	-2	103	100	102	94	101	104	90	86	-2	146	146	146	138	147	147	134	133	-1
1001001000	-2	2175	1700.111	646.214	20.5	10.583	97.5	6.245	142.125	5.689	1899.444	141.875	0	0	0	9	9	2117	2075	1698	1413	2175	1910	2134	1781	-2	21	15	41	14	12	35	11	15	-2	103	100	102	94	101	104	90	86	-2	146	146	146	138	147	147	134	133	-1
1001001000	-2	2276	1752.778	665.83	21.75	11.155	98.5	7.297	143.625	6.421	2044	143.625	0	0	0	9	9	2255	1995	2120	1652	2063	1909	2276	1507	-2	21	14	42	17	13	39	12	16	-2	103	98	110	94	101	105	90	87	-2	147	145	153	139	147	149	135	134	-1
1001001000	-2	2276	1752.778	665.83	21.75	11.155	98.5	7.297	143.625	6.421	2044	143.625	0	0	0	9	9	2255	1995	2120	1652	2063	1909	2276	1507	-2	21	14	42	17	13	39	12	16	-2	103	98	110	94	101	105	90	87	-2	147	145	153	139	147	149	135	134	-1
1001001000	-2	291	168.778	102.232	13.5	0.866	105.625	6.402	168.625	18.425	3544.111	172.875	0	0	0	9	9	258	37	254	102	248	291	108	223	-2	14	12	13	13	14	13	14	15	-2	107	90	110	108	102	110	110	108	-2	176	121	180	172	167	176	179	178	-1
1001001000	-2	277	191.222	80.366	15.875	2.571	84.125	4.986	122.375	3.806	2345.889	121.875	0	0	0	9	9	251	196	244	123	277	191	202	239	-2	15	22	15	14	17	16	13	15	-2	89	78	89	85	80	92	80	80	-2	127	118	127	122	119	127	121	118	-1
1001001000	-2	3138	2332.444	892.657	50.375	8.41	122.125	5.667	168.375	5.195	2807.667	168.375	0	0	0	9	9	2783	3138	3017	2426	2114	2377	2909	2230	-2	46	51	65	44	58	55	48	36	-2	119	127	134	119	118	125	116	119	-2	168	172	179	163	167	171	165	162	-1
1001001000	-2	3138	2332.444	892.657	50.375	8.41	122.125	5.667	168.375	5.195	2807.667	168.375	0	0	0	9	9	2783	3138	3017	2426	2114	2377	2909	2230	-2	46	51	65	44	58	55	48	36	-2	119	127	134	119	118	125	116	119	-2	168	172	179	163	167	171	165	162	-1
1001001000	-2	2958	2108.222	821.895	34.125	10.612	110.375	5.544	151.75	6.3	2203.111	151.625	0	0	0	9	9	2395	2958	2286	1833	2388	2687	2588	1841	-2	28	31	55	27	34	48	23	27	-2	106	112	120	111	108	117	102	107	-2	146	155	162	157	147	157	145	145	-1
1001001000	-2	2958	2108.222	821.895	34.125	10.612	110.375	5.544	151.75	6.3	2203.111	151.625	0	0	0	9	9	2395	2958	2286	1833	2388	2687	2588	1841	-2	28	31	55	27	34	48	23	27	-2	106	112	120	111	108	117	102	107	-2	146	155	162	157	147	157	145	145	-1
1001001000	-2	2549	1584.444	725.349	16.5	8.139	84.625	7.999	124.5	7.858	1806.667	124	0	0	0	9	9	1548	2214	2032	2549	1197	2105	1067	1550	-2	14	17	35	10	10	23	10	13	-2	78	89	100	84	81	92	74	79	-2	120	129	139	127	118	131	114	118	-1
1001001000	-2	2549	1535.333	739.727	16.5	8.139	84.625	7.999	124.5	7.858	1806.667	124	0	0	0	9	9	1225	2214	2032	2549	1116	2105	1056	1523	-2	14	17	35	10	10	23	10	13	-2	78	89	100	84	81	92	74	79	-2	120	129	139	127	118	131	114	118	-1
1001001000	-2	2301	1651.222	644.076	15.25	7.496	82.625	7.123	122.375	6.927	1719.667	122.125	0	0	0	9	9	1737	2111	1798	2301	1390	2167	1648	1711	-2	14	13	31	10	8	24	10	12	-2	79	85	98	82	77	88	75	77	-2	120	125	137	123	116	127	115	116	-1
1001001000	-2	2301	1651.222	644.076	15.25	7.496	82.625	7.123	122.375	6.927	1719.667	122.125	0	0	0	9	9	1737	2111	1798	2301	1390	2167	1648	1711	-2	14	13	31	10	8	24	10	12	-2	79	85	98	82	77	88	75	77	-2	120	125	137	123	116	127	115	116	-1
1002001000	-2	1948	1225.556	700.272	13	5.05	79	5.043	108.25	29.857	1505.111	108.25	0	0	1	9	9	1445	1743	0	1146	1401	1423	1948	1926	-2	14	11	15	9	8	25	10	12	-2	81	76	-2	82	77	89	73	75	-2	121	119	30	122	116	128	115	115	-1
1001001000	-2	1973	1447.222	571.437	13.125	5.254	79.875	7.356	120.375	6.323	1784.444	120.375	0	0	0	9	9	1103	1808	1717	1308	1793	1730	1595	1973	-2	13	12	15	10	8	26	10	11	-2	81	75	95	80	76	87	71	74	-2	120	117	133	122	116	127	113	115	-1
1001001000	-2	1973	1447.222	571.437	13.125	5.254	79.875	7.356	120.375	6.323	1784.444	120.375	0	0	0	9	9	1103	1808	1717	1308	1793	1730	1595	1973	-2	13	12	15	10	8	26	10	11	-2	81	75	95	80	76	87	71	74	-2	120	117	133	122	116	127	113	115	-1
1001001000	-2	1980	1438.778	622.803	15.75	8.136	82.5	7.681	123.875	6.827	1801.889	123.875	0	0	0	9	9	997	1862	1980	999	1828	1828	1524	1933	-2	13	13	32	11	9	27	10	11	-2	81	76	98	86	78	90	75	76	-2	122	119	137	128	119	131	117	118	-1
1001001000	-2	1980	1438.778	622.803	15.75	8.136	82.5	7.681	123.875	6.827	1801.889	123.875	0	0	0	9	9	997	1862	1980	999	1828	1828	1524	1933	-2	13	13	32	11	9	27	10	11	-2	81	76	98	86	78	90	75	76	-2	122	119	137	128	119	131	117	118	-1
1001001000	-2	2173	1503.111	710.558	15.875	7.801	85.375	7.532	128.25	6.629	1931.778	128.25	0	0	0	9	9	995	1990	2173	728	2004	2069	1745	1826	-2	13	12	32	13	10	26	10	11	-2	83	78	100	90	81	93	79	79	-2	127	122	141	132	125	135	122	122	-1
1001001000	-2	2173	1460.667	708.378	15.875	7.801	85.375	7.532	128.25	6.629	1931.778	128.25	0	0	0	9	9	884	1990	2173	701	1912	2016	1647	1825	-2	13	12	32	13	10	26	10	11	-2	83	78	100	90	81	93	79	79	-2	127	122	141	132	125	135	122	122	-1
1001001000	-2	2228	1680.556	679.733	17.625	9.512	90	6.245	134.375	5.453	2024.556	134.125	0	0	0	9	9	1335	2228	2086	1273	2156	1936	2100	2013	-2	13	14	38	13	11	29	10	13	-2	88	88	101	91	86	99	84	83	-2	133	133	144	134	133	142	128	128	-1
1001001000	-2	2228	1680.556	679.733	17.625	9.512	90	6.245	134.375	5.453	2024.556	134.125	0	0	0	9	9	1335	2228	2086	1273	2156	1936	2100	2013	-2	13	14	38	13	11	29	10	13	-2	88	88	101	91	86	99	84	83	-2	133	133	144	134	133	142	128	128	-1
1001001000	-2	2338	1618.333	714.536	16.75	8.7	88.375	6.499	132.75	5.356	1962	132.125	0	0	0	9	9	1260	2338	1951	908	2179	1912	2036	1983	-2	12	14	36	13	10	26	10	13	-2	86	87	101	90	82	96	82	83	-2	131	133	143	133	129	139	126	128	-1
1001001000	-2	2338	1618.333	714.536	16.75	8.7	88.375	6.499	132.75	5.356	1962	132.125	0	0	0	9	9	1260	2338	1951	908	2179	1912	2036	1983	-2	12	14	36	13	10	26	10	13	-2	86	87	101	90	82	96	82	83	-2	131	133	143	133	129	139	126	128	-1
1001001000	-2	2138	1728.778	632.354	16.375	7.598	87.875	6.735	131.375	5.171	1945.889	130.625	0	0	0	9	9	1832	2138	2134	1642	2129	1975	1840	1871	-2	12	15	32	13	10	26	10	13	-2	86	88	100	88	81	97	81	82	-2	131	133	140	131	128	138	125	125	-1
1004003000	-2	367	143.333	159.321	10.333	1.247	74.4	3.007	86.125	40.662	2622.667	114.25	0	0	3	9	9	354	0	367	0	269	284	0	18	-2	10	-2	10	9	10	10	-2	13	-2	73	-2	75	-2	72	80	-2	72	-2	112	21	123	69	111	119	21	113	-1
1004003000	-2	367	143.333	159.321	10.333	1.247	74.4	3.007	86.125	40.662	2622.667	114.25	0	0	3	9	9	354	0	367	0	269	284	0	18	-2	10	-2	10	9	10	10	-2	13	-2	73	-2	75	-2	72	80	-2	72	-2	112	21	123	69	111	119	21	113	-1
1001001000	-2	2380	969.333	722.261	26.375	10.343	94.875	6.827	132.875	7.149	1991	132.875	0	0	0	9	9	2380	1819	467	975	274	1193	491	1127	-2	20	22	44	16	29	42	16	22	-2	98	99	106	94	91	99	90	82	-2	137	138	144	131	122	138	129	124	-1
1001001000	-2	2892	1860.556	856.975	20.5	8.818	91.25	6.514	133	6.727	2121.333	132.625	0	0	0	9	9	1962	2504	2892	2816	1484	2013	1110	1966	-2	15	14	33	13	24	36	12	17	-2	83	92	101	92	93	100	83	86	-2	127	133	144	137	130	141	123	129	-1
1001001000	-2	2413	1785.333	698.567	11.75	3.112	81.375	7.516	122.25	7.496	1902.667	122.125	0	0	0	9	9	2272	1780	2378	2413	1457	1991	1742	2037	-2	12	12	13	9	9	19	9	11	-2	74	82	97	83	78	88	74	75	-2	117	124	137	125	115	129	114	117	-1
1001001000	-2	2301	1646.222	682.277	11.75	3.112	81.375	7.516	122.25	7.496	1902.667	122.125	0	0	0	9	9	2293	1762	2222	2301	1259	1588	1449	1944	-2	12	12	13	9	9	19	9	11	-2	74	82	97	83	78	88	74	75	-2	117	124	137	125	115	129	114	117	-1
1001001000	-2	2002	1539.556	585.462	10.75	3.419	76.375	6.891	116.875	6.716	1753.778	117	0	0	0	9	9	1726	1949	1716	1575	1628	1974	1288	2002	-2	11	11	11	9	7	19	8	10	-2	75	75	92	76	75	80	67	71	-2	117	117	132	116	114	120	108	111	-1
1001001000	-2	2002	1539.556	585.462	10.75	3.419	76.375	6.891	116.875	6.716	1753.778	117	0	0	0	9	9	1726	1949	1716	1575	1628	1974	1288	2002	-2	11	11	11	9	7	19	8	10	-2	75	75	92	76	75	80	67	71	-2	117	117	132	116	114	120	108	111	-1
1001001000	-2	2020	1334.333	590.263	10.75	4.146	74.375	5.872	114.875	5.349	1756.667	114.875	0	0	0	9	9	1025	1974	1563	1004	1581	1684	1160	2020	-2	11	11	11	8	7	21	8	9	-2	75	71	87	71	73	80	68	70	-2	115	114	126	113	113	120	108	110	-1
1001001000	-2	1935	1270.889	587.249	10.75	4.146	74.375	5.872	114.875	5.349	1756.667	114.875	0	0	0	9	9	956	1879	1545	756	1595	1612	1162	1935	-2	11	11	11	8	7	21	8	9	-2	75	71	87	71	73	80	68	70	-2	115	114	126	113	113	120	108	110	-1
1001001000	-2	2108	1277.333	631.501	11.25	3.929	74.625	6.48	115.125	5.533	1844.333	115	0	0	0	9	9	843	2108	1636	644	1588	1685	1193	1801	-2	11	11	12	9	8	21	8	10	-2	75	71	88	73	70	82	68	70	-2	115	112	126	115	111	122	110	110	-1
1001001000	-2	2134	1346.444	653.18	11.25	3.929	74.625	6.48	115.125	5.533	1844.333	115	0	0	0	9	9	833	2134	1678	896	1820	1730	1069	1960	-2	11	11	12	9	8	21	8	10	-2	75	71	88	73	70	82	68	70	-2	115	112	126	115	111	122	110	110	-1
1001001000	-2	2031	1325	612.431	11.25	4.023	75.5	6.083	116.625	5.765	1835	116.625	0	0	0	9	9	834	1914	1697	992	1730	1601	1128	2031	-2	11	11	13	9	8	21	8	9	-2	74	72	88	77	71	82	70	70	-2	115	113	128	119	111	123	112	112	-1
1001001000	-2	2031	1325	612.431	11.25	4.023	75.5	6.083	116.625	5.765	1835	116.625	0	0	0	9	9	834	1914	1697	992	1730	1601	1128	2031	-2	11	11	13	9	8	21	8	9	-2	74	72	88	77	71	82	70	70	-2	115	113	128	119	111	123	112	112	-1
1001001000	-2	2153	1408.333	611.145	11.625	3.603	77.75	6.3	120.125	5.946	1926.111	120	0	0	0	9	9	1002	1897	1718	1187	1804	1690	1226	2153	-2	11	11	14	11	8	20	9	9	-2	78	74	90	79	72	85	72	72	-2	122	116	131	123	114	126	115	114	-1
1001001000	-2	2153	1408.333	611.145	11.625	3.603	77.75	6.3	120.125	5.946	1926.111	120	0	0	0	9	9	1002	1897	1718	1187	1804	1690	1226	2153	-2	11	11	14	11	8	20	9	9	-2	78	74	90	79	72	85	72	72	-2	122	116	131	123	114	126	115	114	-1
1001001000	-2	2087	1535.667	649.159	12.125	4.136	79.875	6.864	123.125	6.431	2055.889	123.125	0	0	0	9	9	1316	2040	1940	1294	1955	2052	1139	2087	-2	11	10	15	11	9	22	9	10	-2	79	74	91	83	74	90	73	75	-2	124	117	133	127	118	132	117	117	-1
1001001000	-2	2163	1555.556	670.239	12.375	4.06	80	6.764	123.25	6.32	2055.889	123.125	0	0	0	9	9	1523	2025	1940	962	1922	2139	1328	2163	-2	11	12	15	11	9	22	9	10	-2	79	75	91	83	74	90	73	75	-2	124	118	133	127	118	132	117	117	-1
1001001000	-2	2092	1552.444	612.06	12	3.571	78.375	6.04	121	5.339	2004.222	120.875	0	0	0	9	9	1963	2092	1829	1256	1889	1959	1342	1644	-2	11	12	15	11	9	20	9	9	-2	75	75	90	82	73	85	73	74	-2	120	118	131	125	117	126	116	115	-1
1001001000	-2	353	149.111	105.006	11.25	1.714	69.875	4.196	104.5	3.808	1637.667	104.5	0	0	0	9	9	127	182	256	171	146	96	353	13	-2	13	9	13	10	11	14	10	10	-2	69	65	70	67	71	80	68	69	-2	103	101	109	100	103	112	105	103	-1
1001001000	-2	2272	1501.111	743.948	17.25	5.607	87.875	5.622	129.375	6.204	2009.556	129	0	0	0	9	9	1967	1844	2272	2270	797	1598	804	1960	-2	15	15	19	12	26	26	10	15	-2	81	91	98	86	89	93	81	84	-2	126	130	141	132	124	135	120	127	-1
1001001000	-2	2490	1684.222	714.332	10	2.646	73.25	5.607	114.5	5.59	1950.444	114.375	0	0	0	9	9	2490	1999	2050	1860	1668	2095	952	2046	-2	10	11	11	7	8	16	8	9	-2	72	75	85	68	72	78	67	69	-2	115	116	126	112	110	119	107	111	-1
1001001000	-2	2495	1792.444	720.08	9.875	2.619	73.25	5.607	114.5	5.59	1950.444	114.375	0	0	0	9	9	2495	2058	2062	2117	1869	2296	1180	2057	-2	10	10	11	7	8	16	8	9	-2	72	75	85	68	72	78	67	69	-2	115	116	126	112	110	119	107	111	-1
1001001000	-2	2152	1519.778	580.339	9.25	2.437	70.875	5.487	111.25	4.943	1705.333	111.125	0	0	0	9	9	1673	2152	1565	1420	1541	1985	1580	1764	-2	9	10	10	7	7	15	8	8	-2	71	68	83	68	69	76	66	66	-2	111	110	122	109	109	116	106	107	-1
1001001000	-2	2152	1519.778	580.339	9.25	2.437	70.875	5.487	111.25	4.943	1705.333	111.125	0	0	0	9	9	1673	2152	1565	1420	1541	1985	1580	1764	-2	9	10	10	7	7	15	8	8	-2	71	68	83	68	69	76	66	66	-2	111	110	122	109	109	116	106	107	-1
1001001000	-2	2279	1297	676.778	9	2.915	68.625	4.794	108.75	3.897	1844	108.875	0	0	0	9	9	938	2279	1907	850	1136	1967	915	1683	-2	9	10	9	7	6	16	7	8	-2	68	67	80	66	68	71	66	63	-2	107	107	118	109	107	111	106	105	-1
1001001000	-2	2089	1216	656.664	9	2.915	68.625	4.794	108.75	3.897	1844	108.875	0	0	0	9	9	725	2089	1807	652	994	1950	1147	1582	-2	9	10	9	7	6	16	7	8	-2	68	67	80	66	68	71	66	63	-2	107	107	118	109	107	111	106	105	-1
1001001000	-2	1991	1180.778	642.62	9.375	2.87	69.25	5.044	109.25	4.323	1935.222	109.25	0	0	0	9	9	698	1850	1991	746	1047	1927	856	1514	-2	9	11	10	7	7	16	7	8	-2	68	68	81	69	67	72	66	63	-2	107	107	119	111	107	112	106	105	-1
1001001000	-2	1991	1180.778	642.62	9.375	2.87	69.25	5.044	109.25	4.323	1935.222	109.25	0	0	0	9	9	698	1850	1991	746	1047	1927	856	1514	-2	9	11	10	7	7	16	7	8	-2	68	68	81	69	67	72	66	63	-2	107	107	119	111	107	112	106	105	-1
1001001000	-2	1851	1110.889	550.162	9.375	2.87	70.375	5.978	111.375	5.243	1892.667	111.25	0	0	0	9	9	872	1420	1851	869	888	1821	847	1432	-2	9	10	11	7	7	16	7	8	-2	68	68	84	69	68	75	68	63	-2	109	108	123	112	108	116	109	106	-1
1001001000	-2	1931	1187.111	532.057	9.375	2.69	71.5	5.477	113	5.148	1940.556	112.875	0	0	0	9	9	1382	1184	1931	1029	1068	1717	854	1521	-2	9	10	12	7	7	15	7	8	-2	71	69	84	70	68	76	68	66	-2	114	109	124	114	109	117	109	108	-1
1001001000	-2	1931	1187.111	532.057	9.375	2.69	71.5	5.477	113	5.148	1940.556	112.875	0	0	0	9	9	1382	1184	1931	1029	1068	1717	854	1521	-2	9	10	12	7	7	15	7	8	-2	71	69	84	70	68	76	68	66	-2	114	109	124	114	109	117	109	108	-1
1001001000	-2	2080	1386.111	608.267	9.25	2.681	72	5.148	113.75	4.763	1905.111	113.75	0	0	0	9	9	2080	1350	1921	1509	1384	1632	779	1822	-2	9	9	12	7	7	15	7	8	-2	71	68	83	72	70	77	69	66	-2	115	109	123	114	111	119	110	109	-1
1001001000	-2	2080	1386.111	608.267	9.25	2.681	72	5.148	113.75	4.763	1905.111	113.75	0	0	0	9	9	2080	1350	1921	1509	1384	1632	779	1822	-2	9	9	12	7	7	15	7	8	-2	71	68	83	72	70	77	69	66	-2	115	109	123	114	111	119	110	109	-1
1001001000	-2	268	139.778	82.684	11.125	1.053	72.375	2.87	106.5	3.317	1539.111	106.375	0	0	0	9	9	211	183	125	157	101	191	268	24	-2	13	10	12	10	11	12	10	11	-2	72	73	73	69	74	78	72	68	-2	105	108	110	103	105	111	109	101	-1
1001001000	-2	2474	1757.333	801.772	13.125	4.622	79.375	5.146	121.5	4.555	2188.556	121	0	0	0	9	9	2474	1855	2373	2069	714	2074	1794	2465	-2	11	13	13	8	23	17	8	12	-2	75	85	87	77	81	83	76	71	-2	120	125	128	124	117	126	115	117	-1
1001001000	-2	2507	1578.667	711.997	8.375	1.996	66.5	3.841	107.25	3.307	1864.667	107.25	0	0	0	9	9	2507	2179	2048	1139	1620	2048	1126	1543	-2	8	9	9	6	7	13	7	8	-2	66	67	75	64	66	69	63	62	-2	108	109	113	107	104	110	102	105	-1
1001001000	-2	2480	1548.333	728.968	8.375	1.996	66.5	3.841	107.25	3.307	1864.667	107.25	0	0	0	9	9	2480	2122	2038	795	1704	2042	1222	1534	-2	8	9	9	6	7	13	7	8	-2	66	67	75	64	66	69	63	62	-2	108	109	113	107	104	110	102	105	-1
1001001000	-2	2045	1424.111	567.455	7.625	1.495	63.75	3.455	104.125	2.934	1650.444	104.125	0	0	0	9	9	1473	2045	1675	1340	1226	2008	1578	1474	-2	8	8	8	6	6	11	7	7	-2	62	67	70	61	60	67	62	61	-2	104	106	110	102	100	106	103	102	-1
1005003000	-2	34	7	13.663	7.5	0.5	70.25	3.269	68.5	37.759	3273.111	123.25	0	0	6	9	9	0	0	0	31	0	34	0	0	-2	8	-2	8	7	7	8	7	-2	-2	73	-2	-2	70	-2	73	65	-2	-2	95	21	38	108	53	124	88	21	-1
1003001000	-2	287	106.667	106.534	7	0.707	58.667	2.357	85.125	19.101	2111.778	95.875	0	0	3	9	9	200	92	0	178	0	205	287	0	-2	8	7	7	7	8	7	6	6	-2	58	59	-2	55	59	63	58	-2	-2	96	96	57	92	94	100	98	48	-1
1001001000	-2	560	209.333	152.294	7.5	0.707	62.875	1.833	99.5	2.398	1938	99.25	0	0	0	9	9	345	231	98	175	133	177	560	167	-2	8	7	7	7	9	8	7	7	-2	61	65	64	61	62	66	63	61	-2	100	100	103	97	96	102	101	97	-1
1001001000	-2	1566	859.333	512.848	11.25	1.09	80.75	2.586	124.875	2.848	2602.667	124.875	0	0	0	9	9	1566	676	302	1184	1440	841	1275	452	-2	12	12	12	10	10	11	10	13	-2	79	84	85	79	79	82	81	77	-2	125	125	126	124	124	124	131	120	-1
1001001000	-2	2813	1964.778	776.901	10.25	1.714	75.75	4.176	121.75	2.817	2403.667	121.75	0	0	0	9	9	2021	1888	1943	2563	1908	1899	2813	2650	-2	10	13	11	9	8	12	8	11	-2	74	81	82	76	76	71	77	69	-2	122	124	123	127	117	121	120	120	-1
1001001000	-2	2980	1949.444	860.352	10.875	1.691	76	4.243	121.875	2.619	2403.667	121.75	0	0	0	9	9	2778	1859	2070	2332	1229	1739	2980	2560	-2	10	13	11	9	13	12	8	11	-2	74	81	82	76	78	71	77	69	-2	122	124	123	127	118	121	120	120	-1
1001001000	-2	2398	1798.889	698.678	6.875	0.781	61.125	3.621	101.75	3.597	1936.111	101.75	0	0	0	9	9	2041	2160	1362	2224	1762	2398	2023	2222	-2	7	8	8	6	6	7	6	7	-2	62	67	62	62	56	65	58	57	-2	104	106	102	105	97	105	97	98	-1
