1001001000	-2	6104	4502.111	1692.344	17.625	4.121	86.625	5.023	158.5	16.031	4502.222	158.5	0	0	0	9	9	6104	4444	4653	5431	5560	4712	5393	4224	-2	15	13	12	17	22	19	18	25	-2	84	85	76	85	91	93	90	89	-2	169	149	135	157	193	158	159	148	-1
1001001000	-2	6068	4621.444	1731.269	19	4.123	84.875	3.919	157.375	18.227	4621.889	157.375	0	0	0	9	9	6068	5030	4553	5771	5704	4448	5515	4506	-2	19	13	14	17	24	22	18	25	-2	85	80	79	84	89	90	89	83	-2	194	140	138	156	171	156	166	138	-1
1001001000	-2	4043	3039.667	1179.62	12.75	4.684	74.75	3.8	120.75	7.918	3039.778	120.75	0	0	0	9	9	3642	3668	2188	3510	3206	3479	4043	3623	-2	21	10	8	11	16	18	7	11	-2	75	70	72	73	78	82	77	71	-2	123	116	110	122	122	136	126	111	-1
1001001000	-2	4043	3039.667	1179.62	12.75	4.684	74.75	3.8	120.75	7.918	3039.778	120.75	0	0	0	9	9	3642	3668	2188	3510	3206	3479	4043	3623	-2	21	10	8	11	16	18	7	11	-2	75	70	72	73	78	82	77	71	-2	123	116	110	122	122	136	126	111	-1
1001001000	-2	4015	2916.778	1132.189	12.5	4.416	74.375	3.426	119.125	4.885	2917	119.125	0	0	0	9	9	3320	3481	2189	3198	3455	3031	4015	3564	-2	20	10	8	12	15	18	7	10	-2	74	70	73	73	80	78	77	70	-2	119	115	112	121	124	125	124	113	-1
1001001000	-2	4015	2916.778	1132.189	12.5	4.416	74.375	3.426	119.125	4.885	2917	119.125	0	0	0	9	9	3320	3481	2189	3198	3455	3031	4015	3564	-2	20	10	8	12	15	18	7	10	-2	74	70	73	73	80	78	77	70	-2	119	115	112	121	124	125	124	113	-1
1001001000	-2	3533	2708.111	1026.954	12.625	4.581	73.375	3.314	116	5.268	2708.444	116	0	0	0	9	9	3173	3533	2160	3208	2913	3022	3416	2950	-2	21	10	8	12	15	18	8	9	-2	74	70	73	71	78	76	77	68	-2	118	113	111	117	119	121	123	106	-1
1001001000	-2	3533	2708.111	1026.954	12.625	4.581	73.375	3.314	116	5.268	2708.444	116	0	0	0	9	9	3173	3533	2160	3208	2913	3022	3416	2950	-2	21	10	8	12	15	18	8	9	-2	74	70	73	71	78	76	77	68	-2	118	113	111	117	119	121	123	106	-1
1001001000	-2	3530	2644.111	996.371	12.25	4.493	73.5	3.841	115.875	5.689	2644.333	115.875	0	0	0	9	9	2969	3448	2284	2933	2769	2951	3530	2915	-2	21	10	8	12	14	17	8	8	-2	77	73	72	72	76	75	78	65	-2	120	116	110	118	117	119	123	104	-1
1001001000	-2	3424	2601	976.503	12.25	4.493	73.5	3.841	115.875	5.689	2644.333	115.875	0	0	0	9	9	2935	3424	2255	2891	2760	2913	3399	2834	-2	21	10	8	12	14	17	8	8	-2	77	73	72	72	76	75	78	65	-2	120	116	110	118	117	119	123	104	-1
1001001000	-2	3250	2630.778	955.431	12	4.555	73.375	4.091	116.625	6.744	2630.889	116.625	0	0	0	9	9	3064	3218	2541	2807	2817	3123	3250	2859	-2	22	10	8	11	14	15	8	8	-2	78	76	72	72	74	74	77	64	-2	124	121	111	118	115	120	122	102	-1
1001001000	-2	5326	3909.444	1492.504	18.5	3.808	99.875	3.689	218.625	30.85	3909.667	218.625	0	0	0	9	9	4191	4396	5326	3760	3474	4936	4143	4961	-2	18	14	14	16	22	22	17	25	-2	92	100	99	97	101	103	103	104	-2	206	222	286	196	206	248	191	194	-1
1001001000	-2	5814	4612.222	1693.676	19.625	4.357	88.125	3.951	162.75	18.84	4612.333	162.75	0	0	0	9	9	5814	5205	5416	5727	5297	4377	5166	4510	-2	20	13	17	16	25	23	17	26	-2	86	82	88	87	95	89	93	85	-2	194	145	155	162	193	154	158	141	-1
1001001000	-2	6213	4535.889	1657.383	20.875	4.226	88.375	4.27	159.25	13.046	4536.222	159.25	0	0	0	9	9	5181	4809	4944	6213	4967	5070	4936	4705	-2	24	14	18	16	26	24	20	25	-2	89	82	88	90	92	92	93	81	-2	169	148	148	161	169	171	173	135	-1
1001001000	-2	6058	4466.333	1632.458	20.875	3.919	89.375	5.023	160.875	16.328	4466.667	160.875	0	0	0	9	9	5117	4866	4673	6058	4841	4865	5207	4572	-2	25	14	22	15	25	21	23	22	-2	89	84	92	91	91	95	94	79	-2	170	150	148	174	159	183	173	130	-1
1001001000	-2	6058	4466.333	1632.458	20.875	3.919	89.375	5.023	160.875	16.328	4466.667	160.875	0	0	0	9	9	5117	4866	4673	6058	4841	4865	5207	4572	-2	25	14	22	15	25	21	23	22	-2	89	84	92	91	91	95	94	79	-2	170	150	148	174	159	183	173	130	-1
1001001000	-2	5264	4139.222	1547.759	16	4.123	86.75	4.38	163.125	18.217	4139.444	163.125	0	0	0	9	9	5155	5264	3696	5055	4723	3935	4579	4848	-2	24	12	11	14	20	17	13	17	-2	88	85	82	86	92	90	92	79	-2	170	178	136	158	184	172	175	132	-1
1001001000	-2	3766	3024.444	1127.24	12.25	4.38	75.5	3.041	121.5	6.062	3024.889	121.5	0	0	0	9	9	3727	3766	2539	3378	3430	3191	3714	3477	-2	21	11	7	11	16	14	7	11	-2	78	73	73	75	79	78	78	70	-2	125	121	113	126	124	126	127	110	-1
1001001000	-2	3766	3024.444	1127.24	12.25	4.38	75.5	3.041	121.5	6.062	3024.889	121.5	0	0	0	9	9	3727	3766	2539	3378	3430	3191	3714	3477	-2	21	11	7	11	16	14	7	11	-2	78	73	73	75	79	78	78	70	-2	125	121	113	126	124	126	127	110	-1
1001001000	-2	3678	2603.667	1005.243	11.875	4.136	72.375	3.498	114.375	6.284	2603.778	114.375	0	0	0	9	9	2980	3294	2165	2923	2788	3053	3678	2554	-2	20	10	8	11	15	15	7	9	-2	74	70	72	71	76	76	75	65	-2	118	112	109	117	117	121	120	101	-1
1001001000	-2	3678	2603.667	1005.243	11.875	4.136	72.375	3.498	114.375	6.284	2603.778	114.375	0	0	0	9	9	2980	3294	2165	2923	2788	3053	3678	2554	-2	20	10	8	11	15	15	7	9	-2	74	70	72	71	76	76	75	65	-2	118	112	109	117	117	121	120	101	-1
1001001000	-2	3515	2551.778	1033.893	11.625	4.121	71.875	3.982	113.5	6.69	2552.111	113.5	0	0	0	9	9	2891	3513	1770	3020	2899	2952	3515	2408	-2	20	9	8	11	14	15	7	9	-2	72	71	70	72	76	75	76	63	-2	114	115	107	116	117	120	120	99	-1
1001001000	-2	3516	2551.889	1033.997	11.625	4.121	71.875	3.982	113.5	6.69	2552.111	113.5	0	0	0	9	9	2891	3513	1770	3020	2899	2952	3516	2408	-2	20	9	8	11	14	15	7	9	-2	72	71	70	72	76	75	76	63	-2	114	115	107	116	117	120	120	99	-1
1001001000	-2	3441	2511.889	1016.563	11.5	4.213	71.25	3.961	112.125	6.845	2512	112.125	0	0	0	9	9	3049	3441	1719	2894	2466	3104	3346	2590	-2	20	9	8	11	14	15	7	8	-2	71	74	70	71	72	74	76	62	-2	114	118	105	114	111	118	119	98	-1
1001001000	-2	3441	2511.889	1016.563	11.5	4.213	71.25	3.961	112.125	6.845	2512	112.125	0	0	0	9	9	3049	3441	1719	2894	2466	3104	3346	2590	-2	20	9	8	11	14	15	7	8	-2	71	74	70	71	72	74	76	62	-2	114	118	105	114	111	118	119	98	-1
1001001000	-2	3304	2597.222	986.367	11.875	4.4	72.625	4.241	114.75	6.629	2597.556	114.75	0	0	0	9	9	2976	3277	2215	2659	3304	3095	3301	2550	-2	21	10	8	10	15	15	8	8	-2	75	76	70	71	76	74	76	63	-2	120	121	109	114	118	117	119	100	-1
1001001000	-2	3304	2597.222	986.367	11.875	4.4	72.625	4.241	114.75	6.629	2597.556	114.75	0	0	0	9	9	2976	3277	2215	2659	3304	3095	3301	2550	-2	21	10	8	10	15	15	8	8	-2	75	76	70	71	76	74	76	63	-2	120	121	109	114	118	117	119	100	-1
1001001000	-2	3650	2689.778	1026.355	12.375	4.241	75.5	4.359	123.25	8.197	2690.222	123.25	0	0	0	9	9	3201	3042	2749	2458	3650	2939	3583	2588	-2	21	10	8	11	16	15	9	9	-2	78	80	75	74	78	76	78	65	-2	132	132	119	122	126	122	128	105	-1
1001001000	-2	3650	2689.778	1026.355	12.375	4.241	75.5	4.359	123.25	8.197	2690.222	123.25	0	0	0	9	9	3201	3042	2749	2458	3650	2939	3583	2588	-2	21	10	8	11	16	15	9	9	-2	78	80	75	74	78	76	78	65	-2	132	132	119	122	126	122	128	105	-1
1001001000	-2	4181	3187.222	1201.078	14.375	4.241	79.625	5.655	138.25	14.592	3187.556	138.25	0	0	0	9	9	3934	4145	3401	3281	4181	3016	3683	3046	-2	20	11	9	13	17	16	20	9	-2	82	88	80	79	81	77	83	67	-2	153	165	131	132	136	131	144	114	-1
1001001000	-2	4452	3340.444	1270.663	15.125	3.855	83.25	6.359	148.5	18.802	3340.556	148.5	0	0	0	9	9	4452	3486	3577	4050	4385	2888	3835	3393	-2	19	13	11	14	18	16	21	9	-2	86	94	81	87	84	78	85	71	-2	164	188	138	144	146	137	150	121	-1
1001001000	-2	4452	3340.444	1270.663	15.125	3.855	83.25	6.359	148.5	18.802	3340.556	148.5	0	0	0	9	9	4452	3486	3577	4050	4385	2888	3835	3393	-2	19	13	11	14	18	16	21	9	-2	86	94	81	87	84	78	85	71	-2	164	188	138	144	146	137	150	121	-1
1001001000	-2	4112	2735.667	1190.142	18.875	3.689	93.875	7.833	172.75	9.203	2735.889	172.75	0	0	0	9	9	3244	1724	4112	3732	3081	2868	2271	3591	-2	14	22	20	19	20	18	25	13	-2	92	109	87	91	93	93	103	83	-2	179	188	159	170	169	177	179	161	-1
1001001000	-2	4238	2637.333	1206.077	19.875	4.014	95.375	8.572	174.125	11.062	2637.556	174.125	0	0	0	9	9	3533	1615	4238	3608	2889	2772	1961	3122	-2	14	22	20	20	22	20	27	14	-2	92	110	89	90	93	100	106	83	-2	183	188	163	180	170	177	180	152	-1
1001001000	-2	4067	2856.778	1215.032	19.75	4.116	93	8.062	170.25	12.872	2857.111	170.25	0	0	0	9	9	4018	2216	4067	3643	3637	3208	2124	2800	-2	14	20	19	21	19	20	29	16	-2	86	105	90	87	91	96	106	83	-2	166	184	160	170	170	187	180	145	-1
1001001000	-2	4067	2856.778	1215.032	19.75	4.116	93	8.062	170.25	12.872	2857.111	170.25	0	0	0	9	9	4018	2216	4067	3643	3637	3208	2124	2800	-2	14	20	19	21	19	20	29	16	-2	86	105	90	87	91	96	106	83	-2	166	184	160	170	170	187	180	145	-1
1001001000	-2	5676	4593.778	1668.631	18.375	3.533	97	3.873	210	22.198	4594	210	0	0	0	9	9	5002	5314	5518	4846	4542	5652	4796	5676	-2	19	13	19	15	18	23	16	24	-2	90	95	97	95	95	102	102	100	-2	204	204	254	218	206	228	189	177	-1
1001001000	-2	5800	4519.889	1660.382	21.75	4.918	88.125	4.484	158.125	15.463	4520.444	158.125	0	0	0	9	9	5567	5104	5292	5800	5233	4624	4824	4237	-2	23	14	27	16	25	27	17	25	-2	84	82	91	87	95	91	92	83	-2	176	142	164	155	184	158	152	134	-1
1001001000	-2	5425	4105	1502.5	20.75	3.897	86.125	4.256	143	8.775	4105.111	143	0	0	0	9	9	4714	4573	4808	5425	4501	4128	4782	4016	-2	23	14	22	16	24	24	18	25	-2	83	79	90	85	89	89	92	82	-2	145	129	147	144	144	154	152	129	-1
1001001000	-2	5425	4105	1502.5	20.75	3.897	86.125	4.256	143	8.775	4105.111	143	0	0	0	9	9	4714	4573	4808	5425	4501	4128	4782	4016	-2	23	14	22	16	24	24	18	25	-2	83	79	90	85	89	89	92	82	-2	145	129	147	144	144	154	152	129	-1
1001001000	-2	5316	3818.333	1492.778	21	3.571	93.625	4.973	167.75	11.903	3818.556	167.75	0	0	0	9	9	4443	3532	5060	4367	4356	3120	4173	5316	-2	26	15	25	17	21	22	23	19	-2	94	94	98	93	90	100	97	83	-2	170	160	178	174	153	184	175	148	-1
1001001000	-2	3999	2804	1056.781	12	4.33	75.625	3.389	123.375	7.347	3034	123.375	0	0	0	9	9	3999	2912	2598	3084	2964	3205	3402	3074	-2	21	11	7	11	16	12	7	11	-2	80	75	74	73	78	77	79	69	-2	134	125	114	125	124	125	130	110	-1
1001001000	-2	3999	2804	1056.781	12	4.33	75.625	3.389	123.375	7.347	3034	123.375	0	0	0	9	9	3999	2912	2598	3084	2964	3205	3402	3074	-2	21	11	7	11	16	12	7	11	-2	80	75	74	73	78	77	79	69	-2	134	125	114	125	124	125	130	110	-1
1001001000	-2	3284	2380.889	920.762	11.25	3.767	70.75	3.992	113.125	7.253	2510.222	113.125	0	0	0	9	9	2741	2825	2240	2775	2507	3065	3284	1993	-2	19	10	7	11	14	13	7	9	-2	74	71	70	69	75	70	75	62	-2	118	115	108	116	117	115	120	96	-1
1001001000	-2	3619	2510	983.675	11.25	3.767	70.75	3.992	113.125	7.253	2510.222	113.125	0	0	0	9	9	2948	3045	2323	2799	2700	3092	3619	2066	-2	19	10	7	11	14	13	7	9	-2	74	71	70	69	75	70	75	62	-2	118	115	108	116	117	115	120	96	-1
1001001000	-2	3137	2253.556	926.753	11	3.571	69	3.775	109.25	6.553	2253.778	109.25	0	0	0	9	9	2997	3137	2200	2553	2407	3006	2487	1497	-2	18	9	7	11	14	13	7	9	-2	70	70	69	68	74	70	71	60	-2	111	112	107	110	115	114	112	93	-1
1001001000	-2	3137	2253.556	926.753	11	3.571	69	3.775	109.25	6.553	2253.778	109.25	0	0	0	9	9	2997	3137	2200	2553	2407	3006	2487	1497	-2	18	9	7	11	14	13	7	9	-2	70	70	69	68	74	70	71	60	-2	111	112	107	110	115	114	112	93	-1
1001001000	-2	3291	2211.333	937.763	9.875	2.571	67.375	3.314	106.125	6.051	2211.667	106.125	0	0	0	9	9	2840	3291	2080	2406	2088	3007	2698	1494	-2	14	8	7	11	13	11	7	8	-2	68	70	69	67	68	68	70	59	-2	107	113	106	107	108	109	108	91	-1
1001001000	-2	3291	2211.333	937.763	9.875	2.571	67.375	3.314	106.125	6.051	2211.667	106.125	0	0	0	9	9	2840	3291	2080	2406	2088	3007	2698	1494	-2	14	8	7	11	13	11	7	8	-2	68	70	69	67	68	68	70	59	-2	107	113	106	107	108	109	108	91	-1
1001001000	-2	3231	2264.556	903.474	9.875	2.713	68	3.606	107.125	6.153	2264.667	107.125	0	0	0	9	9	2568	3231	2200	2186	2702	2905	2829	1762	-2	14	8	7	10	14	11	7	8	-2	69	70	67	66	73	69	70	60	-2	109	114	105	107	114	108	107	93	-1
1001001000	-2	3231	2264.556	903.474	9.875	2.713	68	3.606	107.125	6.153	2264.667	107.125	0	0	0	9	9	2568	3231	2200	2186	2702	2905	2829	1762	-2	14	8	7	10	14	11	7	8	-2	69	70	67	66	73	69	70	60	-2	109	114	105	107	114	108	107	93	-1
1001001000	-2	3256	2375.444	924.99	10.125	2.571	69.625	4.091	109.75	6.078	2375.556	109.75	0	0	0	9	9	2587	3256	2350	2330	3132	2930	2813	1983	-2	13	9	7	11	14	12	7	8	-2	68	73	68	70	76	70	71	61	-2	109	117	108	112	118	109	108	97	-1
1001001000	-2	3256	2375.444	924.99	10.125	2.571	69.625	4.091	109.75	6.078	2375.556	109.75	0	0	0	9	9	2587	3256	2350	2330	3132	2930	2813	1983	-2	13	9	7	11	14	12	7	8	-2	68	73	68	70	76	70	71	61	-2	109	117	108	112	118	109	108	97	-1
1001001000	-2	3341	2458.556	928.117	10.75	2.487	72	4.899	116.125	7.424	2490.778	116.125	0	0	0	9	9	2582	2867	2308	2390	3341	3187	2860	2594	-2	12	10	8	12	15	13	8	8	-2	70	76	69	73	78	71	77	62	-2	114	124	113	117	125	115	121	100	-1
1001001000	-2	3840	2666.222	1031.352	11.75	2.278	75.375	4.715	126.625	8.44	2666.333	126.625	0	0	0	9	9	2903	3065	2582	2392	3840	3168	3392	2656	-2	13	11	8	13	15	14	11	9	-2	72	79	76	75	81	76	79	65	-2	124	139	125	124	135	126	131	109	-1
1001001000	-2	3840	2666.222	1031.352	11.75	2.278	75.375	4.715	126.625	8.44	2666.333	126.625	0	0	0	9	9	2903	3065	2582	2392	3840	3168	3392	2656	-2	13	11	8	13	15	14	11	9	-2	72	79	76	75	81	76	79	65	-2	124	139	125	124	135	126	131	109	-1
1001001000	-2	4041	3067.667	1151.646	13.75	2.222	81.75	6.379	146	23.076	3067.889	146	0	0	0	9	9	3677	3834	3015	2966	4041	3511	3674	2893	-2	13	13	12	15	15	14	18	10	-2	79	94	81	79	85	81	85	70	-2	150	202	136	131	144	139	147	119	-1
1001001000	-2	4041	3067.667	1151.646	13.75	2.222	81.75	6.379	146	23.076	3067.889	146	0	0	0	9	9	3677	3834	3015	2966	4041	3511	3674	2893	-2	13	13	12	15	15	14	18	10	-2	79	94	81	79	85	81	85	70	-2	150	202	136	131	144	139	147	119	-1
1001001000	-2	3839	3036.667	1122.331	13.75	2.537	82.375	6.183	146.125	22.369	3036.778	146.125	0	0	0	9	9	3614	3673	3021	2945	3839	3429	3784	3027	-2	12	13	12	14	15	15	19	10	-2	80	95	80	80	86	81	85	72	-2	141	202	136	132	144	143	148	123	-1
1001001000	-2	3839	3036.667	1122.331	13.75	2.537	82.375	6.183	146.125	22.369	3036.778	146.125	0	0	0	9	9	3614	3673	3021	2945	3839	3429	3784	3027	-2	12	13	12	14	15	15	19	10	-2	80	95	80	80	86	81	85	72	-2	141	202	136	132	144	143	148	123	-1
1001001000	-2	3605	2876.778	1055.784	15.125	2.976	84.5	6	151.5	18.594	2877.222	151.5	0	0	0	9	9	3605	2893	3041	2715	3472	3502	3348	3317	-2	13	14	15	15	15	16	22	11	-2	81	98	82	80	88	82	87	78	-2	151	197	143	135	148	148	156	134	-1
1001001000	-2	3737	2866.444	1061.564	15.25	3.382	85.25	6.379	153.125	18.34	2866.667	153.125	0	0	0	9	9	3737	2858	3356	2576	3336	3411	3243	3283	-2	12	14	13	16	15	17	23	12	-2	81	99	83	79	90	83	88	79	-2	154	197	145	135	152	149	158	135	-1
1002002000	-2	3420	2329.111	1282.759	18.571	1.591	133.143	7.772	286.625	41.641	2329.222	286.625	0	0	0	9	9	2550	3420	2899	2457	3332	3173	3134	-1	-2	17	17	18	21	21	18	18	-2	-2	134	128	129	141	145	120	135	-2	-2	316	275	252	339	332	221	314	244	-1
1001001000	-2	5424	4119.111	1522.235	22	4.796	84.5	5.123	140.25	10.158	4119.444	140.25	0	0	0	9	9	4934	4642	5107	5424	4323	4524	4206	3914	-2	24	15	29	16	24	27	18	23	-2	81	78	92	84	89	89	86	77	-2	144	130	153	142	144	152	136	121	-1
1001001000	-2	4180	3137	1149.234	20.125	5.555	79	5.362	122.125	7.253	3137.222	122.125	0	0	0	9	9	4180	3448	3537	3875	3270	3308	3447	3170	-2	24	14	29	15	20	24	12	23	-2	79	72	87	73	83	84	81	73	-2	124	114	133	118	124	130	124	110	-1
1001001000	-2	3953	2778.778	1055.67	18.5	5.05	74.75	5.695	113.75	6.057	2779.667	113.75	0	0	0	9	9	3953	2866	3211	3366	2494	2923	3289	2909	-2	24	12	24	14	19	22	11	22	-2	77	69	85	66	78	76	77	70	-2	118	107	125	108	114	116	116	106	-1
1001001000	-2	3953	2778.778	1055.67	18.5	5.05	74.75	5.695	113.75	6.057	2779.667	113.75	0	0	0	9	9	3953	2866	3211	3366	2494	2923	3289	2909	-2	24	12	24	14	19	22	11	22	-2	77	69	85	66	78	76	77	70	-2	118	107	125	108	114	116	116	106	-1
1001001000	-2	5274	3661.222	1439.686	20.125	5.487	84.25	5.214	134.375	9.63	3661.556	134.375	0	0	0	9	9	4567	4323	3533	3538	3468	4787	5274	3463	-2	27	14	30	17	21	21	14	17	-2	87	86	92	84	76	86	87	76	-2	138	137	145	129	123	143	143	117	-1
1001001000	-2	5274	3661.222	1439.686	20.125	5.487	84.25	5.214	134.375	9.63	3661.556	134.375	0	0	0	9	9	4567	4323	3533	3538	3468	4787	5274	3463	-2	27	14	30	17	21	21	14	17	-2	87	86	92	84	76	86	87	76	-2	138	137	145	129	123	143	143	117	-1
1001001000	-2	4975	3498.889	1306.925	15	4.69	81.5	4.664	136.125	9.968	3499	136.125	0	0	0	9	9	4975	3396	3660	3763	3743	3781	4095	4079	-2	25	13	14	14	19	14	8	13	-2	90	81	84	82	77	82	83	73	-2	155	136	132	138	126	139	143	120	-1
1001001000	-2	4975	3498.889	1306.925	15	4.69	81.5	4.664	136.125	9.968	3499	136.125	0	0	0	9	9	4975	3396	3660	3763	3743	3781	4095	4079	-2	25	13	14	14	19	14	8	13	-2	90	81	84	82	77	82	83	73	-2	155	136	132	138	126	139	143	120	-1
1001001000	-2	3441	2809	1017.676	12.25	4.176	74.375	3.426	121.5	6.461	2809.111	121.5	0	0	0	9	9	3206	2881	3402	3233	3344	3004	3441	2772	-2	21	11	8	12	16	12	7	11	-2	76	74	77	74	78	75	75	66	-2	125	123	120	124	124	126	125	105	-1
1001001000	-2	3441	2809	1017.676	12.25	4.176	74.375	3.426	121.5	6.461	2809.111	121.5	0	0	0	9	9	3206	2881	3402	3233	3344	3004	3441	2772	-2	21	11	8	12	16	12	7	11	-2	76	74	77	74	78	75	75	66	-2	125	123	120	124	124	126	125	105	-1
1001001000	-2	2889	2078.889	871.335	8.875	2.421	66.625	3.039	104.875	5.555	2079.111	104.875	0	0	0	9	9	2889	2739	2183	2379	2012	2481	2768	1261	-2	14	8	7	7	11	9	6	9	-2	69	69	69	66	67	64	69	60	-2	107	111	105	106	105	106	108	91	-1
1001001000	-2	2889	2078.889	871.335	8.875	2.421	66.625	3.039	104.875	5.555	2079.111	104.875	0	0	0	9	9	2889	2739	2183	2379	2012	2481	2768	1261	-2	14	8	7	7	11	9	6	9	-2	69	69	69	66	67	64	69	60	-2	107	111	105	106	105	106	108	91	-1
1001001000	-2	2814	1988	850.558	8.75	1.714	65.125	2.759	102.625	4.973	1988.333	102.625	0	0	0	9	9	2723	2814	2085	2270	1856	2378	2608	1160	-2	12	8	7	8	11	8	7	9	-2	67	68	66	64	64	63	69	60	-2	103	109	103	102	102	104	107	91	-1
1001001000	-2	2814	1988	850.558	8.75	1.714	65.125	2.759	102.625	4.973	1988.333	102.625	0	0	0	9	9	2723	2814	2085	2270	1856	2378	2608	1160	-2	12	8	7	8	11	8	7	9	-2	67	68	66	64	64	63	69	60	-2	103	109	103	102	102	104	107	91	-1
1001001000	-2	2875	2072.667	830.259	8.5	1.5	65.5	2.646	103.625	4.442	2072.889	103.625	0	0	0	9	9	2566	2875	2035	2266	2030	2471	2830	1583	-2	11	8	7	8	11	8	7	8	-2	67	68	66	64	66	64	69	60	-2	105	109	103	103	105	104	107	93	-1
1001001000	-2	2875	2072.667	830.259	8.5	1.5	65.5	2.646	103.625	4.442	2072.889	103.625	0	0	0	9	9	2566	2875	2035	2266	2030	2471	2830	1583	-2	11	8	7	8	11	8	7	8	-2	67	68	66	64	66	64	69	60	-2	105	109	103	103	105	104	107	93	-1
1001001000	-2	3062	2131.333	828.499	8.875	1.452	66	2.646	104.625	4.715	2131.667	104.625	0	0	0	9	9	2430	3062	2169	2157	2192	2609	2725	1840	-2	11	8	8	11	10	8	7	8	-2	66	69	66	65	67	64	70	61	-2	104	112	103	103	107	104	109	95	-1
1001001000	-2	3062	2131.444	828.578	8.875	1.452	66	2.646	104.625	4.715	2131.667	104.625	0	0	0	9	9	2430	3062	2169	2157	2192	2609	2726	1840	-2	11	8	8	11	10	8	7	8	-2	66	69	66	65	67	64	70	61	-2	104	112	103	103	107	104	109	95	-1
1001001000	-2	3262	2217.444	855.103	8.875	1.452	66.75	2.947	106.5	4.975	2217.667	106.5	0	0	0	9	9	2483	3262	1971	2256	2569	2625	2593	2200	-2	10	8	8	11	11	8	7	8	-2	66	70	66	66	70	65	70	61	-2	104	115	106	105	111	103	110	98	-1
1001001000	-2	2998	2359.556	865.465	10	1.225	70.375	3.773	114.375	5.499	2359.667	114.375	0	0	0	9	9	2731	2920	2370	2227	2740	2998	2615	2637	-2	11	10	8	12	11	10	9	9	-2	70	75	68	71	74	68	74	63	-2	115	123	112	114	118	112	118	103	-1
1001001000	-2	2998	2359.556	865.465	10	1.225	70.375	3.773	114.375	5.499	2359.667	114.375	0	0	0	9	9	2731	2920	2370	2227	2740	2998	2615	2637	-2	11	10	8	12	11	10	9	9	-2	70	75	68	71	74	68	74	63	-2	115	123	112	114	118	112	118	103	-1
1001001000	-2	3216	2438	903.665	10.125	1.166	70.875	4.136	116.125	6.451	2438.222	116.125	0	0	0	9	9	2606	2831	2479	2260	2881	3216	3012	2659	-2	11	10	8	12	11	10	10	9	-2	69	77	68	70	74	69	76	64	-2	114	128	113	113	119	115	122	105	-1
1001001000	-2	3188	2466.222	909.923	11.125	1.763	73.75	4.548	122.75	8.258	2466.444	122.75	0	0	0	9	9	2585	2809	2330	2643	3188	3108	2946	2589	-2	11	11	9	12	11	11	15	9	-2	71	79	70	73	79	73	79	66	-2	120	136	116	118	130	123	130	109	-1
1001001000	-2	3517	2623.444	1002.125	12.125	2.803	76.25	6.057	129	11.358	2623.667	129	0	0	0	9	9	2493	3313	2369	2762	3314	3517	3162	2683	-2	12	12	10	12	11	12	19	9	-2	72	86	73	74	83	76	80	66	-2	125	152	121	122	136	129	135	112	-1
1001001000	-2	3517	2623.444	1002.125	12.125	2.803	76.25	6.057	129	11.358	2623.667	129	0	0	0	9	9	2493	3313	2369	2762	3314	3517	3162	2683	-2	12	12	10	12	11	12	19	9	-2	72	86	73	74	83	76	80	66	-2	125	152	121	122	136	129	135	112	-1
1001001000	-2	3558	2610.111	1001.578	12.25	3.419	75.875	5.754	127.75	10.109	2610.222	127.75	0	0	0	9	9	2393	3369	2473	2769	3135	3558	3213	2583	-2	11	11	11	10	11	13	21	10	-2	72	85	72	75	81	75	81	66	-2	124	146	118	124	133	128	137	112	-1
1001001000	-2	3558	2610.111	1001.578	12.25	3.419	75.875	5.754	127.75	10.109	2610.222	127.75	0	0	0	9	9	2393	3369	2473	2769	3135	3558	3213	2583	-2	11	11	11	10	11	13	21	10	-2	72	85	72	75	81	75	81	66	-2	124	146	118	124	133	128	137	112	-1
1001001000	-2	3570	2685.111	1019.247	11.75	2.905	75.125	4.649	126.75	9.404	2685.333	126.75	0	0	0	9	9	2764	3473	2517	2891	3070	3570	3371	2512	-2	11	10	10	10	11	13	19	10	-2	73	81	70	74	78	75	82	68	-2	125	143	115	122	130	128	137	114	-1
1001001000	-2	5287	4193.556	1552.345	14.125	2.027	100.375	3.498	177.625	5.097	4193.667	177.625	0	0	0	9	9	5013	4506	5287	4894	5121	4022	5002	3899	-2	15	13	14	13	13	16	11	18	-2	94	99	104	98	98	103	105	102	-2	176	172	184	180	178	174	186	171	-1
1001001000	-2	3432	2371.111	983.323	14.875	4.428	69.75	4.657	105.125	5.134	2371.778	105.125	0	0	0	9	9	3308	2544	2453	2883	2037	3432	2915	1770	-2	22	11	17	12	16	20	8	13	-2	71	64	79	64	69	71	73	67	-2	107	99	114	101	103	110	108	99	-1
1001001000	-2	3224	2610.222	969.635	17.25	5.019	75.625	4.581	115.625	6.537	2610.333	115.625	0	0	0	9	9	3224	2430	3133	3047	3223	2521	3222	2694	-2	25	12	24	16	19	18	10	14	-2	75	73	86	75	74	73	79	70	-2	116	111	130	113	116	114	119	106	-1
1001001000	-2	5484	3831.778	1437.573	16.5	4.031	83.125	4.781	140.5	9.592	3831.889	140.5	0	0	0	9	9	5484	4399	4237	3610	4177	4006	4477	4098	-2	25	13	19	16	19	14	12	14	-2	86	85	93	82	79	81	83	76	-2	151	141	157	134	133	139	144	125	-1
1001001000	-2	5484	3831.778	1437.573	16.5	4.031	83.125	4.781	140.5	9.592	3831.889	140.5	0	0	0	9	9	5484	4399	4237	3610	4177	4006	4477	4098	-2	25	13	19	16	19	14	12	14	-2	86	85	93	82	79	81	83	76	-2	151	141	157	134	133	139	144	125	-1
1001001000	-2	3916	3076.556	1123.035	12.75	3.865	77.5	3.354	129.875	5.487	3076.667	129.875	0	0	0	9	9	3877	3124	3486	3107	3916	3297	3586	3298	-2	21	11	9	13	16	12	8	12	-2	81	78	81	77	80	77	76	70	-2	138	131	131	129	130	132	131	117	-1
1001001000	-2	3916	3076.556	1123.035	12.75	3.865	77.5	3.354	129.875	5.487	3076.667	129.875	0	0	0	9	9	3877	3124	3486	3107	3916	3297	3586	3298	-2	21	11	9	13	16	12	8	12	-2	81	78	81	77	80	77	76	70	-2	138	131	131	129	130	132	131	117	-1
1001001000	-2	2896	1938.667	826.885	8.25	2.046	63.875	2.759	101	4.583	1939.667	101	0	0	0	9	9	2513	2376	1946	2456	1673	2329	2896	1261	-2	13	7	7	7	9	8	6	9	-2	65	67	66	65	60	63	66	59	-2	101	106	102	103	99	104	103	90	-1
1001001000	-2	2896	1938.667	826.885	8.25	2.046	63.875	2.759	101	4.583	1939.667	101	0	0	0	9	9	2513	2376	1946	2456	1673	2329	2896	1261	-2	13	7	7	7	9	8	6	9	-2	65	67	66	65	60	63	66	59	-2	101	106	102	103	99	104	103	90	-1
1001001000	-2	2520	1696	784.947	8	1.5	62.5	2.5	97.75	3.961	1696.333	97.75	0	0	0	9	9	2499	2059	1769	1874	1729	2116	2520	700	-2	11	7	7	8	9	7	6	9	-2	66	62	65	62	59	62	65	59	-2	100	100	99	98	96	100	101	88	-1
1001001000	-2	2520	1696	784.947	8	1.5	62.5	2.5	97.75	3.961	1696.333	97.75	0	0	0	9	9	2499	2059	1769	1874	1729	2116	2520	700	-2	11	7	7	8	9	7	6	9	-2	66	62	65	62	59	62	65	59	-2	100	100	99	98	96	100	101	88	-1
1001001000	-2	2351	1643.111	682.728	7.875	1.364	62.5	2	97.875	3.689	1645.778	97.875	0	0	0	9	9	2010	2351	1908	1748	1772	1834	2180	987	-2	10	7	7	8	10	7	6	8	-2	64	64	66	62	61	62	62	59	-2	99	102	101	98	98	99	97	89	-1
1001001000	-2	2351	1643.111	682.728	7.875	1.364	62.5	2	97.875	3.689	1645.778	97.875	0	0	0	9	9	2010	2351	1908	1748	1772	1834	2180	987	-2	10	7	7	8	10	7	6	8	-2	64	64	66	62	61	62	62	59	-2	99	102	101	98	98	99	97	89	-1
1001001000	-2	2505	1811.222	692.527	8	1.225	62.125	1.452	98.25	3.192	1813.333	98.25	0	0	0	9	9	2134	2505	2151	1951	1827	1815	2323	1597	-2	10	7	7	7	10	8	7	8	-2	62	64	62	62	62	62	64	59	-2	97	103	99	98	99	100	99	91	-1
1001001000	-2	2505	1811.222	692.527	8	1.225	62.125	1.452	98.25	3.192	1813.333	98.25	0	0	0	9	9	2134	2505	2151	1951	1827	1815	2323	1597	-2	10	7	7	7	10	8	7	8	-2	62	64	62	62	62	62	64	59	-2	97	103	99	98	99	100	99	91	-1
1001001000	-2	2572	1968	729.87	8.125	1.166	63.25	2.165	100.75	3.767	1969.444	100.75	0	0	0	9	9	2278	2572	2051	1973	2124	2487	2348	1881	-2	10	7	7	8	10	8	7	8	-2	61	66	62	62	65	64	66	60	-2	98	105	99	98	104	104	104	94	-1
1001001000	-2	2572	1967.889	729.813	8.125	1.166	63.25	2.165	100.75	3.767	1969.444	100.75	0	0	0	9	9	2278	2572	2051	1973	2124	2487	2347	1881	-2	10	7	7	8	10	8	7	8	-2	61	66	62	62	65	64	66	60	-2	98	105	99	98	104	104	104	94	-1
1001001000	-2	2803	2094	811.19	8.375	0.992	65	2.915	105.375	5.023	2094.444	105.375	0	0	0	9	9	2461	2771	1833	2135	2258	2652	2803	1935	-2	10	8	8	7	10	8	8	8	-2	64	69	65	62	66	65	69	60	-2	102	114	105	101	107	107	110	97	-1
1001001000	-2	2803	2094	811.19	8.375	0.992	65	2.915	105.375	5.023	2094.444	105.375	0	0	0	9	9	2461	2771	1833	2135	2258	2652	2803	1935	-2	10	8	8	7	10	8	8	8	-2	64	69	65	62	66	65	69	60	-2	102	114	105	101	107	107	110	97	-1
1001001000	-2	2756	2112.556	800.211	8.5	0.866	66.375	3.12	108.125	5.183	2112.889	108.125	0	0	0	9	9	2258	2721	1852	2133	2387	2688	2756	2220	-2	10	8	8	8	10	8	8	8	-2	65	70	66	62	68	67	71	62	-2	104	118	107	103	110	110	112	101	-1
1001001000	-2	2756	2112.556	800.211	8.5	0.866	66.375	3.12	108.125	5.183	2112.889	108.125	0	0	0	9	9	2258	2721	1852	2133	2387	2688	2756	2220	-2	10	8	8	8	10	8	8	8	-2	65	70	66	62	68	67	71	62	-2	104	118	107	103	110	110	112	101	-1
1001001000	-2	2969	2195.333	825.765	9.375	0.857	70.125	3.48	116.5	5.635	2195.667	116.5	0	0	0	9	9	2468	2747	1954	2152	2557	2502	2969	2411	-2	10	9	9	8	11	9	10	9	-2	70	74	68	68	71	70	76	64	-2	116	125	113	112	117	118	124	107	-1
1001001000	-2	2969	2195.333	825.765	9.375	0.857	70.125	3.48	116.5	5.635	2195.667	116.5	0	0	0	9	9	2468	2747	1954	2152	2557	2502	2969	2411	-2	10	9	9	8	11	9	10	9	-2	70	74	68	68	71	70	76	64	-2	116	125	113	112	117	118	124	107	-1
1001001000	-2	3035	2370.444	871.008	10.25	2.046	72.625	4.121	121.375	6.632	2370.778	121.375	0	0	0	9	9	2662	2883	2171	2729	2719	2713	3035	2424	-2	11	10	9	8	11	9	15	9	-2	73	78	71	71	73	71	79	65	-2	122	132	117	116	123	122	129	110	-1
1001001000	-2	3035	2370.444	871.008	10.25	2.046	72.625	4.121	121.375	6.632	2370.778	121.375	0	0	0	9	9	2662	2883	2171	2729	2719	2713	3035	2424	-2	11	10	9	8	11	9	15	9	-2	73	78	71	71	73	71	79	65	-2	122	132	117	116	123	122	129	110	-1
1001001000	-2	3123	2373.889	884.66	10.25	1.714	71	3.742	118.25	6.24	2374	118.25	0	0	0	9	9	2322	3017	2285	2646	2809	2760	3123	2405	-2	11	10	9	8	11	10	14	9	-2	71	75	68	70	71	70	78	65	-2	119	128	114	115	118	119	126	107	-1
1001001000	-2	3123	2373.889	884.66	10.25	1.714	71	3.742	118.25	6.24	2374	118.25	0	0	0	9	9	2322	3017	2285	2646	2809	2760	3123	2405	-2	11	10	9	8	11	10	14	9	-2	71	75	68	70	71	70	78	65	-2	119	128	114	115	118	119	126	107	-1
1001001000	-2	3568	2121	996.216	11.375	3.498	66.125	4.314	101.375	5.936	2121.778	101.375	0	0	0	9	9	1357	2649	3030	2133	1808	3568	2772	1774	-2	16	9	13	10	9	17	6	11	-2	69	59	73	63	66	71	64	64	-2	100	94	111	97	100	111	101	97	-1
1001001000	-2	3766	2512.111	985.101	14.375	3.426	71.625	5.171	110.875	7.184	2512.333	110.875	0	0	0	9	9	3007	2423	3766	2932	3070	2234	2664	2515	-2	21	12	17	14	16	14	9	12	-2	74	68	84	71	69	71	70	66	-2	114	104	128	109	111	109	108	104	-1
1001001000	-2	4668	3509.333	1300.143	14.375	3.199	79	5.05	132.25	7.628	3509.556	132.25	0	0	0	9	9	4668	3691	4072	3820	3963	3506	4448	3418	-2	21	12	16	15	16	13	10	12	-2	80	78	91	79	75	75	80	74	-2	134	128	150	131	128	127	136	124	-1
1001001000	-2	4668	3509.333	1300.143	14.375	3.199	79	5.05	132.25	7.628	3509.556	132.25	0	0	0	9	9	4668	3691	4072	3820	3963	3506	4448	3418	-2	21	12	16	15	16	13	10	12	-2	80	78	91	79	75	75	80	74	-2	134	128	150	131	128	127	136	124	-1
1001001000	-2	3841	2999.667	1090.39	10.625	2.446	73.25	4.023	121.5	6.083	2999.889	121.5	0	0	0	9	9	3841	3398	3434	3473	3313	3285	3443	2812	-2	16	10	9	12	11	10	7	10	-2	76	75	79	76	71	71	73	65	-2	126	124	126	126	118	121	124	107	-1
1001001000	-2	3841	2999.667	1090.39	10.625	2.446	73.25	4.023	121.5	6.083	2999.889	121.5	0	0	0	9	9	3841	3398	3434	3473	3313	3285	3443	2812	-2	16	10	9	12	11	10	7	10	-2	76	75	79	76	71	71	73	65	-2	126	124	126	126	118	121	124	107	-1
1001001000	-2	2202	1354.222	735.894	7.625	1.654	59.75	3.733	93.875	5.904	1354.556	93.875	0	0	0	9	9	1381	1947	1593	2202	1699	2116	897	355	-2	11	7	7	7	8	7	5	9	-2	61	61	64	64	57	61	52	58	-2	94	99	98	100	93	98	83	86	-1
1001001000	-2	2202	1354.333	735.898	7.625	1.654	59.75	3.733	93.875	5.904	1354.556	93.875	0	0	0	9	9	1382	1947	1593	2202	1699	2116	897	355	-2	11	7	7	7	8	7	5	9	-2	61	61	64	64	57	61	52	58	-2	94	99	98	100	93	98	83	86	-1
1001001000	-2	1859	1148.778	607.905	7.75	1.199	59	2.121	91.875	4.729	1149.333	91.875	0	0	0	9	9	1499	1859	1555	1089	1540	1635	877	287	-2	10	7	7	8	8	7	6	9	-2	61	60	59	61	58	60	54	59	-2	95	97	94	93	93	95	85	83	-1
1001001000	-2	1859	1148.778	607.905	7.75	1.199	59	2.121	91.875	4.729	1149.333	91.875	0	0	0	9	9	1499	1859	1555	1089	1540	1635	877	287	-2	10	7	7	8	8	7	6	9	-2	61	60	59	61	58	60	54	59	-2	95	97	94	93	93	95	85	83	-1
1001001000	-2	1893	1201.556	585.265	7.375	1.111	59.375	1.495	92.375	4.151	1203.556	92.375	0	0	0	9	9	1496	1893	1754	1318	1537	1270	1140	408	-2	9	6	7	7	9	7	6	8	-2	59	60	61	62	59	59	57	58	-2	91	96	97	94	95	94	88	84	-1
1001001000	-2	1893	1201.556	585.265	7.375	1.111	59.375	1.495	92.375	4.151	1203.556	92.375	0	0	0	9	9	1496	1893	1754	1318	1537	1270	1140	408	-2	9	6	7	7	9	7	6	8	-2	59	60	61	62	59	59	57	58	-2	91	96	97	94	95	94	88	84	-1
1001001000	-2	2051	1345.222	607.981	7.375	1.111	59.25	1.854	92.875	4.4	1347.222	92.875	0	0	0	9	9	1833	2051	1847	1221	1808	1273	1262	814	-2	9	6	7	7	9	7	6	8	-2	59	62	59	60	61	60	56	57	-2	93	98	95	93	97	95	88	84	-1
1001001000	-2	2051	1345.222	607.981	7.375	1.111	59.25	1.854	92.875	4.4	1347.222	92.875	0	0	0	9	9	1833	2051	1847	1221	1808	1273	1262	814	-2	9	6	7	7	9	7	6	8	-2	59	62	59	60	61	60	56	57	-2	93	98	95	93	97	95	88	84	-1
1001001000	-2	2259	1669.556	669.181	7.5	1	60.625	1.576	96.25	2.634	1673.889	96.25	0	0	0	9	9	2233	2183	1874	1668	2259	1436	2012	1363	-2	9	6	7	7	9	7	7	8	-2	60	61	59	62	64	60	59	60	-2	95	99	96	96	101	97	94	92	-1
1001001000	-2	2259	1669.556	669.181	7.5	1	60.625	1.576	96.25	2.634	1673.889	96.25	0	0	0	9	9	2233	2183	1874	1668	2259	1436	2012	1363	-2	9	6	7	7	9	7	7	8	-2	60	61	59	62	64	60	59	60	-2	95	99	96	96	101	97	94	92	-1
1001001000	-2	2366	1894.889	706.113	7.875	1.053	63.125	1.691	101.25	2.99	1897.444	101.25	0	0	0	9	9	2358	2346	2076	1948	2332	1745	2366	1885	-2	10	7	8	7	9	7	7	8	-2	62	65	63	63	65	62	65	60	-2	100	106	101	99	105	101	102	96	-1
1001001000	-2	2366	1894.889	706.113	7.875	1.053	63.125	1.691	101.25	2.99	1897.444	101.25	0	0	0	9	9	2358	2346	2076	1948	2332	1745	2366	1885	-2	10	7	8	7	9	7	7	8	-2	62	65	63	63	65	62	65	60	-2	100	106	101	99	105	101	102	96	-1
1001001000	-2	2668	2039.222	747.914	8.125	0.927	65	2.062	106	3.742	2040.889	106	0	0	0	9	9	2341	2449	1966	2057	2398	2241	2668	2235	-2	10	7	8	7	9	8	8	8	-2	62	67	65	63	67	65	68	63	-2	102	112	106	102	109	107	109	101	-1
1001001000	-2	2668	2039.222	747.914	8.125	0.927	65	2.062	106	3.742	2040.889	106	0	0	0	9	9	2341	2449	1966	2057	2398	2241	2668	2235	-2	10	7	8	7	9	8	8	8	-2	62	67	65	63	67	65	68	63	-2	102	112	106	102	109	107	109	101	-1
1001001000	-2	2613	2031.556	752.656	8.875	0.781	68.25	2.681	112.5	4.272	2032.556	112.5	0	0	0	9	9	2097	2312	1875	2075	2478	2324	2613	2512	-2	10	8	8	8	10	9	9	9	-2	67	71	67	65	68	70	73	65	-2	111	119	110	108	113	116	117	106	-1
1001001000	-2	2729	2094.889	773.982	9.125	1.053	69.25	2.817	114.5	4.528	2095.889	114.5	0	0	0	9	9	2013	2431	1976	2392	2543	2383	2729	2389	-2	11	8	8	8	10	9	10	9	-2	67	73	68	68	69	70	74	65	-2	113	121	111	111	116	117	120	107	-1
1001001000	-2	2729	2094.889	773.982	9.125	1.053	69.25	2.817	114.5	4.528	2095.889	114.5	0	0	0	9	9	2013	2431	1976	2392	2543	2383	2729	2389	-2	11	8	8	8	10	9	10	9	-2	67	73	68	68	69	70	74	65	-2	113	121	111	111	116	117	120	107	-1
1001001000	-2	2609	2083.889	769.641	9.125	0.781	67.25	3.072	110.125	4.512	2085.111	110.125	0	0	0	9	9	2018	2219	2143	2448	2609	2604	2608	2108	-2	10	9	8	8	10	9	10	9	-2	65	71	64	66	68	67	73	64	-2	107	117	106	107	112	112	116	104	-1
1001001000	-2	3965	2869.111	1078.871	9.375	2.546	66.125	4.567	105.5	6.225	2869.556	105.5	0	0	0	9	9	2762	3089	3695	3284	2823	3965	3049	3157	-2	12	8	10	9	8	14	5	9	-2	68	59	75	64	64	70	63	66	-2	104	97	117	101	104	114	104	103	-1
1001001000	-2	3965	2868.667	1078.698	9.375	2.546	66.125	4.567	105.5	6.225	2869.556	105.5	0	0	0	9	9	2762	3089	3694	3284	2823	3965	3049	3154	-2	12	8	10	9	8	14	5	9	-2	68	59	75	64	64	70	63	66	-2	104	97	117	101	104	114	104	103	-1
1001001000	-2	3190	2072.778	825.32	12.625	3.08	66.75	6.057	102.875	7.236	2073.667	102.875	0	0	0	9	9	2156	2115	2727	2231	3190	2356	1921	1961	-2	18	10	17	12	12	13	9	10	-2	68	61	81	63	62	69	67	63	-2	102	94	118	97	104	108	104	96	-1
1001001000	-2	3129	2089.667	820.158	12.5	2.646	67.625	6.163	105.25	7.479	2090.333	105.25	0	0	0	9	9	2251	2023	3129	2147	2801	2311	2142	2005	-2	18	10	15	13	12	12	10	10	-2	74	61	80	67	63	68	67	61	-2	111	96	121	102	105	106	104	97	-1
1001001000	-2	4730	3409.111	1347.74	12.75	2.222	76.5	5.59	129.125	7.008	3409.444	129.125	0	0	0	9	9	4730	3112	4293	4159	3859	3618	4258	2655	-2	17	11	15	14	12	12	10	11	-2	81	74	87	79	69	74	78	70	-2	134	123	142	129	124	130	133	118	-1
1001001000	-2	3646	2911.222	1073.306	9.75	2.107	70.75	5.286	115.25	6.647	2911.444	115.25	0	0	0	9	9	3276	3427	3516	3646	3071	3209	3495	2563	-2	14	8	9	12	9	9	7	10	-2	72	71	78	77	61	70	72	65	-2	114	117	123	123	107	117	118	103	-1
1001001000	-2	3646	2911.222	1073.306	9.75	2.107	70.75	5.286	115.25	6.647	2911.444	115.25	0	0	0	9	9	3276	3427	3516	3646	3071	3209	3495	2563	-2	14	8	9	12	9	9	7	10	-2	72	71	78	77	61	70	72	65	-2	114	117	123	123	107	117	118	103	-1
1001001000	-2	1756	852.444	597.504	7.125	1.536	56.375	3.314	85.875	7.944	852.889	85.875	0	0	0	9	9	534	1756	1531	889	949	1413	594	8	-2	10	6	6	7	7	7	5	9	-2	56	57	59	61	55	58	49	56	-2	81	93	94	92	87	91	79	70	-1
1001001000	-2	1756	852.444	597.504	7.125	1.536	56.375	3.314	85.875	7.944	852.889	85.875	0	0	0	9	9	534	1756	1531	889	949	1413	594	8	-2	10	6	6	7	7	7	5	9	-2	56	57	59	61	55	58	49	56	-2	81	93	94	92	87	91	79	70	-1
1001001000	-2	1643	819	595.199	7.375	1.317	57.25	1.92	87.625	5.219	819.333	87.625	0	0	0	9	9	1060	1643	1637	441	1036	1175	217	164	-2	9	6	7	8	8	7	5	9	-2	57	57	59	61	56	57	54	57	-2	87	92	94	90	89	89	76	84	-1
1001001000	-2	1643	819	595.199	7.375	1.317	57.25	1.92	87.625	5.219	819.333	87.625	0	0	0	9	9	1060	1643	1637	441	1036	1175	217	164	-2	9	6	7	8	8	7	5	9	-2	57	57	59	61	56	57	54	57	-2	87	92	94	90	89	89	76	84	-1
1001001000	-2	1678	1061.889	517.541	7.25	0.968	58.625	1.867	91.5	4.031	1064.111	91.5	0	0	0	9	9	1374	1678	1658	907	1083	1304	1095	460	-2	9	6	7	7	8	7	6	8	-2	56	59	62	60	57	60	58	57	-2	87	95	98	92	91	95	88	86	-1
1001001000	-2	1678	1061.889	517.541	7.25	0.968	58.625	1.867	91.5	4.031	1064.111	91.5	0	0	0	9	9	1374	1678	1658	907	1083	1304	1095	460	-2	9	6	7	7	8	7	6	8	-2	56	59	62	60	57	60	58	57	-2	87	95	98	92	91	95	88	86	-1
1001001000	-2	1817	1211.222	549.334	7.125	1.053	58	1.803	91.25	3.455	1213.444	91.25	0	0	0	9	9	1708	1817	1698	1243	1468	1095	1222	652	-2	9	6	7	7	8	6	6	8	-2	56	59	59	61	59	58	55	57	-2	88	95	95	93	94	92	86	87	-1
1001001000	-2	1817	1211.222	549.334	7.125	1.053	58	1.803	91.25	3.455	1213.444	91.25	0	0	0	9	9	1708	1817	1698	1243	1468	1095	1222	652	-2	9	6	7	7	8	6	6	8	-2	56	59	59	61	59	58	55	57	-2	88	95	95	93	94	92	86	87	-1
1001001000	-2	2058	1499.333	594.733	7.375	0.857	58.875	1.269	93.875	2.204	1503	93.875	0	0	0	9	9	1889	1806	1890	1569	1782	1178	2058	1324	-2	9	6	7	7	8	7	7	8	-2	58	58	59	61	61	58	58	58	-2	92	95	96	95	97	94	92	90	-1
1001001000	-2	2058	1499.333	594.733	7.375	0.857	58.875	1.269	93.875	2.204	1503	93.875	0	0	0	9	9	1889	1806	1890	1569	1782	1178	2058	1324	-2	9	6	7	7	8	7	7	8	-2	58	58	59	61	61	58	58	58	-2	92	95	96	95	97	94	92	90	-1
1001001000	-2	2537	1836.667	718.824	7.625	0.857	61.625	1.317	99.125	2.204	1840.111	99.125	0	0	0	9	9	2247	1934	1902	2103	2537	1446	2442	1921	-2	9	6	8	8	8	7	7	8	-2	61	61	61	62	65	61	61	61	-2	98	100	100	99	104	98	98	96	-1
1001001000	-2	2537	1836.556	718.731	7.625	0.857	61.625	1.317	99.125	2.204	1840.111	99.125	0	0	0	9	9	2247	1934	1902	2103	2537	1446	2441	1921	-2	9	6	8	8	8	7	7	8	-2	61	61	61	62	65	61	61	61	-2	98	100	100	99	104	98	98	96	-1
1001001000	-2	2609	1837	688.521	8.25	0.829	64.625	1.218	105.125	2.522	1837.889	105.125	0	0	0	9	9	2006	1912	1917	2098	2609	1805	2247	1941	-2	10	7	8	8	9	8	8	8	-2	63	65	65	64	67	65	65	63	-2	102	108	105	103	109	107	105	102	-1
1001001000	-2	2609	1837	688.521	8.25	0.829	64.625	1.218	105.125	2.522	1837.889	105.125	0	0	0	9	9	2006	1912	1917	2098	2609	1805	2247	1941	-2	10	7	8	8	9	8	8	8	-2	63	65	65	64	67	65	65	63	-2	102	108	105	103	109	107	105	102	-1
1001001000	-2	2636	1873.333	705.68	8.25	0.829	65.625	1.409	107.625	3.314	1874.556	107.625	0	0	0	9	9	1945	1865	1870	2121	2636	1898	2340	2187	-2	10	7	8	8	9	8	8	8	-2	64	68	65	65	67	67	65	64	-2	104	113	106	105	111	111	107	104	-1
1001001000	-2	2636	1873.333	705.68	8.25	0.829	65.625	1.409	107.625	3.314	1874.556	107.625	0	0	0	9	9	1945	1865	1870	2121	2636	1898	2340	2187	-2	10	7	8	8	9	8	8	8	-2	64	68	65	65	67	67	65	64	-2	104	113	106	105	111	111	107	104	-1
1001001000	-2	2607	1871.556	739.647	8.375	0.696	66.5	1.658	109.125	2.934	1872.667	109.125	0	0	0	9	9	1801	1905	1526	2220	2607	2124	2595	2068	-2	10	8	8	8	9	8	8	8	-2	66	69	66	67	68	67	66	63	-2	108	114	107	108	112	111	109	104	-1
1001001000	-2	2607	1871.556	739.647	8.375	0.696	66.5	1.658	109.125	2.934	1872.667	109.125	0	0	0	9	9	1801	1905	1526	2220	2607	2124	2595	2068	-2	10	8	8	8	9	8	8	8	-2	66	69	66	67	68	67	66	63	-2	108	114	107	108	112	111	109	104	-1
1001001000	-2	4053	3047.667	1118.056	9.875	1.269	87.875	3.48	149.375	4.121	3047.889	149.375	0	0	0	9	9	3669	3435	3060	3358	3562	4053	3041	3253	-2	11	9	11	9	9	12	8	10	-2	92	83	93	88	83	87	87	90	-2	152	146	154	145	143	148	153	154	-1
1001001000	-2	2416	1771.333	692.179	7	1.581	55.875	4.54	89	4.77	1773.889	89	0	0	0	9	9	2185	1488	2330	2028	1603	2416	1820	2074	-2	8	7	8	7	6	10	5	5	-2	60	56	66	52	53	54	52	54	-2	93	88	100	85	86	88	86	86	-1
1001001000	-2	4116	3024.556	1235.711	10.25	1.92	71.625	6.575	118.375	7.017	3024.778	118.375	0	0	0	9	9	4116	2753	3813	3742	3552	3230	3973	2044	-2	13	9	12	13	9	9	8	9	-2	79	70	79	76	58	70	74	67	-2	125	116	126	120	107	120	125	108	-1
1001001000	-2	4116	3024.556	1235.711	10.25	1.92	71.625	6.575	118.375	7.017	3024.778	118.375	0	0	0	9	9	4116	2753	3813	3742	3552	3230	3973	2044	-2	13	9	12	13	9	9	8	9	-2	79	70	79	76	58	70	74	67	-2	125	116	126	120	107	120	125	108	-1
1001001000	-2	3191	2271	886.224	9	1.658	67.375	4.299	105.625	5.611	2271.222	105.625	0	0	0	9	9	2034	2712	2873	3191	2359	2668	2673	1931	-2	12	8	8	11	8	8	7	10	-2	68	66	72	74	59	69	66	65	-2	103	107	112	115	99	108	103	98	-1
1001001000	-2	3191	2271	886.224	9	1.658	67.375	4.299	105.625	5.611	2271.222	105.625	0	0	0	9	9	2034	2712	2873	3191	2359	2668	2673	1931	-2	12	8	8	11	8	8	7	10	-2	68	66	72	74	59	69	66	65	-2	103	107	112	115	99	108	103	98	-1
1001001000	-2	1401	725.333	467.828	6.875	1.452	55.125	2.368	83.625	6.284	726.222	83.625	0	0	0	9	9	1001	1293	1401	551	559	941	752	32	-2	10	6	6	7	6	7	5	8	-2	56	55	57	58	53	56	50	56	-2	86	87	91	89	78	87	80	71	-1
1001001000	-2	1401	724.889	467.159	6.875	1.452	55.125	2.368	83.625	6.284	726.222	83.625	0	0	0	9	9	998	1292	1401	550	559	940	752	34	-2	10	6	6	7	6	7	5	8	-2	56	55	57	58	53	56	50	56	-2	86	87	91	89	78	87	80	71	-1
1001001000	-2	1374	695.889	440.222	6.75	1.199	55.125	1.536	85.125	3.855	696.667	85.125	0	0	0	9	9	1096	1151	1374	393	538	861	691	161	-2	9	5	7	7	6	6	6	8	-2	55	56	56	58	53	55	53	55	-2	85	89	91	87	78	86	82	83	-1
1001001000	-2	1374	695.889	440.222	6.75	1.199	55.125	1.536	85.125	3.855	696.667	85.125	0	0	0	9	9	1096	1151	1374	393	538	861	691	161	-2	9	5	7	7	6	6	6	8	-2	55	56	56	58	53	55	53	55	-2	85	89	91	87	78	86	82	83	-1
1001001000	-2	1467	861.556	393.506	6.75	1.199	55.75	1.199	87.5	2.646	967.111	87.5	0	0	0	9	9	1467	1271	1062	703	850	958	734	711	-2	9	5	7	7	6	6	6	8	-2	55	56	57	58	55	55	54	56	-2	86	90	93	88	86	87	84	86	-1
1001001000	-2	1856	1147.889	508.032	6.625	0.696	55	1.118	87.75	2.385	1151.111	87.75	0	0	0	9	9	1856	1599	1564	898	1179	1163	1168	906	-2	8	6	7	7	6	6	6	7	-2	54	56	55	57	54	54	54	56	-2	86	91	92	88	86	88	85	86	-1
1001001000	-2	1856	1147.889	508.032	6.625	0.696	55	1.118	87.75	2.385	1151.111	87.75	0	0	0	9	9	1856	1599	1564	898	1179	1163	1168	906	-2	8	6	7	7	6	6	6	7	-2	54	56	55	57	54	54	54	56	-2	86	91	92	88	86	88	85	86	-1
1001001000	-2	1980	1416.667	565.941	7.125	0.927	56.75	1.199	91	2.179	1422.333	91	0	0	0	9	9	1919	1714	1980	1159	1516	1417	1761	1286	-2	9	6	7	7	7	7	6	8	-2	56	56	58	59	57	56	55	57	-2	89	93	95	92	91	91	89	88	-1
1001001000	-2	1980	1416.667	565.941	7.125	0.927	56.75	1.199	91	2.179	1422.333	91	0	0	0	9	9	1919	1714	1980	1159	1516	1417	1761	1286	-2	9	6	7	7	7	7	6	8	-2	56	56	58	59	57	56	55	57	-2	89	93	95	92	91	91	89	88	-1
1001001000	-2	2224	1686.444	625.51	7.25	0.829	58.375	1.218	95.875	1.166	1691	95.875	0	0	0	9	9	2078	1687	1918	2068	1676	1673	2224	1856	-2	9	6	7	7	7	7	7	8	-2	57	58	59	61	58	58	57	59	-2	95	97	98	96	96	96	94	95	-1
1001001000	-2	2213	1685.222	624.469	7.25	0.829	58.375	1.218	95.875	1.166	1691	95.875	0	0	0	9	9	2078	1687	1918	2068	1676	1673	2213	1856	-2	9	6	7	7	7	7	7	8	-2	57	58	59	61	58	58	57	59	-2	95	97	98	96	96	96	94	95	-1
1001001000	-2	2413	1757.111	668.393	7.75	1.09	61.375	0.992	100.875	2.027	1759.556	100.875	0	0	0	9	9	1992	1615	1818	2118	2289	1819	2413	1752	-2	10	6	8	8	8	7	7	8	-2	61	60	62	62	63	62	61	60	-2	101	100	102	100	105	102	99	98	-1
1001001000	-2	2413	1757.111	668.393	7.75	1.09	61.375	0.992	100.875	2.027	1759.556	100.875	0	0	0	9	9	1992	1615	1818	2118	2289	1819	2413	1752	-2	10	6	8	8	8	7	7	8	-2	61	60	62	62	63	62	61	60	-2	101	100	102	100	105	102	99	98	-1
1001001000	-2	2350	1765.222	665.268	7.625	0.857	60.375	1.111	100.25	1.639	1768.333	100.25	0	0	0	9	9	1957	1596	1933	2037	2348	1805	2350	1863	-2	9	6	8	8	8	7	7	8	-2	60	59	60	62	62	61	59	60	-2	100	100	100	100	104	101	98	99	-1
1001001000	-2	2350	1765.222	665.268	7.625	0.857	60.375	1.111	100.25	1.639	1768.333	100.25	0	0	0	9	9	1957	1596	1933	2037	2348	1805	2350	1863	-2	9	6	8	8	8	7	7	8	-2	60	59	60	62	62	61	59	60	-2	100	100	100	100	104	101	98	99	-1
1001001000	-2	2152	1711.222	638.214	7.625	0.857	59.625	1.654	99.125	1.536	1713	99.125	0	0	0	9	9	1755	1567	2152	1968	2139	1681	2124	2017	-2	9	6	7	8	8	8	7	8	-2	58	59	60	62	62	60	57	59	-2	98	99	99	99	102	101	97	98	-1
1001001000	-2	3127	2326.444	890.557	6.125	0.781	54.375	3.314	91.375	3.903	2328.444	91.375	0	0	0	9	9	2968	2586	2252	3127	2134	2905	2193	2775	-2	7	6	7	6	6	7	5	5	-2	56	56	61	55	49	53	52	53	-2	95	93	98	93	85	90	88	89	-1
1001001000	-2	3127	2326.444	890.557	6.125	0.781	54.375	3.314	91.375	3.903	2328.444	91.375	0	0	0	9	9	2968	2586	2252	3127	2134	2905	2193	2775	-2	7	6	7	6	6	7	5	5	-2	56	56	61	55	49	53	52	53	-2	95	93	98	93	85	90	88	89	-1
1001001000	-2	2620	1639.889	693.457	6.875	1.166	55.75	2.437	90.375	3.276	1642.333	90.375	0	0	0	9	9	1695	1935	1343	1739	1729	2620	2290	1410	-2	9	6	8	8	6	6	6	6	-2	58	58	58	55	51	57	53	56	-2	93	92	94	90	83	92	91	88	-1
1001001000	-2	1894	1393.667	530.519	7.125	1.053	59.125	2.713	92.75	3.733	1394	92.75	0	0	0	9	9	1487	1650	1894	1372	1393	1862	1577	1310	-2	9	6	7	8	6	7	6	8	-2	59	57	63	62	56	60	55	61	-2	92	91	99	97	88	95	88	92	-1
1001001000	-2	1417	931.778	460.135	6.75	1.199	55.625	1.867	86.625	3.462	932.556	86.625	0	0	0	9	9	1394	1355	1417	672	814	1205	1077	454	-2	9	5	7	7	6	6	6	8	-2	56	55	58	58	52	56	54	56	-2	87	87	93	89	81	88	83	85	-1
1001001000	-2	1352	895	434.53	6.75	1.199	55.625	1.867	86.625	3.462	932.556	86.625	0	0	0	9	9	1325	1247	1352	653	802	1169	1067	442	-2	9	5	7	7	6	6	6	8	-2	56	55	58	58	52	56	54	56	-2	87	87	93	89	81	88	83	85	-1
1001001000	-2	1604	865.111	463.577	6.75	0.829	54.25	1.299	85.25	3.231	867.889	85.25	0	0	0	9	9	1328	1267	1604	655	688	984	806	456	-2	8	6	7	7	6	6	6	8	-2	55	55	56	55	52	53	53	55	-2	86	87	92	86	81	85	82	83	-1
1001001000	-2	1604	865.111	463.577	6.75	0.829	54.25	1.299	85.25	3.231	867.889	85.25	0	0	0	9	9	1328	1267	1604	655	688	984	806	456	-2	8	6	7	7	6	6	6	8	-2	55	55	56	55	52	53	53	55	-2	86	87	92	86	81	85	82	83	-1
1001001000	-2	1676	1001.667	469.436	6.625	0.696	53.75	1.639	85.375	3.16	1008.778	85.375	0	0	0	9	9	1532	1342	1676	717	850	1061	959	880	-2	8	6	7	7	6	6	6	7	-2	54	54	56	56	52	53	51	54	-2	85	87	92	86	82	86	81	84	-1
1001001000	-2	1531	927.333	406.255	6.625	0.696	53.75	1.639	85.375	3.16	1008.778	85.375	0	0	0	9	9	1531	1269	1209	717	845	1004	909	864	-2	8	6	7	7	6	6	6	7	-2	54	54	56	56	52	53	51	54	-2	85	87	92	86	82	86	81	84	-1
1001001000	-2	2043	1276.444	520.685	6.375	0.857	53.375	1.218	86.875	2.027	1380.111	86.875	0	0	0	9	9	2043	1670	1123	1212	1292	1363	1405	1382	-2	8	5	6	7	6	6	6	7	-2	53	52	54	55	52	55	52	54	-2	87	86	91	88	85	88	84	86	-1
1001001000	-2	2047	1368.667	542.692	6.375	0.857	53.375	1.218	86.875	2.027	1380.111	86.875	0	0	0	9	9	2047	1737	1735	1215	1297	1430	1461	1398	-2	8	5	6	7	6	6	6	7	-2	53	52	54	55	52	55	52	54	-2	87	86	91	88	85	88	84	86	-1
1001001000	-2	2039	1487	580.834	6.625	0.696	54.625	1.495	89	1.871	1495.778	89	0	0	0	9	9	1997	2039	1821	1326	1322	1497	1746	1637	-2	8	6	7	7	6	6	6	7	-2	55	53	55	58	54	55	53	54	-2	89	89	92	91	86	90	88	87	-1
1001001000	-2	2039	1487	580.834	6.625	0.696	54.625	1.495	89	1.871	1495.778	89	0	0	0	9	9	1997	2039	1821	1326	1322	1497	1746	1637	-2	8	6	7	7	6	6	6	7	-2	55	53	55	58	54	55	53	54	-2	89	89	92	91	86	90	88	87	-1
1001001000	-2	2199	1686.556	637.785	6.625	0.696	56.375	1.728	93.125	1.615	1694.778	93.125	0	0	0	9	9	2076	2060	1961	1875	1539	1492	2199	1979	-2	8	6	7	7	6	6	6	7	-2	56	54	58	60	55	56	56	56	-2	94	92	96	95	91	93	92	92	-1
1001001000	-2	2199	1686.556	637.785	6.625	0.696	56.375	1.728	93.125	1.615	1694.778	93.125	0	0	0	9	9	2076	2060	1961	1875	1539	1492	2199	1979	-2	8	6	7	7	6	6	6	7	-2	56	54	58	60	55	56	56	56	-2	94	92	96	95	91	93	92	92	-1
1001001000	-2	2311	1670.556	616.02	7.125	0.599	57.5	1.5	95.5	1.658	1675.333	95.5	0	0	0	9	9	1814	1958	1916	1780	1678	1747	2311	1833	-2	8	6	7	7	7	7	7	8	-2	59	55	59	59	58	58	56	56	-2	98	94	97	97	96	95	93	94	-1
1001001000	-2	2302	1669.111	614.845	7.125	0.599	57.5	1.5	95.5	1.658	1675.333	95.5	0	0	0	9	9	1814	1957	1915	1780	1678	1746	2302	1832	-2	8	6	7	7	7	7	7	8	-2	59	55	59	59	58	58	56	56	-2	98	94	97	97	96	95	93	94	-1
1001001000	-2	2275	1708.889	629.445	7	0.5	56.5	1.5	94.25	1.714	1717.667	94.25	0	0	0	9	9	1759	1978	2071	1686	1743	1871	2275	1999	-2	7	6	7	8	7	7	7	7	-2	58	55	57	59	56	57	54	56	-2	97	94	95	96	94	93	91	94	-1
1001001000	-2	1261	780.222	364.799	5.25	0.433	47.75	1.299	76.75	1.714	790.889	76.75	0	0	0	9	9	972	918	1261	1022	664	663	1088	436	-2	6	5	5	5	5	6	5	5	-2	49	47	50	47	47	49	47	46	-2	78	76	80	76	76	78	76	74	-1
1001001000	-2	1795	1202.111	484.386	7.125	1.053	58.375	2.595	90.875	3.551	1259.222	90.875	0	0	0	9	9	1386	1185	1795	1115	1197	1394	1668	1081	-2	9	6	7	8	6	6	7	8	-2	58	57	61	62	54	58	56	61	-2	91	89	97	95	85	91	88	91	-1
1001001000	-2	1492	873.444	397.953	6.5	1	54.25	1.785	85.25	3.152	909.667	85.25	0	0	0	9	9	1492	998	1240	740	629	948	1051	765	-2	8	5	6	7	6	6	6	8	-2	55	54	56	56	51	54	52	56	-2	87	86	91	87	80	84	82	85	-1
1001001000	-2	1531	906.556	417.396	6.5	1	54.25	1.785	85.25	3.152	909.667	85.25	0	0	0	9	9	1531	1121	1313	748	639	975	1058	776	-2	8	5	6	7	6	6	6	8	-2	55	54	56	56	51	54	52	56	-2	87	86	91	87	80	84	82	85	-1
1001001000	-2	1612	1020.889	429.78	6.375	0.857	53.125	1.053	84.75	2.437	1027.667	84.75	0	0	0	9	9	1612	1258	1289	716	983	1226	1058	1048	-2	8	6	7	6	6	5	6	7	-2	53	54	55	52	52	53	52	54	-2	85	86	90	84	81	85	83	84	-1
1001001000	-2	1612	1020.889	429.78	6.375	0.857	53.125	1.053	84.75	2.437	1027.667	84.75	0	0	0	9	9	1612	1258	1289	716	983	1226	1058	1048	-2	8	6	7	6	6	5	6	7	-2	53	54	55	52	52	53	52	54	-2	85	86	90	84	81	85	83	84	-1
1001001000	-2	1770	1301.778	501.253	6.125	0.781	52.625	1.409	84.875	2.666	1315.444	84.875	0	0	0	9	9	1742	1549	1770	1142	1254	1313	1479	1469	-2	7	6	7	6	5	5	6	7	-2	53	52	55	53	50	52	52	54	-2	85	84	91	85	81	85	83	85	-1
1001001000	-2	1743	1255	474.405	6.125	0.781	52.625	1.409	84.875	2.666	1315.444	84.875	0	0	0	9	9	1743	1489	1549	1140	1256	1288	1416	1416	-2	7	6	7	6	5	5	6	7	-2	53	52	55	53	50	52	52	54	-2	85	84	91	85	81	85	83	85	-1
1001001000	-2	1898	1371.778	540.339	5.875	0.781	53	1.118	86	2.121	1387.333	86	0	0	0	9	9	1898	1732	1873	1240	1208	1386	1540	1471	-2	7	5	6	6	6	5	5	7	-2	53	52	55	54	52	52	52	54	-2	86	85	91	86	83	86	85	86	-1
1001001000	-2	1898	1371.778	540.339	5.875	0.781	53	1.118	86	2.121	1387.333	86	0	0	0	9	9	1898	1732	1873	1240	1208	1386	1540	1471	-2	7	5	6	6	6	5	5	7	-2	53	52	55	54	52	52	52	54	-2	86	85	91	86	83	86	85	86	-1
1001001000	-2	2282	1545.111	624.398	6.125	0.599	53.375	1.409	87.5	2.236	1560.889	87.5	0	0	0	9	9	2282	2013	1952	1445	1190	1659	1698	1669	-2	7	6	6	6	6	5	6	7	-2	54	52	56	55	52	53	52	53	-2	88	87	92	88	84	89	86	86	-1
1001001000	-2	2206	1668.667	635.481	6.125	0.599	54.375	1.576	90.875	2.088	1684.444	90.875	0	0	0	9	9	2206	2130	1890	1666	1370	1820	1956	1982	-2	7	5	6	6	6	6	6	7	-2	55	53	55	58	53	54	53	54	-2	93	90	93	94	88	91	89	89	-1
1001001000	-2	2206	1668.667	635.481	6.125	0.599	54.375	1.576	90.875	2.088	1684.444	90.875	0	0	0	9	9	2206	2130	1890	1666	1370	1820	1956	1982	-2	7	5	6	6	6	6	6	7	-2	55	53	55	58	53	54	53	54	-2	93	90	93	94	88	91	89	89	-1
1001001000	-2	2216	1668.556	626.398	6.375	0.484	54.75	1.561	91.75	2.165	1679.111	91.75	0	0	0	9	9	1851	2216	1930	1692	1463	1776	2026	2065	-2	7	6	6	7	6	6	6	7	-2	56	53	56	57	53	54	53	56	-2	94	90	93	95	89	91	89	93	-1
1001001000	-2	2216	1668.556	626.398	6.375	0.484	54.75	1.561	91.75	2.165	1679.111	91.75	0	0	0	9	9	1851	2216	1930	1692	1463	1776	2026	2065	-2	7	6	6	7	6	6	6	7	-2	56	53	56	57	53	54	53	56	-2	94	90	93	95	89	91	89	93	-1
1001001000	-2	1907	876.333	487.98	5.75	0.433	47.625	1.867	77.125	2.26	889.667	77.125	0	0	0	9	9	1006	692	1235	1907	551	942	793	763	-2	6	6	6	6	5	6	6	5	-2	50	48	50	47	45	49	47	45	-2	79	76	80	79	74	79	76	74	-1
1001001000	-2	1788	971.222	491.421	6.625	0.857	57	2.449	87.75	3.7	1047	87.75	0	0	0	9	9	1162	823	1491	977	840	1126	1788	536	-2	8	6	7	7	6	5	7	7	-2	57	56	58	61	52	56	57	59	-2	88	86	92	93	80	87	88	88	-1
1001001000	-2	1493	844.778	394.026	6	0.866	52.875	2.088	83.125	3.018	874.222	83.125	0	0	0	9	9	1493	960	1150	837	524	731	1037	873	-2	8	6	6	6	5	5	6	6	-2	54	53	56	52	49	51	53	55	-2	85	84	88	84	77	81	82	84	-1
1001001000	-2	1490	828	390.183	6	0.866	52.875	2.088	83.125	3.018	874.222	83.125	0	0	0	9	9	1490	843	1125	833	521	725	1047	870	-2	8	6	6	6	5	5	6	6	-2	54	53	56	52	49	51	53	55	-2	85	84	88	84	77	81	82	84	-1
1001001000	-2	1629	1187.111	453.852	5.875	0.599	51.75	1.392	83.625	2.058	1194.333	83.625	0	0	0	9	9	1629	1497	1321	964	1266	1275	1334	1400	-2	7	6	6	6	5	5	6	6	-2	53	51	54	51	50	50	52	53	-2	86	83	87	83	80	82	84	84	-1
1001001000	-2	3468	2909.667	1034.72	7.125	0.599	65	2.398	108.75	3.382	2910.111	108.75	0	0	0	9	9	3132	3149	3468	3394	3213	3212	3300	3321	-2	8	7	7	7	7	8	6	7	-2	67	63	70	66	62	64	64	64	-2	110	107	117	109	106	107	108	106	-1
1001001000	-2	1658	1294.667	500.299	5.125	0.331	48.125	1.364	78.75	1.639	1306.222	78.75	0	0	0	9	9	1549	1658	1603	1514	1652	1432	1237	1009	-2	6	5	5	5	5	5	5	5	-2	50	47	50	48	46	49	48	47	-2	81	78	81	79	77	79	79	76	-1
1001001000	-2	2225	1524.778	587.584	5.25	0.433	48.625	1.576	80.25	2.278	1536.444	80.25	0	0	0	9	9	1680	1575	2000	2225	1639	1456	1502	1648	-2	6	5	5	5	5	6	5	5	-2	52	48	49	48	46	49	49	48	-2	85	79	82	81	77	79	80	79	-1
1001001000	-2	3553	2561.778	962.011	6.75	0.661	57.625	3.12	102.125	4.256	2589.222	102.125	0	0	0	9	9	2936	2993	2640	3089	2933	2501	2413	3553	-2	8	7	7	6	6	7	7	6	-2	62	54	57	58	56	54	63	57	-2	108	97	101	105	101	96	108	101	-1
1001001000	-2	2197	1367.556	547.42	6.875	1.166	59.375	2.826	92.125	3.822	1367.889	92.125	0	0	0	9	9	1526	1292	2197	1434	1404	1676	1373	1408	-2	7	7	7	8	6	5	9	6	-2	59	58	60	64	55	56	61	62	-2	92	89	97	97	85	90	94	93	-1
1001001000	-2	2154	1256.556	527.26	6.875	1.166	59.375	2.826	92.125	3.822	1367.889	92.125	0	0	0	9	9	1271	1166	2154	1160	1357	1521	1359	1323	-2	7	7	7	8	6	5	9	6	-2	59	58	60	64	55	56	61	62	-2	92	89	97	97	85	90	94	93	-1
1001001000	-2	1420	893.778	400.692	5.75	0.661	51.75	1.639	82	2.598	899.111	82	0	0	0	9	9	1224	1057	1420	1092	580	749	1138	786	-2	7	5	6	6	5	5	6	6	-2	52	53	53	53	49	49	52	53	-2	82	82	86	85	77	80	82	82	-1
