1001001000	-2	519	300.667	156.177	17.625	4.121	86.625	5.023	158.25	15.498	4502.222	158.5	0	0	0	9	9	405	218	126	519	462	274	354	350	-2	15	13	12	17	22	19	18	25	-2	84	85	76	85	91	93	90	89	-2	169	149	135	157	191	158	159	148	-1
1001001000	-2	438	288.667	135.643	19	4.123	84.875	3.919	156	15.644	4621.889	157.375	0	0	0	9	9	438	282	124	394	405	266	350	341	-2	19	13	14	17	24	22	18	25	-2	85	80	79	84	89	90	89	83	-2	183	140	138	156	171	156	166	138	-1
1001001000	-2	3207	2191.889	1013.519	12.875	4.91	75.25	4.054	121.5	8.367	3039.778	120.75	0	0	0	9	9	2790	1589	1736	2838	2961	3152	3207	1456	-2	22	10	8	11	16	18	7	11	-2	79	70	72	73	78	82	77	71	-2	129	116	110	122	122	136	126	111	-1
1001001000	-2	3207	2191.889	1013.519	12.875	4.91	75.25	4.054	121.5	8.367	3039.778	120.75	0	0	0	9	9	2790	1589	1736	2838	2961	3152	3207	1456	-2	22	10	8	11	16	18	7	11	-2	79	70	72	73	78	82	77	71	-2	129	116	110	122	122	136	126	111	-1
1001001000	-2	3201	2295.444	990.66	13.125	4.594	75	3.464	120	5.074	2917	119.125	0	0	0	9	9	2681	1395	1934	3111	3201	2477	2668	3194	-2	22	10	11	12	15	18	7	10	-2	77	70	75	73	80	78	77	70	-2	125	115	113	121	124	125	124	113	-1
1001001000	-2	3201	2295.111	990.671	13.125	4.594	75	3.464	120	5.074	2917	119.125	0	0	0	9	9	2681	1394	1933	3112	3201	2478	2667	3192	-2	22	10	11	12	15	18	7	10	-2	77	70	75	73	80	78	77	70	-2	125	115	113	121	124	125	124	113	-1
1001001000	-2	2696	1524.222	731.788	13.5	4.472	73.875	3.655	116.625	5.743	2708.444	116	0	0	0	9	9	1671	926	1287	2696	2053	1431	1505	2151	-2	22	10	14	12	15	18	8	9	-2	78	70	73	71	78	76	77	68	-2	123	113	111	117	119	121	123	106	-1
1001001000	-2	2696	1524.222	731.788	13.5	4.472	73.875	3.655	116.625	5.743	2708.444	116	0	0	0	9	9	1671	926	1287	2696	2053	1431	1505	2151	-2	22	10	14	12	15	18	8	9	-2	78	70	73	71	78	76	77	68	-2	123	113	111	117	119	121	123	106	-1
1001001000	-2	2701	1203.778	661.407	13.375	4.554	74	4.062	116.5	5.809	2644.333	115.875	0	0	0	9	9	1237	1076	904	2701	1116	1062	1210	1530	-2	22	10	16	12	14	17	8	8	-2	79	73	74	72	76	75	78	65	-2	123	116	112	118	117	119	123	104	-1
1001001000	-2	2355	999.556	579.953	13.375	4.554	74	4.062	116.5	5.809	2644.333	115.875	0	0	0	9	9	1108	967	759	2355	897	808	874	1230	-2	22	10	16	12	14	17	8	8	-2	79	73	74	72	76	75	78	65	-2	123	116	112	118	117	119	123	104	-1
1001001000	-2	2090	1177.778	557.403	12.875	4.371	73.625	4.06	116.875	6.566	2630.889	116.625	0	0	0	9	9	1599	974	910	2090	1101	1361	952	1615	-2	22	10	15	11	14	15	8	8	-2	78	76	74	72	74	74	77	64	-2	124	121	113	118	115	120	122	102	-1
1001001000	-2	389	279.667	126.163	18.5	3.808	99.875	3.689	214.875	23.846	3909.667	218.625	0	0	0	9	9	389	239	143	369	357	378	275	369	-2	18	14	14	16	22	22	17	25	-2	92	100	99	97	101	103	103	104	-2	206	222	264	196	207	239	191	194	-1
1001001000	-2	426	260.556	118.689	19.625	4.357	88.125	3.951	161.75	17.434	4612.333	162.75	0	0	0	9	9	426	242	207	352	319	166	312	323	-2	20	13	17	16	25	23	17	26	-2	86	82	88	87	95	89	93	85	-2	195	145	155	162	184	154	158	141	-1
1001001000	-2	3071	763	861.213	20.875	4.226	88.375	4.27	156.5	16.355	4536.222	159.25	0	0	0	9	9	547	886	902	390	208	3071	523	342	-2	24	14	18	16	26	24	20	25	-2	89	82	88	90	92	92	93	81	-2	169	148	148	133	175	171	173	135	-1
1001001000	-2	4865	1690.556	1334.573	20.875	3.919	89.375	5.023	159.5	15.612	4466.667	160.875	0	0	0	9	9	996	1996	1656	2123	850	4865	2204	527	-2	25	14	22	15	25	21	23	22	-2	89	84	92	91	91	95	94	79	-2	170	150	148	163	159	183	173	130	-1
1001001000	-2	4865	1690.556	1334.573	20.875	3.919	89.375	5.023	159.5	15.612	4466.667	160.875	0	0	0	9	9	996	1996	1656	2123	850	4865	2204	527	-2	25	14	22	15	25	21	23	22	-2	89	84	92	91	91	95	94	79	-2	170	150	148	163	159	183	173	130	-1
1001001000	-2	5264	3825.889	1583.117	16	4.123	86.75	4.38	163.125	18.217	4139.444	163.125	0	0	0	9	9	4973	5264	3227	5055	4723	3935	4566	2692	-2	24	12	11	14	20	17	13	17	-2	88	85	82	86	92	90	92	79	-2	170	178	136	158	184	172	175	132	-1
1001001000	-2	3766	2927.444	1131.196	12.25	4.38	75.5	3.041	121.5	6.062	3024.889	121.5	0	0	0	9	9	3382	3766	2106	3378	3429	3191	3714	3383	-2	21	11	7	11	16	14	7	11	-2	78	73	73	75	79	78	78	70	-2	125	121	113	126	124	126	127	110	-1
1001001000	-2	3766	2927.444	1131.196	12.25	4.38	75.5	3.041	121.5	6.062	3024.889	121.5	0	0	0	9	9	3382	3766	2106	3378	3429	3191	3714	3383	-2	21	11	7	11	16	14	7	11	-2	78	73	73	75	79	78	78	70	-2	125	121	113	126	124	126	127	110	-1
1001001000	-2	3678	2091.778	1034.15	12	4.031	72.375	3.498	114.5	6.185	2603.778	114.375	0	0	0	9	9	2244	1250	1297	2923	2480	2811	3678	2145	-2	20	10	9	11	15	15	7	9	-2	74	70	72	71	76	76	75	65	-2	118	112	110	117	117	121	120	101	-1
1001001000	-2	3678	2092.667	1034.402	12	4.031	72.375	3.498	114.5	6.185	2603.778	114.375	0	0	0	9	9	2243	1250	1297	2923	2484	2812	3678	2149	-2	20	10	9	11	15	15	7	9	-2	74	70	72	71	76	76	75	65	-2	118	112	110	117	117	121	120	101	-1
1001001000	-2	3020	1741.444	923.485	11.875	3.951	72	3.937	113.75	6.476	2552.111	113.5	0	0	0	9	9	1493	1255	788	3020	2298	2003	2921	1897	-2	20	9	10	11	14	15	7	9	-2	72	71	71	72	76	75	76	63	-2	114	115	109	116	117	120	120	99	-1
1001001000	-2	3020	1756.556	885.761	11.625	4.121	71.875	3.982	113.5	6.69	2552.111	113.5	0	0	0	9	9	1526	1605	823	3020	2234	2188	2757	1658	-2	20	9	8	11	14	15	7	9	-2	72	71	70	72	76	75	76	63	-2	114	115	107	116	117	120	120	99	-1
1001001000	-2	2894	1567.333	797.714	11.5	4.213	71.25	3.961	112.125	6.845	2512	112.125	0	0	0	9	9	1748	2128	556	2894	1903	1690	1543	1646	-2	20	9	8	11	14	15	7	8	-2	71	74	70	71	72	74	76	62	-2	114	118	105	114	111	118	119	98	-1
1001001000	-2	2894	1393	740.07	12.125	4.014	71.625	3.967	112.75	6.379	2512	112.125	0	0	0	9	9	1471	1642	652	2894	1567	1320	1329	1664	-2	20	9	13	11	14	15	7	8	-2	71	74	73	71	72	74	76	62	-2	114	118	110	114	111	118	119	98	-1
1001001000	-2	2486	1351.556	761.602	11.875	4.4	72.625	4.241	114.75	6.629	2597.556	114.75	0	0	0	9	9	2227	1170	672	2486	1539	947	1037	2088	-2	21	10	8	10	15	15	8	8	-2	75	76	70	71	76	74	76	63	-2	120	121	109	114	118	117	119	100	-1
1001001000	-2	2636	1487.444	707.673	11.875	4.4	72.625	4.241	114.75	6.629	2597.556	114.75	0	0	0	9	9	1876	1497	976	2636	2021	1211	1289	1883	-2	21	10	8	10	15	15	8	8	-2	75	76	70	71	76	74	76	63	-2	120	121	109	114	118	117	119	100	-1
1001001000	-2	2561	1706.778	742.787	12.375	4.241	75.5	4.359	123.25	8.197	2690.222	123.25	0	0	0	9	9	2561	1611	1628	2457	1750	1096	2178	2082	-2	21	10	8	11	16	15	9	9	-2	78	80	75	74	78	76	78	65	-2	132	132	119	122	126	122	128	105	-1
1001001000	-2	2612	1755.667	753.381	12.375	4.241	75.5	4.359	123.25	8.197	2690.222	123.25	0	0	0	9	9	2612	1588	1703	2458	1906	1157	2234	2145	-2	21	10	8	11	16	15	9	9	-2	78	80	75	74	78	76	78	65	-2	132	132	119	122	126	122	128	105	-1
1001001000	-2	3395	2324.667	946.569	14.375	4.241	79.625	5.655	138.25	14.592	3187.556	138.25	0	0	0	9	9	2886	3395	2450	2861	2648	1529	2475	2680	-2	20	11	9	13	17	16	20	9	-2	82	88	80	79	81	77	83	67	-2	153	165	131	132	136	131	144	114	-1
1001001000	-2	3543	2602.333	1040.855	15.125	3.855	83.25	6.359	148.5	18.802	3340.556	148.5	0	0	0	9	9	2846	3344	2650	2239	3543	2115	3391	3295	-2	19	13	11	14	18	16	21	9	-2	86	94	81	87	84	78	85	71	-2	164	188	138	144	146	137	150	121	-1
1001001000	-2	3376	2355.444	969.537	15.125	3.855	83.25	6.359	148.5	18.802	3340.556	148.5	0	0	0	9	9	2531	3063	2557	2045	3008	1693	2928	3376	-2	19	13	11	14	18	16	21	9	-2	86	94	81	87	84	78	85	71	-2	164	188	138	144	146	137	150	121	-1
1001001000	-2	3808	2406.333	1042.073	18.875	3.689	93.875	7.833	172.375	8.999	2735.889	172.75	0	0	0	9	9	2596	1724	3808	2194	2731	2868	2271	3467	-2	14	22	20	19	20	18	25	13	-2	92	109	87	91	93	93	103	83	-2	176	188	159	170	169	177	179	161	-1
1001001000	-2	3731	2145.444	958.443	19.875	4.014	95.375	8.572	172.875	10.891	2637.556	174.125	0	0	0	9	9	2260	1703	3731	2303	2091	2661	1732	2830	-2	14	22	20	20	22	20	27	14	-2	92	110	89	90	93	100	106	83	-2	183	188	163	170	170	177	180	152	-1
1001001000	-2	3690	2460.222	992.078	19.75	4.116	93	8.062	170.25	12.872	2857.111	170.25	0	0	0	9	9	2901	2164	3690	2860	3012	2917	1928	2672	-2	14	20	19	21	19	20	29	16	-2	86	105	90	87	91	96	106	83	-2	166	184	160	170	170	187	180	145	-1
1001001000	-2	3652	2434	981.649	19.75	4.116	93	8.062	170.25	12.872	2857.111	170.25	0	0	0	9	9	2896	2121	3652	2827	2960	2881	1919	2652	-2	14	20	19	21	19	20	29	16	-2	86	105	90	87	91	96	106	83	-2	166	184	160	170	170	187	180	145	-1
1001001000	-2	470	310.111	134.806	18.375	3.533	97	3.873	205	20.767	4594	210	0	0	0	9	9	452	237	470	341	370	354	224	345	-2	19	13	19	15	18	23	16	24	-2	90	95	97	95	95	102	102	100	-2	204	203	254	196	206	208	192	177	-1
1001001000	-2	478	306.778	135.855	21.75	4.918	88.125	4.484	158.125	15.463	4520.444	158.125	0	0	0	9	9	478	171	410	355	312	390	288	359	-2	23	14	27	16	25	27	17	25	-2	84	82	91	87	95	91	92	83	-2	176	142	164	155	184	158	152	134	-1
1001001000	-2	572	210.667	191.373	20.75	3.897	86.125	4.256	143	8.775	4105.111	143	0	0	0	9	9	205	93	572	64	155	534	144	131	-2	23	14	22	16	24	24	18	25	-2	83	79	90	85	89	89	92	82	-2	145	129	147	144	144	154	152	129	-1
1001001000	-2	617	224	194.918	20.75	3.897	86.125	4.256	143	8.775	4105.111	143	0	0	0	9	9	287	90	492	64	202	617	130	136	-2	23	14	22	16	24	24	18	25	-2	83	79	90	85	89	89	92	82	-2	145	129	147	144	144	154	152	129	-1
1001001000	-2	4367	3377.222	1287.735	21	3.571	93.625	4.973	167.75	11.903	3818.556	167.75	0	0	0	9	9	4161	3490	2943	4367	3919	3120	4173	4224	-2	26	15	25	17	21	22	23	19	-2	94	94	98	93	90	100	97	83	-2	170	160	178	174	153	184	175	148	-1
1001001000	-2	3999	2742.444	1092.499	12	4.33	75.625	3.389	123.375	7.347	3034	123.375	0	0	0	9	9	3999	2941	1954	3102	2982	3228	3404	3074	-2	21	11	7	11	16	12	7	11	-2	80	75	74	73	78	77	79	69	-2	134	125	114	125	124	125	130	110	-1
1001001000	-2	3999	2742.444	1092.499	12	4.33	75.625	3.389	123.375	7.347	3034	123.375	0	0	0	9	9	3999	2941	1954	3102	2982	3228	3404	3074	-2	21	11	7	11	16	12	7	11	-2	80	75	74	73	78	77	79	69	-2	134	125	114	125	124	125	130	110	-1
1001001000	-2	3311	2218.667	1012.006	11.25	3.767	70.75	3.992	113.125	7.253	2510.222	113.125	0	0	0	9	9	2775	2686	1115	2783	2467	3083	3311	1750	-2	19	10	7	11	14	13	7	9	-2	74	71	70	69	75	70	75	62	-2	118	115	108	116	117	115	120	96	-1
1001001000	-2	3619	2363.667	1068.042	11.25	3.767	70.75	3.992	113.125	7.253	2510.222	113.125	0	0	0	9	9	2938	3045	1256	2799	2671	3092	3619	1855	-2	19	10	7	11	14	13	7	9	-2	74	71	70	69	75	70	75	62	-2	118	115	108	116	117	115	120	96	-1
1001001000	-2	2964	1948.333	930.035	11	3.571	69	3.775	109.25	6.553	2253.778	109.25	0	0	0	9	9	2964	2135	1033	2553	2365	2788	2487	1212	-2	18	9	7	11	14	13	7	9	-2	70	70	69	68	74	70	71	60	-2	111	112	107	110	115	114	112	93	-1
1001001000	-2	2964	1948.333	930.035	11	3.571	69	3.775	109.25	6.553	2253.778	109.25	0	0	0	9	9	2964	2135	1033	2553	2365	2788	2487	1212	-2	18	9	7	11	14	13	7	9	-2	70	70	69	68	74	70	71	60	-2	111	112	107	110	115	114	112	93	-1
1001001000	-2	2522	1457.556	872.251	9.875	2.571	67.375	3.314	106.125	6.051	2211.667	106.125	0	0	0	9	9	2325	1553	806	2406	2055	917	2522	536	-2	14	8	7	11	13	11	7	8	-2	68	70	69	67	68	68	70	59	-2	107	113	106	107	108	109	108	91	-1
1001001000	-2	2522	1457.556	872.251	9.875	2.571	67.375	3.314	106.125	6.051	2211.667	106.125	0	0	0	9	9	2325	1553	806	2406	2055	917	2522	536	-2	14	8	7	11	13	11	7	8	-2	68	70	69	67	68	68	70	59	-2	107	113	106	107	108	109	108	91	-1
1001001000	-2	2253	1426.667	753.058	9.875	2.713	68	3.606	107.125	6.153	2264.667	107.125	0	0	0	9	9	2253	1703	1114	2186	2234	711	1791	850	-2	14	8	7	10	14	11	7	8	-2	69	70	67	66	73	69	70	60	-2	109	114	105	107	114	108	107	93	-1
1001001000	-2	2244	1418.111	749.519	9.875	2.713	68	3.606	107.125	6.153	2264.667	107.125	0	0	0	9	9	2244	1647	1113	2186	2234	715	1782	844	-2	14	8	7	10	14	11	7	8	-2	69	70	67	66	73	69	70	60	-2	109	114	105	107	114	108	107	93	-1
1001001000	-2	2677	1645.444	816.165	10.125	2.571	69.625	4.091	109.75	6.078	2375.556	109.75	0	0	0	9	9	2461	2252	1571	2330	2677	1013	1218	1289	-2	13	9	7	11	14	12	7	8	-2	68	73	68	70	76	70	71	61	-2	109	117	108	112	118	109	108	97	-1
1001001000	-2	2677	1645.444	816.165	10.125	2.571	69.625	4.091	109.75	6.078	2375.556	109.75	0	0	0	9	9	2461	2252	1571	2330	2677	1013	1218	1289	-2	13	9	7	11	14	12	7	8	-2	68	73	68	70	76	70	71	61	-2	109	117	108	112	118	109	108	97	-1
1001001000	-2	2391	1494.111	752.075	10.75	2.487	72	4.899	116.125	7.424	2490.778	116.125	0	0	0	9	9	2289	1196	1372	2391	1996	773	1246	2186	-2	12	10	8	12	15	13	8	8	-2	70	76	69	73	78	71	77	62	-2	114	124	113	117	125	115	121	100	-1
1001001000	-2	3116	2066.444	866.23	11.75	2.278	75.375	4.715	126.625	8.44	2666.333	126.625	0	0	0	9	9	2721	2408	1712	2238	3116	1548	2695	2162	-2	13	11	8	13	15	14	11	9	-2	72	79	76	75	81	76	79	65	-2	124	139	125	124	135	126	131	109	-1
1001001000	-2	3116	2066.444	866.23	11.75	2.278	75.375	4.715	126.625	8.44	2666.333	126.625	0	0	0	9	9	2721	2408	1712	2238	3116	1548	2695	2162	-2	13	11	8	13	15	14	11	9	-2	72	79	76	75	81	76	79	65	-2	124	139	125	124	135	126	131	109	-1
1001001000	-2	3649	2331.111	1023.573	13.75	2.222	81.75	6.379	146	23.076	3067.889	146	0	0	0	9	9	3219	2977	2098	1967	3061	1769	3649	2242	-2	13	13	12	15	15	14	18	10	-2	79	94	81	79	85	81	85	70	-2	150	202	136	131	144	139	147	119	-1
1001001000	-2	3645	2632	1106.093	13.75	2.222	81.75	6.379	146	23.076	3067.889	146	0	0	0	9	9	3406	3630	2260	2211	3645	2214	3609	2715	-2	13	13	12	15	15	14	18	10	-2	79	94	81	79	85	81	85	70	-2	150	202	136	131	144	139	147	119	-1
1001001000	-2	3784	2662.889	1039.434	13.75	2.537	82.375	6.183	146.125	22.369	3036.778	146.125	0	0	0	9	9	3376	3264	2573	2208	3135	2891	3784	2737	-2	12	13	12	14	15	15	19	10	-2	80	95	80	80	86	81	85	72	-2	141	202	136	132	144	143	148	123	-1
1001001000	-2	3784	2405.667	976.689	13.75	2.537	82.375	6.183	146.125	22.369	3036.778	146.125	0	0	0	9	9	3094	2687	2373	1971	2769	2476	3784	2499	-2	12	13	12	14	15	15	19	10	-2	80	95	80	80	86	81	85	72	-2	141	202	136	132	144	143	148	123	-1
1001001000	-2	3348	2626.889	974.965	15.125	2.976	84.5	6	151.5	18.594	2877.222	151.5	0	0	0	9	9	3117	2846	2807	2260	2957	3193	3348	3116	-2	13	14	15	15	15	16	22	11	-2	81	98	82	80	88	82	87	78	-2	151	197	143	135	148	148	156	134	-1
1001001000	-2	3220	2508.111	957.769	15.25	3.382	85.25	6.379	153.125	18.34	2866.667	153.125	0	0	0	9	9	2973	2428	3018	2095	2567	3157	3220	3117	-2	12	14	13	16	15	17	23	12	-2	81	99	83	79	90	83	88	79	-2	154	197	145	135	152	149	158	135	-1
1002002000	-2	408	271.889	155.104	19	1.512	133.429	7.835	286.625	41.641	2329.222	286.625	0	0	0	9	9	347	391	243	283	408	377	401	-1	-2	20	17	18	21	21	18	18	-2	-2	136	128	129	141	145	120	135	-2	-2	316	275	252	339	332	221	314	244	-1
1001001000	-2	570	335.444	169.065	22	4.796	84.5	5.123	140.25	10.158	4119.444	140.25	0	0	0	9	9	440	135	523	364	341	570	302	346	-2	24	15	29	16	24	27	18	23	-2	81	78	92	84	89	89	86	77	-2	144	130	153	142	144	152	136	121	-1
1001001000	-2	378	152.333	113.65	20.125	5.555	79	5.362	122.125	7.253	3137.222	122.125	0	0	0	9	9	175	39	378	129	155	293	65	139	-2	24	14	29	15	20	24	12	23	-2	79	72	87	73	83	84	81	73	-2	124	114	133	118	124	130	124	110	-1
1001001000	-2	315	130.333	99.84	18.5	5.05	74.75	5.695	113.75	6.057	2779.667	113.75	0	0	0	9	9	157	114	267	87	144	315	14	77	-2	24	12	24	14	19	22	11	22	-2	77	69	85	66	78	76	77	70	-2	118	107	125	108	114	116	116	106	-1
1001001000	-2	313	131.889	100.048	18.5	5.05	74.75	5.695	113.75	6.057	2779.667	113.75	0	0	0	9	9	173	114	267	88	144	313	14	76	-2	24	12	24	14	19	22	11	22	-2	77	69	85	66	78	76	77	70	-2	118	107	125	108	114	116	116	106	-1
1001001000	-2	2908	920	830.076	20.125	5.487	84.25	5.214	131.5	10.886	3661.556	134.375	0	0	0	9	9	221	1653	615	457	901	2908	673	854	-2	27	14	30	17	21	21	14	17	-2	87	86	92	84	76	86	87	76	-2	120	137	145	124	123	143	143	117	-1
1001001000	-2	3236	1069.111	900.484	20.125	5.487	84.25	5.214	134	9.887	3661.556	134.375	0	0	0	9	9	494	1843	838	507	1067	3236	694	945	-2	27	14	30	17	21	21	14	17	-2	87	86	92	84	76	86	87	76	-2	138	137	145	126	123	143	143	117	-1
1001001000	-2	4975	3378.889	1322.469	15	4.69	81.5	4.664	136.125	9.968	3499	136.125	0	0	0	9	9	4975	3396	2740	3763	3583	3781	4095	4079	-2	25	13	14	14	19	14	8	13	-2	90	81	84	82	77	82	83	73	-2	155	136	132	138	126	139	143	120	-1
1001001000	-2	4975	3425.222	1309.41	15	4.69	81.5	4.664	136.125	9.968	3499	136.125	0	0	0	9	9	4975	3396	3077	3763	3678	3781	4095	4064	-2	25	13	14	14	19	14	8	13	-2	90	81	84	82	77	82	83	73	-2	155	136	132	138	126	139	143	120	-1
1001001000	-2	3441	2769.667	1005.008	12.25	4.176	74.375	3.426	121.5	6.461	2809.111	121.5	0	0	0	9	9	3206	2881	3175	3233	3326	3004	3441	2663	-2	21	11	8	12	16	12	7	11	-2	76	74	77	74	78	75	75	66	-2	125	123	120	124	124	126	125	105	-1
1001001000	-2	3441	2769.667	1005.008	12.25	4.176	74.375	3.426	121.5	6.461	2809.111	121.5	0	0	0	9	9	3206	2881	3175	3233	3326	3004	3441	2663	-2	21	11	8	12	16	12	7	11	-2	76	74	77	74	78	75	75	66	-2	125	123	120	124	124	126	125	105	-1
1001001000	-2	2768	1878.444	936.587	8.875	2.421	66.625	3.039	104.875	5.555	2079.111	104.875	0	0	0	9	9	2549	2739	1279	2379	2012	2481	2768	701	-2	14	8	7	7	11	9	6	9	-2	69	69	69	66	67	64	69	60	-2	107	111	105	106	105	106	108	91	-1
1001001000	-2	2889	1944.111	950.497	8.875	2.421	66.625	3.039	104.875	5.555	2079.111	104.875	0	0	0	9	9	2889	2739	1493	2379	2012	2481	2768	738	-2	14	8	7	7	11	9	6	9	-2	69	69	69	66	67	64	69	60	-2	107	111	105	106	105	106	108	91	-1
1001001000	-2	2647	1833.333	925.719	8.75	1.714	65.125	2.759	102.625	4.973	1988.333	102.625	0	0	0	9	9	2647	2503	1871	2270	1856	2378	2608	369	-2	12	8	7	8	11	8	7	9	-2	67	68	66	64	64	63	69	60	-2	103	109	103	102	102	104	107	91	-1
1001001000	-2	2647	1833.333	925.719	8.75	1.714	65.125	2.759	102.625	4.973	1988.333	102.625	0	0	0	9	9	2647	2503	1871	2270	1856	2378	2608	369	-2	12	8	7	8	11	8	7	9	-2	67	68	66	64	64	63	69	60	-2	103	109	103	102	102	104	107	91	-1
1001001000	-2	2830	1728.889	840.141	8.5	1.5	65.5	2.646	103.625	4.442	2072.889	103.625	0	0	0	9	9	2454	1835	1650	2266	2030	1865	2830	632	-2	11	8	7	8	11	8	7	8	-2	67	68	66	64	66	64	69	60	-2	105	109	103	103	105	104	107	93	-1
1001001000	-2	2830	1728.889	840.141	8.5	1.5	65.5	2.646	103.625	4.442	2072.889	103.625	0	0	0	9	9	2454	1835	1650	2266	2030	1865	2830	632	-2	11	8	7	8	11	8	7	8	-2	67	68	66	64	66	64	69	60	-2	105	109	103	103	105	104	107	93	-1
1001001000	-2	2725	1725.889	804.499	8.875	1.452	66	2.646	104.625	4.715	2131.667	104.625	0	0	0	9	9	2365	1920	2054	2157	2192	1055	2725	1067	-2	11	8	8	11	10	8	7	8	-2	66	69	66	65	67	64	70	61	-2	104	112	103	103	107	104	109	95	-1
1001001000	-2	2726	1727.111	804.35	8.875	1.452	66	2.646	104.625	4.715	2131.667	104.625	0	0	0	9	9	2364	1921	2059	2157	2192	1055	2726	1072	-2	11	8	8	11	10	8	7	8	-2	66	69	66	65	67	64	70	61	-2	104	112	103	103	107	104	109	95	-1
1001001000	-2	2544	1820.333	804.936	8.875	1.452	66.75	2.947	106.5	4.975	2217.667	106.5	0	0	0	9	9	2483	2248	1884	2256	2544	955	2427	1588	-2	10	8	8	11	11	8	7	8	-2	66	70	66	66	70	65	70	61	-2	104	115	106	105	111	103	110	98	-1
1001001000	-2	2731	1878.556	813.342	10	1.225	70.375	3.773	114.375	5.499	2359.667	114.375	0	0	0	9	9	2731	2246	2370	2184	2527	1014	2076	1761	-2	11	10	8	12	11	10	9	9	-2	70	75	68	71	74	68	74	63	-2	115	123	112	114	118	112	118	103	-1
1001001000	-2	2731	1878.556	813.342	10	1.225	70.375	3.773	114.375	5.499	2359.667	114.375	0	0	0	9	9	2731	2246	2370	2184	2527	1014	2076	1761	-2	11	10	8	12	11	10	9	9	-2	70	75	68	71	74	68	74	63	-2	115	123	112	114	118	112	118	103	-1
1001001000	-2	2618	1882.111	752.159	10.125	1.166	70.875	4.136	116.125	6.451	2438.222	116.125	0	0	0	9	9	2606	1979	2468	1752	2072	1623	2618	1823	-2	11	10	8	12	11	10	10	9	-2	69	77	68	70	74	69	76	64	-2	114	128	113	113	119	115	122	105	-1
1001001000	-2	2743	1864.333	776.265	11.125	1.763	73.75	4.548	122.75	8.258	2466.444	122.75	0	0	0	9	9	2585	2101	2281	1553	2300	1578	2743	1640	-2	11	11	9	12	11	11	15	9	-2	71	79	70	73	79	73	79	66	-2	120	136	116	118	130	123	130	109	-1
1001001000	-2	2984	1891.778	778.333	12.125	2.803	76.25	6.057	129	11.358	2623.667	129	0	0	0	9	9	2493	1897	2126	1596	2288	1856	2984	1788	-2	12	12	10	12	11	12	19	9	-2	72	86	73	74	83	76	80	66	-2	125	152	121	122	136	129	135	112	-1
1001001000	-2	2984	1891.778	778.333	12.125	2.803	76.25	6.057	129	11.358	2623.667	129	0	0	0	9	9	2493	1897	2126	1596	2288	1856	2984	1788	-2	12	12	10	12	11	12	19	9	-2	72	86	73	74	83	76	80	66	-2	125	152	121	122	136	129	135	112	-1
1001001000	-2	2687	1732.111	720.522	12.25	3.419	75.875	5.754	127.75	10.109	2610.222	127.75	0	0	0	9	9	2237	1356	1991	1467	1973	1746	2687	2134	-2	11	11	11	10	11	13	21	10	-2	72	85	72	75	81	75	81	66	-2	124	146	118	124	133	128	137	112	-1
1001001000	-2	2687	1732.111	720.522	12.25	3.419	75.875	5.754	127.75	10.109	2610.222	127.75	0	0	0	9	9	2237	1356	1991	1467	1973	1746	2687	2134	-2	11	11	11	10	11	13	21	10	-2	72	85	72	75	81	75	81	66	-2	124	146	118	124	133	128	137	112	-1
1001001000	-2	2677	1942.333	776.358	11.75	2.905	75.125	4.649	126.75	9.404	2685.333	126.75	0	0	0	9	9	2459	2677	1697	1758	2203	1696	2481	2512	-2	11	10	10	10	11	13	19	10	-2	73	81	70	74	78	75	82	68	-2	125	143	115	122	130	128	137	114	-1
1001001000	-2	304	179.111	80.631	15	2.449	100.75	3.491	178.375	4.608	4193.667	177.625	0	0	0	9	9	304	236	143	170	245	190	147	179	-2	18	17	14	13	13	16	11	18	-2	94	102	104	98	98	103	105	102	-2	177	177	184	180	178	174	186	171	-1
1001001000	-2	277	118.778	91.753	18	6.708	70.75	5.932	106.375	6.67	2371.778	105.125	0	0	0	9	9	115	181	277	75	182	201	14	26	-2	22	11	17	12	16	20	33	13	-2	71	64	79	64	69	71	81	67	-2	107	99	114	101	103	110	118	99	-1
1001001000	-2	1164	491	316.349	17.25	5.019	75.625	4.581	115.625	6.537	2610.333	115.625	0	0	0	9	9	376	426	852	266	1164	453	448	436	-2	25	12	24	16	19	18	10	14	-2	75	73	86	75	74	73	79	70	-2	116	111	130	113	116	114	119	106	-1
1001001000	-2	5216	3617.889	1381.084	16.5	4.031	83.125	4.781	140.5	9.592	3831.889	140.5	0	0	0	9	9	5216	4396	3615	3228	3808	4006	4196	4098	-2	25	13	19	16	19	14	12	14	-2	86	85	93	82	79	81	83	76	-2	151	141	157	134	133	139	144	125	-1
1001001000	-2	5216	3617.889	1381.084	16.5	4.031	83.125	4.781	140.5	9.592	3831.889	140.5	0	0	0	9	9	5216	4396	3615	3228	3808	4006	4196	4098	-2	25	13	19	16	19	14	12	14	-2	86	85	93	82	79	81	83	76	-2	151	141	157	134	133	139	144	125	-1
1001001000	-2	3916	3076.556	1123.035	12.75	3.865	77.5	3.354	129.875	5.487	3076.667	129.875	0	0	0	9	9	3877	3124	3486	3107	3916	3297	3586	3298	-2	21	11	9	13	16	12	8	12	-2	81	78	81	77	80	77	76	70	-2	138	131	131	129	130	132	131	117	-1
1001001000	-2	3916	3076.556	1123.035	12.75	3.865	77.5	3.354	129.875	5.487	3076.667	129.875	0	0	0	9	9	3877	3124	3486	3107	3916	3297	3586	3298	-2	21	11	9	13	16	12	8	12	-2	81	78	81	77	80	77	76	70	-2	138	131	131	129	130	132	131	117	-1
1001001000	-2	2896	1903.222	861.295	8.25	2.046	63.875	2.759	101	4.583	1939.667	101	0	0	0	9	9	2513	2376	1946	2456	1673	2329	2896	942	-2	13	7	7	7	9	8	6	9	-2	65	67	66	65	60	63	66	59	-2	101	106	102	103	99	104	103	90	-1
1001001000	-2	2896	1903.222	861.295	8.25	2.046	63.875	2.759	101	4.583	1939.667	101	0	0	0	9	9	2513	2376	1946	2456	1673	2329	2896	942	-2	13	7	7	7	9	8	6	9	-2	65	67	66	65	60	63	66	59	-2	101	106	102	103	99	104	103	90	-1
1001001000	-2	2520	1634.778	876.403	8	1.5	62.5	2.5	97.75	3.961	1696.333	97.75	0	0	0	9	9	2499	2059	1769	1874	1729	2116	2520	149	-2	11	7	7	8	9	7	6	9	-2	66	62	65	62	59	62	65	59	-2	100	100	99	98	96	100	101	88	-1
1001001000	-2	2520	1634.778	876.403	8	1.5	62.5	2.5	97.75	3.961	1696.333	97.75	0	0	0	9	9	2499	2059	1769	1874	1729	2116	2520	149	-2	11	7	7	8	9	7	6	9	-2	66	62	65	62	59	62	65	59	-2	100	100	99	98	96	100	101	88	-1
1001001000	-2	2351	1506.111	778.28	7.875	1.364	62.5	2	97.875	3.689	1645.778	97.875	0	0	0	9	9	1584	2351	1869	1745	1772	1830	2180	226	-2	10	7	7	8	10	7	6	8	-2	64	64	66	62	61	62	62	59	-2	99	102	101	98	98	99	97	89	-1
1001001000	-2	2351	1506.111	778.28	7.875	1.364	62.5	2	97.875	3.689	1645.778	97.875	0	0	0	9	9	1584	2351	1869	1745	1772	1830	2180	226	-2	10	7	7	8	10	7	6	8	-2	64	64	66	62	61	62	62	59	-2	99	102	101	98	98	99	97	89	-1
1001001000	-2	2454	1609.222	794.128	8	1.225	62.125	1.452	98.25	3.192	1813.333	98.25	0	0	0	9	9	1627	2454	2151	1887	1827	1792	2323	424	-2	10	7	7	7	10	8	7	8	-2	62	64	62	62	62	62	64	59	-2	97	103	99	98	99	100	99	91	-1
1001001000	-2	2454	1609.222	794.128	8	1.225	62.125	1.452	98.25	3.192	1813.333	98.25	0	0	0	9	9	1627	2454	2151	1887	1827	1792	2323	424	-2	10	7	7	7	10	8	7	8	-2	62	64	62	62	62	62	64	59	-2	97	103	99	98	99	100	99	91	-1
1001001000	-2	2458	1821.333	754.785	8.125	1.166	63.25	2.165	100.75	3.767	1969.444	100.75	0	0	0	9	9	2271	2458	2051	1919	2112	2204	2348	1031	-2	10	7	7	8	10	8	7	8	-2	61	66	62	62	65	64	66	60	-2	98	105	99	98	104	104	104	94	-1
1001001000	-2	2437	1816.667	752.982	8.125	1.166	63.25	2.165	100.75	3.767	1969.444	100.75	0	0	0	9	9	2270	2437	2051	1908	2110	2203	2347	1026	-2	10	7	7	8	10	8	7	8	-2	61	66	62	62	65	64	66	60	-2	98	105	99	98	104	104	104	94	-1
1001001000	-2	2752	2036.111	787.989	8.375	0.992	65	2.915	105.375	5.023	2094.444	105.375	0	0	0	9	9	2461	2606	1833	2033	2245	2572	2752	1825	-2	10	8	8	7	10	8	8	8	-2	64	69	65	62	66	65	69	60	-2	102	114	105	101	107	107	110	97	-1
1001001000	-2	2752	2036.111	787.989	8.375	0.992	65	2.915	105.375	5.023	2094.444	105.375	0	0	0	9	9	2461	2606	1833	2033	2245	2572	2752	1825	-2	10	8	8	7	10	8	8	8	-2	64	69	65	62	66	65	69	60	-2	102	114	105	101	107	107	110	97	-1
1001001000	-2	2560	1980.111	752.278	8.5	0.866	66.375	3.12	108.125	5.183	2112.889	108.125	0	0	0	9	9	2258	2532	1852	2058	2265	2527	2560	1771	-2	10	8	8	8	10	8	8	8	-2	65	70	66	62	68	67	71	62	-2	104	118	107	103	110	110	112	101	-1
1001001000	-2	2565	1983.667	753.16	8.5	0.866	66.375	3.12	108.125	5.183	2112.889	108.125	0	0	0	9	9	2258	2535	1852	2069	2270	2528	2565	1778	-2	10	8	8	8	10	8	8	8	-2	65	70	66	62	68	67	71	62	-2	104	118	107	103	110	110	112	101	-1
1001001000	-2	2761	2098.111	796.106	9.375	0.857	70.125	3.48	116.5	5.635	2195.667	116.5	0	0	0	9	9	2468	2708	1954	2143	2529	2415	2761	1907	-2	10	9	9	8	11	9	10	9	-2	70	74	68	68	71	70	76	64	-2	116	125	113	112	117	118	124	107	-1
1001001000	-2	2761	2098.111	796.106	9.375	0.857	70.125	3.48	116.5	5.635	2195.667	116.5	0	0	0	9	9	2468	2708	1954	2143	2529	2415	2761	1907	-2	10	9	9	8	11	9	10	9	-2	70	74	68	68	71	70	76	64	-2	116	125	113	112	117	118	124	107	-1
1001001000	-2	2735	2072.111	787.693	10.25	2.046	72.625	4.121	121.375	6.632	2370.778	121.375	0	0	0	9	9	2662	2237	2171	1691	2496	2315	2735	2344	-2	11	10	9	8	11	9	15	9	-2	73	78	71	71	73	71	79	65	-2	122	132	117	116	123	122	129	110	-1
1001001000	-2	2735	2072.111	787.693	10.25	2.046	72.625	4.121	121.375	6.632	2370.778	121.375	0	0	0	9	9	2662	2237	2171	1691	2496	2315	2735	2344	-2	11	10	9	8	11	9	15	9	-2	73	78	71	71	73	71	79	65	-2	122	132	117	116	123	122	129	110	-1
1001001000	-2	2518	1649.222	767.97	10.25	1.714	71	3.742	118.25	6.24	2374	118.25	0	0	0	9	9	2072	1406	2285	888	1765	1506	2518	2405	-2	11	10	9	8	11	10	14	9	-2	71	75	68	70	71	70	78	65	-2	119	128	114	115	118	119	126	107	-1
1001001000	-2	2518	1649.222	767.97	10.25	1.714	71	3.742	118.25	6.24	2374	118.25	0	0	0	9	9	2072	1406	2285	888	1765	1506	2518	2405	-2	11	10	9	8	11	10	14	9	-2	71	75	68	70	71	70	78	65	-2	119	128	114	115	118	119	126	107	-1
1002002000	-2	327	172.444	108.416	11.857	3.603	66.429	4.531	92	27.4	2121.778	101.375	0	0	1	9	9	141	258	261	179	146	327	242	0	-2	16	12	13	10	9	17	6	-2	-2	69	59	73	63	66	71	64	-2	-2	100	95	111	97	100	111	101	21	-1
1001001000	-2	822	378.556	255.71	14.375	3.426	71.625	5.171	110.875	7.184	2512.333	110.875	0	0	0	9	9	822	300	573	254	422	211	135	692	-2	21	12	17	14	16	14	9	12	-2	74	68	84	71	69	71	70	66	-2	114	104	128	109	111	109	108	104	-1
1001001000	-2	4485	3058	1180.955	14.375	3.199	79	5.05	132.25	7.628	3509.556	132.25	0	0	0	9	9	4485	3671	3726	2703	3023	3240	3258	3418	-2	21	12	16	15	16	13	10	12	-2	80	78	91	79	75	75	80	74	-2	134	128	150	131	128	127	136	124	-1
1001001000	-2	4487	3065.444	1182.657	14.375	3.199	79	5.05	132.25	7.628	3509.556	132.25	0	0	0	9	9	4487	3671	3729	2703	3022	3303	3258	3418	-2	21	12	16	15	16	13	10	12	-2	80	78	91	79	75	75	80	74	-2	134	128	150	131	128	127	136	124	-1
1001001000	-2	3841	2999.667	1090.39	10.625	2.446	73.25	4.023	121.5	6.083	2999.889	121.5	0	0	0	9	9	3841	3398	3434	3473	3313	3285	3443	2812	-2	16	10	9	12	11	10	7	10	-2	76	75	79	76	71	71	73	65	-2	126	124	126	126	118	121	124	107	-1
1001001000	-2	3841	2999.667	1090.39	10.625	2.446	73.25	4.023	121.5	6.083	2999.889	121.5	0	0	0	9	9	3841	3398	3434	3473	3313	3285	3443	2812	-2	16	10	9	12	11	10	7	10	-2	76	75	79	76	71	71	73	65	-2	126	124	126	126	118	121	124	107	-1
1001001000	-2	2202	1308.889	767.896	7.625	1.654	59.75	3.733	93.875	5.904	1354.556	93.875	0	0	0	9	9	1358	1947	1563	2202	1699	2059	807	147	-2	11	7	7	7	8	7	5	9	-2	61	61	64	64	57	61	52	58	-2	94	99	98	100	93	98	83	86	-1
1001001000	-2	2202	1282.889	765.368	7.625	1.654	59.75	3.733	93.875	5.904	1354.556	93.875	0	0	0	9	9	1297	1947	1479	2202	1699	2012	791	121	-2	11	7	7	7	8	7	5	9	-2	61	61	64	64	57	61	52	58	-2	94	99	98	100	93	98	83	86	-1
1001001000	-2	1859	1083.778	641.558	7.75	1.199	59	2.121	91.875	4.729	1149.333	91.875	0	0	0	9	9	1303	1859	1555	1058	1540	1606	795	40	-2	10	7	7	8	8	7	6	9	-2	61	60	59	61	58	60	54	59	-2	95	97	94	93	93	95	85	83	-1
1001001000	-2	1859	1083.778	641.558	7.75	1.199	59	2.121	91.875	4.729	1149.333	91.875	0	0	0	9	9	1303	1859	1555	1058	1540	1606	795	40	-2	10	7	7	8	8	7	6	9	-2	61	60	59	61	58	60	54	59	-2	95	97	94	93	93	95	85	83	-1
1001001000	-2	1893	1051.778	627.654	7.375	1.111	59.375	1.495	92.375	4.151	1203.556	92.375	0	0	0	9	9	908	1893	1754	1180	1452	1263	958	60	-2	9	6	7	7	9	7	6	8	-2	59	60	61	62	59	59	57	58	-2	91	96	97	94	95	94	88	84	-1
1001001000	-2	1893	1051.778	627.654	7.375	1.111	59.375	1.495	92.375	4.151	1203.556	92.375	0	0	0	9	9	908	1893	1754	1180	1452	1263	958	60	-2	9	6	7	7	9	7	6	8	-2	59	60	61	62	59	59	57	58	-2	91	96	97	94	95	94	88	84	-1
1001001000	-2	2051	1106.889	641.245	7.375	1.111	59.25	1.854	92.875	4.4	1347.222	92.875	0	0	0	9	9	1004	2051	1835	1089	1411	1269	1156	149	-2	9	6	7	7	9	7	6	8	-2	59	62	59	60	61	60	56	57	-2	93	98	95	93	97	95	88	84	-1
1001001000	-2	2051	1106.889	641.245	7.375	1.111	59.25	1.854	92.875	4.4	1347.222	92.875	0	0	0	9	9	1004	2051	1835	1089	1411	1269	1156	149	-2	9	6	7	7	9	7	6	8	-2	59	62	59	60	61	60	56	57	-2	93	98	95	93	97	95	88	84	-1
1001001000	-2	2183	1452	699.371	7.5	1	60.625	1.576	96.25	2.634	1673.889	96.25	0	0	0	9	9	1267	2183	1874	1623	2103	1436	2012	572	-2	9	6	7	7	9	7	7	8	-2	60	61	59	62	64	60	59	60	-2	95	99	96	96	101	97	94	92	-1
1001001000	-2	2183	1452	699.371	7.5	1	60.625	1.576	96.25	2.634	1673.889	96.25	0	0	0	9	9	1267	2183	1874	1623	2103	1436	2012	572	-2	9	6	7	7	9	7	7	8	-2	60	61	59	62	64	60	59	60	-2	95	99	96	96	101	97	94	92	-1
1001001000	-2	2366	1820.333	687.543	7.875	1.053	63.125	1.691	101.25	2.99	1897.444	101.25	0	0	0	9	9	1729	2346	2076	1948	2332	1738	2366	1850	-2	10	7	8	7	9	7	7	8	-2	62	65	63	63	65	62	65	60	-2	100	106	101	99	105	101	102	96	-1
1001001000	-2	2366	1820.333	687.543	7.875	1.053	63.125	1.691	101.25	2.99	1897.444	101.25	0	0	0	9	9	1729	2346	2076	1948	2332	1738	2366	1850	-2	10	7	8	7	9	7	7	8	-2	62	65	63	63	65	62	65	60	-2	100	106	101	99	105	101	102	96	-1
1001001000	-2	2668	2029.222	744.194	8.125	0.927	65	2.062	106	3.742	2040.889	106	0	0	0	9	9	2337	2449	1966	2057	2349	2228	2668	2211	-2	10	7	8	7	9	8	8	8	-2	62	67	65	63	67	65	68	63	-2	102	112	106	102	109	107	109	101	-1
1001001000	-2	2668	2029.222	744.194	8.125	0.927	65	2.062	106	3.742	2040.889	106	0	0	0	9	9	2337	2449	1966	2057	2349	2228	2668	2211	-2	10	7	8	7	9	8	8	8	-2	62	67	65	63	67	65	68	63	-2	102	112	106	102	109	107	109	101	-1
1001001000	-2	2613	2030.556	752.023	8.875	0.781	68.25	2.681	112.5	4.272	2032.556	112.5	0	0	0	9	9	2097	2312	1875	2075	2478	2324	2613	2503	-2	10	8	8	8	10	9	9	9	-2	67	71	67	65	68	70	73	65	-2	111	119	110	108	113	116	117	106	-1
1001001000	-2	2494	2032.556	739.26	9.125	1.053	69.25	2.817	114.5	4.528	2095.889	114.5	0	0	0	9	9	2013	2431	1976	2248	2368	2383	2494	2382	-2	11	8	8	8	10	9	10	9	-2	67	73	68	68	69	70	74	65	-2	113	121	111	111	116	117	120	107	-1
1001001000	-2	2494	2032.556	739.26	9.125	1.053	69.25	2.817	114.5	4.528	2095.889	114.5	0	0	0	9	9	2013	2431	1976	2248	2368	2383	2494	2382	-2	11	8	8	8	10	9	10	9	-2	67	73	68	68	69	70	74	65	-2	113	121	111	111	116	117	120	107	-1
1001001000	-2	2355	1821	690.729	9.125	0.781	67.25	3.072	110.125	4.512	2085.111	110.125	0	0	0	9	9	1878	2219	2143	1435	2094	2355	2159	2108	-2	10	9	8	8	10	9	10	9	-2	65	71	64	66	68	67	73	64	-2	107	117	106	107	112	112	116	104	-1
1005005000	-2	331	124	140.814	16	4.637	71.25	4.969	65.75	45.022	2869.556	105.5	0	0	4	9	9	256	0	285	246	0	331	0	0	-2	17	-2	22	9	-2	16	-2	-2	-2	71	-2	78	64	-2	72	-2	-2	-2	107	21	119	101	21	115	21	21	-1
1005005000	-2	263	100.889	115.281	16	4.637	71.25	4.969	65.75	45.022	2869.556	105.5	0	0	4	9	9	227	0	244	176	0	263	0	0	-2	17	-2	22	9	-2	16	-2	-2	-2	71	-2	78	64	-2	72	-2	-2	-2	107	21	119	101	21	115	21	21	-1
1001001000	-2	420	216.889	139.135	12.875	2.848	67.125	6.153	103.125	7.305	2073.667	102.875	0	0	0	9	9	200	181	391	153	379	147	83	420	-2	18	10	17	12	12	13	11	10	-2	68	61	81	63	62	69	70	63	-2	102	94	118	97	104	108	106	96	-1
1001001000	-2	1080	393.222	293.751	12.5	2.646	67.625	6.163	105.25	7.479	2090.333	105.25	0	0	0	9	9	466	319	1080	203	456	255	183	579	-2	18	10	15	13	12	12	10	10	-2	74	61	80	67	63	68	67	61	-2	111	96	121	102	105	106	104	97	-1
1001001000	-2	4279	3024.889	1215.949	12.75	2.222	76.5	5.59	129.125	7.008	3409.444	129.125	0	0	0	9	9	4116	2953	4279	2956	3196	3342	3962	2422	-2	17	11	15	14	12	12	10	11	-2	81	74	87	79	69	74	78	70	-2	134	123	142	129	124	130	133	118	-1
1001001000	-2	3646	2793.889	1139.917	9.75	2.107	70.75	5.286	115.25	6.647	2911.444	115.25	0	0	0	9	9	3276	3427	3411	3646	3071	3209	3495	1612	-2	14	8	9	12	9	9	7	10	-2	72	71	78	77	61	70	72	65	-2	114	117	123	123	107	117	118	103	-1
1001001000	-2	3646	2805.556	1132.463	9.75	2.107	70.75	5.286	115.25	6.647	2911.444	115.25	0	0	0	9	9	3276	3427	3436	3646	3071	3209	3495	1692	-2	14	8	9	12	9	9	7	10	-2	72	71	78	77	61	70	72	65	-2	114	117	123	123	107	117	118	103	-1
1001001000	-2	1756	768.889	605.208	7.125	1.536	56.375	3.314	85.875	7.944	852.889	85.875	0	0	0	9	9	399	1756	1490	875	591	1353	457	1	-2	10	6	6	7	7	7	5	9	-2	56	57	59	61	55	58	49	56	-2	81	93	94	92	87	91	79	70	-1
1001001000	-2	1756	768.889	605.208	7.125	1.536	56.375	3.314	85.875	7.944	852.889	85.875	0	0	0	9	9	399	1756	1490	875	591	1353	457	1	-2	10	6	6	7	7	7	5	9	-2	56	57	59	61	55	58	49	56	-2	81	93	94	92	87	91	79	70	-1
1001001000	-2	1643	683	594.662	7.375	1.317	57.25	1.92	87.625	5.219	819.333	87.625	0	0	0	9	9	602	1643	1552	379	712	1117	102	42	-2	9	6	7	8	8	7	5	9	-2	57	57	59	61	56	57	54	57	-2	87	92	94	90	89	89	76	84	-1
1001001000	-2	1643	680.556	594.909	7.375	1.317	57.25	1.92	87.625	5.219	819.333	87.625	0	0	0	9	9	588	1643	1550	378	708	1118	101	41	-2	9	6	7	8	8	7	5	9	-2	57	57	59	61	56	57	54	57	-2	87	92	94	90	89	89	76	84	-1
1001001000	-2	1678	774.333	577.372	7.25	0.968	58.625	1.867	91.5	4.031	1064.111	91.5	0	0	0	9	9	535	1678	1531	747	775	1298	314	93	-2	9	6	7	7	8	7	6	8	-2	56	59	62	60	57	60	58	57	-2	87	95	98	92	91	95	88	86	-1
1001001000	-2	1678	774.333	577.372	7.25	0.968	58.625	1.867	91.5	4.031	1064.111	91.5	0	0	0	9	9	535	1678	1531	747	775	1298	314	93	-2	9	6	7	7	8	7	6	8	-2	56	59	62	60	57	60	58	57	-2	87	95	98	92	91	95	88	86	-1
1001001000	-2	1817	896.556	587.583	7.125	1.053	58	1.803	91.25	3.455	1213.444	91.25	0	0	0	9	9	612	1817	1657	1020	1142	1093	604	126	-2	9	6	7	7	8	6	6	8	-2	56	59	59	61	59	58	55	57	-2	88	95	95	93	94	92	86	87	-1
1001001000	-2	1817	898.556	587.691	7.125	1.053	58	1.803	91.25	3.455	1213.444	91.25	0	0	0	9	9	615	1817	1657	1026	1149	1093	605	127	-2	9	6	7	7	8	6	6	8	-2	56	59	59	61	59	58	55	57	-2	88	95	95	93	94	92	86	87	-1
1001001000	-2	1890	1254.778	618.641	8.25	2.332	59.25	2.046	94.25	2.586	1503	93.875	0	0	0	9	9	970	1806	1890	1688	1482	1178	1775	506	-2	9	6	7	14	8	7	7	8	-2	58	58	59	64	61	58	58	58	-2	92	95	96	98	97	94	92	90	-1
1001001000	-2	1890	1254.778	618.641	8.25	2.332	59.25	2.046	94.25	2.586	1503	93.875	0	0	0	9	9	970	1806	1890	1688	1482	1178	1775	506	-2	9	6	7	14	8	7	7	8	-2	58	58	59	64	61	58	58	58	-2	92	95	96	98	97	94	92	90	-1
1001001000	-2	2516	1789.444	699.701	8.375	2.288	61.875	1.536	99.375	2.288	1840.111	99.125	0	0	0	9	9	1920	1934	1901	2028	2516	1445	2442	1921	-2	9	6	8	14	8	7	7	8	-2	61	61	61	64	65	61	61	61	-2	98	100	100	101	104	98	98	96	-1
1001001000	-2	2518	1790.667	699.965	8.375	2.288	61.875	1.536	99.375	2.288	1840.111	99.125	0	0	0	9	9	1929	1934	1901	2028	2518	1446	2441	1921	-2	9	6	8	14	8	7	7	8	-2	61	61	61	64	65	61	61	61	-2	98	100	100	101	104	98	98	96	-1
1001001000	-2	2609	1837	688.521	8.25	0.829	64.625	1.218	105.125	2.522	1837.889	105.125	0	0	0	9	9	2006	1912	1917	2098	2609	1805	2247	1941	-2	10	7	8	8	9	8	8	8	-2	63	65	65	64	67	65	65	63	-2	102	108	105	103	109	107	105	102	-1
1001001000	-2	2609	1837	688.521	8.25	0.829	64.625	1.218	105.125	2.522	1837.889	105.125	0	0	0	9	9	2006	1912	1917	2098	2609	1805	2247	1941	-2	10	7	8	8	9	8	8	8	-2	63	65	65	64	67	65	65	63	-2	102	108	105	103	109	107	105	102	-1
1001001000	-2	2628	1872.222	704.716	8.25	0.829	65.625	1.409	107.625	3.314	1874.556	107.625	0	0	0	9	9	1945	1865	1870	2121	2628	1896	2340	2187	-2	10	7	8	8	9	8	8	8	-2	64	68	65	65	67	67	65	64	-2	104	113	106	105	111	111	107	104	-1
1001001000	-2	2628	1872.222	704.716	8.25	0.829	65.625	1.409	107.625	3.314	1874.556	107.625	0	0	0	9	9	1945	1865	1870	2121	2628	1896	2340	2187	-2	10	7	8	8	9	8	8	8	-2	64	68	65	65	67	67	65	64	-2	104	113	106	105	111	111	107	104	-1
1001001000	-2	2595	1862.778	733.05	8.375	0.696	66.5	1.658	109.125	2.934	1872.667	109.125	0	0	0	9	9	1801	1905	1526	2220	2553	2117	2595	2050	-2	10	8	8	8	9	8	8	8	-2	66	69	66	67	68	67	66	63	-2	108	114	107	108	112	111	109	104	-1
1001001000	-2	2595	1862.778	733.05	8.375	0.696	66.5	1.658	109.125	2.934	1872.667	109.125	0	0	0	9	9	1801	1905	1526	2220	2553	2117	2595	2050	-2	10	8	8	8	9	8	8	8	-2	66	69	66	67	68	67	66	63	-2	108	114	107	108	112	111	109	104	-1
1007007000	-2	206	34.444	69.12	12.5	3.5	88.5	0.5	52.75	55.013	3047.889	149.375	0	0	6	9	9	0	0	0	106	0	206	0	0	-2	-2	-2	-2	9	-2	16	-2	-2	-2	-2	-2	-2	88	-2	89	-2	-2	-2	21	21	21	145	21	151	21	21	-1
1007007000	-2	221	37.667	74.89	11	4	57	5	38.5	30.459	1773.889	89	0	0	6	9	9	0	0	0	120	0	221	0	0	-2	-2	-2	-2	7	-2	15	-2	-2	-2	-2	-2	-2	52	-2	62	-2	-2	-2	21	21	21	85	21	97	21	21	-1
1001001000	-2	4078	2524.778	1237.654	10.25	1.92	71.625	6.575	118.375	7.017	3024.778	118.375	0	0	0	9	9	4078	2753	3405	2677	1906	2686	3973	1247	-2	13	9	12	13	9	9	8	9	-2	79	70	79	76	58	70	74	67	-2	125	116	126	120	107	120	125	108	-1
1001001000	-2	4078	2524.778	1237.654	10.25	1.92	71.625	6.575	118.375	7.017	3024.778	118.375	0	0	0	9	9	4078	2753	3405	2677	1906	2686	3973	1247	-2	13	9	12	13	9	9	8	9	-2	79	70	79	76	58	70	74	67	-2	125	116	126	120	107	120	125	108	-1
1001001000	-2	3162	1831.889	959.534	9	1.658	67.375	4.299	105.625	5.611	2271.222	105.625	0	0	0	9	9	1239	2712	2412	3162	1745	2491	2001	727	-2	12	8	8	11	8	8	7	10	-2	68	66	72	74	59	69	66	65	-2	103	107	112	115	99	108	103	98	-1
1001001000	-2	3162	1831.889	959.534	9	1.658	67.375	4.299	105.625	5.611	2271.222	105.625	0	0	0	9	9	1239	2712	2412	3162	1745	2491	2001	727	-2	12	8	8	11	8	8	7	10	-2	68	66	72	74	59	69	66	65	-2	103	107	112	115	99	108	103	98	-1
1001001000	-2	1321	542.889	433.43	6.875	1.452	55.125	2.368	83.625	6.284	726.222	83.625	0	0	0	9	9	440	1121	1321	532	265	789	415	5	-2	10	6	6	7	6	7	5	8	-2	56	55	57	58	53	56	50	56	-2	86	87	91	89	78	87	80	71	-1
1001001000	-2	1261	503.778	412.283	6.875	1.452	55.125	2.368	83.625	6.284	726.222	83.625	0	0	0	9	9	377	1062	1261	499	251	709	373	4	-2	10	6	6	7	6	7	5	8	-2	56	55	57	58	53	56	50	56	-2	86	87	91	89	78	87	80	71	-1
1001001000	-2	1296	422.889	393.45	6.75	1.199	55.125	1.536	85.125	3.855	696.667	85.125	0	0	0	9	9	451	784	1296	192	241	602	217	25	-2	9	5	7	7	6	6	6	8	-2	55	56	56	58	53	55	53	55	-2	85	89	91	87	78	86	82	83	-1
1001001000	-2	1296	422.889	393.45	6.75	1.199	55.125	1.536	85.125	3.855	696.667	85.125	0	0	0	9	9	451	784	1296	192	241	602	217	25	-2	9	5	7	7	6	6	6	8	-2	55	56	56	58	53	55	53	55	-2	85	89	91	87	78	86	82	83	-1
1001001000	-2	1062	492.222	346.654	6.75	1.199	55.75	1.199	87.5	2.646	967.111	87.5	0	0	0	9	9	593	920	1062	264	435	769	266	123	-2	9	5	7	7	6	6	6	8	-2	55	56	57	58	55	55	54	56	-2	86	90	93	88	86	87	84	86	-1
1001001000	-2	1564	690.667	501.644	6.75	0.829	55.125	1.364	88	2.5	1151.111	87.75	0	0	0	9	9	441	1477	1564	534	683	882	360	277	-2	8	6	7	8	6	6	6	7	-2	54	56	55	58	54	54	54	56	-2	86	91	92	90	86	88	85	86	-1
1001001000	-2	1564	690.667	501.644	6.75	0.829	55.125	1.364	88	2.5	1151.111	87.75	0	0	0	9	9	441	1477	1564	534	683	882	360	277	-2	8	6	7	8	6	6	6	7	-2	54	56	55	58	54	54	54	56	-2	86	91	92	90	86	88	85	86	-1
1001001000	-2	1980	1084.444	569.641	7.25	0.968	56.75	1.199	90.875	2.147	1422.333	91	0	0	0	9	9	637	1714	1980	883	1108	1359	1373	708	-2	9	6	7	8	7	7	6	8	-2	56	56	58	59	57	56	55	57	-2	89	93	95	91	91	91	89	88	-1
1001001000	-2	1980	1084.444	569.641	7.25	0.968	56.75	1.199	90.875	2.147	1422.333	91	0	0	0	9	9	637	1714	1980	883	1108	1359	1373	708	-2	9	6	7	8	7	7	6	8	-2	56	56	58	59	57	56	55	57	-2	89	93	95	91	91	91	89	88	-1
1001001000	-2	2221	1664.667	623.955	8	2.062	58.625	1.798	96.25	1.561	1691	95.875	0	0	0	9	9	1864	1687	1918	2186	1606	1646	2221	1856	-2	9	6	7	13	7	7	7	8	-2	57	58	59	63	58	58	57	59	-2	95	97	98	99	96	96	94	95	-1
1001001000	-2	2195	1624.444	610.398	8	2.062	58.625	1.798	96.25	1.561	1691	95.875	0	0	0	9	9	1657	1687	1919	2110	1597	1601	2195	1856	-2	9	6	7	13	7	7	7	8	-2	57	58	59	63	58	58	57	59	-2	95	97	98	99	96	96	94	95	-1
1001001000	-2	2413	1755.222	668.078	7.75	1.09	61.375	0.992	100.875	2.027	1759.556	100.875	0	0	0	9	9	1992	1615	1818	2118	2287	1804	2413	1752	-2	10	6	8	8	8	7	7	8	-2	61	60	62	62	63	62	61	60	-2	101	100	102	100	105	102	99	98	-1
1001001000	-2	2413	1755.222	668.078	7.75	1.09	61.375	0.992	100.875	2.027	1759.556	100.875	0	0	0	9	9	1992	1615	1818	2118	2287	1804	2413	1752	-2	10	6	8	8	8	7	7	8	-2	61	60	62	62	63	62	61	60	-2	101	100	102	100	105	102	99	98	-1
1001001000	-2	2350	1750.111	660.945	7.625	0.857	60.375	1.111	100.25	1.639	1768.333	100.25	0	0	0	9	9	1840	1596	1934	2037	2332	1801	2350	1863	-2	9	6	8	8	8	7	7	8	-2	60	59	60	62	62	61	59	60	-2	100	100	100	100	104	101	98	99	-1
1001001000	-2	2350	1750.111	660.945	7.625	0.857	60.375	1.111	100.25	1.639	1768.333	100.25	0	0	0	9	9	1840	1596	1934	2037	2332	1801	2350	1863	-2	9	6	8	8	8	7	7	8	-2	60	59	60	62	62	61	59	60	-2	100	100	100	100	104	101	98	99	-1
1001001000	-2	2152	1702.778	632.98	7.625	0.857	59.625	1.654	99.125	1.536	1713	99.125	0	0	0	9	9	1755	1567	2152	1968	2063	1681	2124	2017	-2	9	6	7	8	8	8	7	8	-2	58	59	60	62	62	60	57	59	-2	98	99	99	99	102	101	97	98	-1
1009009000	-2	0	-0.222	0.629	-0.01	-0.01	-0.01	-0.01	21	0	2328.444	91.375	0	0	8	9	9	0	0	0	0	0	0	0	0	-2	-2	-2	-2	-2	-2	-2	-2	-2	-2	-2	-2	-2	-2	-2	-2	-2	-2	-2	21	21	21	21	21	21	21	21	-1
1009009000	-2	0	-0.222	0.629	-0.01	-0.01	-0.01	-0.01	21	0	2328.444	91.375	0	0	8	9	9	0	0	0	0	0	0	0	0	-2	-2	-2	-2	-2	-2	-2	-2	-2	-2	-2	-2	-2	-2	-2	-2	-2	-2	-2	21	21	21	21	21	21	21	21	-1
1001001000	-2	1454	719.222	469.512	6.875	1.166	55.75	2.437	90.375	3.276	1642.333	90.375	0	0	0	9	9	869	1454	555	781	182	1176	1161	297	-2	9	6	8	8	6	6	6	6	-2	58	58	58	55	51	57	53	56	-2	93	92	94	90	83	92	91	88	-1
1001001000	-2	1549	851	524.558	7.125	1.053	59.125	2.713	92.75	3.733	1394	92.75	0	0	0	9	9	690	1382	1378	1254	450	1549	674	284	-2	9	6	7	8	6	7	6	8	-2	59	57	63	62	56	60	55	61	-2	92	91	99	97	88	95	88	92	-1
1001001000	-2	1298	533.667	426.951	6.75	1.199	55.625	1.867	86.625	3.462	932.556	86.625	0	0	0	9	9	469	783	1298	599	257	1095	241	63	-2	9	5	7	7	6	6	6	8	-2	56	55	58	58	52	56	54	56	-2	87	87	93	89	81	88	83	85	-1
1001001000	-2	1109	454.667	403.688	6.75	1.199	55.625	1.867	86.625	3.462	932.556	86.625	0	0	0	9	9	323	809	1109	530	157	1009	114	43	-2	9	5	7	7	6	6	6	8	-2	56	55	58	58	52	56	54	56	-2	87	87	93	89	81	88	83	85	-1
1001001000	-2	1318	366.333	382.319	6.75	0.829	54.25	1.299	85.25	3.231	867.889	85.25	0	0	0	9	9	400	587	1318	157	152	446	176	63	-2	8	6	7	7	6	6	6	8	-2	55	55	56	55	52	53	53	55	-2	86	87	92	86	81	85	82	83	-1
1001001000	-2	1318	366.333	382.319	6.75	0.829	54.25	1.299	85.25	3.231	867.889	85.25	0	0	0	9	9	400	587	1318	157	152	446	176	63	-2	8	6	7	7	6	6	6	8	-2	55	55	56	55	52	53	53	55	-2	86	87	92	86	81	85	82	83	-1
1001001000	-2	1326	314.222	369.57	6.625	0.696	53.75	1.639	85.375	3.16	1008.778	85.375	0	0	0	9	9	193	304	1326	132	195	339	197	144	-2	8	6	7	7	6	6	6	7	-2	54	54	56	56	52	53	51	54	-2	85	87	92	86	82	86	81	84	-1
1001001000	-2	1196	268	339.637	6.625	0.696	53.75	1.639	85.375	3.16	1008.778	85.375	0	0	0	9	9	144	246	1196	66	149	315	186	112	-2	8	6	7	7	6	6	6	7	-2	54	54	56	56	52	53	51	54	-2	85	87	92	86	82	86	81	84	-1
1001001000	-2	1214	440.556	314.855	6.375	0.857	53.375	1.218	86.875	2.027	1380.111	86.875	0	0	0	9	9	250	294	1214	364	471	577	474	323	-2	8	5	6	7	6	6	6	7	-2	53	52	54	55	52	55	52	54	-2	87	86	91	88	85	88	84	86	-1
1001001000	-2	1735	542.444	455.002	6.375	0.857	53.375	1.218	86.875	2.027	1380.111	86.875	0	0	0	9	9	299	359	1735	498	586	604	448	355	-2	8	5	6	7	6	6	6	7	-2	53	52	54	55	52	55	52	54	-2	87	86	91	88	85	88	84	86	-1
1001001000	-2	1820	839.444	500.929	6.75	0.829	54.625	1.495	89	1.871	1495.778	89	0	0	0	9	9	436	1378	1820	558	807	893	995	670	-2	8	6	7	8	6	6	6	7	-2	55	53	55	58	54	55	53	54	-2	89	89	92	91	86	90	88	87	-1
1001001000	-2	1820	839.444	500.929	6.75	0.829	54.625	1.495	89	1.871	1495.778	89	0	0	0	9	9	436	1378	1820	558	807	893	995	670	-2	8	6	7	8	6	6	6	7	-2	55	53	55	58	54	55	53	54	-2	89	89	92	91	86	90	88	87	-1
1001001000	-2	2163	1438.222	610.503	7.25	1.92	56.5	2	93.25	1.785	1694.778	93.125	0	0	0	9	9	1416	2060	1960	1283	1257	1269	2163	1538	-2	8	6	7	12	6	6	6	7	-2	56	54	58	61	55	56	56	56	-2	94	92	96	96	91	93	92	92	-1
1001001000	-2	2163	1438.222	610.503	7.25	1.92	56.5	2	93.25	1.785	1694.778	93.125	0	0	0	9	9	1416	2060	1960	1283	1257	1269	2163	1538	-2	8	6	7	12	6	6	6	7	-2	56	54	58	61	55	56	56	56	-2	94	92	96	96	91	93	92	92	-1
1001001000	-2	2245	1644	606.799	7.125	0.599	57.5	1.5	95.5	1.658	1675.333	95.5	0	0	0	9	9	1774	1958	1916	1764	1612	1696	2245	1833	-2	8	6	7	7	7	7	7	8	-2	59	55	59	59	58	58	56	56	-2	98	94	97	97	96	95	93	94	-1
1001001000	-2	2272	1644.667	611.517	7.625	1.409	57.875	2.088	95.75	1.984	1675.333	95.5	0	0	0	9	9	1790	1957	1915	1799	1554	1685	2272	1832	-2	8	6	7	11	7	7	7	8	-2	59	55	59	62	58	58	56	56	-2	98	94	97	99	96	95	93	94	-1
1001001000	-2	2277	1669.667	632.643	7	0.5	56.5	1.5	94.25	1.714	1717.667	94.25	0	0	0	9	9	1731	1978	2071	1610	1499	1864	2277	1999	-2	7	6	7	8	7	7	7	7	-2	58	55	57	59	56	57	54	56	-2	97	94	95	96	94	93	91	94	-1
1005005000	-2	116	31.778	40.141	5	0	47.75	1.299	49	28.027	790.889	76.75	0	0	4	9	9	0	68	116	0	45	0	59	0	-2	-2	5	5	-2	5	-2	5	-2	-2	-2	47	50	-2	47	-2	47	-2	-2	21	76	80	21	76	21	76	21	-1
1001001000	-2	869	400.667	320.849	7.125	1.053	58.375	2.595	90.5	3	1259.222	90.875	0	0	0	9	9	265	560	759	869	129	779	157	90	-2	9	6	7	8	6	6	7	8	-2	58	57	61	62	54	58	56	61	-2	91	89	94	95	85	91	88	91	-1
1001001000	-2	748	282	238.986	6.5	1	54.25	1.785	85.25	3.152	909.667	85.25	0	0	0	9	9	248	410	748	415	63	502	94	60	-2	8	5	6	7	6	6	6	8	-2	55	54	56	56	51	54	52	56	-2	87	86	91	87	80	84	82	85	-1
1001001000	-2	1057	394.333	314.755	6.5	1	54.25	1.785	85.25	3.152	909.667	85.25	0	0	0	9	9	503	418	1057	521	93	641	207	111	-2	8	5	6	7	6	6	6	8	-2	55	54	56	56	51	54	52	56	-2	87	86	91	87	80	84	82	85	-1
1001001000	-2	801	235	213.556	6.375	0.857	53.125	1.053	84.75	2.437	1027.667	84.75	0	0	0	9	9	209	221	801	164	113	233	254	122	-2	8	6	7	6	6	5	6	7	-2	53	54	55	52	52	53	52	54	-2	85	86	90	84	81	85	83	84	-1
1001001000	-2	801	235	213.556	6.375	0.857	53.125	1.053	84.75	2.437	1027.667	84.75	0	0	0	9	9	209	221	801	164	113	233	254	122	-2	8	6	7	6	6	5	6	7	-2	53	54	55	52	52	53	52	54	-2	85	86	90	84	81	85	83	84	-1
1001001000	-2	963	267.889	266.383	6.125	0.781	52.625	1.409	84.875	2.666	1315.444	84.875	0	0	0	9	9	145	183	963	167	122	403	265	165	-2	7	6	7	6	5	5	6	7	-2	53	52	55	53	50	52	52	54	-2	85	84	91	85	81	85	83	85	-1
1001001000	-2	963	238.222	267.639	6.125	0.781	52.625	1.409	84.875	2.666	1315.444	84.875	0	0	0	9	9	122	162	963	110	101	283	238	167	-2	7	6	7	6	5	5	6	7	-2	53	52	55	53	50	52	52	54	-2	85	84	91	85	81	85	83	85	-1
1001001000	-2	1357	383.778	378.948	5.875	0.781	53	1.118	86	2.121	1387.333	86	0	0	0	9	9	213	173	1357	249	245	630	361	228	-2	7	5	6	6	6	5	5	7	-2	53	52	55	54	52	52	52	54	-2	86	85	91	86	83	86	85	86	-1
1001001000	-2	1357	383.778	378.948	5.875	0.781	53	1.118	86	2.121	1387.333	86	0	0	0	9	9	213	173	1357	249	245	630	361	228	-2	7	5	6	6	6	5	5	7	-2	53	52	55	54	52	52	52	54	-2	86	85	91	86	83	86	85	86	-1
1001001000	-2	1472	580.556	406.489	6.25	0.661	53.5	1.581	87.625	2.288	1560.889	87.5	0	0	0	9	9	304	347	1472	410	543	931	793	427	-2	7	6	6	7	6	5	6	7	-2	54	52	56	56	52	53	52	53	-2	88	87	92	89	84	89	86	86	-1
1001001000	-2	1822	1018.889	502.674	6.25	0.661	54.25	1.299	90.75	1.92	1684.444	90.875	0	0	0	9	9	640	1265	1822	845	917	1180	1574	929	-2	7	5	6	7	6	6	6	7	-2	55	53	55	57	53	54	53	54	-2	93	90	93	93	88	91	89	89	-1
1001001000	-2	1822	1018.889	502.674	6.25	0.661	54.25	1.299	90.75	1.92	1684.444	90.875	0	0	0	9	9	640	1265	1822	845	917	1180	1574	929	-2	7	5	6	7	6	6	6	7	-2	55	53	55	57	53	54	53	54	-2	93	90	93	93	88	91	89	89	-1
1001001000	-2	2115	1439.667	586.719	6.375	0.484	54.75	1.561	91.75	2.165	1679.111	91.75	0	0	0	9	9	1379	2115	1929	1536	1253	1260	1916	1571	-2	7	6	6	7	6	6	6	7	-2	56	53	56	57	53	54	53	56	-2	94	90	93	95	89	91	89	93	-1
1001001000	-2	2115	1439.667	586.719	6.375	0.484	54.75	1.561	91.75	2.165	1679.111	91.75	0	0	0	9	9	1379	2115	1929	1536	1253	1260	1916	1571	-2	7	6	6	7	6	6	6	7	-2	56	53	56	57	53	54	53	56	-2	94	90	93	95	89	91	89	93	-1
1006006000	-2	53	14.778	21.755	6	0	48.333	1.247	42.125	27.297	889.667	77.125	0	0	5	9	9	0	46	53	0	0	0	36	0	-2	-2	6	6	-2	-2	-2	6	-2	-2	-2	48	50	-2	-2	-2	47	-2	-2	21	76	80	21	21	21	76	21	-1
1001001000	-2	926	412.889	329.542	6.625	0.857	57	2.449	87.75	3.7	1047	87.75	0	0	0	9	9	778	311	630	926	70	712	169	122	-2	8	6	7	7	6	5	7	7	-2	57	56	58	61	52	56	57	59	-2	88	86	92	93	80	87	88	88	-1
1001001000	-2	488	143.556	136.308	6	0.866	52.875	2.088	83.125	3.018	874.222	83.125	0	0	0	9	9	122	189	197	488	36	111	68	83	-2	8	6	6	6	5	5	6	6	-2	54	53	56	52	49	51	53	55	-2	85	84	88	84	77	81	82	84	-1
1001001000	-2	510	158.889	143.931	6	0.866	52.875	2.088	83.125	3.018	874.222	83.125	0	0	0	9	9	140	225	229	510	41	128	70	89	-2	8	6	6	6	5	5	6	6	-2	54	53	56	52	49	51	53	55	-2	85	84	88	84	77	81	82	84	-1
1001001000	-2	427	187.333	107.633	5.875	0.599	51.75	1.392	83.625	2.058	1194.333	83.625	0	0	0	9	9	193	174	427	222	116	195	227	134	-2	7	6	6	6	5	5	6	6	-2	53	51	54	51	50	50	52	53	-2	86	83	87	83	80	82	84	84	-1
1009009000	-2	0	-0.222	0.629	-0.01	-0.01	-0.01	-0.01	21	0	2910.111	108.75	0	0	8	9	9	0	0	0	0	0	0	0	0	-2	-2	-2	-2	-2	-2	-2	-2	-2	-2	-2	-2	-2	-2	-2	-2	-2	-2	-2	21	21	21	21	21	21	21	21	-1
1008008000	-2	56	6	17.689	7	0	49	0	28.375	19.512	1306.222	78.75	0	0	7	9	9	0	0	0	0	0	0	56	0	-2	-2	-2	-2	-2	-2	-2	7	-2	-2	-2	-2	-2	-2	-2	-2	49	-2	-2	21	21	21	21	21	21	80	21	-1
1008008000	-2	43	4.556	13.606	7	0	50	0	28.5	19.843	1536.444	80.25	0	0	7	9	9	0	0	0	0	0	0	43	0	-2	-2	-2	-2	-2	-2	-2	7	-2	-2	-2	-2	-2	-2	-2	-2	50	-2	-2	21	21	21	21	21	21	81	21	-1
1002002000	-2	2902	1578.889	1043.109	10.429	6.068	61.429	6.02	95.375	28.692	2589.222	102.125	0	0	1	9	9	2902	1739	708	2603	2195	1571	2494	0	-2	8	7	7	14	6	24	7	-2	-2	62	54	57	65	56	73	63	-2	-2	108	97	101	111	101	116	108	21	-1
1001001000	-2	1027	479.444	327.944	6.875	1.166	59.375	2.826	92.125	3.822	1367.889	92.125	0	0	0	9	9	521	257	1027	737	160	871	514	230	-2	7	7	7	8	6	5	9	6	-2	59	58	60	64	55	56	61	62	-2	92	89	97	97	85	90	94	93	-1
1001001000	-2	964	469.889	322.324	6.875	1.166	59.375	2.826	92.125	3.822	1367.889	92.125	0	0	0	9	9	759	243	654	964	111	834	347	319	-2	7	7	7	8	6	5	9	6	-2	59	58	60	64	55	56	61	62	-2	92	89	97	97	85	90	94	93	-1
1001001000	-2	336	150.667	109.956	5.75	0.661	51.75	1.639	82	2.598	899.111	82	0	0	0	9	9	156	100	336	331	62	185	111	77	-2	7	5	6	6	5	5	6	6	-2	52	53	53	53	49	49	52	53	-2	82	82	86	85	77	80	82	82	-1
