1002001000	-2	14771	10603.556	5756.543	97.625	9.499	200.857	7.717	277.25	69.188	14699.778	277.25	0	0	1	9	9	14771	14254	14392	12892	0	14682	11455	12988	-2	97	90	84	109	89	94	108	110	-2	195	197	188	205	-2	201	213	207	-2	320	292	268	309	103	281	341	304	-1
1002001000	-2	13737	9640.556	5242.56	111.875	11.516	204.714	6.627	269.875	52.909	13923.333	269.875	0	0	1	9	9	12992	13430	13737	12494	11991	11887	10236	0	-2	117	97	93	112	113	110	130	123	-2	204	199	193	204	208	211	214	-2	-2	293	288	271	302	286	301	286	132	-1
1001001000	-2	14928	12451.333	4556.506	110.625	5.337	194.125	4.045	262.25	13.872	13813	262.25	0	0	0	9	9	14592	14538	10793	14598	13959	14439	14928	14217	-2	110	100	117	115	117	110	108	108	-2	195	189	192	195	198	202	192	190	-2	274	256	245	267	263	290	256	247	-1
1001001000	-2	14928	12451.333	4556.506	110.625	5.337	194.125	4.045	262.25	13.872	13813	262.25	0	0	0	9	9	14592	14538	10793	14598	13959	14439	14928	14217	-2	110	100	117	115	117	110	108	108	-2	195	189	192	195	198	202	192	190	-2	274	256	245	267	263	290	256	247	-1
1001001000	-2	14376	12053.333	4358.404	110.375	5.999	194.25	3.072	259.5	7.141	13509.778	259.5	0	0	0	9	9	13546	14091	11120	13726	14239	13553	14376	13831	-2	114	104	113	115	119	110	109	99	-2	193	191	193	196	200	197	194	190	-2	267	258	249	267	265	265	256	249	-1
1001001000	-2	14939	12433.444	4526.634	110.375	5.999	194.25	3.072	259.5	7.141	13509.778	259.5	0	0	0	9	9	14098	14695	11120	14350	14712	13724	14939	14265	-2	114	104	113	115	119	110	109	99	-2	193	191	193	196	200	197	194	190	-2	267	258	249	267	265	265	256	249	-1
1001001000	-2	14971	12039.556	4366.95	112.375	3.672	193.375	3.16	254.375	6.999	12795	254.375	0	0	0	9	9	13843	14290	11174	13876	13314	13560	14971	13330	-2	115	111	113	116	118	106	109	111	-2	193	194	192	192	197	194	198	187	-2	259	257	248	256	256	257	263	239	-1
1001001000	-2	14971	12039.556	4366.95	112.375	3.672	193.375	3.16	254.375	6.999	12795	254.375	0	0	0	9	9	13843	14290	11174	13876	13314	13560	14971	13330	-2	115	111	113	116	118	106	109	111	-2	193	194	192	192	197	194	198	187	-2	259	257	248	256	256	257	263	239	-1
1002001000	-2	15254	10550	5693.459	114.75	4.409	193.571	4.625	238.625	43.003	11045.778	238.625	0	0	1	9	9	0	14193	12235	13110	13360	13118	15254	13682	-2	116	115	114	120	120	105	115	113	-2	-2	195	192	195	198	192	199	184	-2	127	259	248	260	259	253	266	237	-1
1002001000	-2	13873	10195.333	5470.849	114.75	4.409	193.571	4.625	238.625	43.003	11045.778	238.625	0	0	1	9	9	0	13531	12032	12898	13311	12957	13873	13158	-2	116	115	114	120	120	105	115	113	-2	-2	195	192	195	198	192	199	184	-2	127	259	248	260	259	253	266	237	-1
1001001000	-2	14362	11994.889	4277.389	116.875	6.071	194.25	5.238	257.75	12.306	12475.667	257.75	0	0	0	9	9	13908	13700	12645	12907	13709	12799	13926	14362	-2	116	117	114	122	125	105	123	113	-2	199	198	192	196	197	190	199	183	-2	275	271	247	260	258	249	266	236	-1
1006001000	-2	11936	2565.889	4804.881	74.75	19.753	208.333	7.318	177.5	124.518	4867.667	177.5	0	0	5	9	9	0	0	-2	11161	0	11936	0	0	-2	54	54	80	105	63	84	56	102	-2	-2	-2	198	213	-2	214	-2	-2	-2	63	78	389	309	70	301	76	134	-1
1002001000	-2	15720	11127.444	6011.835	111.25	9.846	207.286	6.43	276	54.802	13652.667	276	0	0	1	9	9	14214	15711	15720	14205	13848	13607	12844	0	-2	116	97	95	112	114	110	123	123	-2	206	197	200	208	214	210	216	-2	-2	307	295	291	303	286	301	293	132	-1
1001001000	-2	14595	11495	4159.741	133.25	6.591	213.375	4.635	287.5	7.297	13014.556	287.5	0	0	0	9	9	12616	13427	13313	13297	11149	12791	12269	14595	-2	142	129	125	125	140	134	130	141	-2	212	207	213	215	218	216	220	206	-2	279	276	291	289	286	301	286	292	-1
1001001000	-2	14704	11500	4142.327	132.75	6.379	214.5	5	287.625	7.582	12755	287.625	0	0	0	9	9	12574	13210	12848	13314	12123	11732	12997	14704	-2	143	129	128	126	139	133	125	139	-2	214	210	217	215	216	220	220	204	-2	279	277	291	287	286	303	286	292	-1
1001001000	-2	14704	11500	4142.327	132.75	6.379	214.5	5	287.625	7.582	12755	287.625	0	0	0	9	9	12574	13210	12848	13314	12123	11732	12997	14704	-2	143	129	128	126	139	133	125	139	-2	214	210	217	215	216	220	220	204	-2	279	277	291	287	286	303	286	292	-1
1001001000	-2	15065	11624.778	4312.786	126.25	7.412	211	4.899	294.25	7.98	12190	294.25	0	0	0	9	9	12683	13675	15065	10897	12596	11455	13407	14847	-2	140	120	125	126	135	125	115	124	-2	212	207	208	215	216	215	214	201	-2	290	290	292	288	312	302	287	293	-1
1001001000	-2	14802	12313.556	4431.054	107	8.86	192.5	4.637	257.5	10.794	12806.556	257.5	0	0	0	9	9	14513	14802	12052	13630	14330	12933	14330	14234	-2	115	100	117	114	107	109	106	88	-2	197	189	193	195	198	195	190	183	-2	274	255	249	266	261	265	253	237	-1
1001001000	-2	14802	12313.556	4431.054	107	8.86	192.5	4.637	257.5	10.794	12806.556	257.5	0	0	0	9	9	14513	14802	12052	13630	14330	12933	14330	14234	-2	115	100	117	114	107	109	106	88	-2	197	189	193	195	198	195	190	183	-2	274	255	249	266	261	265	253	237	-1
1001001000	-2	13503	11197.889	4109.12	106.625	8.717	188.625	4.27	246.125	8.594	11571.222	246.125	0	0	0	9	9	13458	13503	10422	13059	12940	13479	13109	10813	-2	113	102	116	114	110	107	104	87	-2	193	186	190	189	195	189	187	180	-2	259	243	242	252	252	247	246	228	-1
1001001000	-2	13974	11356.778	4193.408	106.625	8.717	188.625	4.27	246.125	8.594	11571.222	246.125	0	0	0	9	9	13756	13974	10422	13308	13075	13642	13223	10813	-2	113	102	116	114	110	107	104	87	-2	193	186	190	189	195	189	187	180	-2	259	243	242	252	252	247	246	228	-1
1001001000	-2	14427	11153.556	4241.203	107.125	8.795	189.5	4.555	246.625	8.774	11344.889	246.625	0	0	0	9	9	13556	13867	9252	13005	12564	13193	14427	10520	-2	113	104	115	115	113	104	106	87	-2	193	186	190	189	194	189	195	180	-2	257	244	241	249	252	246	256	228	-1
1001001000	-2	13927	10523.111	3932.603	107.125	8.795	189.5	4.555	246.625	8.774	11344.889	246.625	0	0	0	9	9	12241	13927	9252	12423	11328	12742	12277	10520	-2	113	104	115	115	113	104	106	87	-2	193	186	190	189	194	189	195	180	-2	257	244	241	249	252	246	256	228	-1
1001001000	-2	14646	11428.778	4282.316	106.875	9.212	188.375	4.241	244.25	8.671	11704.111	244.25	0	0	0	9	9	14026	14646	10156	12957	12188	13402	14387	11099	-2	111	109	114	115	116	103	100	87	-2	191	188	188	189	191	189	193	178	-2	255	248	237	247	245	243	253	226	-1
1001001000	-2	13874	11151.556	4111.728	106.875	9.212	188.375	4.241	244.25	8.671	11704.111	244.25	0	0	0	9	9	13457	13874	10156	12950	12154	12996	13680	11099	-2	111	109	114	115	116	103	100	87	-2	191	188	188	189	191	189	193	178	-2	255	248	237	247	245	243	253	226	-1
1001001000	-2	14204	11328.889	4109.358	106.125	8.978	190.625	5.097	249.5	10.571	11793.222	249.5	0	0	0	9	9	14204	13139	11358	11870	13342	12963	13564	11522	-2	110	111	114	115	111	103	98	87	-2	194	196	190	188	193	190	195	179	-2	265	262	243	247	252	243	254	230	-1
1001001000	-2	14186	11190.333	4064.225	106.125	8.978	190.625	5.097	249.5	10.571	11793.222	249.5	0	0	0	9	9	11940	14186	11358	11870	13336	12972	13531	11522	-2	110	111	114	115	111	103	98	87	-2	194	196	190	188	193	190	195	179	-2	265	262	243	247	252	243	254	230	-1
1002001000	-2	14443	9865.222	5351.727	109	10.05	195.429	5.729	249.625	55.794	11307.222	249.625	0	0	1	9	9	10840	14443	13336	13073	12535	12136	0	12426	-2	111	116	118	116	119	104	99	89	-2	198	200	197	197	201	192	-2	183	-2	284	300	267	265	277	255	109	240	-1
1002001000	-2	14690	10482	5640.9	109	10.05	195.429	5.729	249.625	55.794	11307.222	249.625	0	0	1	9	9	12249	14690	13567	13887	13890	12846	0	13211	-2	111	116	118	116	119	104	99	89	-2	198	200	197	197	201	192	-2	183	-2	284	300	267	265	277	255	109	240	-1
1002001000	-2	13446	9630.889	5187.565	116.5	6.325	201.143	6.642	267.125	56.104	11141.444	267.125	0	0	1	9	9	0	11769	12784	12874	11193	13446	11919	12695	-2	116	120	124	121	124	107	110	110	-2	-2	210	204	202	204	198	203	187	-2	124	300	286	285	307	284	297	254	-1
1001001000	-2	14341	11095.111	4192.466	121.25	5.673	206.25	7.378	295.25	11.787	11666.778	295.25	0	0	0	9	9	12454	8796	13842	12069	12715	13211	12430	14341	-2	126	122	126	123	129	112	118	114	-2	209	217	205	211	208	202	208	190	-2	291	301	299	288	307	310	296	270	-1
1001001000	-2	15522	11539.889	4424.201	121.25	5.673	206.25	7.378	295.25	11.787	11666.778	295.25	0	0	0	9	9	13386	8796	14286	13252	12930	13259	12430	15522	-2	126	122	126	123	129	112	118	114	-2	209	217	205	211	208	202	208	190	-2	291	301	299	288	307	310	296	270	-1
1001001000	-2	11729	6660.778	3706.353	129.375	5.957	219.375	8.929	293.625	8.817	6661.333	293.625	0	0	0	9	9	8846	2865	11729	9566	6712	5899	3642	10690	-2	126	127	122	127	134	134	141	124	-2	216	234	210	216	219	224	230	206	-2	302	302	300	282	289	297	299	278	-1
1001001000	-2	11452	6586.222	3740.732	130.875	7.524	220.75	9.614	298.625	4.948	6589.667	298.625	0	0	0	9	9	9630	2932	11452	9283	6010	5906	3306	10759	-2	124	126	121	134	138	135	144	125	-2	215	234	212	217	220	225	236	207	-2	303	308	300	296	290	297	298	297	-1
1001001000	-2	12177	7685.889	3818.202	128.25	6.418	218.25	8.599	298.75	5.117	7686.111	298.75	0	0	0	9	9	12177	4775	12005	9257	8447	6852	4589	11073	-2	125	124	118	127	133	135	139	125	-2	211	230	211	216	216	223	232	207	-2	294	304	302	297	290	307	298	298	-1
1001001000	-2	12176	7685.778	3818.071	128.25	6.418	218.25	8.599	298.75	5.117	7686.111	298.75	0	0	0	9	9	12176	4775	12005	9257	8447	6852	4589	11073	-2	125	124	118	127	133	135	139	125	-2	211	230	211	216	216	223	232	207	-2	294	304	302	297	290	307	298	298	-1
1005001000	-2	14320	5557.444	6257.699	79.625	18.357	212.75	7.361	206.625	127.871	6861	206.625	0	0	4	9	9	12394	0	14320	11369	0	11936	0	0	-2	97	55	84	105	61	93	56	86	-2	207	-2	207	212	-2	225	-2	-2	-2	317	78	356	309	70	352	77	94	-1
1003001000	-2	15009	8359.778	6006.884	121.75	12.039	211.667	5.793	258	73.677	11967.333	258	0	0	2	9	9	0	15009	12289	12108	12102	0	10691	13041	-2	121	99	109	129	133	121	123	139	-2	-2	201	212	212	218	-2	218	209	-2	135	295	333	296	285	130	293	297	-1
1003001000	-2	15107	9255.556	6568.294	124.375	10.416	209.5	5.058	252.375	68.837	12359.556	252.375	0	0	2	9	9	0	15107	14255	13515	13806	0	12924	13695	-2	124	103	120	129	135	121	123	140	-2	-2	200	211	210	213	-2	216	207	-2	135	282	310	296	285	133	293	285	-1
1003001000	-2	15040	8785.556	6255.191	124.375	10.416	209.5	5.058	252.375	68.837	12359.556	252.375	0	0	2	9	9	0	15040	12834	12837	13129	0	12157	13075	-2	124	103	120	129	135	121	123	140	-2	-2	200	211	210	213	-2	216	207	-2	135	282	310	296	285	133	293	285	-1
1001001000	-2	14011	9347.111	3782.087	135	6.164	219.75	5.717	289.125	9.36	9650.667	289.125	0	0	0	9	9	11146	8890	11179	11325	11440	7289	8846	14011	-2	145	131	129	134	140	140	125	136	-2	219	221	226	219	217	226	223	207	-2	290	280	292	287	273	304	287	300	-1
1001001000	-2	13904	11479.778	4092.32	106.5	9.631	192.75	5.379	258.625	11.564	13418.778	258.625	0	0	0	9	9	13904	12208	13161	13211	12888	13159	12090	12699	-2	115	101	119	114	100	112	103	88	-2	200	191	196	194	197	195	186	183	-2	282	258	254	264	260	262	250	239	-1
1001001000	-2	13904	11479.778	4092.32	106.5	9.631	192.75	5.379	258.625	11.564	13418.778	258.625	0	0	0	9	9	13904	12208	13161	13211	12888	13159	12090	12699	-2	115	101	119	114	100	112	103	88	-2	200	191	196	194	197	195	186	183	-2	282	258	254	264	260	262	250	239	-1
1002001000	-2	13204	8999.778	4968.41	97	11.832	186.429	5.551	223.625	51.364	9827.333	223.625	0	0	1	9	9	13007	12656	10968	0	10106	13204	11806	9253	-2	106	96	117	82	95	109	86	85	-2	193	186	191	-2	189	189	181	176	-2	258	245	244	90	245	246	239	222	-1
1002001000	-2	14440	9643.222	5371.302	97	11.832	186.429	5.551	223.625	51.364	9827.333	223.625	0	0	1	9	9	14440	14313	11170	0	11040	13918	12143	9767	-2	106	96	117	82	95	109	86	85	-2	193	186	191	-2	189	189	181	176	-2	258	245	244	90	245	246	239	222	-1
1003001000	-2	14266	7439.556	5501.563	96.625	10.897	184.5	6.131	203.5	60.403	7501	203.5	0	0	2	9	9	14266	0	10569	0	9491	13256	10634	8742	-2	107	85	116	93	96	105	86	85	-2	191	-2	188	-2	188	187	180	173	-2	250	96	239	104	242	243	236	218	-1
1003001000	-2	14266	7439.556	5501.563	96.625	10.897	184.5	6.131	203.5	60.403	7501	203.5	0	0	2	9	9	14266	0	10569	0	9491	13256	10634	8742	-2	107	85	116	93	96	105	86	85	-2	191	-2	188	-2	188	187	180	173	-2	250	96	239	104	242	243	236	218	-1
1002001000	-2	14081	9072.667	5192.803	98.75	9.47	182.429	6.253	217.875	44.369	9284	217.875	0	0	1	9	9	13885	14081	11653	0	11337	12736	10492	7472	-2	109	99	115	96	97	102	87	85	-2	191	182	183	-2	188	184	179	170	-2	246	239	233	103	242	237	229	214	-1
1002001000	-2	14081	9072.667	5192.803	98.75	9.47	182.429	6.253	217.875	44.369	9284	217.875	0	0	1	9	9	13885	14081	11653	0	11337	12736	10492	7472	-2	109	99	115	96	97	102	87	85	-2	191	182	183	-2	188	184	179	170	-2	246	239	233	103	242	237	229	214	-1
1002001000	-2	14208	9033.889	5089.165	100.625	9.823	182.143	5.986	218.5	41.524	9194.778	218.5	0	0	1	9	9	14208	14008	11384	11591	0	10733	10812	8571	-2	109	105	113	110	98	98	86	86	-2	191	185	182	188	-2	178	179	172	-2	247	242	233	240	111	229	228	218	-1
1002001000	-2	13721	8934.444	4992.42	100.625	9.823	182.143	5.986	218.5	41.524	9194.778	218.5	0	0	1	9	9	13721	13601	11384	11591	0	10732	10812	8571	-2	109	105	113	110	98	98	86	86	-2	191	185	182	188	-2	178	179	172	-2	247	242	233	240	111	229	228	218	-1
1001001000	-2	12891	9908.333	3642.423	101.375	9.899	184.375	5.122	238.875	9.048	10815.556	238.875	0	0	0	9	9	11723	12891	10783	10085	11293	12397	10198	9807	-2	108	108	115	110	98	98	87	87	-2	190	185	186	187	190	184	179	174	-2	250	246	239	243	247	235	229	222	-1
1001001000	-2	12891	9908.333	3642.423	101.375	9.899	184.375	5.122	238.875	9.048	10815.556	238.875	0	0	0	9	9	11723	12891	10783	10085	11293	12397	10198	9807	-2	108	108	115	110	98	98	87	87	-2	190	185	186	187	190	184	179	174	-2	250	246	239	243	247	235	229	222	-1
1002001000	-2	14301	9733.778	5384.687	103.125	10.659	188.571	4.204	233.5	47.857	10429.667	233.5	0	0	1	9	9	14301	13355	11589	9311	12149	13879	0	13022	-2	109	110	117	114	98	102	88	87	-2	191	190	192	188	192	188	-2	179	-2	261	260	258	248	254	245	109	233	-1
1003001000	-2	14305	8853.444	6308.081	105.625	10.38	194.833	5.669	233.5	71.067	9797.889	233.5	0	0	2	9	9	14305	13962	12104	11859	0	13852	0	13601	-2	110	115	118	116	100	105	92	89	-2	196	202	197	198	-2	192	-2	184	-2	284	309	272	267	119	261	109	247	-1
1003001000	-2	14305	8853.444	6308.081	105.625	10.38	194.833	5.669	233.5	71.067	9797.889	233.5	0	0	2	9	9	14305	13962	12104	11859	0	13852	0	13601	-2	110	115	118	116	100	105	92	89	-2	196	202	197	198	-2	192	-2	184	-2	284	309	272	267	119	261	109	247	-1
1005001000	-2	13689	5589.889	6301.113	109.125	9.034	205	4.637	204.5	92.309	5916.333	204.5	0	0	4	9	9	0	10559	12896	13689	0	13167	0	0	-2	111	118	120	117	102	112	94	99	-2	-2	213	202	203	-2	202	-2	-2	-2	125	315	284	287	113	299	106	107	-1
1005001000	-2	13719	5638.444	6360.718	109.125	9.034	205	4.637	204.5	92.309	5916.333	204.5	0	0	4	9	9	0	10564	12879	13719	0	13586	0	0	-2	111	118	120	117	102	112	94	99	-2	-2	213	202	203	-2	202	-2	-2	-2	125	315	284	287	113	299	106	107	-1
1004001000	-2	14099	7207	6531.334	108.625	7.745	200.8	7.467	222.5	83.573	7623	222.5	0	0	3	9	9	0	10244	13044	13789	0	13689	0	14099	-2	110	118	115	117	101	108	94	106	-2	-2	214	198	201	-2	200	-2	191	-2	125	315	277	275	114	299	110	265	-1
1004001000	-2	13593	7066.111	6390.425	108.625	7.745	200.8	7.467	222.5	83.573	7623	222.5	0	0	3	9	9	0	10248	12829	13441	0	13486	0	13593	-2	110	118	115	117	101	108	94	106	-2	-2	214	198	201	-2	200	-2	191	-2	125	315	277	275	114	299	110	265	-1
1003001000	-2	14361	7981.111	5894.139	114.125	5.061	205.167	7.925	254.125	78.552	8105.444	254.125	0	0	2	9	9	0	7725	13196	12490	0	12510	11550	14361	-2	111	119	116	122	105	117	111	112	-2	-2	218	202	203	-2	206	210	192	-2	125	310	287	310	114	311	298	278	-1
1002001000	-2	12569	8054.889	4652.254	114.875	5.11	205.571	6.716	275.875	61.679	9520.222	275.875	0	0	1	9	9	12569	7621	10956	10792	0	11157	7104	12297	-2	110	118	116	121	106	122	113	113	-2	204	217	201	203	-2	207	212	195	-2	302	309	287	296	114	311	298	290	-1
1002002000	-2	11654	2561	4795.017	22.286	5.75	214.571	10.459	388.375	41.228	10945.222	388.375	0	0	0	9	9	-2	-2	11408	-2	-2	11654	-2	-1	-2	31	22	23	13	29	18	20	-2	-2	205	210	206	233	219	204	225	-2	-2	397	378	354	460	399	322	433	364	-1
1001001000	-2	15166	12468.222	4448.04	128.125	12.293	209.75	6.398	289	12.855	16690.111	289	0	0	0	9	9	14657	15166	14087	13830	13333	13815	13119	14209	-2	137	100	122	131	135	137	123	140	-2	206	199	215	209	217	216	214	202	-2	279	282	304	303	285	301	293	265	-1
1002001000	-2	14675	10883.889	5828.6	129.625	12.257	206	4.69	262.125	55.681	14794.556	262.125	0	0	1	9	9	14675	0	14159	14081	13307	13735	13841	14159	-2	140	102	124	132	137	139	123	140	-2	203	-2	212	202	209	210	208	198	-2	290	122	309	272	279	302	272	251	-1
1002001000	-2	14160	10409	5601.9	129.375	11.532	200.857	5.276	243.875	47.332	12701.333	243.875	0	0	1	9	9	13899	0	13322	14160	11854	12951	13978	13519	-2	141	104	125	130	136	138	122	139	-2	201	-2	211	194	204	200	201	195	-2	267	123	289	252	258	262	256	244	-1
1002001000	-2	15272	11161.889	6010.687	129.375	11.532	200.857	5.276	243.875	47.332	12701.333	243.875	0	0	1	9	9	15272	0	14497	14959	12590	13995	14859	14287	-2	141	104	125	130	136	138	122	139	-2	201	-2	211	194	204	200	201	195	-2	267	123	289	252	258	262	256	244	-1
1001001000	-2	15639	12659.778	4554.424	136.125	5.904	213.125	5.967	292.5	10.618	15143.889	292.5	0	0	0	9	9	13046	13793	12897	14336	14514	14644	15639	15071	-2	145	132	138	135	140	140	124	135	-2	214	214	226	211	209	216	211	204	-2	291	281	298	298	303	304	294	271	-1
1001001000	-2	15651	12728	4554.116	136.125	5.904	213.125	5.967	292.5	10.618	15143.889	292.5	0	0	0	9	9	13270	13736	13552	14488	14242	14674	15651	14941	-2	145	132	138	135	140	140	124	135	-2	214	214	226	211	209	216	211	204	-2	291	281	298	298	303	304	294	271	-1
1001001000	-2	15716	13170.667	4700.58	125.625	8.873	207.375	6.163	296.125	13.336	14799.889	296.125	0	0	0	9	9	13825	14566	14636	13942	14872	15716	15698	15283	-2	139	121	125	130	134	130	112	114	-2	218	207	210	212	203	209	204	196	-2	299	296	313	306	280	308	296	271	-1
1001001000	-2	14994	10480.111	4079.964	125.625	8.873	207.375	6.163	296.125	13.336	14799.889	296.125	0	0	0	9	9	9255	11463	12549	11203	14994	10765	10136	13958	-2	139	121	125	130	134	130	112	114	-2	218	207	210	212	203	209	204	196	-2	299	296	313	306	280	308	296	271	-1
1002001000	-2	12412	7969.667	4385.42	104.75	11.486	191.857	6.105	239.625	44.626	10883	239.625	0	0	1	9	9	0	10497	10844	9398	10693	8561	9324	12412	-2	109	100	122	115	100	114	91	87	-2	-2	189	200	195	195	197	184	183	-2	124	253	266	263	257	267	249	238	-1
1002001000	-2	12412	7969.667	4385.42	104.75	11.486	191.857	6.105	239.625	44.626	10883	239.625	0	0	1	9	9	0	10497	10844	9398	10693	8561	9324	12412	-2	109	100	122	115	100	114	91	87	-2	-2	189	200	195	195	197	184	183	-2	124	253	266	263	257	267	249	238	-1
1001001000	-2	10978	8689.556	3404.71	86.125	15.839	178.375	6.818	229.875	9.727	9763.778	229.875	0	0	0	9	9	9964	10127	10294	10783	9869	10978	10421	5772	-2	95	70	115	71	79	105	73	81	-2	186	174	182	183	179	183	177	163	-2	237	230	230	237	231	239	229	206	-1
1001001000	-2	14001	9748.667	4069.23	86.125	15.839	178.375	6.818	229.875	9.727	9763.778	229.875	0	0	0	9	9	14001	10127	10792	12348	10443	11769	12488	5772	-2	95	70	115	71	79	105	73	81	-2	186	174	182	183	179	183	177	163	-2	237	230	230	237	231	239	229	206	-1
1002001000	-2	11490	7901.444	4521.994	86.5	13.143	174.857	6.334	208.5	45.508	7902.111	208.5	0	0	1	9	9	11490	11467	10706	0	10740	10032	10860	5820	-2	100	71	108	79	79	100	73	82	-2	182	172	180	-2	179	177	172	162	-2	232	226	229	90	231	232	222	206	-1
1002001000	-2	11490	7901.444	4521.994	86.5	13.143	174.857	6.334	208.5	45.508	7902.111	208.5	0	0	1	9	9	11490	11467	10706	0	10740	10032	10860	5820	-2	100	71	108	79	79	100	73	82	-2	182	172	180	-2	179	177	172	162	-2	232	226	229	90	231	232	222	206	-1
1002001000	-2	11450	8042	4454.588	87.625	11.521	176.286	6.584	210.5	43.506	8042.222	210.5	0	0	1	9	9	11450	0	10553	11143	11353	9660	10815	7406	-2	102	74	105	86	82	97	73	82	-2	182	-2	179	183	182	174	169	165	-2	233	97	229	232	234	228	220	211	-1
1002001000	-2	11450	8042	4454.588	87.625	11.521	176.286	6.584	210.5	43.506	8042.222	210.5	0	0	1	9	9	11450	0	10553	11143	11353	9660	10815	7406	-2	102	74	105	86	82	97	73	82	-2	182	-2	179	183	182	174	169	165	-2	233	97	229	232	234	228	220	211	-1
1003001000	-2	11424	7080.111	5070.317	90.375	11.247	176.333	6.018	194	58.009	7081.444	194	0	0	2	9	9	11385	0	11424	11241	0	9509	11160	9004	-2	101	85	111	91	82	96	73	84	-2	178	-2	181	186	-2	174	170	169	-2	230	97	232	235	91	228	223	216	-1
1003001000	-2	11424	7080.111	5070.317	90.375	11.247	176.333	6.018	194	58.009	7081.444	194	0	0	2	9	9	11385	0	11424	11241	0	9509	11160	9004	-2	101	85	111	91	82	96	73	84	-2	178	-2	181	186	-2	174	170	169	-2	230	97	232	235	91	228	223	216	-1
1003001000	-2	12178	7331.111	5232.917	89.625	11.575	176.833	5.64	195.25	58.416	7331.333	195.25	0	0	2	9	9	12178	0	11682	11385	0	9503	10522	10712	-2	97	81	112	92	81	97	73	84	-2	179	-2	182	185	-2	174	172	169	-2	232	97	235	236	92	226	225	219	-1
1003001000	-2	14255	8402.444	6032.215	90.25	11.267	181.667	4.607	203	62.889	8571	203	0	0	2	9	9	14255	0	11978	10641	0	14035	11813	12902	-2	96	83	112	92	81	99	74	85	-2	182	-2	185	187	-2	184	179	173	-2	243	97	244	244	92	242	235	227	-1
1003001000	-2	14255	8402.444	6032.215	90.25	11.267	181.667	4.607	203	62.889	8571	203	0	0	2	9	9	14255	0	11978	10641	0	14035	11813	12902	-2	96	83	112	92	81	99	74	85	-2	182	-2	185	187	-2	184	179	173	-2	243	97	244	244	92	242	235	227	-1
1005001000	-2	13751	5645.222	6343.101	90.25	10.545	181.5	3.905	171	70.527	5863	171	0	0	4	9	9	13751	0	11649	0	0	13521	0	11888	-2	96	82	110	92	82	99	75	86	-2	182	-2	185	-2	-2	184	-2	175	-2	243	97	247	104	92	243	110	232	-1
1004001000	-2	14966	7621.222	6861.627	93.25	10.86	187.4	4.454	199.375	76.062	7651.889	199.375	0	0	3	9	9	14966	14072	13088	0	0	14445	0	12022	-2	94	104	107	92	82	105	75	87	-2	187	191	191	-2	-2	189	-2	179	-2	260	273	261	104	92	256	110	239	-1
1005001000	-2	14510	6010.667	6749.737	92.5	11.747	190.25	5.403	182.875	84.249	6049	182.875	0	0	4	9	9	0	14238	13228	0	0	14510	0	12122	-2	83	106	107	91	84	107	75	87	-2	-2	194	192	-2	-2	194	-2	181	-2	91	288	265	104	93	267	110	245	-1
1005001000	-2	14510	6010.667	6749.737	92.5	11.747	190.25	5.403	182.875	84.249	6049	182.875	0	0	4	9	9	0	14238	13228	0	0	14510	0	12122	-2	83	106	107	91	84	107	75	87	-2	-2	194	192	-2	-2	194	-2	181	-2	91	288	265	104	93	267	110	245	-1
1005001000	-2	15010	5996.778	6767.757	90.125	10.856	188.75	5.117	180.125	79.529	6077.556	180.125	0	0	4	9	9	13949	0	13762	0	0	15010	0	11252	-2	83	84	107	92	84	108	76	87	-2	188	-2	191	-2	-2	195	-2	181	-2	262	97	262	104	93	269	110	244	-1
1005001000	-2	15010	5996.778	6767.757	90.125	10.856	188.75	5.117	180.125	79.529	6077.556	180.125	0	0	4	9	9	13949	0	13762	0	0	15010	0	11252	-2	83	84	107	92	84	108	76	87	-2	188	-2	191	-2	-2	195	-2	181	-2	262	97	262	104	93	269	110	244	-1
1006001000	-2	11398	3469.778	4926.111	90.25	10.825	189	5.354	158.875	77.208	4613.111	158.875	0	0	5	9	9	0	0	10220	0	0	9612	0	11398	-2	83	83	106	91	85	109	76	89	-2	-2	-2	190	-2	-2	195	-2	182	-2	92	98	260	104	93	269	110	245	-1
1001001000	-2	13245	9440.778	3612.074	19.25	4.684	177.625	7.364	278.375	6.726	20050.444	278.375	0	0	0	9	9	8952	13245	9661	10528	11256	10061	12335	8931	-2	27	20	20	12	25	15	19	16	-2	169	165	179	185	183	177	175	188	-2	272	265	282	288	280	276	283	281	-1
1001001000	-2	14379	10900.667	4191.301	123.125	12.374	191.625	5.978	239.875	7.785	11157.444	239.875	0	0	0	9	9	14379	12654	13068	13625	12070	13359	9964	8989	-2	137	100	121	125	133	137	109	123	-2	195	184	202	188	196	195	184	189	-2	245	229	252	238	245	246	231	233	-1
1001001000	-2	15035	12233.778	4378.148	132	5	200.875	5.134	263	15.182	14378.556	263	0	0	0	9	9	13398	13207	13634	12654	15035	14102	14544	13532	-2	140	129	132	133	137	132	122	131	-2	199	198	213	201	201	199	202	194	-2	259	254	299	255	268	262	263	244	-1
1001001000	-2	16018	11730	4392.497	130.25	6.476	210.625	5.633	297.125	6.585	15271.889	297.125	0	0	0	9	9	12499	11494	11860	14283	14633	11640	13145	16018	-2	138	128	131	133	137	132	116	127	-2	215	213	221	211	206	210	208	201	-2	299	281	297	300	299	305	296	300	-1
1001001000	-2	16018	11730	4392.497	130.25	6.476	210.625	5.633	297.125	6.585	15271.889	297.125	0	0	0	9	9	12499	11494	11860	14283	14633	11640	13145	16018	-2	138	128	131	133	137	132	116	127	-2	215	213	221	211	206	210	208	201	-2	299	281	297	300	299	305	296	300	-1
1002001000	-2	14752	10584	5716.472	110.125	11.152	197.714	5.391	253.625	49.434	12183.889	253.625	0	0	1	9	9	0	12581	14345	13207	14632	12242	13499	14752	-2	111	107	124	118	102	125	104	90	-2	-2	196	206	200	198	202	194	188	-2	125	272	281	274	266	286	271	254	-1
1002001000	-2	14752	10584	5716.472	110.125	11.152	197.714	5.391	253.625	49.434	12183.889	253.625	0	0	1	9	9	0	12581	14345	13207	14632	12242	13499	14752	-2	111	107	124	118	102	125	104	90	-2	-2	196	206	200	198	202	194	188	-2	125	272	281	274	266	286	271	254	-1
1003001000	-2	10962	6566.778	4755.255	73.75	18.873	171.333	8.3	183.875	64.924	6567.444	183.875	0	0	2	9	9	10719	10753	9532	0	0	10962	9839	7298	-2	74	60	108	54	65	102	66	61	-2	175	165	182	-2	-2	180	167	159	-2	223	219	229	67	78	235	216	204	-1
1003001000	-2	10962	6566.778	4755.255	73.75	18.873	171.333	8.3	183.875	64.924	6567.444	183.875	0	0	2	9	9	10719	10753	9532	0	0	10962	9839	7298	-2	74	60	108	54	65	102	66	61	-2	175	165	182	-2	-2	180	167	159	-2	223	219	229	67	78	235	216	204	-1
1003001000	-2	9884	5299.111	3875.757	75.125	16.027	166.667	6.799	182.125	57.418	5299.333	182.125	0	0	2	9	9	0	9884	8540	7420	0	8205	7777	5868	-2	80	62	103	54	65	97	69	71	-2	-2	163	179	165	-2	172	162	159	-2	89	215	225	215	78	223	211	201	-1
1003001000	-2	9884	5299.111	3875.757	75.125	16.027	166.667	6.799	182.125	57.418	5299.333	182.125	0	0	2	9	9	0	9884	8540	7420	0	8205	7777	5868	-2	80	62	103	54	65	97	69	71	-2	-2	163	179	165	-2	172	162	159	-2	89	215	225	215	78	223	211	201	-1
1003001000	-2	10136	5142.778	3896.038	77.625	14.309	167	6	182.75	57.701	5143	182.75	0	0	2	9	9	0	10136	9664	6699	0	7515	7098	5175	-2	81	66	104	63	66	97	70	74	-2	-2	167	177	167	-2	171	159	161	-2	89	219	224	216	78	223	208	205	-1
1003001000	-2	10136	5142.778	3896.038	77.625	14.309	167	6	182.75	57.701	5143	182.75	0	0	2	9	9	0	10136	9664	6699	0	7515	7098	5175	-2	81	66	104	63	66	97	70	74	-2	-2	167	177	167	-2	171	159	161	-2	89	219	224	216	78	223	208	205	-1
1002001000	-2	9695	6435.556	3575.739	77.375	12.845	165.429	6.091	199.125	41.73	6436	199.125	0	0	1	9	9	0	9695	9667	6906	8139	8589	8262	6664	-2	81	70	103	64	66	92	70	73	-2	-2	169	175	167	165	167	154	161	-2	90	222	223	215	215	218	205	205	-1
1002001000	-2	9695	6435.556	3575.739	77.375	12.845	165.429	6.091	199.125	41.73	6436	199.125	0	0	1	9	9	0	9695	9667	6906	8139	8589	8262	6664	-2	81	70	103	64	66	92	70	73	-2	-2	169	175	167	165	167	154	161	-2	90	222	223	215	215	218	205	205	-1
1002001000	-2	10098	7135.667	3846.221	77.5	11.737	166.857	6.402	200	46.136	7136.333	200	0	0	1	9	9	9618	9286	10098	8994	0	9107	8161	8959	-2	81	72	100	65	67	92	70	73	-2	172	171	174	167	-2	169	155	160	-2	220	224	223	215	79	223	208	208	-1
1002001000	-2	10098	7135.667	3846.221	77.5	11.737	166.857	6.402	200	46.136	7136.333	200	0	0	1	9	9	9618	9286	10098	8994	0	9107	8161	8959	-2	81	72	100	65	67	92	70	73	-2	172	171	174	167	-2	169	155	160	-2	220	224	223	215	79	223	208	208	-1
1002001000	-2	12727	8269.556	4580.904	79	11.705	170	6.525	207.375	42.163	8269.889	207.375	0	0	1	9	9	12727	0	11122	11873	10535	10592	8765	8814	-2	81	74	103	70	67	92	70	75	-2	176	-2	176	174	171	172	157	164	-2	226	97	229	225	228	228	213	213	-1
1002001000	-2	12727	8269.556	4580.904	79	11.705	170	6.525	207.375	42.163	8269.889	207.375	0	0	1	9	9	12727	0	11122	11873	10535	10592	8765	8814	-2	81	74	103	70	67	92	70	75	-2	176	-2	176	174	171	172	157	164	-2	226	97	229	225	228	228	213	213	-1
1002001000	-2	12520	8379.444	4578.406	80.5	12.339	173.714	6.135	212.375	43.723	8379.778	212.375	0	0	1	9	9	12520	0	11267	11628	10198	10936	9222	9646	-2	81	74	104	72	67	97	71	78	-2	175	-2	181	176	179	176	165	164	-2	228	98	237	229	235	234	222	216	-1
1002001000	-2	12520	8379.444	4578.406	80.5	12.339	173.714	6.135	212.375	43.723	8379.778	212.375	0	0	1	9	9	12520	0	11267	11628	10198	10936	9222	9646	-2	81	74	104	72	67	97	71	78	-2	175	-2	181	176	179	176	165	164	-2	228	98	237	229	235	234	222	216	-1
1005001000	-2	13413	5035.333	5694.23	83.625	11.989	180.5	5.937	169.125	71.804	5050	169.125	0	0	4	9	9	0	0	10660	11235	0	13413	0	10012	-2	81	81	105	76	71	101	71	83	-2	-2	-2	185	178	-2	187	-2	172	-2	91	97	247	235	93	250	110	230	-1
1005001000	-2	13413	5035.333	5694.23	83.625	11.989	180.5	5.937	169.125	71.804	5050	169.125	0	0	4	9	9	0	0	10660	11235	0	13413	0	10012	-2	81	81	105	76	71	101	71	83	-2	-2	-2	185	178	-2	187	-2	172	-2	91	97	247	235	93	250	110	230	-1
1004001000	-2	14102	6656.222	6073.064	84.625	11.51	182.8	5.154	192.375	71.795	6656.444	192.375	0	0	3	9	9	14102	0	11740	11052	0	13381	0	9633	-2	81	80	104	84	72	102	71	83	-2	184	-2	187	179	-2	189	-2	175	-2	255	98	253	237	93	257	110	236	-1
1004001000	-2	14102	6656.222	6073.064	84.625	11.51	182.8	5.154	192.375	71.795	6656.444	192.375	0	0	3	9	9	14102	0	11740	11052	0	13381	0	9633	-2	81	80	104	84	72	102	71	83	-2	184	-2	187	179	-2	189	-2	175	-2	255	98	253	237	93	257	110	236	-1
1004001000	-2	13816	6955.556	6362.275	81.375	11.757	180.2	6.242	191.875	68.912	7121.222	191.875	0	0	3	9	9	13816	13796	12105	0	0	13692	0	9193	-2	80	75	101	72	73	101	70	79	-2	180	181	183	-2	-2	188	-2	169	-2	245	251	245	80	124	254	110	226	-1
1004001000	-2	13816	6955.556	6362.275	81.375	11.757	180.2	6.242	191.875	68.912	7121.222	191.875	0	0	3	9	9	13816	13796	12105	0	0	13692	0	9193	-2	80	75	101	72	73	101	70	79	-2	180	181	183	-2	-2	188	-2	169	-2	245	251	245	80	124	254	110	226	-1
1002001000	-2	11458	7322.778	4075.436	33.25	9.107	166.286	7.869	194.125	56.153	8696.333	194.125	0	0	1	9	9	7032	10399	8797	9889	9113	9219	11458	0	-2	39	32	53	27	36	32	24	23	-2	172	150	176	169	162	170	165	-2	-2	214	199	226	215	212	225	215	47	-1
1001001000	-2	13848	11268.889	4065.756	124	5.788	194	6.144	250.625	12.489	12145.222	250.625	0	0	0	9	9	13410	11999	13662	12464	13848	11138	12394	12507	-2	125	116	127	129	132	126	114	123	-2	196	189	208	196	194	193	188	188	-2	252	239	280	248	256	249	242	239	-1
1001001000	-2	14801	12604.889	4474.619	123.875	6.193	202.875	7.096	286	10.296	16282.111	286	0	0	0	9	9	14801	14165	13308	13866	14309	14542	14263	14192	-2	124	121	130	130	130	127	115	114	-2	204	201	220	205	199	199	200	195	-2	296	273	297	300	280	285	286	271	-1
1001001000	-2	16757	13911	4956.064	123.875	6.193	202.875	7.096	286	10.296	16282.111	286	0	0	0	9	9	16757	15575	14560	15116	16067	16228	15417	15481	-2	124	121	130	130	130	127	115	114	-2	204	201	220	205	199	199	200	195	-2	296	273	297	300	280	285	286	271	-1
1002001000	-2	15673	11292.222	6078.277	101	11.034	191.857	5.249	237.5	52.87	12575	237.5	0	0	1	9	9	14962	13443	15127	13893	15673	13566	0	14968	-2	106	97	122	95	97	113	91	87	-2	195	189	202	193	187	192	-2	185	-2	265	254	270	259	250	258	99	245	-1
1002001000	-2	15673	11292.222	6078.277	101	11.034	191.857	5.249	237.5	52.87	12575	237.5	0	0	1	9	9	14962	13443	15127	13893	15673	13566	0	14968	-2	106	97	122	95	97	113	91	87	-2	195	189	202	193	187	192	-2	185	-2	265	254	270	259	250	258	99	245	-1
1004001000	-2	10931	4971.889	4516.01	57.875	24.817	165.2	8.976	155.125	76.232	4972.333	155.125	0	0	3	9	9	8227	10931	8282	9136	0	8173	0	0	-2	51	52	102	38	47	96	48	29	-2	165	154	178	157	-2	172	-2	-2	-2	207	209	224	209	60	221	58	53	-1
1004001000	-2	10931	4960.556	4508.084	57.875	24.817	165.2	8.976	155.125	76.232	4972.333	155.125	0	0	3	9	9	8227	10931	8282	9136	0	8071	0	0	-2	51	52	102	38	47	96	48	29	-2	165	154	178	157	-2	172	-2	-2	-2	207	209	224	209	60	221	58	53	-1
1003001000	-2	9757	5435	3928.473	59.625	22.293	158.833	9.335	168.375	65.822	5435.222	168.375	0	0	2	9	9	6665	9757	7954	7416	0	8222	8903	0	-2	57	53	99	38	47	95	42	46	-2	164	154	174	153	-2	163	145	-2	-2	208	206	219	201	55	210	193	55	-1
1003001000	-2	9757	5435	3928.473	59.625	22.293	158.833	9.335	168.375	65.822	5435.222	168.375	0	0	2	9	9	6665	9757	7954	7416	0	8222	8903	0	-2	57	53	99	38	47	95	42	46	-2	164	154	174	153	-2	163	145	-2	-2	208	206	219	201	55	210	193	55	-1
1002001000	-2	10041	6106.111	3435.697	63.75	18.492	157.143	8.725	187.625	46.271	6106.333	187.625	0	0	1	9	9	0	10041	9028	6376	7577	8138	6921	6876	-2	57	55	97	39	62	90	50	60	-2	-2	158	174	156	158	161	145	148	-2	67	209	220	203	206	208	193	195	-1
1002001000	-2	10041	6106.111	3435.697	63.75	18.492	157.143	8.725	187.625	46.271	6106.333	187.625	0	0	1	9	9	0	10041	9028	6376	7577	8138	6921	6876	-2	57	55	97	39	62	90	50	60	-2	-2	158	174	156	158	161	145	148	-2	67	209	220	203	206	208	193	195	-1
1002001000	-2	11115	6712.667	3898.707	63.5	16.217	158.429	6.863	188.125	49.557	6712.889	188.125	0	0	1	9	9	5963	11115	9854	6289	8865	9198	0	9132	-2	57	60	93	43	63	86	49	57	-2	162	156	171	154	159	160	-2	147	-2	207	209	218	202	208	208	58	195	-1
1002001000	-2	11115	6712.667	3898.707	63.5	16.217	158.429	6.863	188.125	49.557	6712.889	188.125	0	0	1	9	9	5963	11115	9854	6289	8865	9198	0	9132	-2	57	60	93	43	63	86	49	57	-2	162	156	171	154	159	160	-2	147	-2	207	209	218	202	208	208	58	195	-1
1002001000	-2	11670	7147.222	4060.733	65.625	16.324	160.857	6.707	190.875	51.741	7147.556	190.875	0	0	1	9	9	7432	11670	10135	6704	10015	9282	9089	0	-2	58	62	97	50	63	87	61	47	-2	164	160	173	157	161	162	149	-2	-2	210	212	222	206	213	211	198	55	-1
1002001000	-2	11670	7147.222	4060.733	65.625	16.324	160.857	6.707	190.875	51.741	7147.556	190.875	0	0	1	9	9	7432	11670	10135	6704	10015	9282	9089	0	-2	58	62	97	50	63	87	61	47	-2	164	160	173	157	161	162	149	-2	-2	210	212	222	206	213	211	198	55	-1
1002001000	-2	11189	7525.444	4183.59	68.25	15.106	161	7.856	198.875	38.847	7525.667	198.875	0	0	1	9	9	9285	0	10440	7090	11189	9715	9025	10987	-2	59	67	98	51	64	87	65	55	-2	165	-2	174	157	163	166	152	150	-2	215	98	226	208	218	219	205	202	-1
1002001000	-2	11189	7525.444	4183.59	68.25	15.106	161	7.856	198.875	38.847	7525.667	198.875	0	0	1	9	9	9285	0	10440	7090	11189	9715	9025	10987	-2	59	67	98	51	64	87	65	55	-2	165	-2	174	157	163	166	152	150	-2	215	98	226	208	218	219	205	202	-1
1001001000	-2	11480	8886.556	3312.318	70.5	15.851	164.375	7.381	219.25	8.182	8886.889	219.25	0	0	0	9	9	10525	9263	10181	7818	11302	10014	9398	11480	-2	60	70	98	51	64	95	65	61	-2	167	170	175	158	165	171	156	153	-2	218	229	229	212	221	227	212	206	-1
1001001000	-2	11480	8886.556	3312.318	70.5	15.851	164.375	7.381	219.25	8.182	8886.889	219.25	0	0	0	9	9	10525	9263	10181	7818	11302	10014	9398	11480	-2	60	70	98	51	64	95	65	61	-2	167	170	175	158	165	171	156	153	-2	218	229	229	212	221	227	212	206	-1
1001001000	-2	11727	8295.111	4463.78	72.5	14.56	169.25	6.629	223.625	16.109	8295.889	223.625	0	0	1	9	9	10814	11727	10692	0	10490	10157	9774	11004	-2	62	71	95	60	65	99	61	67	-2	168	175	176	167	169	179	160	160	-2	223	239	234	187	230	240	221	215	-1
1002001000	-2	11856	7471.444	5293.781	66.625	14.142	167.286	7.667	204.75	49.631	7472.111	204.75	0	0	2	9	9	10671	11856	0	0	11237	11572	10976	10933	-2	60	68	74	51	66	99	53	62	-2	169	175	-2	162	168	180	160	157	-2	226	239	82	182	232	242	222	213	-1
1002001000	-2	11856	7471.444	5293.781	66.625	14.142	167.286	7.667	204.75	49.631	7472.111	204.75	0	0	2	9	9	10671	11856	0	0	11237	11572	10976	10933	-2	60	68	74	51	66	99	53	62	-2	169	175	-2	162	168	180	160	157	-2	226	239	82	182	232	242	222	213	-1
1003001000	-2	11897	6889.222	4995.814	59.875	16.937	165.5	6.602	182.875	71.548	6890.444	182.875	0	0	2	9	9	11269	8857	0	8312	11897	10158	0	11512	-2	59	64	71	48	66	92	32	47	-2	168	171	-2	159	166	174	-2	155	-2	223	233	82	215	226	234	40	210	-1
1001001000	-2	15890	12391.889	4513.452	14.75	3.897	136.875	10.659	197.875	7.991	13117.444	197.875	0	0	0	9	9	12097	13392	14368	12964	14832	13253	15890	14733	-2	15	13	17	9	22	10	17	15	-2	142	113	147	142	134	148	130	139	-2	198	180	208	196	199	207	198	197	-1
1001001000	-2	13829	10346.222	3938.369	14.75	3.897	136.875	10.659	197.875	7.991	13117.444	197.875	0	0	0	9	9	10802	13392	10505	11821	12964	9051	13829	10754	-2	15	13	17	9	22	10	17	15	-2	142	113	147	142	134	148	130	139	-2	198	180	208	196	199	207	198	197	-1
1001001000	-2	12648	9145	3560.731	119.375	7.952	187.875	6.698	236.375	9.34	9145.333	236.375	0	0	0	9	9	9677	10739	12547	9689	12648	10380	7780	8847	-2	118	105	126	124	128	128	114	112	-2	189	182	203	186	186	192	185	180	-2	234	226	254	231	245	243	232	226	-1
1001001000	-2	12884	9861.778	3623.853	118.125	6.972	189.125	6.954	240.125	10.361	10013.778	240.125	0	0	0	9	9	10162	10756	12546	10204	12884	11554	9968	10684	-2	116	114	125	121	127	124	113	105	-2	193	183	204	189	187	192	185	180	-2	243	229	262	235	245	245	233	229	-1
1001001000	-2	16609	13850.556	4970.892	118.25	6.418	198.75	5.783	278.625	11.757	16236	278.625	0	0	0	9	9	16059	14976	15591	16007	16528	16609	15215	13672	-2	112	118	126	121	125	124	112	108	-2	202	196	211	201	193	198	198	191	-2	286	264	300	281	272	286	278	262	-1
1002001000	-2	15310	11355.778	6110.652	93	13.82	185	6.612	224.625	51.981	11725.333	224.625	0	0	1	9	9	14267	0	15310	15248	14129	15210	15046	12994	-2	94	73	118	86	91	111	88	83	-2	183	-2	198	188	179	189	179	179	-2	241	89	260	250	239	250	238	230	-1
1002001000	-2	14728	10310.667	5638.352	93	13.82	185	6.612	224.625	51.981	11725.333	224.625	0	0	1	9	9	13685	0	14631	11098	14129	11533	14728	12994	-2	94	73	118	86	91	111	88	83	-2	183	-2	198	188	179	189	179	179	-2	241	89	260	250	239	250	238	230	-1
1004001000	-2	12171	4719.333	4481.208	44.75	23.784	144.2	9.02	144.125	66.965	4719.444	144.125	0	0	3	9	9	6569	9086	0	12171	7444	7206	0	0	-2	47	42	71	27	39	92	17	23	-2	140	137	-2	141	141	162	-2	-2	-2	189	194	85	194	190	208	38	55	-1
1004001000	-2	12171	4719.333	4481.208	44.75	23.784	144.2	9.02	144.125	66.965	4719.444	144.125	0	0	3	9	9	6569	9086	0	12171	7444	7206	0	0	-2	47	42	71	27	39	92	17	23	-2	140	137	-2	141	141	162	-2	-2	-2	189	194	85	194	190	208	38	55	-1
1005001000	-2	8905	3571.444	4060.947	46.875	22.212	146.5	7.365	127.375	69.957	3572	127.375	0	0	4	9	9	6175	8834	0	8905	0	8231	0	0	-2	50	49	71	33	43	88	15	26	-2	144	140	-2	143	-2	159	-2	-2	-2	193	195	79	194	60	204	38	56	-1
1005001000	-2	8905	3571.444	4060.947	46.875	22.212	146.5	7.365	127.375	69.957	3572	127.375	0	0	4	9	9	6175	8834	0	8905	0	8231	0	0	-2	50	49	71	33	43	88	15	26	-2	144	140	-2	143	-2	159	-2	-2	-2	193	195	79	194	60	204	38	56	-1
1004001000	-2	9216	4464.444	4021.221	53.25	22.078	152.6	9.308	145.25	74.269	4464.778	145.25	0	0	3	9	9	7622	9216	8171	7652	0	7521	0	0	-2	51	51	88	38	45	89	22	42	-2	145	148	167	143	-2	160	-2	-2	-2	192	200	216	195	55	209	39	56	-1
1004001000	-2	9216	4464.444	4021.221	53.25	22.078	152.6	9.308	145.25	74.269	4464.778	145.25	0	0	3	9	9	7622	9216	8171	7652	0	7521	0	0	-2	51	51	88	38	45	89	22	42	-2	145	148	167	143	-2	160	-2	-2	-2	192	200	216	195	55	209	39	56	-1
1004001000	-2	10305	5197.889	4680.699	48	20.718	144.4	7.71	142.625	69.165	5198.333	142.625	0	0	3	9	9	9136	9724	0	10305	0	9491	0	8127	-2	51	49	71	37	42	85	13	36	-2	147	139	-2	142	-2	158	-2	136	-2	195	194	80	194	60	206	26	186	-1
1004001000	-2	10305	5197.889	4680.699	48	20.718	144.4	7.71	142.625	69.165	5198.333	142.625	0	0	3	9	9	9136	9724	0	10305	0	9491	0	8127	-2	51	49	71	37	42	85	13	36	-2	147	139	-2	142	-2	158	-2	136	-2	195	194	80	194	60	206	26	186	-1
1004001000	-2	10293	5164.667	4643.315	48.5	21.708	146	7.43	144.125	70.981	5164.778	144.125	0	0	3	9	9	8976	10293	0	9551	0	9258	0	8406	-2	52	52	73	39	38	86	11	37	-2	149	141	-2	143	-2	159	-2	138	-2	198	196	81	197	60	208	23	190	-1
1004001000	-2	10293	5164.667	4643.315	48.5	21.708	146	7.43	144.125	70.981	5164.778	144.125	0	0	3	9	9	8976	10293	0	9551	0	9258	0	8406	-2	52	52	73	39	38	86	11	37	-2	149	141	-2	143	-2	159	-2	138	-2	198	196	81	197	60	208	23	190	-1
1005001000	-2	10245	4170.778	4694.209	50.5	21.325	154.75	5.214	131.125	78.25	4171.222	131.125	0	0	4	9	9	10245	9211	0	8153	0	9930	0	0	-2	57	54	73	44	39	85	10	42	-2	152	149	-2	155	-2	163	-2	-2	-2	206	204	81	207	56	215	24	56	-1
1005001000	-2	10245	4170.778	4694.209	50.5	21.325	154.75	5.214	131.125	78.25	4171.222	131.125	0	0	4	9	9	10245	9211	0	8153	0	9930	0	0	-2	57	54	73	44	39	85	10	42	-2	152	149	-2	155	-2	163	-2	-2	-2	206	204	81	207	56	215	24	56	-1
1005001000	-2	10126	4119.333	4636.741	52.25	21.111	161.5	3.905	136.125	82.476	4119.556	136.125	0	0	4	9	9	9591	10126	0	7964	0	9395	0	0	-2	58	56	73	46	46	86	10	43	-2	161	158	-2	159	-2	168	-2	-2	-2	215	217	82	213	56	224	24	58	-1
1005001000	-2	10126	4119.333	4636.741	52.25	21.111	161.5	3.905	136.125	82.476	4119.556	136.125	0	0	4	9	9	9591	10126	0	7964	0	9395	0	0	-2	58	56	73	46	46	86	10	43	-2	161	158	-2	159	-2	168	-2	-2	-2	215	217	82	213	56	224	24	58	-1
1004001000	-2	12242	5618.889	5131.574	49.875	21.098	157.2	6.4	154.875	79.089	5619.889	154.875	0	0	3	9	9	10390	10576	0	8082	0	9282	0	12242	-2	54	53	71	40	45	85	9	42	-2	156	156	-2	158	-2	168	-2	148	-2	213	216	82	214	57	226	25	206	-1
1004001000	-2	12242	5618.889	5131.574	49.875	21.098	157.2	6.4	154.875	79.089	5619.889	154.875	0	0	3	9	9	10390	10576	0	8082	0	9282	0	12242	-2	54	53	71	40	45	85	9	42	-2	156	156	-2	158	-2	168	-2	148	-2	213	216	82	214	57	226	25	206	-1
1004001000	-2	10964	5380.444	4859.328	51	21.296	159	6	156.25	79.84	5380.556	156.25	0	0	3	9	9	10489	9283	0	8537	0	9153	0	10964	-2	53	51	72	45	47	88	10	42	-2	156	159	-2	158	-2	170	-2	152	-2	215	219	82	215	57	228	26	208	-1
1004001000	-2	10964	5380.444	4859.328	51	21.296	159	6	156.25	79.84	5380.556	156.25	0	0	3	9	9	10489	9283	0	8537	0	9153	0	10964	-2	53	51	72	45	47	88	10	42	-2	156	159	-2	158	-2	170	-2	152	-2	215	219	82	215	57	228	26	208	-1
1001001000	-2	15355	11635.889	4468.483	12.125	3.1	134.5	6.225	229.125	6.03	18359.778	229.125	0	0	0	9	9	11483	15355	11443	14341	14317	10288	15349	12149	-2	12	11	12	8	19	9	13	13	-2	140	122	142	133	133	141	130	135	-2	235	217	237	227	224	232	229	232	-1
1001001000	-2	14738	10268.111	4133.873	18.25	4.63	128.875	10.228	181.875	6.753	11398.889	181.875	0	0	0	9	9	9432	14738	10127	11161	12659	8457	14292	11549	-2	23	20	20	10	25	13	18	17	-2	138	109	140	129	128	141	120	126	-2	188	171	193	181	179	188	177	178	-1
1001001000	-2	16092	12768.889	4799.068	108.25	8.729	189.125	5.71	253.625	7.398	13335.556	253.625	0	0	0	9	9	12950	14234	16092	14491	15932	15197	15460	10566	-2	105	105	124	103	115	114	107	93	-2	188	189	203	188	184	191	184	186	-2	252	252	270	246	252	259	253	245	-1
1001001000	-2	16092	12768.889	4799.068	108.25	8.729	189.125	5.71	253.625	7.398	13335.556	253.625	0	0	0	9	9	12950	14234	16092	14491	15932	15197	15460	10566	-2	105	105	124	103	115	114	107	93	-2	188	189	203	188	184	191	184	186	-2	252	252	270	246	252	259	253	245	-1
1003001000	-2	14375	8232	5953.782	82.875	16.534	176.833	7.798	192.5	64.854	8252.667	192.5	0	0	2	9	9	11221	0	14375	9730	13169	13398	12197	0	-2	79	69	114	70	81	107	72	71	-2	169	-2	191	175	173	183	170	-2	-2	219	84	244	233	226	236	220	78	-1
1003001000	-2	14375	8232	5953.782	82.875	16.534	176.833	7.798	192.5	64.854	8252.667	192.5	0	0	2	9	9	11221	0	14375	9730	13169	13398	12197	0	-2	79	69	114	70	81	107	72	71	-2	169	-2	191	175	173	183	170	-2	-2	219	84	244	233	226	236	220	78	-1
1003001000	-2	12803	6212.444	4759.18	36.75	17.275	132.833	3.848	158.125	46.259	6212.667	158.125	0	0	2	9	9	7732	8949	0	11745	6436	0	12803	8249	-2	45	39	59	19	35	63	13	21	-2	136	134	-2	136	136	-2	127	128	-2	188	189	85	190	183	72	178	180	-1
1003001000	-2	12803	6212.444	4759.18	36.75	17.275	132.833	3.848	158.125	46.259	6212.667	158.125	0	0	2	9	9	7732	8949	0	11745	6436	0	12803	8249	-2	45	39	59	19	35	63	13	21	-2	136	134	-2	136	136	-2	127	128	-2	188	189	85	190	183	72	178	180	-1
1002001000	-2	12492	7007.889	4119.011	39.125	20.515	134.857	7.809	172.75	35.573	7022.556	172.75	0	0	1	9	9	6702	8707	0	10886	6784	9086	12492	8416	-2	46	41	59	21	35	78	12	21	-2	136	132	-2	135	135	152	127	127	-2	188	187	80	187	184	199	178	179	-1
1002001000	-2	12492	7007.889	4119.011	39.125	20.515	134.857	7.809	172.75	35.573	7022.556	172.75	0	0	1	9	9	6702	8707	0	10886	6784	9086	12492	8416	-2	46	41	59	21	35	78	12	21	-2	136	132	-2	135	135	152	127	127	-2	188	187	80	187	184	199	178	179	-1
1003001000	-2	9616	5741.444	4104.182	39.875	20.454	136	8.367	154.25	59.824	6056.333	154.25	0	0	2	9	9	8110	8754	0	9616	7493	8313	0	9389	-2	46	43	55	27	35	81	11	21	-2	137	131	-2	135	134	153	-2	126	-2	188	186	82	187	185	201	26	179	-1
1004001000	-2	10332	5542.111	4963.499	37.125	21.814	134.8	8.863	135.25	68.352	5542.889	135.25	0	0	3	9	9	9893	10282	0	0	9418	10332	0	9956	-2	45	43	55	19	25	80	8	22	-2	137	131	-2	-2	129	151	-2	126	-2	188	186	82	27	181	200	39	179	-1
1004001000	-2	10332	5542.111	4963.499	37.125	21.814	134.8	8.863	135.25	68.352	5542.889	135.25	0	0	3	9	9	9893	10282	0	0	9418	10332	0	9956	-2	45	43	55	19	25	80	8	22	-2	137	131	-2	-2	129	151	-2	126	-2	188	186	82	27	181	200	39	179	-1
1003001000	-2	12244	7157.333	5129.559	37.375	24.062	137.833	8.933	156.125	63.31	7157.889	156.125	0	0	2	9	9	11795	9606	0	12244	0	10426	9524	10823	-2	46	44	63	27	8	80	8	23	-2	138	135	-2	139	-2	156	130	129	-2	190	191	82	193	19	206	185	183	-1
1003001000	-2	12244	7157.333	5129.559	37.375	24.062	137.833	8.933	156.125	63.31	7157.889	156.125	0	0	2	9	9	11795	9606	0	12244	0	10426	9524	10823	-2	46	44	63	27	8	80	8	23	-2	138	135	-2	139	-2	156	130	129	-2	190	191	82	193	19	206	185	183	-1
1005001000	-2	12843	5235.222	5885.103	37.375	22.045	144.5	7.826	122.375	79.303	5263.667	122.375	0	0	4	9	9	12843	10740	0	12515	0	11021	0	0	-2	46	45	56	29	11	78	8	26	-2	140	139	-2	141	-2	158	-2	-2	-2	197	197	82	197	23	209	40	34	-1
1005001000	-2	12515	5146.667	5778.756	37.375	22.045	144.5	7.826	122.375	79.303	5263.667	122.375	0	0	4	9	9	12213	10739	0	12515	0	10855	0	0	-2	46	45	56	29	11	78	8	26	-2	140	139	-2	141	-2	158	-2	-2	-2	197	197	82	197	23	209	40	34	-1
1004001000	-2	12131	5868.556	5349.124	40.875	22.054	146	8.877	143.5	79.12	5871.889	143.5	0	0	3	9	9	12131	10171	0	12025	0	10049	0	8443	-2	45	49	63	35	16	80	9	30	-2	144	144	-2	142	-2	163	-2	137	-2	202	203	83	199	24	217	25	195	-1
1004001000	-2	12131	5868.556	5349.124	40.875	22.054	146	8.877	143.5	79.12	5871.889	143.5	0	0	3	9	9	12131	10171	0	12025	0	10049	0	8443	-2	45	49	63	35	16	80	9	30	-2	144	144	-2	142	-2	163	-2	137	-2	202	203	83	199	24	217	25	195	-1
1004001000	-2	12361	5982.333	5404.754	38.375	19.773	144.2	9.239	142.875	78.09	5990	142.875	0	0	3	9	9	12361	9778	0	11465	0	9708	0	10531	-2	43	45	52	29	18	77	9	34	-2	144	143	-2	140	-2	161	-2	133	-2	202	202	83	198	25	215	26	192	-1
1004001000	-2	12361	5982.333	5404.754	38.375	19.773	144.2	9.239	142.875	78.09	5990	142.875	0	0	3	9	9	12361	9778	0	11465	0	9708	0	10531	-2	43	45	52	29	18	77	9	34	-2	144	143	-2	140	-2	161	-2	133	-2	202	202	83	198	25	215	26	192	-1
1004001000	-2	11902	5870.778	5314.308	33.5	19.013	142	10.507	137.75	80.346	5871.222	137.75	0	0	3	9	9	11902	10092	0	9882	0	9161	0	11802	-2	34	42	31	27	17	77	9	31	-2	136	142	-2	138	-2	162	-2	132	-2	195	201	55	196	24	215	26	190	-1
1001001000	-2	15444	12399.889	4485.601	10.75	3.152	101.25	7.579	163.875	7.44	13017.444	163.875	0	0	0	9	9	14411	13831	15444	13558	12118	12922	14767	14550	-2	11	9	11	7	18	8	12	10	-2	106	91	113	98	98	112	95	97	-2	166	155	179	163	161	171	157	159	-1
1001001000	-2	15444	12399.889	4485.601	10.75	3.152	101.25	7.579	163.875	7.44	13017.444	163.875	0	0	0	9	9	14411	13831	15444	13558	12118	12922	14767	14550	-2	11	9	11	7	18	8	12	10	-2	106	91	113	98	98	112	95	97	-2	166	155	179	163	161	171	157	159	-1
1002001000	-2	11310	7767.667	4397.924	67.875	22.464	160.429	7.461	188.5	50.646	7767.889	188.5	0	0	1	9	9	11034	10372	9143	10997	6303	11310	10752	0	-2	76	53	102	57	61	98	67	29	-2	161	158	172	154	153	171	154	-2	-2	209	207	220	202	194	216	204	56	-1
1003001000	-2	13476	7180.889	5272.945	49.75	16.177	152.167	6.719	170	57.365	7257.222	170	0	0	2	9	9	9830	11158	0	12347	9347	8472	13476	0	-2	52	46	73	39	44	76	44	24	-2	147	151	-2	152	152	166	145	-2	-2	199	202	87	207	198	215	195	57	-1
1003001000	-2	13057	7022.444	5228.675	31.625	12.549	127.667	4.819	154	48.642	7022.667	154	0	0	2	9	9	11541	9955	0	12542	8213	0	13057	7896	-2	43	38	47	18	29	45	13	20	-2	131	134	-2	127	130	-2	125	119	-2	184	188	86	185	179	56	177	177	-1
1003001000	-2	12382	6771.333	5014.103	31.625	12.549	127.667	4.819	154	48.642	7022.667	154	0	0	2	9	9	11261	9716	0	11872	7932	0	12382	7781	-2	43	38	47	18	29	45	13	20	-2	131	134	-2	127	130	-2	125	119	-2	184	188	86	185	179	56	177	177	-1
1004001000	-2	11237	5348.667	4870.965	28.375	11.968	123	7.694	130	61.954	5348.889	130	0	0	3	9	9	9179	10881	0	0	8070	0	11237	8773	-2	42	35	42	18	27	38	9	16	-2	131	131	-2	-2	125	-2	115	113	-2	182	184	86	27	176	45	170	170	-1
1004001000	-2	11237	5348.667	4870.965	28.375	11.968	123	7.694	130	61.954	5348.889	130	0	0	3	9	9	9179	10881	0	0	8070	0	11237	8773	-2	42	35	42	18	27	38	9	16	-2	131	131	-2	-2	125	-2	115	113	-2	182	184	86	27	176	45	170	170	-1
1003001000	-2	10336	5691.667	4192.136	26.5	12.845	123.833	12.967	142.375	62.267	5691.889	142.375	0	0	2	9	9	7326	10336	7633	0	9087	0	10226	6619	-2	41	37	41	17	17	37	8	14	-2	128	128	146	-2	124	-2	111	106	-2	179	183	197	27	176	45	167	165	-1
1003001000	-2	9833	5380.333	3921.447	26.5	12.845	123.833	12.967	142.375	62.267	5691.889	142.375	0	0	2	9	9	7247	9833	7436	0	8595	0	8941	6373	-2	41	37	41	17	17	37	8	14	-2	128	128	146	-2	124	-2	111	106	-2	179	183	197	27	176	45	167	165	-1
1004001000	-2	11906	5060.111	4749.942	24.875	13.642	122.2	11.356	122.25	70.754	5359.556	122.25	0	0	3	9	9	9907	11906	7377	0	0	0	9830	6523	-2	39	35	41	17	7	37	7	16	-2	128	126	138	-2	-2	-2	113	106	-2	180	179	190	27	23	45	169	165	-1
1004001000	-2	12692	5359.222	5058.808	24.875	13.642	122.2	11.356	122.25	70.754	5359.556	122.25	0	0	3	9	9	10087	12692	7626	0	0	0	11021	6809	-2	39	35	41	17	7	37	7	16	-2	128	126	138	-2	-2	-2	113	106	-2	180	179	190	27	23	45	169	165	-1
1004001000	-2	11494	5627	5228.61	24.75	12.527	118.6	7.338	129.125	61.546	5627.556	129.125	0	0	3	9	9	10892	11494	0	10478	0	0	11380	6401	-2	35	36	38	18	7	37	7	20	-2	128	126	-2	117	-2	-2	113	109	-2	181	180	83	177	27	46	171	168	-1
1004001000	-2	11494	5627	5228.61	24.75	12.527	118.6	7.338	129.125	61.546	5627.556	129.125	0	0	3	9	9	10892	11494	0	10478	0	0	11380	6401	-2	35	36	38	18	7	37	7	20	-2	128	126	-2	117	-2	-2	113	109	-2	181	180	83	177	27	46	171	168	-1
1005001000	-2	12123	4851.889	5523.923	23.875	11.185	123.5	6.5	112.25	71.302	4854.556	112.25	0	0	4	9	9	12039	12123	0	11224	0	0	0	8283	-2	33	37	37	18	8	29	8	21	-2	130	129	-2	121	-2	-2	-2	114	-2	187	184	83	182	28	36	25	173	-1
1005001000	-2	12123	4851.889	5523.923	23.875	11.185	123.5	6.5	112.25	71.302	4854.556	112.25	0	0	4	9	9	12039	12123	0	11224	0	0	0	8283	-2	33	37	37	18	8	29	8	21	-2	130	129	-2	121	-2	-2	-2	114	-2	187	184	83	182	28	36	25	173	-1
1005001000	-2	11445	4459.889	5030.118	23.75	10.744	122.5	5.025	113.875	70.361	4460	113.875	0	0	4	9	9	8657	11445	0	10124	0	0	0	9915	-2	24	39	31	19	10	37	8	22	-2	122	129	-2	124	-2	-2	-2	115	-2	184	185	83	185	28	46	25	175	-1
1005001000	-2	11445	4459.889	5030.118	23.75	10.744	122.5	5.025	113.875	70.361	4460	113.875	0	0	4	9	9	8657	11445	0	10124	0	0	0	9915	-2	24	39	31	19	10	37	8	22	-2	122	129	-2	124	-2	-2	-2	115	-2	184	185	83	185	28	46	25	175	-1
1004001000	-2	11880	4383.889	4996.014	20.625	8.703	121.2	5.776	127.5	61.616	4384.222	127.5	0	0	4	9	9	8912	11880	0	10528	0	0	0	8137	-2	18	36	24	20	9	28	8	22	-2	122	128	-2	120	125	-2	-2	111	-2	183	185	83	181	145	46	26	171	-1
1001001000	-2	11870	8744.222	3566.757	17.125	5.158	112.375	10.136	162	7.649	8744.556	162	0	0	0	9	9	7935	11055	11643	9395	7918	7018	11870	11866	-2	22	17	22	10	25	12	17	12	-2	117	104	125	107	110	130	108	98	-2	164	157	175	156	159	173	160	152	-1
1002001000	-2	11466	7266.111	4139.258	43.5	12.952	146	8.177	180.625	46.947	7519.778	180.625	0	0	1	9	9	9483	8334	11466	10513	6632	8053	10916	0	-2	50	42	66	40	39	57	31	23	-2	141	144	161	141	141	156	138	-2	-2	197	196	212	199	189	206	188	58	-1
1002001000	-2	12054	7691.667	4281.642	23.625	10.049	118.714	10.166	157.5	46.57	7949.111	157.5	0	0	1	9	9	12054	11564	10259	8184	8849	0	8897	9420	-2	38	32	36	16	20	24	9	14	-2	125	124	135	116	121	-2	104	106	-2	180	179	189	175	172	36	162	167	-1
1002001000	-2	12182	7948.667	4404.919	23.625	10.049	118.714	10.166	157.5	46.57	7949.111	157.5	0	0	1	9	9	12144	12182	10296	8654	9062	0	9656	9546	-2	38	32	36	16	20	24	9	14	-2	125	124	135	116	121	-2	104	106	-2	180	179	189	175	172	36	162	167	-1
1003001000	-2	10009	5895.111	4241.617	19.5	8.846	108.167	5.459	136.125	52.401	5895.333	136.125	0	0	2	9	9	8332	9687	0	7914	9593	0	10009	7523	-2	32	31	24	15	11	24	8	11	-2	111	117	-2	108	110	-2	101	102	-2	170	172	36	168	165	56	161	161	-1
1003001000	-2	10009	5895.111	4241.617	19.5	8.846	108.167	5.459	136.125	52.401	5895.333	136.125	0	0	2	9	9	8332	9687	0	7914	9593	0	10009	7523	-2	32	31	24	15	11	24	8	11	-2	111	117	-2	108	110	-2	101	102	-2	170	172	36	168	165	56	161	161	-1
1002001000	-2	10921	7515.667	4144.748	17.125	7.079	106.857	9.613	151	36.544	7516.333	151	0	0	1	9	9	9940	9503	7766	10408	8237	0	10921	10868	-2	23	27	22	15	9	23	7	11	-2	111	110	127	103	102	-2	98	97	-2	166	165	180	166	161	56	157	157	-1
1002001000	-2	10312	7105.889	3932.815	17.125	7.079	106.857	9.613	151	36.544	7516.333	151	0	0	1	9	9	9697	9153	7455	10189	7337	0	9812	10312	-2	23	27	22	15	9	23	7	11	-2	111	110	127	103	102	-2	98	97	-2	166	165	180	166	161	56	157	157	-1
1002001000	-2	12113	7897.778	4399.823	16.875	7.557	107.429	9.1	151.75	36.748	7898.333	151.75	0	0	1	9	9	10299	9608	8378	12113	8184	0	11565	10935	-2	22	28	22	15	6	23	7	12	-2	111	109	127	104	103	-2	101	97	-2	167	164	180	167	163	56	160	157	-1
1002001000	-2	12113	7897.778	4399.823	16.875	7.557	107.429	9.1	151.75	36.748	7898.333	151.75	0	0	1	9	9	10299	9608	8378	12113	8184	0	11565	10935	-2	22	28	22	15	6	23	7	12	-2	111	109	127	104	103	-2	101	97	-2	167	164	180	167	163	56	160	157	-1
1002001000	-2	12034	7672.444	4246.804	16.625	7.21	111.571	11.843	151.5	48.417	7673.111	151.5	0	0	1	9	9	9863	10191	8567	12034	7924	9809	0	10666	-2	20	27	22	16	6	23	7	12	-2	111	110	130	101	103	128	-2	98	-2	170	165	183	166	164	180	25	159	-1
1002001000	-2	12965	8387.111	4749.545	15.625	6.594	107.571	9.022	152.375	40.706	8400.444	152.375	0	0	1	9	9	11651	10102	9313	12965	7675	0	12851	10929	-2	16	27	17	16	7	23	7	12	-2	108	110	128	103	103	-2	102	99	-2	169	165	183	167	165	46	164	160	-1
1002001000	-2	12965	8387.111	4749.545	15.625	6.594	107.571	9.022	152.375	40.706	8400.444	152.375	0	0	1	9	9	11651	10102	9313	12965	7675	0	12851	10929	-2	16	27	17	16	7	23	7	12	-2	108	110	128	103	103	-2	102	99	-2	169	165	183	167	165	46	164	160	-1
1002001000	-2	13900	8105.778	4672.3	16.375	6.945	108.571	9.47	153.625	41.204	8159.222	153.625	0	0	1	9	9	11647	9762	9559	13900	7130	0	11442	9514	-2	15	28	20	17	8	24	7	12	-2	108	111	130	106	104	-2	99	102	-2	170	166	185	169	167	46	162	164	-1
1002001000	-2	13900	8105.778	4672.3	16.375	6.945	108.571	9.47	153.625	41.204	8159.222	153.625	0	0	1	9	9	11647	9762	9559	13900	7130	0	11442	9514	-2	15	28	20	17	8	24	7	12	-2	108	111	130	106	104	-2	99	102	-2	170	166	185	169	167	46	162	164	-1
1001001000	-2	11239	8216.889	3206.502	19.25	4.465	118.25	8.482	166.25	6.722	8313.889	166.25	0	0	0	9	9	7232	11239	9527	8428	7293	9240	9858	11137	-2	22	19	28	15	23	16	17	14	-2	120	117	129	114	117	130	118	101	-2	168	166	176	162	161	174	169	154	-1
1001001000	-2	13812	9911.444	3944.327	29.25	8.422	130.625	8.169	186	6.782	10473	186	0	0	0	9	9	13812	7705	11713	12310	9714	10128	10399	13424	-2	35	36	41	35	28	24	15	20	-2	130	138	144	132	130	131	126	114	-2	186	190	196	193	178	189	179	177	-1
1001001000	-2	11705	8602.333	3538.138	15.375	4.82	105	10.583	163	8.307	8972	163	0	0	0	9	9	10372	9911	8705	5073	10857	11705	10129	10671	-2	20	19	20	15	11	20	7	11	-2	107	113	120	98	101	118	93	90	-2	167	169	174	163	158	171	152	150	-1
1001001000	-2	11701	8601.889	3550.735	15.375	4.82	105	10.583	163	8.307	8972	163	0	0	0	9	9	10319	9799	8646	5051	10973	11701	10090	10840	-2	20	19	20	15	11	20	7	11	-2	107	113	120	98	101	118	93	90	-2	167	169	174	163	158	171	152	150	-1
1001001000	-2	11463	8249.222	3219.504	12.75	3.631	97	9.394	155.25	7.084	8329	155.25	0	0	0	9	9	11463	10269	9699	6925	8584	7361	10200	9744	-2	16	17	15	13	9	16	7	9	-2	98	104	113	92	92	106	87	84	-2	158	160	168	153	152	159	148	144	-1
1001001000	-2	13478	11648.111	4123.442	7.5	1.225	77.875	4.343	156	6.964	15295.222	156	0	0	0	9	9	13478	13381	13081	12845	12902	13051	13037	13060	-2	8	7	8	6	10	6	8	7	-2	81	76	86	73	76	82	76	73	-2	161	152	170	151	151	162	152	149	-1
1001001000	-2	12855	10400.889	3726.49	7.625	1.317	76.5	4.743	135.75	5.932	10805.333	135.75	0	0	0	9	9	12855	11575	11540	10472	12179	11791	11385	11813	-2	8	7	9	6	10	6	8	7	-2	80	75	83	73	73	83	76	69	-2	139	134	144	134	130	144	135	126	-1
1001001000	-2	12782	10547.556	3784.385	8.5	1.225	85.125	5.441	144	5.523	10925.222	144	0	0	0	9	9	11029	10624	12394	11779	12365	12131	11826	12782	-2	8	8	10	7	11	8	8	8	-2	87	82	92	82	81	95	84	78	-2	146	144	152	141	138	151	145	135	-1
1001001000	-2	13416	11169.889	3989.792	20.875	3.257	130.875	6.294	189.75	6.495	13120.667	189.75	0	0	0	9	9	13416	11421	12189	12730	13249	12187	12768	12571	-2	22	24	25	19	24	20	18	15	-2	133	134	138	128	125	135	136	118	-2	193	190	193	188	185	191	201	177	-1
1001001000	-2	13236	10518.222	3886.829	23.125	8.054	127	7.416	186.5	5.025	12334.556	186.5	0	0	0	9	9	12365	9147	12971	11052	11816	12018	12061	13236	-2	23	34	24	37	14	21	13	19	-2	125	140	134	128	128	125	123	113	-2	187	193	189	194	180	186	183	180	-1
1001001000	-2	13813	11208.667	4247.345	23.125	8.054	127	7.416	186.5	5.025	12334.556	186.5	0	0	0	9	9	13760	8703	13684	13030	12555	13561	11774	13813	-2	23	34	24	37	14	21	13	19	-2	125	140	134	128	128	125	123	113	-2	187	193	189	194	180	186	183	180	-1
1001001000	-2	12671	9286.222	3459.948	11.625	3.16	94.5	8.675	153.375	7.482	9565	153.375	0	0	0	9	9	10701	11058	10237	8689	10949	9088	12671	10185	-2	11	15	14	14	9	15	6	9	-2	95	104	105	92	91	104	84	81	-2	155	161	161	156	150	160	144	140	-1
