1001001000	-2	15272	12514.111	4498.631	48.25	11.244	145.125	7.672	243.375	21	15659.333	243.375	0	0	0	9	9	14948	14395	14386	13725	14049	15272	12314	13540	-2	54	42	28	51	45	40	65	61	-2	142	145	129	147	149	141	156	152	-2	261	233	210	250	244	222	282	245	-1
1001001000	-2	14376	11510.556	4176.36	55.75	11.723	146.625	6.818	232.375	10.319	15502.556	232.375	0	0	0	9	9	13546	13481	14376	12844	13283	12591	10735	12741	-2	58	51	34	53	54	51	71	74	-2	145	143	133	146	150	152	158	146	-2	234	229	212	243	227	242	227	245	-1
1001001000	-2	14676	12378.667	4521.231	53.5	3.969	135.875	3.723	204.625	13.509	13946.111	204.625	0	0	0	9	9	14557	14676	10793	14393	14027	14223	14520	14221	-2	55	48	58	57	59	51	50	50	-2	136	132	133	137	140	143	134	132	-2	215	202	186	210	206	231	197	190	-1
1001001000	-2	14676	12378.667	4521.231	53.5	3.969	135.875	3.723	204.625	13.509	13946.111	204.625	0	0	0	9	9	14557	14676	10793	14393	14027	14223	14520	14221	-2	55	48	58	57	59	51	50	50	-2	136	132	133	137	140	143	134	132	-2	215	202	186	210	206	231	197	190	-1
1001001000	-2	14247	11955.778	4314.695	52.5	4.717	135.5	2.872	199.75	6.666	13436.111	199.75	0	0	0	9	9	13461	13869	11120	13792	14003	13522	14247	13590	-2	55	49	54	57	60	51	50	44	-2	134	134	134	137	141	138	135	131	-2	201	202	190	207	206	206	197	189	-1
1001001000	-2	14720	12282.556	4459.027	52.5	4.717	135.5	2.872	199.75	6.666	13436.111	199.75	0	0	0	9	9	13820	14380	11120	14245	14516	13662	14720	14082	-2	55	49	54	57	60	51	50	44	-2	134	134	134	137	141	138	135	131	-2	201	202	190	207	206	206	197	189	-1
1001001000	-2	14751	11919.111	4318.019	53.75	3.666	134.625	3.12	195.875	7.201	12784.778	195.875	0	0	0	9	9	13606	14311	11174	13661	13229	13543	14751	12999	-2	56	55	54	57	59	47	50	52	-2	134	135	133	135	138	135	139	128	-2	200	199	189	200	197	198	204	180	-1
1001001000	-2	14751	11919.111	4318.019	53.75	3.666	134.625	3.12	195.875	7.201	12784.778	195.875	0	0	0	9	9	13606	14311	11174	13661	13229	13543	14751	12999	-2	56	55	54	57	59	47	50	52	-2	134	135	133	135	138	135	139	128	-2	200	199	189	200	197	198	204	180	-1
1002001000	-2	15044	10424.667	5620.721	55.875	4.428	134.571	4.625	179.625	43.003	11029	179.625	0	0	1	9	9	0	13974	12235	12887	13093	13117	15044	13474	-2	57	57	55	61	61	46	56	54	-2	-2	136	133	136	139	133	140	125	-2	68	200	189	201	200	194	207	178	-1
1002001000	-2	13680	10065.556	5397.363	55.875	4.428	134.571	4.625	179.625	43.003	11029	179.625	0	0	1	9	9	0	13318	12095	12636	13013	12697	13680	13153	-2	57	57	55	61	61	46	56	54	-2	-2	136	133	136	139	133	140	125	-2	68	200	189	201	200	194	207	178	-1
1001001000	-2	14110	11913.444	4240.676	57.875	6.071	135.25	5.238	198.75	12.306	12475.667	198.75	0	0	0	9	9	13818	13544	12656	12873	13572	12799	13851	14110	-2	57	58	55	63	66	46	64	54	-2	140	139	133	137	138	131	140	124	-2	216	212	188	201	199	190	207	177	-1
1002001000	-2	15283	9029.889	5067.678	46.25	11.486	157.429	7.853	235.75	67.044	9550	235.75	0	0	1	9	9	11175	12014	15283	10982	10787	11947	9083	0	-2	54	38	28	50	43	35	63	59	-2	154	158	142	157	159	162	170	-2	-2	260	231	330	250	253	242	245	75	-1
1001001000	-2	15563	12700.111	4542.383	54.75	11.691	149.625	5.7	238.5	6.856	15479.444	238.5	0	0	0	9	9	13872	14880	15563	14654	13750	13680	13238	14666	-2	58	42	36	53	56	52	65	76	-2	149	142	141	149	157	151	158	150	-2	248	236	232	244	227	242	234	245	-1
1001001000	-2	14557	11428.111	4132.304	74.25	6.591	154.375	4.635	228.5	7.297	13013.111	228.5	0	0	0	9	9	12591	13239	12986	13365	11141	12719	12257	14557	-2	83	70	66	66	81	75	71	82	-2	153	148	154	156	159	157	161	147	-2	220	217	232	230	227	242	227	233	-1
1001001000	-2	14484	11417.333	4117.236	73.75	6.379	155.5	5	228.625	7.582	12754.222	228.625	0	0	0	9	9	12288	13562	12803	13120	11859	11707	12935	14484	-2	84	70	69	67	80	74	66	80	-2	155	151	158	156	157	161	161	145	-2	220	218	232	228	227	244	227	233	-1
1001001000	-2	14484	11417.333	4117.236	73.75	6.379	155.5	5	228.625	7.582	12754.222	228.625	0	0	0	9	9	12288	13562	12803	13120	11859	11707	12935	14484	-2	84	70	69	67	80	74	66	80	-2	155	151	158	156	157	161	161	145	-2	220	218	232	228	227	244	227	233	-1
1001001000	-2	14937	11540.222	4286.892	67.875	7.061	152	5.292	235.25	7.98	12189.222	235.25	0	0	0	9	9	12543	13648	14937	10867	12231	11453	13311	14874	-2	81	66	66	67	76	66	56	65	-2	153	148	149	156	158	156	155	141	-2	231	231	233	229	253	243	228	234	-1
1001001000	-2	14527	12203	4383.988	50	8.352	134.5	4.387	200.375	11.112	12888.667	200.375	0	0	0	9	9	14045	14512	12052	13492	14285	12859	14527	14057	-2	56	48	58	57	52	50	49	30	-2	138	132	134	139	139	136	133	125	-2	215	200	190	213	203	206	197	179	-1
1001001000	-2	14527	12203	4383.988	50	8.352	134.5	4.387	200.375	11.112	12888.667	200.375	0	0	0	9	9	14045	14512	12052	13492	14285	12859	14527	14057	-2	56	48	58	57	52	50	49	30	-2	138	132	134	139	139	136	133	125	-2	215	200	190	213	203	206	197	179	-1
1001001000	-2	13873	11159	4120.464	49	8.426	130.125	4.166	187.75	8.482	11660.222	187.75	0	0	0	9	9	13284	13873	10422	12821	12740	13170	13623	10500	-2	55	49	57	56	52	48	46	29	-2	134	128	131	131	136	130	130	121	-2	199	186	183	194	193	188	190	169	-1
1001001000	-2	14263	11356.778	4225.418	49	8.426	130.125	4.166	187.75	8.482	11660.222	187.75	0	0	0	9	9	13566	14263	10422	13026	13031	13441	13964	10500	-2	55	49	57	56	52	48	46	29	-2	134	128	131	131	136	130	130	121	-2	199	186	183	194	193	188	190	169	-1
1001001000	-2	14063	11168	4209.974	48.875	8.781	130.75	4.265	188.125	8.753	11499.667	188.125	0	0	0	9	9	13718	13856	9252	12913	12555	13160	14063	10997	-2	55	49	56	56	54	45	48	28	-2	134	129	131	131	135	130	135	121	-2	198	188	182	191	193	187	197	169	-1
1001001000	-2	14178	10764.111	4031	48.875	8.781	130.75	4.265	188.125	8.753	11499.667	188.125	0	0	0	9	9	12790	14178	9252	12473	11473	13000	12716	10997	-2	55	49	56	56	54	45	48	28	-2	134	129	131	131	135	130	135	121	-2	198	188	182	191	193	187	197	169	-1
1001001000	-2	14701	11401.333	4272.796	48	9.327	129.375	4.241	185.25	8.671	11710.333	185.25	0	0	0	9	9	13994	14701	10156	12829	12148	13344	14343	11099	-2	52	50	55	57	57	44	41	28	-2	132	129	129	130	132	130	134	119	-2	196	189	178	188	186	184	194	167	-1
1001001000	-2	13723	11026.556	4044.392	48	9.327	129.375	4.241	185.25	8.671	11710.333	185.25	0	0	0	9	9	13189	13723	10156	12822	12130	12782	13340	11099	-2	52	50	55	57	57	44	41	28	-2	132	129	129	130	132	130	134	119	-2	196	189	178	188	186	184	194	167	-1
1001001000	-2	13977	11218.556	4051.96	47.125	8.978	131.625	5.097	190.5	10.571	11791.667	190.5	0	0	0	9	9	13977	13009	11358	11857	13217	12807	13222	11522	-2	51	52	55	56	52	44	39	28	-2	135	137	131	129	134	131	136	120	-2	206	203	184	188	193	184	195	171	-1
1001001000	-2	14171	11367.222	4132.485	47.125	8.978	131.625	5.097	190.5	10.571	11791.667	190.5	0	0	0	9	9	12902	14171	11358	11857	13456	13120	13921	11522	-2	51	52	55	56	52	44	39	28	-2	135	137	131	129	134	131	136	120	-2	206	203	184	188	193	184	195	171	-1
1002001000	-2	14598	10211.556	5515.685	50.125	10.142	136.429	5.729	190.625	55.794	11270.111	190.625	0	0	1	9	9	11533	14598	13585	13244	13623	12602	0	12721	-2	52	57	59	58	60	45	40	30	-2	139	141	138	138	142	133	-2	124	-2	225	241	208	206	218	196	50	181	-1
1002001000	-2	14812	10763.778	5778.774	50.125	10.142	136.429	5.729	190.625	55.794	11270.111	190.625	0	0	1	9	9	13566	14714	13595	13609	14812	13106	0	13474	-2	52	57	59	58	60	45	40	30	-2	139	141	138	138	142	133	-2	124	-2	225	241	208	206	218	196	50	181	-1
1002001000	-2	13883	10195.667	5492.197	57.5	6.325	142.143	6.642	208.125	56.104	11140.667	208.125	0	0	1	9	9	0	11769	13726	13671	12447	13883	12590	13677	-2	57	61	65	62	65	48	51	51	-2	-2	151	145	143	145	139	144	128	-2	65	241	227	226	248	225	238	195	-1
1001001000	-2	14590	11307.556	4287.814	62.25	5.673	147.25	7.378	236.25	11.787	11666.778	236.25	0	0	0	9	9	12918	8796	14214	12648	12930	13244	12430	14590	-2	67	63	67	64	70	53	59	55	-2	150	158	146	152	149	143	149	131	-2	232	242	240	229	248	251	237	211	-1
1001001000	-2	15359	11464.556	4383.993	62.25	5.673	147.25	7.378	236.25	11.787	11666.778	236.25	0	0	0	9	9	13312	8796	14193	13055	12856	13182	12430	15359	-2	67	63	67	64	70	53	59	55	-2	150	158	146	152	149	143	149	131	-2	232	242	240	229	248	251	237	211	-1
1001001000	-2	11727	6657.667	3703.741	70.375	5.957	160.375	8.929	234.625	8.817	6658.333	234.625	0	0	0	9	9	8831	2865	11727	9566	6712	5899	3642	10679	-2	67	68	63	68	75	75	82	65	-2	157	175	151	157	160	165	171	147	-2	243	243	241	223	230	238	240	219	-1
1001001000	-2	11466	6593.111	3730.87	72	7.45	161.75	9.614	239.625	4.948	6595.111	239.625	0	0	0	9	9	9630	2932	11466	9283	6010	5906	3387	10726	-2	65	68	62	75	79	76	85	66	-2	156	175	153	158	161	166	177	148	-2	244	249	241	237	231	238	239	238	-1
1001001000	-2	12177	7678.111	3819.916	69.875	5.622	159.25	8.599	239.75	5.117	7678.222	239.75	0	0	0	9	9	12177	4757	11955	9257	8447	6852	4554	11106	-2	66	66	63	68	74	76	80	66	-2	152	171	152	157	157	164	173	148	-2	235	245	243	238	231	248	239	239	-1
1001001000	-2	12119	7671.667	3812.362	69.875	5.622	159.25	8.599	239.75	5.117	7678.222	239.75	0	0	0	9	9	12119	4757	11955	9257	8447	6852	4554	11106	-2	66	66	63	68	74	76	80	66	-2	152	171	152	157	157	164	173	148	-2	235	245	243	238	231	248	239	239	-1
1002001000	-2	14218	9814	5333.041	47.625	10.885	155.714	6.181	238.625	65.121	11423.556	238.625	0	0	1	9	9	12901	14218	13860	11910	12748	11743	10948	0	-2	55	37	28	50	42	47	61	61	-2	151	147	152	156	155	165	164	-2	-2	258	236	297	250	253	293	247	75	-1
1003001000	-2	14960	8780.667	6256.436	64	10.989	152.667	5.793	198.375	73.364	11897.111	198.375	0	0	2	9	9	0	14960	12999	12799	13036	0	11816	13418	-2	62	42	57	70	74	62	64	81	-2	-2	142	153	153	159	-2	159	150	-2	76	236	274	237	226	71	234	233	-1
1003001000	-2	15066	9414.778	6671.704	65.375	10.416	150.5	5.058	193.375	68.837	12378.222	193.375	0	0	2	9	9	0	15066	14082	14232	13786	0	13320	14249	-2	65	44	61	70	76	62	64	81	-2	-2	141	152	151	154	-2	157	148	-2	76	223	251	237	226	74	234	226	-1
1003001000	-2	15002	9087.333	6452.8	65.375	10.416	150.5	5.058	193.375	68.837	12378.222	193.375	0	0	2	9	9	0	15002	13228	13752	13411	0	12648	13747	-2	65	44	61	70	76	62	64	81	-2	-2	141	152	151	154	-2	157	148	-2	76	223	251	237	226	74	234	226	-1
1001001000	-2	13733	9315.889	3744.657	76	6.164	160.75	5.717	230.125	9.36	9650.667	230.125	0	0	0	9	9	11146	8890	11176	11325	11440	7289	8846	13733	-2	86	72	70	75	81	81	66	77	-2	160	162	167	160	158	167	164	148	-2	231	221	233	228	214	245	228	241	-1
1001001000	-2	13517	11409.222	4052.828	49.5	8.631	135.25	5.426	202.75	12.94	13646.222	202.75	0	0	0	9	9	13517	12448	13089	13225	12685	12993	12283	12445	-2	56	47	60	57	47	53	45	31	-2	143	136	137	137	139	136	130	124	-2	228	206	195	211	203	203	196	180	-1
1001001000	-2	13517	11409.222	4052.828	49.5	8.631	135.25	5.426	202.75	12.94	13646.222	202.75	0	0	0	9	9	13517	12448	13089	13225	12685	12993	12283	12445	-2	56	47	60	57	47	53	45	31	-2	143	136	137	137	139	136	130	124	-2	228	206	195	211	203	203	196	180	-1
1001001000	-2	12641	10174.889	3719.743	43.25	10.425	128.375	4.581	185.375	8.971	11137.889	185.375	0	0	0	9	9	12452	12417	10937	11725	10040	12641	11440	9924	-2	48	41	58	54	38	50	29	28	-2	134	128	132	131	130	130	122	120	-2	198	187	185	194	186	187	180	166	-1
1001001000	-2	14289	10917.889	4093.691	43.25	10.425	128.375	4.581	185.375	8.971	11137.889	185.375	0	0	0	9	9	14289	14105	11155	11641	10958	13824	11827	10464	-2	48	41	58	54	38	50	29	28	-2	134	128	132	131	130	130	122	120	-2	198	187	185	194	186	187	180	166	-1
1001001000	-2	14079	10355.556	4080.441	42.5	10.173	126.5	4.416	180.625	7.905	10542	180.625	0	0	0	9	9	14079	14027	10569	12202	9491	13199	10904	8731	-2	48	41	57	54	38	46	28	28	-2	132	124	129	130	129	128	122	118	-2	190	181	180	187	183	184	178	162	-1
1001001000	-2	14079	10355.556	4080.441	42.5	10.173	126.5	4.416	180.625	7.905	10542	180.625	0	0	0	9	9	14079	14027	10569	12202	9491	13199	10904	8731	-2	48	41	57	54	38	46	28	28	-2	132	124	129	130	129	128	122	118	-2	190	181	180	187	183	184	178	162	-1
1001001000	-2	13764	10367.889	4000.11	42.375	10.258	124.5	5.852	176.375	9.123	10656.222	176.375	0	0	0	9	9	13560	13764	11653	12115	11230	12421	10456	8114	-2	50	43	56	54	38	43	28	27	-2	132	125	124	129	129	125	120	112	-2	186	181	174	183	183	178	170	156	-1
1001001000	-2	13764	10367.889	4000.11	42.375	10.258	124.5	5.852	176.375	9.123	10656.222	176.375	0	0	0	9	9	13560	13764	11653	12115	11230	12421	10456	8114	-2	50	43	56	54	38	43	28	27	-2	132	125	124	129	129	125	120	112	-2	186	181	174	183	183	178	170	156	-1
1002001000	-2	14146	8930.111	5027.22	42.125	10.277	122.857	5.792	159.5	41.524	9167.667	159.5	0	0	1	9	9	13782	14146	11384	10982	0	10733	10812	8534	-2	50	47	54	54	39	39	27	27	-2	132	125	123	128	-2	119	120	113	-2	188	183	174	181	52	170	169	159	-1
1002001000	-2	13637	8842.111	4942.818	42.125	10.277	122.857	5.792	159.5	41.524	9167.667	159.5	0	0	1	9	9	13537	13637	11384	10982	0	10695	10812	8534	-2	50	47	54	54	39	39	27	27	-2	132	125	123	128	-2	119	120	113	-2	188	183	174	181	52	170	169	159	-1
1001001000	-2	13216	10209.444	3761.829	42.75	10.268	125.5	5.196	180	9.11	10820.889	180	0	0	0	9	9	12091	13216	11557	10325	11751	12714	10198	10035	-2	49	49	56	54	39	39	28	28	-2	131	126	127	129	131	125	120	115	-2	191	187	180	185	188	176	170	163	-1
1001001000	-2	13216	10209.444	3761.829	42.75	10.268	125.5	5.196	180	9.11	10820.889	180	0	0	0	9	9	12091	13216	11557	10325	11751	12714	10198	10035	-2	49	49	56	54	39	39	28	28	-2	131	126	127	129	131	125	120	115	-2	191	187	180	185	188	176	170	163	-1
1002001000	-2	14043	9664.667	5321.627	44.25	10.791	129.571	4.204	174.5	47.857	10443.222	174.5	0	0	1	9	9	14043	13157	11585	9451	12156	13713	0	12879	-2	50	51	58	56	39	43	29	28	-2	132	131	133	129	133	129	-2	120	-2	202	201	199	189	195	186	50	174	-1
1003001000	-2	15171	9259.556	6575.946	46.625	10.38	135.667	5.991	174.5	71.067	9791	174.5	0	0	2	9	9	15171	14116	12790	13273	0	14010	0	13978	-2	51	56	59	57	41	46	33	30	-2	137	143	138	139	-2	133	-2	124	-2	225	250	213	208	60	202	50	188	-1
1003001000	-2	15171	9259.556	6575.946	46.625	10.38	135.667	5.991	174.5	71.067	9791	174.5	0	0	2	9	9	15171	14116	12790	13273	0	14010	0	13978	-2	51	56	59	57	41	46	33	30	-2	137	143	138	139	-2	133	-2	124	-2	225	250	213	208	60	202	50	188	-1
1004001000	-2	13606	6983.556	6298.901	51	8.5	143	6.957	165.25	86.024	7666.889	165.25	0	0	3	9	9	0	10555	12597	13606	0	12661	0	13435	-2	52	59	61	59	43	53	35	46	-2	-2	154	143	143	-2	143	-2	132	-2	66	256	225	228	54	240	47	206	-1
1004001000	-2	14063	7178.889	6489.356	51	8.5	143	6.957	165.25	86.024	7666.889	165.25	0	0	3	9	9	0	10566	12821	13864	0	13298	0	14063	-2	52	59	61	59	43	53	35	46	-2	-2	154	143	143	-2	143	-2	132	-2	66	256	225	228	54	240	47	206	-1
1004001000	-2	14075	7122.444	6451.334	50.125	7.688	141.6	7.473	162.875	83.196	7611	162.875	0	0	3	9	9	0	10252	12690	13398	0	13689	0	14075	-2	51	59	56	58	42	49	35	51	-2	-2	155	139	141	-2	141	-2	132	-2	66	256	218	211	55	240	51	206	-1
1004001000	-2	13450	6948.778	6276.05	50.125	7.688	141.6	7.473	162.875	83.196	7611	162.875	0	0	3	9	9	0	10247	12574	13176	0	13094	0	13450	-2	51	59	56	58	42	49	35	51	-2	-2	155	139	141	-2	141	-2	132	-2	66	256	218	211	55	240	51	206	-1
1003001000	-2	13729	7887.667	5802.824	55.125	5.061	146.5	7.388	195.125	78.552	8040.111	195.125	0	0	2	9	9	0	7725	13191	12345	0	12451	11550	13729	-2	52	60	57	63	46	58	52	53	-2	-2	159	143	144	-2	147	151	135	-2	66	251	228	251	55	252	239	219	-1
1002001000	-2	13832	8846.556	5126.102	56.25	5.238	146.286	7.004	216.625	61.626	9533.889	216.625	0	0	1	9	9	13832	7524	12149	12288	0	11995	8457	13376	-2	52	60	57	63	47	63	54	54	-2	145	158	142	143	-2	148	153	135	-2	243	250	228	237	55	252	239	229	-1
1002002000	-2	12172	2692.333	5040.424	30	9.928	183.429	11.891	390.75	60.86	9778.111	390.75	0	0	0	9	9	-2	-2	12072	-2	-2	12172	-2	-1	-2	31	27	19	40	29	17	47	-2	-2	177	173	171	198	196	172	197	-2	-2	405	374	323	470	444	340	465	305	-1
1001001000	-2	14670	12438.556	4413.519	69.125	12.293	150.75	6.398	230	12.855	16684.222	230	0	0	0	9	9	14194	14670	14167	14311	13417	13825	13593	13772	-2	78	41	63	72	76	78	64	81	-2	147	140	156	150	158	157	155	143	-2	220	223	245	244	226	242	234	206	-1
1002001000	-2	14534	10858.556	5812.66	70.625	12.257	147	4.69	203.125	55.681	14794.556	203.125	0	0	1	9	9	14534	0	13875	14085	13333	13728	14047	14127	-2	81	43	65	73	78	80	64	81	-2	144	-2	153	143	150	151	149	139	-2	231	63	250	213	220	243	213	192	-1
1002001000	-2	14230	10425	5610.557	70.375	11.532	141.857	5.276	184.875	47.332	12701.333	184.875	0	0	1	9	9	13847	0	13347	14230	11996	12700	13961	13746	-2	82	45	66	71	77	79	63	80	-2	142	-2	152	135	145	141	142	136	-2	208	64	230	193	199	203	197	185	-1
1002001000	-2	15195	11058.111	5958.37	70.375	11.532	141.857	5.276	184.875	47.332	12701.333	184.875	0	0	1	9	9	15089	0	14272	15195	12583	13516	14589	14281	-2	82	45	66	71	77	79	63	80	-2	142	-2	152	135	145	141	142	136	-2	208	64	230	193	199	203	197	185	-1
1001001000	-2	15323	12495.667	4481.334	77.125	5.904	154.125	5.967	233.5	10.618	15143.889	233.5	0	0	0	9	9	13028	13627	12874	14264	14213	14257	15323	14877	-2	86	73	79	76	81	81	65	76	-2	155	155	167	152	150	157	152	145	-2	232	222	239	239	244	245	235	212	-1
1001001000	-2	15258	12586.556	4495.887	77.125	5.904	154.125	5.967	233.5	10.618	15143.889	233.5	0	0	0	9	9	13134	13562	13474	14405	14214	14431	15258	14803	-2	86	73	79	76	81	81	65	76	-2	155	155	167	152	150	157	152	145	-2	232	222	239	239	244	245	235	212	-1
1001001000	-2	15434	12990.778	4627.739	66.625	8.873	148.375	6.163	237.125	13.336	14782.444	237.125	0	0	0	9	9	13815	14398	14418	13825	14586	15434	15412	15031	-2	80	62	66	71	75	71	53	55	-2	159	148	151	153	144	150	145	137	-2	240	237	254	247	221	249	237	212	-1
1001001000	-2	14898	10528.556	4053.77	66.625	8.873	148.375	6.163	237.125	13.336	14782.444	237.125	0	0	0	9	9	9600	11528	12616	10881	14898	10894	10433	13909	-2	80	62	66	71	75	71	53	55	-2	159	148	151	153	144	150	145	137	-2	240	237	254	247	221	249	237	212	-1
1002001000	-2	12317	8033.444	4396.924	48.875	9.727	133.429	6.299	181.125	44.831	10917.667	181.125	0	0	1	9	9	0	10413	11054	9411	10659	8971	9478	12317	-2	55	45	63	57	42	55	43	31	-2	-2	131	141	137	138	138	125	124	-2	65	195	207	205	200	208	190	179	-1
1002001000	-2	12317	8033.444	4396.924	48.875	9.727	133.429	6.299	181.125	44.831	10917.667	181.125	0	0	1	9	9	0	10413	11054	9411	10659	8971	9478	12317	-2	55	45	63	57	42	55	43	31	-2	-2	131	141	137	138	138	125	124	-2	65	195	207	205	200	208	190	179	-1
1001001000	-2	11347	9018.778	3552.118	33.625	12.134	121.875	6.274	173.375	8.943	10043.444	173.375	0	0	0	9	9	10925	10985	10472	10783	10192	11347	10624	5843	-2	43	30	56	24	23	46	21	26	-2	128	118	123	129	125	124	120	108	-2	179	174	171	183	176	180	172	152	-1
1001001000	-2	14180	9988.778	4145.207	33.625	12.134	121.875	6.274	173.375	8.943	10043.444	173.375	0	0	0	9	9	14180	10985	10792	12718	10900	12174	12309	5843	-2	43	30	56	24	23	46	21	26	-2	128	118	123	129	125	124	120	108	-2	179	174	171	183	176	180	172	152	-1
1001001000	-2	12065	9400.667	3742.713	32.625	10.307	118.875	6.173	169.375	8.123	9401	169.375	0	0	0	9	9	12038	11321	10706	12065	10415	10032	11887	6144	-2	44	26	49	34	23	41	19	25	-2	124	114	121	128	123	118	116	107	-2	174	169	170	178	175	173	166	150	-1
1001001000	-2	12065	9400.667	3742.713	32.625	10.307	118.875	6.173	169.375	8.123	9401	169.375	0	0	0	9	9	12038	11321	10706	12065	10415	10032	11887	6144	-2	44	26	49	34	23	41	19	25	-2	124	114	121	128	123	118	116	107	-2	174	169	170	178	175	173	166	150	-1
1002001000	-2	11923	8170.889	4499.393	31.625	10.246	118.286	6.584	152.25	43.774	8171.222	152.25	0	0	1	9	9	11309	0	10553	11310	11923	9660	10804	7981	-2	44	29	46	34	24	38	14	24	-2	122	-2	120	127	125	115	110	109	-2	174	38	170	176	176	169	161	154	-1
1002001000	-2	11923	8170.889	4499.393	31.625	10.246	118.286	6.584	152.25	43.774	8171.222	152.25	0	0	1	9	9	11309	0	10553	11310	11923	9660	10804	7981	-2	44	29	46	34	24	38	14	24	-2	122	-2	120	127	125	115	110	109	-2	174	38	170	176	176	169	161	154	-1
1003001000	-2	11517	7136.222	5096.299	32.25	11.155	117.5	5.824	135	57.981	7136.444	135	0	0	2	9	9	11517	0	11424	11163	0	9509	11147	9468	-2	43	29	52	34	24	37	14	25	-2	119	-2	122	127	-2	115	111	111	-2	170	38	173	176	32	169	164	158	-1
1003001000	-2	11517	7136.222	5096.299	32.25	11.155	117.5	5.824	135	57.981	7136.444	135	0	0	2	9	9	11517	0	11424	11163	0	9509	11147	9468	-2	43	29	52	34	24	37	14	25	-2	119	-2	122	127	-2	115	111	111	-2	170	38	173	176	32	169	164	158	-1
1003001000	-2	11712	7293.333	5196.087	31.625	11.916	117.833	5.367	136.25	58.39	7293.556	136.25	0	0	2	9	9	11712	0	11682	11374	0	9503	10522	10849	-2	43	23	53	34	23	38	14	25	-2	119	-2	123	126	-2	115	113	111	-2	172	38	176	177	33	167	166	161	-1
1003001000	-2	13926	8310.556	5957.028	32.375	11.661	123.333	4.069	144.875	63.363	8553.222	144.875	0	0	2	9	9	13926	0	11978	10451	0	13593	11781	13068	-2	43	24	53	34	23	40	15	27	-2	125	-2	126	128	-2	125	120	116	-2	187	38	185	186	33	183	176	171	-1
1003001000	-2	13926	8310.556	5957.028	32.375	11.661	123.333	4.069	144.875	63.363	8553.222	144.875	0	0	2	9	9	13926	0	11978	10451	0	13593	11781	13068	-2	43	24	53	34	23	40	15	27	-2	125	-2	126	128	-2	125	120	116	-2	187	38	185	186	33	183	176	171	-1
1005001000	-2	12961	5536.667	6201.41	32.375	10.988	123.25	3.112	112.375	70.873	5782.111	112.375	0	0	4	9	9	12961	0	11642	0	0	12957	0	12272	-2	43	23	51	34	24	40	16	28	-2	124	-2	126	-2	-2	125	-2	118	-2	185	38	188	45	33	184	51	175	-1
1004001000	-2	14877	7555.889	6798.053	37.125	10.117	128.8	3.97	140.75	76.297	7686.333	140.75	0	0	3	9	9	14877	14021	13185	0	0	13964	0	11958	-2	43	45	52	34	25	46	23	29	-2	130	132	131	-2	-2	130	-2	121	-2	203	214	201	45	33	197	51	182	-1
1005001000	-2	14107	5994.333	6716.145	37.375	9.987	131.25	5.403	128.25	80.361	6096.111	128.25	0	0	4	9	9	0	14107	13223	0	0	14070	0	12551	-2	43	47	49	34	25	48	23	30	-2	-2	135	133	-2	-2	135	-2	122	-2	66	229	206	45	34	208	51	187	-1
1005001000	-2	14107	5994.333	6716.145	37.375	9.987	131.25	5.403	128.25	80.361	6096.111	128.25	0	0	4	9	9	0	14107	13223	0	0	14070	0	12551	-2	43	47	49	34	25	48	23	30	-2	-2	135	133	-2	-2	135	-2	122	-2	66	229	206	45	34	208	51	187	-1
1005001000	-2	14615	5928.111	6668.296	34.875	9.075	130.25	5.214	121.375	79.759	6047.667	121.375	0	0	4	9	9	13476	0	13667	0	0	14615	0	11597	-2	37	30	49	34	25	49	24	31	-2	130	-2	133	-2	-2	136	-2	122	-2	203	38	204	45	34	210	51	186	-1
1005001000	-2	14615	5928.111	6668.296	34.875	9.075	130.25	5.214	121.375	79.759	6047.667	121.375	0	0	4	9	9	13476	0	13667	0	0	14615	0	11597	-2	37	30	49	34	25	49	24	31	-2	130	-2	133	-2	-2	136	-2	122	-2	203	38	204	45	34	210	51	186	-1
1005001000	-2	12934	5302.444	5959.784	34.75	9.457	129.5	4.717	121.125	79.246	6096.556	121.125	0	0	4	9	9	12934	0	12588	0	0	10599	0	11603	-2	37	25	49	34	26	50	25	32	-2	128	-2	131	-2	-2	136	-2	123	-2	203	39	201	45	34	210	51	186	-1
1001001000	-2	12790	10717.222	3834.557	22.5	6.423	146.5	9.26	254.875	15.933	18208.333	254.875	0	0	0	9	9	12027	12559	12027	12434	12790	11654	12294	10672	-2	20	23	18	25	24	14	37	19	-2	137	130	141	153	150	147	154	160	-2	245	225	245	276	263	248	271	266	-1
1001001000	-2	14406	10804.778	4178.134	64.375	12.144	132.5	6.144	180.875	7.785	11088.667	180.875	0	0	0	9	9	14406	12304	12793	13625	12076	13359	9964	8718	-2	78	42	62	66	74	78	50	65	-2	136	124	143	129	137	136	125	130	-2	186	170	193	179	186	187	172	174	-1
1001001000	-2	15229	12285.778	4399.143	73	5	141.875	5.134	204	15.182	14378.556	204	0	0	0	9	9	13412	13449	13407	12753	15229	14485	14272	13567	-2	81	70	73	74	78	73	63	72	-2	140	139	154	142	142	140	143	135	-2	200	195	240	196	209	203	204	185	-1
1001001000	-2	15724	11761.333	4377.495	71.25	6.476	151.625	5.633	238.125	6.585	15261.444	238.125	0	0	0	9	9	12434	11472	11926	14283	14818	12000	13197	15724	-2	79	69	72	74	78	73	57	68	-2	156	154	162	152	147	151	149	142	-2	240	222	238	241	240	246	237	241	-1
1001001000	-2	15724	11761.333	4377.495	71.25	6.476	151.625	5.633	238.125	6.585	15261.444	238.125	0	0	0	9	9	12434	11472	11926	14283	14818	12000	13197	15724	-2	79	69	72	74	78	73	57	68	-2	156	154	162	152	147	151	149	142	-2	240	222	238	241	240	246	237	241	-1
1002001000	-2	14951	10612.111	5718.64	52.375	10.499	139.286	5.725	196.25	50.112	12249	196.25	0	0	1	9	9	0	12922	14251	13142	14951	12558	13307	14380	-2	54	50	65	60	46	66	45	33	-2	-2	139	147	142	141	143	135	128	-2	66	214	222	222	214	227	211	194	-1
1002001000	-2	14951	10612.111	5718.64	52.375	10.499	139.286	5.725	196.25	50.112	12249	196.25	0	0	1	9	9	0	12922	14251	13142	14951	12558	13307	14380	-2	54	50	65	60	46	66	45	33	-2	-2	139	147	142	141	143	135	128	-2	66	214	222	222	214	227	211	194	-1
1001001000	-2	11132	8369.667	3286.22	27.25	12.949	113.75	6.057	163.75	8.074	8370.111	163.75	0	0	0	9	9	10232	11132	9229	7917	10360	10930	9146	6383	-2	35	14	50	16	22	43	14	24	-2	117	113	122	113	114	121	107	103	-2	165	165	170	165	165	176	157	147	-1
1001001000	-2	11132	8369.667	3286.22	27.25	12.949	113.75	6.057	163.75	8.074	8370.111	163.75	0	0	0	9	9	10232	11132	9229	7917	10360	10930	9146	6383	-2	35	14	50	16	22	43	14	24	-2	117	113	122	113	114	121	107	103	-2	165	165	170	165	165	176	157	147	-1
1001001000	-2	10217	7261.444	3036.483	25.75	11.233	110.875	5.11	158.75	6.159	7261.667	158.75	0	0	0	9	9	9784	10217	8517	6721	9337	8205	8042	4532	-2	36	14	44	16	21	38	13	24	-2	116	110	120	111	108	113	106	103	-2	162	161	166	160	157	164	155	145	-1
1001001000	-2	10217	7261.444	3036.483	25.75	11.233	110.875	5.11	158.75	6.159	7261.667	158.75	0	0	0	9	9	9784	10217	8517	6721	9337	8205	8042	4532	-2	36	14	44	16	21	38	13	24	-2	116	110	120	111	108	113	106	103	-2	162	161	166	160	157	164	155	145	-1
1001001000	-2	9915	7304	3046.884	26.25	11.486	111.125	5.11	159.125	5.862	7304.222	159.125	0	0	0	9	9	9734	9915	9650	6954	9724	7515	7375	4871	-2	38	14	45	19	20	38	13	23	-2	116	112	118	113	112	112	103	103	-2	161	162	165	161	161	164	152	147	-1
1001001000	-2	9915	7304	3046.884	26.25	11.486	111.125	5.11	159.125	5.862	7304.222	159.125	0	0	0	9	9	9734	9915	9650	6954	9724	7515	7375	4871	-2	38	14	45	19	20	38	13	23	-2	116	112	118	113	112	112	103	103	-2	161	162	165	161	161	164	152	147	-1
1001001000	-2	10261	7606	2960.874	24.375	11.521	109.625	5.83	158.375	6.04	7606.556	158.375	0	0	0	9	9	10261	9738	9615	7536	8957	8589	7757	6003	-2	37	14	44	19	12	33	12	24	-2	117	112	116	113	109	108	99	103	-2	162	165	164	161	159	159	149	148	-1
1001001000	-2	10261	7606	2960.874	24.375	11.521	109.625	5.83	158.375	6.04	7606.556	158.375	0	0	0	9	9	10261	9738	9615	7536	8957	8589	7757	6003	-2	37	14	44	19	12	33	12	24	-2	117	112	116	113	109	108	99	103	-2	162	165	164	161	159	159	149	148	-1
1002001000	-2	11094	7209.556	3977.689	24.25	10.802	109.429	6.863	142.25	46.575	7210.222	142.25	0	0	1	9	9	11094	9186	10052	9853	0	9107	7627	7969	-2	36	15	42	20	12	33	12	24	-2	117	112	115	113	-2	110	96	103	-2	164	165	164	161	20	164	150	150	-1
1002001000	-2	11094	7209.556	3977.689	24.25	10.802	109.429	6.863	142.25	46.575	7210.222	142.25	0	0	1	9	9	11094	9186	10052	9853	0	9107	7627	7969	-2	36	15	42	20	12	33	12	24	-2	117	112	115	113	-2	110	96	103	-2	164	165	164	161	20	164	150	150	-1
1002001000	-2	12732	8133.333	4501.104	26.375	9.759	112.571	6.344	149.625	42.676	8133.556	149.625	0	0	1	9	9	12732	0	10796	11260	10432	10592	8570	8820	-2	35	16	44	26	20	33	13	24	-2	118	-2	117	115	119	113	102	104	-2	169	38	170	166	174	169	158	153	-1
1002001000	-2	12732	8133.333	4501.104	26.375	9.759	112.571	6.344	149.625	42.676	8133.556	149.625	0	0	1	9	9	12732	0	10796	11260	10432	10592	8570	8820	-2	35	16	44	26	20	33	13	24	-2	118	-2	117	115	119	113	102	104	-2	169	38	170	166	174	169	158	153	-1
1002001000	-2	13268	8516	4674.071	27.125	10.203	116.286	5.75	154.75	44.201	8516.444	154.75	0	0	1	9	9	13268	0	11143	11160	11246	10936	9325	9568	-2	29	16	46	29	20	38	14	25	-2	119	-2	123	117	122	117	110	106	-2	174	39	178	170	178	175	166	158	-1
1002001000	-2	13268	8516.111	4674.136	27.125	10.203	116.286	5.75	154.75	44.201	8516.444	154.75	0	0	1	9	9	13268	0	11143	11160	11247	10936	9325	9568	-2	29	16	46	29	20	38	14	25	-2	119	-2	123	117	122	117	110	106	-2	174	39	178	170	178	175	166	158	-1
1004001000	-2	13233	6446.667	5852.581	28.875	10.068	123.4	4.587	130.5	69.647	6504.111	130.5	0	0	3	9	9	13233	0	10154	10988	0	13196	0	10451	-2	29	22	47	29	21	42	15	26	-2	124	-2	127	123	-2	128	-2	115	-2	187	38	189	180	34	191	51	174	-1
1004001000	-2	13233	6446.667	5852.581	28.875	10.068	123.4	4.587	130.5	69.647	6504.111	130.5	0	0	3	9	9	13233	0	10154	10988	0	13196	0	10451	-2	29	22	47	29	21	42	15	26	-2	124	-2	127	123	-2	128	-2	115	-2	187	38	189	180	34	191	51	174	-1
1004001000	-2	14024	6610.556	6029.783	28.25	10.651	125.2	4.069	134.5	72.547	6632.444	134.5	0	0	3	9	9	14024	0	11057	11022	0	13495	0	9899	-2	25	22	47	30	18	43	15	26	-2	127	-2	127	124	-2	130	-2	118	-2	199	39	193	183	34	197	51	180	-1
1004001000	-2	14024	6610.556	6029.783	28.25	10.651	125.2	4.069	134.5	72.547	6632.444	134.5	0	0	3	9	9	14024	0	11057	11022	0	13495	0	9899	-2	25	22	47	30	18	43	15	26	-2	127	-2	127	124	-2	130	-2	118	-2	199	39	193	183	34	197	51	180	-1
1004001000	-2	13634	6625.889	6050.642	27.625	10.535	123.2	6.306	137.875	65.9	6785.333	137.875	0	0	3	9	9	12134	13634	11536	0	0	13296	0	9035	-2	24	21	46	29	17	43	16	25	-2	125	122	126	-2	-2	131	-2	112	-2	193	193	190	45	65	197	51	169	-1
1004001000	-2	13634	6625.889	6050.642	27.625	10.535	123.2	6.306	137.875	65.9	6785.333	137.875	0	0	3	9	9	12134	13634	11536	0	0	13296	0	9035	-2	24	21	46	29	17	43	16	25	-2	125	122	126	-2	-2	131	-2	112	-2	193	193	190	45	65	197	51	169	-1
1001001000	-2	11859	8718.111	3546.257	28.625	4.715	115.5	6.614	162.25	8.058	9473.889	162.25	0	0	0	9	9	6348	10799	11854	9254	8807	11350	11859	8194	-2	39	25	24	28	27	33	28	25	-2	118	100	117	115	122	123	115	114	-2	161	146	168	160	167	175	164	157	-1
1001001000	-2	13678	11166.556	4017.504	65.25	5.472	135	6.144	191.625	12.489	12139.667	191.625	0	0	0	9	9	12906	11949	13597	12542	13678	11138	12374	12317	-2	66	59	68	70	73	67	55	64	-2	137	130	149	137	135	134	129	129	-2	193	180	221	189	197	190	183	180	-1
1001001000	-2	14736	12503.889	4442.171	64.875	6.193	143.875	7.096	227	10.296	16325.444	227	0	0	0	9	9	14736	13896	13077	13895	14373	14275	14058	14227	-2	65	62	71	71	71	68	56	55	-2	145	142	161	146	140	140	141	136	-2	237	214	238	241	221	226	227	212	-1
1001001000	-2	16384	13666.889	4862.537	64.875	6.193	143.875	7.096	227	10.296	16325.444	227	0	0	0	9	9	16384	15373	14284	15044	15692	15758	15219	15250	-2	65	62	71	71	71	68	56	55	-2	145	142	161	146	140	140	141	136	-2	237	214	238	241	221	226	227	212	-1
1001001000	-2	15355	12680.222	4547.153	45	9.314	131.625	5.721	197.25	7.949	14209.444	197.25	0	0	0	9	9	14648	12844	14931	13676	15355	13421	14748	14501	-2	48	42	63	44	40	54	38	31	-2	135	129	143	135	127	133	124	127	-2	205	195	211	202	189	199	190	187	-1
1001001000	-2	15355	12680.222	4547.153	45	9.314	131.625	5.721	197.25	7.949	14209.444	197.25	0	0	0	9	9	14648	12844	14931	13676	15355	13421	14748	14501	-2	48	42	63	44	40	54	38	31	-2	135	129	143	135	127	133	124	127	-2	205	195	211	202	189	199	190	187	-1
1001001000	-2	10307	7406.333	2872.279	22.625	12.277	104.625	7.841	151.75	8.913	7406.667	151.75	0	0	0	9	9	7807	10307	7902	8894	9003	8606	8505	5635	-2	21	13	47	13	14	38	12	23	-2	108	105	119	102	100	112	92	99	-2	151	157	165	154	148	161	138	140	-1
1001001000	-2	10307	7406.333	2872.279	22.625	12.277	104.625	7.841	151.75	8.913	7406.667	151.75	0	0	0	9	9	7807	10307	7902	8894	9003	8606	8505	5635	-2	21	13	47	13	14	38	12	23	-2	108	105	119	102	100	112	92	99	-2	151	157	165	154	148	161	138	140	-1
1001001000	-2	9126	6503.778	2529.916	21.5	10.851	101.25	7.612	147.5	7.616	6503.889	147.5	0	0	0	9	9	6490	9126	7648	6070	7775	8222	7679	5526	-2	24	13	41	13	12	36	11	22	-2	106	103	116	97	101	104	90	93	-2	150	153	161	144	147	151	137	137	-1
1001001000	-2	9126	6503.778	2529.916	21.5	10.851	101.25	7.612	147.5	7.616	6503.889	147.5	0	0	0	9	9	6490	9126	7648	6070	7775	8222	7679	5526	-2	24	13	41	13	12	36	11	22	-2	106	103	116	97	101	104	90	93	-2	150	153	161	144	147	151	137	137	-1
1001001000	-2	9171	6452.778	2697.974	21.25	10.556	100.375	7.857	147.125	7.976	6453.111	147.125	0	0	0	9	9	4648	9099	9171	5719	8109	8138	6731	6462	-2	32	14	40	13	12	31	11	17	-2	104	104	115	97	102	102	89	90	-2	147	154	161	144	150	149	136	136	-1
1001001000	-2	9171	6452.778	2697.974	21.25	10.556	100.375	7.857	147.125	7.976	6453.111	147.125	0	0	0	9	9	4648	9099	9171	5719	8109	8138	6731	6462	-2	32	14	40	13	12	31	11	17	-2	104	104	115	97	102	102	89	90	-2	147	154	161	144	150	149	136	136	-1
1001001000	-2	10114	7183.889	3005.301	19.625	9.38	99.25	7.87	147	8.031	7184.111	147	0	0	0	9	9	5427	10114	9991	5852	8743	9198	6838	8494	-2	28	13	38	13	11	27	12	15	-2	104	103	113	96	101	101	88	88	-2	149	154	160	143	150	149	135	136	-1
1001001000	-2	10114	7183.889	3005.301	19.625	9.38	99.25	7.87	147	8.031	7184.111	147	0	0	0	9	9	5427	10114	9991	5852	8743	9198	6838	8494	-2	28	13	38	13	11	27	12	15	-2	104	103	113	96	101	101	88	88	-2	149	154	160	143	150	149	135	136	-1
1001001000	-2	10312	7923.444	3066.823	19.375	9.604	101.75	7.344	151.125	7.008	7923.778	151.125	0	0	0	9	9	7187	10312	10309	6562	8606	9282	8986	10069	-2	23	13	40	13	11	28	12	15	-2	104	104	114	103	105	103	92	89	-2	151	156	162	151	156	152	141	140	-1
1001001000	-2	10312	7923.444	3066.823	19.375	9.604	101.75	7.344	151.125	7.008	7923.778	151.125	0	0	0	9	9	7187	10312	10309	6562	8606	9282	8986	10069	-2	23	13	40	13	11	28	12	15	-2	104	104	114	103	105	103	92	89	-2	151	156	162	151	156	152	141	140	-1
1002001000	-2	11191	7655.444	4161.186	20.625	9.604	105.571	6.609	142.125	39.457	7656.556	142.125	0	0	1	9	9	10458	0	10468	9474	9099	9712	8499	11191	-2	23	14	42	16	12	28	12	18	-2	109	-2	116	108	106	107	94	99	-2	158	39	167	158	160	160	147	148	-1
1002001000	-2	11191	7655.444	4161.186	20.625	9.604	105.571	6.609	142.125	39.457	7656.556	142.125	0	0	1	9	9	10458	0	10468	9474	9099	9712	8499	11191	-2	23	14	42	16	12	28	12	18	-2	109	-2	116	108	106	107	94	99	-2	158	39	167	158	160	160	147	148	-1
1001001000	-2	12750	9416.889	3485.449	22	10.464	108.625	6.707	163.25	7.378	9417.778	163.25	0	0	0	9	9	12750	9810	10576	10551	11005	10014	8777	11271	-2	23	14	42	17	12	36	13	19	-2	114	114	117	108	107	112	96	101	-2	164	174	171	161	163	168	153	152	-1
1001001000	-2	12750	9416.889	3485.449	22	10.464	108.625	6.707	163.25	7.378	9417.778	163.25	0	0	0	9	9	12750	9810	10576	10551	11005	10014	8777	11271	-2	23	14	42	17	12	36	13	19	-2	114	114	117	108	107	112	96	101	-2	164	174	171	161	163	168	153	152	-1
1001001000	-2	12800	9177.111	3512.139	24	10.677	113.5	6.481	172.625	7.017	9182.222	172.625	0	0	0	9	9	12800	11469	10415	11000	9938	10185	8989	7800	-2	24	15	42	24	13	40	13	21	-2	118	117	119	116	110	120	100	108	-2	176	181	176	172	171	181	161	163	-1
1001001000	-2	13263	9858.889	3612.229	24	11.236	113	6.5	173.375	7.432	9860.667	173.375	0	0	0	9	9	11692	13263	10568	11064	10827	11376	10092	9850	-2	23	14	43	25	13	41	13	20	-2	116	119	118	112	109	122	102	106	-2	175	183	176	170	173	184	163	163	-1
1001001000	-2	13263	9858.889	3612.229	24	11.236	113	6.5	173.375	7.432	9860.667	173.375	0	0	0	9	9	11692	13263	10568	11064	10827	11376	10092	9850	-2	23	14	43	25	13	41	13	20	-2	116	119	118	112	109	122	102	106	-2	175	183	176	170	173	184	163	163	-1
1001001000	-2	11445	9378.111	3345.828	23.5	10.932	110.125	5.487	167.625	6.688	9378.667	167.625	0	0	0	9	9	9916	10807	10303	11005	11445	10299	10482	10148	-2	22	14	43	25	13	39	13	19	-2	109	115	118	110	107	116	101	105	-2	164	177	173	165	168	176	160	158	-1
1001001000	-2	14391	12042.778	4310.118	15.5	2.062	104.625	4.581	158.375	6.744	12841.667	158.375	0	0	0	9	9	12340	13602	14044	12625	13207	14017	14391	14161	-2	15	13	16	18	18	15	12	17	-2	109	96	110	102	105	110	103	102	-2	158	146	168	154	159	168	158	156	-1
1001001000	-2	13067	10758.556	3841.415	15.5	2.062	104.625	4.581	158.375	6.744	12841.667	158.375	0	0	0	9	9	11446	12304	11486	12398	12217	11399	13067	12512	-2	15	13	16	18	18	15	12	17	-2	109	96	110	102	105	110	103	102	-2	158	146	168	154	159	168	158	156	-1
1001001000	-2	12645	9109.222	3530.368	60.375	7.952	128.875	6.698	177.375	9.34	9139.111	177.375	0	0	0	9	9	9677	10686	12281	9689	12645	10380	7780	8847	-2	59	46	67	65	69	69	55	53	-2	130	123	144	127	127	133	126	121	-2	175	167	195	172	186	184	173	167	-1
1001001000	-2	12878	9892.667	3653.741	59.375	6.855	130.125	6.954	181.25	10.232	9983	181.25	0	0	0	9	9	10162	10486	12731	10204	12878	11923	9968	10684	-2	57	57	66	62	68	65	54	46	-2	134	124	145	130	128	133	126	121	-2	184	171	203	176	186	186	174	170	-1
1001001000	-2	16070	13460.556	4817.828	59.5	6.442	139.75	5.783	219.625	11.757	16179.778	219.625	0	0	0	9	9	15793	14609	15265	15642	16070	15486	14866	13416	-2	53	61	67	62	66	65	53	49	-2	143	137	152	142	134	139	139	132	-2	227	205	241	222	213	227	219	203	-1
1001001000	-2	15663	13068.556	4659.937	39.75	9.769	127.375	5.633	186.625	8.092	13752.889	186.625	0	0	0	9	9	14511	14273	15087	15663	14915	15024	14783	13363	-2	37	39	59	32	38	52	30	31	-2	125	128	139	131	123	130	120	123	-2	182	190	201	193	182	191	180	174	-1
1001001000	-2	14915	11986.889	4392.776	39.75	9.769	127.375	5.633	186.625	8.092	13752.889	186.625	0	0	0	9	9	13635	12477	14883	11346	14915	12923	14793	12912	-2	37	39	59	32	38	52	30	31	-2	125	128	139	131	123	130	120	123	-2	182	190	201	193	182	191	180	174	-1
1001001000	-2	9637	6629.111	2977.242	19.125	11.784	97.125	9.493	142.25	9.959	6629.222	142.25	0	0	0	9	9	3909	9637	7464	8579	7900	7714	9612	4849	-2	15	11	42	11	10	36	11	17	-2	99	97	116	94	93	106	84	88	-2	141	147	161	142	136	151	129	131	-1
1001001000	-2	9637	6629.111	2977.242	19.125	11.784	97.125	9.493	142.25	9.959	6629.222	142.25	0	0	0	9	9	3909	9637	7464	8579	7900	7714	9612	4849	-2	15	11	42	11	10	36	11	17	-2	99	97	116	94	93	106	84	88	-2	141	147	161	142	136	151	129	131	-1
1001001000	-2	8826	6222.333	2724.571	18	9.874	95.75	9.148	141.875	8.652	6222.667	141.875	0	0	0	9	9	3868	8656	8826	5934	6333	8141	8610	5635	-2	19	11	38	11	10	30	10	15	-2	102	97	111	96	94	100	78	88	-2	144	147	158	142	138	145	127	134	-1
1001001000	-2	8826	6222.333	2724.571	18	9.874	95.75	9.148	141.875	8.652	6222.667	141.875	0	0	0	9	9	3868	8656	8826	5934	6333	8141	8610	5635	-2	19	11	38	11	10	30	10	15	-2	102	97	111	96	94	100	78	88	-2	144	147	158	142	138	145	127	134	-1
1001001000	-2	9734	6146.556	2727.936	17.625	8.887	97.25	7.137	144.375	7.713	6146.889	144.375	0	0	0	9	9	4560	9734	9480	5774	6030	7521	5551	6671	-2	20	13	34	11	9	30	11	13	-2	100	99	111	96	96	101	87	88	-2	144	149	159	143	141	150	134	135	-1
1001001000	-2	9734	6146.556	2727.936	17.625	8.887	97.25	7.137	144.375	7.713	6146.889	144.375	0	0	0	9	9	4560	9734	9480	5774	6030	7521	5551	6671	-2	20	13	34	11	9	30	11	13	-2	100	99	111	96	96	101	87	88	-2	144	149	159	143	141	150	134	135	-1
1001001000	-2	9702	6943.111	2798.143	17	7.969	94.875	6.274	142.625	6.343	6943.333	142.625	0	0	0	9	9	5858	9644	8954	6028	6956	9702	7359	7989	-2	20	12	33	11	10	26	11	13	-2	100	92	105	95	96	99	85	87	-2	145	143	154	143	142	147	133	134	-1
1001001000	-2	9702	6943.111	2798.143	17	7.969	94.875	6.274	142.625	6.343	6943.333	142.625	0	0	0	9	9	5858	9644	8954	6028	6956	9702	7359	7989	-2	20	12	33	11	10	26	11	13	-2	100	92	105	95	96	99	85	87	-2	145	143	154	143	142	147	133	134	-1
1001001000	-2	10776	7714.222	3005.983	17.875	8.978	96.5	6.344	145.75	6.098	7714.333	145.75	0	0	0	9	9	7546	9759	10776	6222	8362	9258	8043	9464	-2	20	12	37	13	10	27	11	13	-2	102	97	107	94	97	100	88	87	-2	148	149	157	143	145	149	137	138	-1
1001001000	-2	10776	7714.222	3005.983	17.875	8.978	96.5	6.344	145.75	6.098	7714.333	145.75	0	0	0	9	9	7546	9759	10776	6222	8362	9258	8043	9464	-2	20	12	37	13	10	27	11	13	-2	102	97	107	94	97	100	88	87	-2	148	149	157	143	145	149	137	138	-1
1001001000	-2	10702	8598.889	3196.932	18.875	9.493	100.625	6.891	152.5	6.557	8599.333	152.5	0	0	0	9	9	8679	10228	10682	7489	10434	9701	9477	10702	-2	21	12	40	14	12	27	11	14	-2	105	102	114	98	100	103	92	91	-2	155	155	165	150	153	155	144	143	-1
1001001000	-2	10702	8598.889	3196.932	18.875	9.493	100.625	6.891	152.5	6.557	8599.333	152.5	0	0	0	9	9	8679	10228	10682	7489	10434	9701	9477	10702	-2	21	12	40	14	12	27	11	14	-2	105	102	114	98	100	103	92	91	-2	155	155	165	150	153	155	144	143	-1
1001001000	-2	11671	8919.556	3373.922	20.5	10.296	105.25	6.996	160.375	7.21	8929.444	160.375	0	0	0	9	9	11671	10042	10765	7852	10879	8562	9265	11242	-2	21	13	41	15	13	34	12	15	-2	109	107	116	104	107	110	95	94	-2	161	164	171	158	165	165	151	148	-1
1001001000	-2	11671	8919.556	3373.922	20.5	10.296	105.25	6.996	160.375	7.21	8929.444	160.375	0	0	0	9	9	11671	10042	10765	7852	10879	8562	9265	11242	-2	21	13	41	15	13	34	12	15	-2	109	107	116	104	107	110	95	94	-2	161	164	171	158	165	165	151	148	-1
1001001000	-2	11642	9106.556	3356.949	20.25	10.733	105.75	6.815	162.125	6.753	9106.778	162.125	0	0	0	9	9	10955	8230	10535	9487	11642	9629	10880	10603	-2	21	13	41	14	12	35	11	15	-2	109	109	116	106	104	111	97	94	-2	162	167	171	161	163	169	154	150	-1
1001001000	-2	11642	9106.556	3356.949	20.25	10.733	105.75	6.815	162.125	6.753	9106.778	162.125	0	0	0	9	9	10955	8230	10535	9487	11642	9629	10880	10603	-2	21	13	41	14	12	35	11	15	-2	109	109	116	106	104	111	97	94	-2	162	167	171	161	163	169	154	150	-1
1001001000	-2	11670	8987.556	3312.657	21.75	11.155	106.75	6.778	164.25	7.084	8988.111	164.25	0	0	0	9	9	10377	8267	9960	10403	11670	8995	10831	10387	-2	21	14	42	17	13	39	12	16	-2	109	111	116	108	104	113	97	96	-2	164	171	172	164	164	172	155	152	-1
1001001000	-2	11670	8987.556	3312.657	21.75	11.155	106.75	6.778	164.25	7.084	8988.111	164.25	0	0	0	9	9	10377	8267	9960	10403	11670	8995	10831	10387	-2	21	14	42	17	13	39	12	16	-2	109	111	116	108	104	113	97	96	-2	164	171	172	164	164	172	155	152	-1
1001001000	-2	14696	11819.667	4271.405	13	0.707	120.125	4.166	203.875	5.011	15639.889	203.875	0	0	0	9	9	12912	14156	13013	14696	13666	11320	13393	13223	-2	14	12	13	13	14	13	12	13	-2	125	112	125	122	116	122	119	120	-2	208	196	210	199	198	206	208	206	-1
1001001000	-2	13039	9456.667	4023.378	14.25	2.046	91.75	5.717	137.125	7.167	9609.778	137.125	0	0	0	9	9	11803	12116	11544	11389	4813	10345	13039	10063	-2	15	11	15	14	17	16	11	15	-2	94	80	97	94	90	100	91	88	-2	140	130	146	140	123	144	140	134	-1
1001001000	-2	15730	12564.222	4665.98	50.375	8.41	130.125	5.776	194.75	7.276	13389.778	194.75	0	0	0	9	9	12950	14007	15501	14424	15730	14896	14806	10766	-2	46	51	65	44	58	55	48	36	-2	129	130	144	129	124	132	125	128	-2	193	194	211	187	192	200	194	187	-1
1001001000	-2	15730	12564.222	4665.98	50.375	8.41	130.125	5.776	194.75	7.276	13389.778	194.75	0	0	0	9	9	12950	14007	15501	14424	15730	14896	14806	10766	-2	46	51	65	44	58	55	48	36	-2	129	130	144	129	124	132	125	128	-2	193	194	211	187	192	200	194	187	-1
1001001000	-2	14232	11229.889	4247.195	33.875	10.635	119.5	7.263	171.5	9.192	11355.667	171.5	0	0	0	9	9	11234	13931	14232	14134	12772	13353	12125	9290	-2	28	31	55	27	32	48	23	27	-2	110	122	133	125	115	124	113	114	-2	160	177	186	180	168	177	164	160	-1
1001001000	-2	14232	11229.889	4247.195	33.875	10.635	119.5	7.263	171.5	9.192	11355.667	171.5	0	0	0	9	9	11234	13931	14232	14134	12772	13353	12125	9290	-2	28	31	55	27	32	48	23	27	-2	110	122	133	125	115	124	113	114	-2	160	177	186	180	168	177	164	160	-1
1001001000	-2	9681	6437.667	2812.697	15.625	8.425	92.375	9.273	138.875	8.738	6437.889	138.875	0	0	0	9	9	5155	9477	7646	8289	5780	7085	9681	4828	-2	14	11	35	10	9	23	10	13	-2	94	91	110	92	90	100	76	86	-2	139	140	156	141	133	145	125	132	-1
1001001000	-2	9681	6437.667	2812.697	15.625	8.425	92.375	9.273	138.875	8.738	6437.889	138.875	0	0	0	9	9	5155	9477	7646	8289	5780	7085	9681	4828	-2	14	11	35	10	9	23	10	13	-2	94	91	110	92	90	100	76	86	-2	139	140	156	141	133	145	125	132	-1
1001001000	-2	7997	6088	2320.211	15	7.599	90.625	6.575	137.375	6.556	6088.222	137.375	0	0	0	9	9	6141	7875	7275	6414	5534	7997	7713	5845	-2	14	11	31	10	8	24	10	12	-2	91	89	103	92	89	96	79	86	-2	137	138	151	138	133	142	128	132	-1
1001001000	-2	7997	6088	2320.211	15	7.599	90.625	6.575	137.375	6.556	6088.222	137.375	0	0	0	9	9	6141	7875	7275	6414	5534	7997	7713	5845	-2	14	11	31	10	8	24	10	12	-2	91	89	103	92	89	96	79	86	-2	137	138	151	138	133	142	128	132	-1
1002001000	-2	9147	5662.667	3176.842	13	5.05	88.286	5.006	121.875	37.608	5897.889	121.875	0	0	1	9	9	7580	9147	0	6155	5643	7881	6798	7762	-2	14	11	15	9	8	25	10	12	-2	90	86	-2	91	90	97	81	83	-2	137	138	23	138	134	144	129	132	-1
1002001000	-2	11090	6816.111	3829.725	13	5.292	87.286	4.495	121.625	37.506	6816.333	121.625	0	0	1	9	9	10141	11090	0	7787	6870	9010	8160	8289	-2	13	11	15	10	8	26	10	11	-2	87	85	-2	91	87	96	82	83	-2	135	138	23	138	134	144	130	131	-1
1002001000	-2	11090	6816.111	3829.725	13	5.292	87.286	4.495	121.625	37.506	6816.333	121.625	0	0	1	9	9	10141	11090	0	7787	6870	9010	8160	8289	-2	13	11	15	10	8	26	10	11	-2	87	85	-2	91	87	96	82	83	-2	135	138	23	138	134	144	130	131	-1
1001001000	-2	11032	8359.222	3149.817	15.5	8.246	91.625	6.421	141.125	6.254	8359.444	141.125	0	0	0	9	9	10491	11032	10167	7813	8010	10185	8358	9179	-2	13	11	32	11	9	27	10	11	-2	89	88	103	94	90	100	85	84	-2	138	140	153	142	138	149	135	134	-1
1001001000	-2	11032	8359.222	3149.817	15.5	8.246	91.625	6.421	141.125	6.254	8359.444	141.125	0	0	0	9	9	10491	11032	10167	7813	8010	10185	8358	9179	-2	13	11	32	11	9	27	10	11	-2	89	88	103	94	90	100	85	84	-2	138	140	153	142	138	149	135	134	-1
1001001000	-2	11556	9138.556	3305.63	15.75	7.87	94	6.364	146.125	5.487	9138.778	146.125	0	0	0	9	9	10898	9861	10217	9156	10783	11556	9477	10301	-2	13	11	32	13	10	26	10	11	-2	90	90	105	94	95	103	89	86	-2	144	144	157	145	145	153	141	140	-1
1001001000	-2	11396	9111.667	3288.5	15.75	7.87	94	6.364	146.125	5.487	9138.778	146.125	0	0	0	9	9	10832	9861	10201	9156	10783	11396	9477	10301	-2	13	11	32	13	10	26	10	11	-2	90	90	105	94	95	103	89	86	-2	144	144	157	145	145	153	141	140	-1
1001001000	-2	10797	8702.667	3127.743	17.375	9.63	98.5	5.831	153	5.745	8702.889	153	0	0	0	9	9	9375	8956	9584	9589	10797	9328	10363	10334	-2	13	12	38	13	11	29	10	13	-2	98	98	109	94	99	106	92	92	-2	153	154	163	148	155	159	146	146	-1
1001001000	-2	10797	8702.667	3127.743	17.375	9.63	98.5	5.831	153	5.745	8702.889	153	0	0	0	9	9	9375	8956	9584	9589	10797	9328	10363	10334	-2	13	12	38	13	11	29	10	13	-2	98	98	109	94	99	106	92	92	-2	153	154	163	148	155	159	146	146	-1
1001001000	-2	11713	8784	3281.233	16.5	8.803	96.5	6.225	151.75	5.54	8821.111	151.75	0	0	0	9	9	10059	8516	8540	9062	11713	9481	11245	10442	-2	12	12	36	13	10	26	10	13	-2	92	95	106	93	98	107	90	91	-2	150	152	160	147	154	160	145	146	-1
1001001000	-2	11713	8784	3281.233	16.5	8.803	96.5	6.225	151.75	5.54	8821.111	151.75	0	0	0	9	9	10059	8516	8540	9062	11713	9481	11245	10442	-2	12	12	36	13	10	26	10	13	-2	92	95	106	93	98	107	90	91	-2	150	152	160	147	154	160	145	146	-1
1001001000	-2	12102	8919.667	3325.775	16	7.73	96.125	6.112	150.25	5.403	8921.667	150.25	0	0	0	9	9	10420	8834	9254	9139	12102	8846	10910	10774	-2	12	12	32	13	10	26	10	13	-2	92	96	105	93	96	107	90	90	-2	148	152	157	146	150	160	145	144	-1
1001001000	-2	13777	11337.889	4115.603	9.25	0.829	80.875	5.925	133.5	4.822	12113.111	133.5	0	0	0	9	9	13324	13578	12738	13777	11093	11157	13329	13047	-2	10	8	10	9	10	10	8	9	-2	83	75	86	83	82	90	70	78	-2	135	131	142	136	131	138	127	128	-1
1001001000	-2	13777	11337.889	4115.603	9.25	0.829	80.875	5.925	133.5	4.822	12113.111	133.5	0	0	0	9	9	13324	13578	12738	13777	11093	11157	13329	13047	-2	10	8	10	9	10	10	8	9	-2	83	75	86	83	82	90	70	78	-2	135	131	142	136	131	138	127	128	-1
1001001000	-2	11502	8447	3329.618	26.25	10.317	103.375	6.891	149.75	7.172	8447.222	149.75	0	0	0	9	9	10619	9818	8733	10291	7111	11502	10797	7154	-2	20	22	44	16	28	42	16	22	-2	101	109	113	99	100	113	99	93	-2	149	155	161	146	141	158	148	140	-1
1001001000	-2	10835	8065.333	3057.102	19.5	8.818	100.75	6.476	149.25	6.924	8065.556	149.25	0	0	0	9	9	9167	8694	8950	10835	8148	9029	10713	7054	-2	15	14	33	13	16	36	12	17	-2	103	103	110	99	98	109	90	94	-2	149	150	161	152	142	157	140	143	-1
1002001000	-2	9521	5672.556	3238.589	11.5	3.24	86.857	4.94	121.5	35.997	5672.778	121.5	0	0	1	9	9	7172	8018	0	8185	5475	6666	9521	6018	-2	12	11	13	9	8	19	9	11	-2	82	89	-2	90	88	95	79	85	-2	133	138	27	139	132	143	128	132	-1
1002001000	-2	9444	5416.333	3129.664	11.5	3.24	86.857	4.94	121.5	35.997	5672.778	121.5	0	0	1	9	9	7038	7809	0	7532	5302	6011	9444	5613	-2	12	11	13	9	8	19	9	11	-2	82	89	-2	90	88	95	79	85	-2	133	138	27	139	132	143	128	132	-1
1002001000	-2	9624	5995.444	3413.788	10.75	3.419	83.286	3.99	118.125	34.711	5995.778	118.125	0	0	1	9	9	7503	8058	0	8594	4941	9624	7877	7364	-2	11	11	11	9	7	19	8	10	-2	84	86	-2	87	80	89	78	79	-2	133	136	27	134	126	137	126	126	-1
1002001000	-2	9624	5995.444	3413.788	10.75	3.419	83.286	3.99	118.125	34.711	5995.778	118.125	0	0	1	9	9	7503	8058	0	8594	4941	9624	7877	7364	-2	11	11	11	9	7	19	8	10	-2	84	86	-2	87	80	89	78	79	-2	133	136	27	134	126	137	126	126	-1
1001001000	-2	9800	7654.778	2801.439	10.625	4.151	83.5	5.937	131.875	6.274	7655.111	131.875	0	0	0	9	9	8696	8562	9106	9800	7669	9441	7535	8086	-2	11	10	11	8	7	21	8	9	-2	82	81	96	85	80	89	77	78	-2	130	132	145	133	128	137	124	126	-1
1001001000	-2	9487	7306.444	2666.533	10.625	4.151	83.5	5.937	131.875	6.274	7655.111	131.875	0	0	0	9	9	8569	8117	8565	9487	7310	8635	7296	7781	-2	11	10	11	8	7	21	8	9	-2	82	81	96	85	80	89	77	78	-2	130	132	145	133	128	137	124	126	-1
1001001000	-2	11609	8258.889	3151.437	11.125	3.951	83	6.819	132.625	6.402	8668.889	132.625	0	0	0	9	9	10227	8341	9256	11609	8950	10252	7490	8207	-2	11	10	12	9	8	21	8	10	-2	82	77	97	85	78	90	77	78	-2	132	128	146	134	128	139	127	127	-1
1001001000	-2	11938	8668.556	3322.797	11.125	3.951	83	6.819	132.625	6.402	8668.889	132.625	0	0	0	9	9	10569	8694	9837	11938	9412	11316	7694	8559	-2	11	10	12	9	8	21	8	10	-2	82	77	97	85	78	90	77	78	-2	132	128	146	134	128	139	127	127	-1
1002001000	-2	11389	7661.556	4195.385	11.125	4.045	82.714	4.527	119.5	36.373	7934	119.5	0	0	1	9	9	10600	9107	0	10864	9345	11389	9357	8294	-2	11	10	13	9	8	21	8	9	-2	83	78	-2	86	80	92	81	79	-2	133	130	24	137	129	143	131	129	-1
1002001000	-2	11389	7661.556	4195.385	11.125	4.045	82.714	4.527	119.5	36.373	7934	119.5	0	0	1	9	9	10600	9107	0	10864	9345	11389	9357	8294	-2	11	10	13	9	8	21	8	9	-2	83	78	-2	86	80	92	81	79	-2	133	130	24	137	129	143	131	129	-1
1002001000	-2	12106	8123.889	4404.224	11.5	3.64	85.143	5.139	123.375	37.845	8316.222	123.375	0	0	1	9	9	10664	9682	0	12106	10677	10700	9774	9514	-2	11	10	14	11	8	20	9	9	-2	87	79	-2	89	82	95	83	81	-2	142	133	24	141	133	146	135	133	-1
1002001000	-2	12106	8123.889	4404.224	11.5	3.64	85.143	5.139	123.375	37.845	8316.222	123.375	0	0	1	9	9	10664	9682	0	12106	10677	10700	9774	9514	-2	11	10	14	11	8	20	9	9	-2	87	79	-2	89	82	95	83	81	-2	142	133	24	141	133	146	135	133	-1
1002001000	-2	11635	8067.444	4345.794	12.125	4.136	86.286	5.364	125.25	38.541	8341	125.25	0	0	1	9	9	9795	10398	0	11635	9842	9896	10737	10306	-2	11	10	15	11	9	22	9	10	-2	88	79	-2	91	84	96	84	82	-2	144	134	24	143	137	148	137	135	-1
1002001000	-2	11719	8207.556	4414.247	12.125	4.136	86.286	5.364	125.25	38.541	8341	125.25	0	0	1	9	9	10531	10563	0	11719	9841	10173	10737	10306	-2	11	10	15	11	9	22	9	10	-2	88	79	-2	91	84	96	84	82	-2	144	134	24	143	137	148	137	135	-1
1002001000	-2	11350	8230.222	4412.766	11.75	3.631	85.143	4.454	124.125	38.051	8347	124.125	0	0	1	9	9	10336	10416	0	11350	10417	10964	10383	10208	-2	11	10	15	11	9	20	9	9	-2	85	80	-2	89	83	94	82	83	-2	141	135	24	142	136	146	134	135	-1
1001001000	-2	8988	5859.111	2603.942	11.25	1.714	77.625	4.923	119.75	3.597	5859.333	119.75	0	0	0	9	9	5934	8136	8497	5079	4677	4553	8988	6870	-2	13	9	13	10	11	14	10	10	-2	80	73	80	78	79	87	70	74	-2	120	117	125	119	119	126	116	116	-1
1001001000	-2	11609	7887.778	3147.58	15.375	4.82	95.375	5.243	143.875	6.214	8218	143.875	0	0	0	9	9	9206	7498	10621	9646	7499	7674	11609	7239	-2	15	15	19	12	11	26	10	15	-2	97	98	104	94	91	101	88	90	-2	146	145	154	147	135	149	136	139	-1
1001001000	-2	10925	7012.111	2853.246	9.75	2.727	82.25	5.517	131.25	6.139	7498.333	131.25	0	0	0	9	9	7663	7286	7987	9087	5716	6437	10925	8010	-2	10	10	11	7	7	16	8	9	-2	78	86	93	82	78	87	77	77	-2	131	134	143	133	123	135	124	127	-1
1001001000	-2	11013	7498.222	3064.509	9.75	2.727	82.25	5.517	131.25	6.139	7498.333	131.25	0	0	0	9	9	7951	7479	8543	10695	5886	7131	11013	8788	-2	10	10	11	7	7	16	8	9	-2	78	86	93	82	78	87	77	77	-2	131	134	143	133	123	135	124	127	-1
1001001000	-2	9969	7632.222	2775.838	9.125	2.421	79	4.664	127.75	4.684	7632.333	127.75	0	0	0	9	9	8899	8124	7674	9969	7899	8338	8920	8869	-2	9	9	10	7	7	15	8	8	-2	79	77	89	79	77	83	74	74	-2	128	128	138	127	124	131	123	123	-1
1001001000	-2	9969	7632.222	2775.838	9.125	2.421	79	4.664	127.75	4.684	7632.333	127.75	0	0	0	9	9	8899	8124	7674	9969	7899	8338	8920	8869	-2	9	9	10	7	7	15	8	8	-2	79	77	89	79	77	83	74	74	-2	128	128	138	127	124	131	123	123	-1
1001001000	-2	10117	7867.556	2873.653	8.875	2.891	76.75	4.841	125.875	5.011	7867.778	125.875	0	0	0	9	9	9279	9260	8173	10117	9214	7848	7830	9089	-2	9	9	9	7	6	16	7	8	-2	76	74	87	79	75	80	72	71	-2	124	124	137	128	123	129	121	121	-1
1001001000	-2	9806	7607.556	2782.871	8.875	2.891	76.75	4.841	125.875	5.011	7867.778	125.875	0	0	0	9	9	9203	8831	7952	9806	8933	7499	7623	8623	-2	9	9	9	7	6	16	7	8	-2	76	74	87	79	75	80	72	71	-2	124	124	137	128	123	129	121	121	-1
1001001000	-2	10635	8416.556	3092.23	9.125	2.803	77.25	4.969	127.125	5.183	8526.667	127.125	0	0	0	9	9	9816	10624	8130	10635	9573	8533	8625	9815	-2	9	9	10	7	7	16	7	8	-2	77	73	87	81	74	81	72	73	-2	126	123	137	131	123	132	122	123	-1
1001001000	-2	10635	8416.556	3092.23	9.125	2.803	77.25	4.969	127.125	5.183	8526.667	127.125	0	0	0	9	9	9816	10624	8130	10635	9573	8533	8625	9815	-2	9	9	10	7	7	16	7	8	-2	77	73	87	81	74	81	72	73	-2	126	123	137	131	123	132	122	123	-1
1001001000	-2	11969	8784.667	3353.491	9.25	2.861	78.5	5.5	129	5.59	8985.444	129	0	0	0	9	9	10874	11212	7928	11969	10349	8566	8764	9402	-2	9	9	11	7	7	16	7	8	-2	78	73	90	81	74	83	75	74	-2	129	124	140	132	124	134	126	123	-1
1001001000	-2	11242	8868.778	3310.634	9.25	2.681	78.875	5.6	131.375	5.36	9145.444	131.375	0	0	0	9	9	10974	10570	7812	11242	11038	9856	9060	9269	-2	9	9	12	7	7	15	7	8	-2	79	73	90	80	74	85	75	75	-2	133	126	141	134	126	137	127	127	-1
1001001000	-2	11242	8868.778	3310.634	9.25	2.681	78.875	5.6	131.375	5.36	9145.444	131.375	0	0	0	9	9	10974	10570	7812	11242	11038	9856	9060	9269	-2	9	9	12	7	7	15	7	8	-2	79	73	90	80	74	85	75	75	-2	133	126	141	134	126	137	127	127	-1
1001001000	-2	11538	8859.778	3404.917	9.25	2.681	80	5.545	132.875	5.667	8924.333	132.875	0	0	0	9	9	11039	10344	6963	11538	11210	10337	8832	9477	-2	9	9	12	7	7	15	7	8	-2	80	74	90	82	76	87	75	76	-2	136	127	142	136	128	139	127	128	-1
1001001000	-2	11538	8859.778	3404.917	9.25	2.681	80	5.545	132.875	5.667	8924.333	132.875	0	0	0	9	9	11039	10344	6963	11538	11210	10337	8832	9477	-2	9	9	12	7	7	15	7	8	-2	80	74	90	82	76	87	75	76	-2	136	127	142	136	128	139	127	128	-1
1001001000	-2	7594	5523.111	2118.832	11	1.118	79.875	2.891	121.75	3.382	5545.111	121.75	0	0	0	9	9	6252	6120	7594	7144	4682	5293	6128	6497	-2	13	10	12	10	10	12	10	11	-2	79	78	82	79	78	86	81	76	-2	120	121	126	121	117	127	124	118	-1
1001001000	-2	10985	7520.556	3228.386	11.25	2.99	86.5	4.637	136.75	5.068	7962.333	136.75	0	0	0	9	9	8419	7415	10847	9809	5001	6676	10985	8535	-2	11	13	13	8	8	17	8	12	-2	79	93	89	89	83	92	83	84	-2	135	139	141	143	128	142	131	135	-1
1001001000	-2	9674	7446.333	2740.241	8.25	2.107	76.125	5.036	124.75	4.918	7950.778	124.75	0	0	0	9	9	9453	7930	8195	8905	7408	7854	9674	7600	-2	8	9	9	6	6	13	7	8	-2	75	77	86	76	74	81	70	70	-2	126	126	134	126	119	128	118	121	-1
1001001000	-2	9654	7324.778	2702.741	8.25	2.107	76.125	5.036	124.75	4.918	7950.778	124.75	0	0	0	9	9	9300	7826	8045	8673	7281	7678	9654	7468	-2	8	9	9	6	6	13	7	8	-2	75	77	86	76	74	81	70	70	-2	126	126	134	126	119	128	118	121	-1
1001001000	-2	10583	8306.778	3009.569	7.625	1.495	71.625	2.955	120.75	3.031	8307	120.75	0	0	0	9	9	8803	10029	9211	10583	9380	8451	9730	8576	-2	8	8	8	6	6	11	7	7	-2	71	71	78	70	72	74	69	68	-2	121	120	128	120	119	122	118	118	-1
1001001000	-2	12653	10640.889	3795.706	7.375	0.484	81.25	3.307	145.5	4.387	14239	145.5	0	0	0	9	9	12058	11776	11250	11932	12653	11164	12639	12298	-2	8	7	8	7	7	8	7	7	-2	82	77	86	79	80	87	80	79	-2	146	142	155	143	142	149	146	141	-1
1001001000	-2	12051	9196.111	3406.634	6.875	0.599	66.75	2.586	112.75	3.345	9224.889	112.75	0	0	0	9	9	9774	10038	11776	9261	9084	9644	12051	11139	-2	8	7	7	7	7	7	6	6	-2	64	66	70	66	66	71	68	63	-2	112	111	119	111	109	115	116	109	-1
1001001000	-2	10907	8602.667	3192.197	7.25	0.433	70.5	2.121	115.875	2.803	8746.556	115.875	0	0	0	9	9	10738	9068	10650	9104	7966	8742	10251	10907	-2	8	7	7	7	7	8	7	7	-2	69	71	72	69	69	75	71	68	-2	117	116	120	113	111	118	118	114	-1
1001001000	-2	13373	10891.778	3948.832	11.25	1.09	90	3.775	147.25	3.767	12396	147.25	0	0	0	9	9	13373	13143	12069	13170	10789	12144	10937	12403	-2	12	12	12	10	10	11	10	13	-2	88	93	94	86	88	92	95	84	-2	149	146	146	146	146	147	156	142	-1
1001001000	-2	11364	8785.111	3429.412	10.25	1.714	86.625	4.82	140.25	4.437	9216.667	140.25	0	0	0	9	9	9045	8979	11294	9226	6804	11097	11364	11259	-2	10	13	11	9	8	12	8	11	-2	79	95	90	91	83	86	86	83	-2	139	142	144	148	132	141	138	138	-1
1001001000	-2	11668	8663.333	3433.043	10.25	1.714	86.625	4.82	140.25	4.437	9216.667	140.25	0	0	0	9	9	8678	8471	11398	9159	6713	10913	11668	10972	-2	10	13	11	9	8	12	8	11	-2	79	95	90	91	83	86	86	83	-2	139	142	144	148	132	141	138	138	-1
1001001000	-2	11399	8737	3217.604	6.875	0.781	70.625	3.426	119.5	3.082	9123.556	119.5	0	0	0	9	9	11156	9600	11399	10086	8446	9228	9042	9678	-2	7	8	8	6	6	7	6	7	-2	69	74	77	70	71	71	68	65	-2	119	122	124	123	116	120	116	116	-1
