1001001000	-2	13426	11268.556	4018.142	17.625	4.121	96.625	4.386	195	18.588	12880.111	199.25	0	0	0	9	9	12682	13282	13426	12314	11754	12239	12518	13204	-2	15	13	12	17	22	19	18	25	-2	89	92	93	102	99	99	98	101	-2	200	172	228	189	183	183	221	184	-1
1001001000	-2	13318	11157.889	4000.154	19	4.123	92.75	3.666	173.875	6.954	13307	173.875	0	0	0	9	9	11972	13111	13201	12699	11660	13012	11450	13318	-2	19	13	14	17	24	22	18	25	-2	89	87	90	94	98	95	97	92	-2	173	168	171	182	166	181	166	184	-1
1001001000	-2	14469	11994.333	4278.033	12.75	4.684	82.25	4.71	161.875	18.024	14473.556	161.875	0	0	0	9	9	13844	13110	12663	13979	14469	12839	13867	13180	-2	21	10	8	11	16	18	7	11	-2	85	79	80	79	89	89	82	75	-2	170	164	138	153	192	183	155	140	-1
1001001000	-2	14469	11994.333	4278.033	12.75	4.684	82.25	4.71	161.875	18.024	14473.556	161.875	0	0	0	9	9	13844	13110	12663	13979	14469	12839	13867	13180	-2	21	10	8	11	16	18	7	11	-2	85	79	80	79	89	89	82	75	-2	170	164	138	153	192	183	155	140	-1
1001001000	-2	14099	11678.667	4160.457	12.5	4.416	81.375	4.442	158.75	17.732	13940	158.75	0	0	0	9	9	12534	13845	12573	12928	14099	12994	13303	12834	-2	20	10	8	12	15	18	7	10	-2	83	77	80	79	88	88	81	75	-2	170	151	141	153	192	176	151	136	-1
1001001000	-2	14853	12088.889	4309.094	12.5	4.416	81.375	4.442	158.75	17.732	13940	158.75	0	0	0	9	9	13321	13693	13137	13681	14853	13333	13947	12837	-2	20	10	8	12	15	18	7	10	-2	83	77	80	79	88	88	81	75	-2	170	151	141	153	192	176	151	136	-1
1001001000	-2	14437	11894	4248.612	12.625	4.581	80.125	4.256	148.625	12.708	13287.222	148.625	0	0	0	9	9	13029	13725	12857	13226	14437	13548	13957	12269	-2	21	10	8	12	15	18	8	9	-2	84	76	78	78	86	84	82	73	-2	170	141	136	143	160	159	150	130	-1
1001001000	-2	14437	11894	4248.612	12.625	4.581	80.125	4.256	148.625	12.708	13287.222	148.625	0	0	0	9	9	13029	13725	12857	13226	14437	13548	13957	12269	-2	21	10	8	12	15	18	8	9	-2	84	76	78	78	86	84	82	73	-2	170	141	136	143	160	159	150	130	-1
1001001000	-2	14186	11953.667	4264.771	12.25	4.493	79.625	3.806	147.375	11.618	13100.778	147.375	0	0	0	9	9	13049	13623	12776	14051	13733	13788	14186	12379	-2	21	10	8	12	14	17	8	8	-2	85	77	78	79	82	83	81	72	-2	170	149	137	144	145	154	152	128	-1
1001001000	-2	13787	11374.444	4057.8	12.25	4.493	79.625	3.806	147.375	11.618	13100.778	147.375	0	0	0	9	9	12540	13077	12358	13787	13262	12921	12638	11789	-2	21	10	8	12	14	17	8	8	-2	85	77	78	79	82	83	81	72	-2	170	149	137	144	145	154	152	128	-1
1001001000	-2	13816	11561.444	4121.073	12	4.555	79.75	4.352	148.375	13.453	12596.889	148.375	0	0	0	9	9	13178	13314	12292	13200	13816	13490	12180	12585	-2	22	10	8	11	14	15	8	8	-2	86	80	77	81	81	81	82	70	-2	171	164	138	147	145	145	152	125	-1
1001001000	-2	10686	6944.556	3460.35	18.5	3.808	112.25	6.629	196	28.705	7032.333	196	0	0	0	9	9	8388	8135	10686	5200	2451	9843	7732	10068	-2	18	14	14	16	22	22	17	25	-2	103	114	105	116	125	107	114	114	-2	199	170	269	189	192	181	184	184	-1
1001001000	-2	14068	11432.444	4123.41	19.625	4.357	95.75	4.576	177.5	6.856	13460.444	177.5	0	0	0	9	9	13073	13719	13159	12538	11408	13198	11731	14068	-2	20	13	17	16	25	23	17	26	-2	89	89	94	99	102	95	100	98	-2	187	175	171	183	166	181	173	184	-1
1001001000	-2	13160	10777.333	3877.931	20.875	4.226	96.125	4.729	167.5	7.297	12252	167.5	0	0	0	9	9	12212	13160	11965	12715	11046	11568	11245	13087	-2	24	14	18	16	26	24	20	25	-2	94	90	98	97	99	101	102	88	-2	159	156	171	169	166	181	166	172	-1
1001001000	-2	13442	10918.111	3915.741	20.875	3.919	96.625	5.171	167.625	7.582	12030.333	167.625	0	0	0	9	9	12443	13144	12077	12282	11863	11114	11900	13442	-2	25	14	22	15	25	21	23	22	-2	94	93	101	98	97	103	101	86	-2	159	157	171	167	166	183	166	172	-1
1001001000	-2	13442	10918.111	3915.741	20.875	3.919	96.625	5.171	167.625	7.582	12030.333	167.625	0	0	0	9	9	12443	13144	12077	12282	11863	11114	11900	13442	-2	25	14	22	15	25	21	23	22	-2	94	93	101	98	97	103	101	86	-2	159	157	171	167	166	183	166	172	-1
1001001000	-2	14111	10410.333	3964.211	16	4.123	95.125	5.207	174.25	7.98	10851.889	174.25	0	0	0	9	9	11865	12546	14111	10440	11714	9875	9577	13567	-2	24	12	11	14	20	17	13	17	-2	94	92	92	97	98	102	101	85	-2	170	170	172	168	192	182	167	173	-1
1001001000	-2	15084	12165.111	4344.722	12.25	4.38	81.75	3.832	157.875	12.293	13844.222	157.875	0	0	0	9	9	13829	14124	12935	13501	15084	13214	13713	13088	-2	21	11	7	11	16	14	7	11	-2	84	80	80	81	88	84	83	74	-2	170	164	140	154	168	170	160	137	-1
1001001000	-2	15084	12165.111	4344.722	12.25	4.38	81.75	3.832	157.875	12.293	13844.222	157.875	0	0	0	9	9	13829	14124	12935	13501	15084	13214	13713	13088	-2	21	11	7	11	16	14	7	11	-2	84	80	80	81	88	84	83	74	-2	170	164	140	154	168	170	160	137	-1
1001001000	-2	13864	11274.667	4038.614	11.875	4.136	78.75	3.455	143	11.747	12850.889	143	0	0	0	9	9	13148	13182	11776	12737	13864	12487	12599	11681	-2	20	10	8	11	15	15	7	9	-2	82	76	77	78	83	81	81	72	-2	167	139	131	143	145	145	149	125	-1
1001001000	-2	14570	11730.444	4211.078	11.875	4.136	78.75	3.455	143	11.747	12850.889	143	0	0	0	9	9	14179	12910	12192	13285	14570	12997	13109	12334	-2	20	10	8	11	15	15	7	9	-2	82	76	77	78	83	81	81	72	-2	167	139	131	143	145	145	149	125	-1
1001001000	-2	13677	11039.778	4035.486	11.625	4.121	77.875	4.106	140.625	11.045	11834	140.625	0	0	0	9	9	13460	12187	9976	12671	13677	12711	12866	11812	-2	20	9	8	11	14	15	7	9	-2	81	76	76	77	82	80	82	69	-2	155	142	130	140	143	146	151	118	-1
1001001000	-2	13034	10903.444	3956.04	11.625	4.121	77.875	4.106	140.625	11.045	11834	140.625	0	0	0	9	9	12935	12856	9976	12225	13034	12601	12649	11857	-2	20	9	8	11	14	15	7	9	-2	81	76	76	77	82	80	82	69	-2	155	142	130	140	143	146	151	118	-1
1001001000	-2	13795	11307.667	4089.896	11.5	4.213	76.875	3.822	138.75	12.08	11847.111	138.75	0	0	0	9	9	13538	12736	10614	12785	13795	12617	13257	12429	-2	20	9	8	11	14	15	7	8	-2	81	78	76	76	78	77	81	68	-2	161	145	129	135	136	138	148	118	-1
1001001000	-2	13289	10854.222	3904.995	11.5	4.213	76.875	3.822	138.75	12.08	11847.111	138.75	0	0	0	9	9	12626	12357	10614	12543	13289	12550	12221	11490	-2	20	9	8	11	14	15	7	8	-2	81	78	76	76	78	77	81	68	-2	161	145	129	135	136	138	148	118	-1
1001001000	-2	13288	11135.333	3966.657	11.875	4.4	78.5	4.093	142.25	11.562	12349.667	142.25	0	0	0	9	9	12979	12550	11855	12118	13288	13092	12376	11962	-2	21	10	8	10	15	15	8	8	-2	84	80	78	77	81	79	80	69	-2	163	152	136	138	144	138	146	121	-1
1001001000	-2	14499	11785.444	4220.668	11.875	4.4	78.5	4.093	142.25	11.562	12349.667	142.25	0	0	0	9	9	13399	13733	12461	12309	14499	13443	13669	12558	-2	21	10	8	10	15	15	8	8	-2	84	80	78	77	81	79	80	69	-2	163	152	136	138	144	138	146	121	-1
1001001000	-2	14121	11705.556	4165.673	12.375	4.241	83	5.362	159.25	14.618	12733.667	159.25	0	0	0	9	9	12255	13240	13428	13145	14121	12841	13324	12998	-2	21	10	8	11	16	15	9	9	-2	88	91	81	81	85	81	85	72	-2	172	180	152	154	168	146	169	133	-1
1001001000	-2	14709	12169.444	4326.076	12.375	4.241	83	5.362	159.25	14.618	12733.667	159.25	0	0	0	9	9	13154	13345	13472	13577	14709	13508	14165	13597	-2	21	10	8	11	16	15	9	9	-2	88	91	81	81	85	81	85	72	-2	172	180	152	154	168	146	169	133	-1
1001001000	-2	14636	11150.889	4178.752	14.375	4.241	88.625	5.765	175	9.925	11795.778	175	0	0	0	9	9	12387	9521	13739	12112	13182	13290	11493	14636	-2	20	11	9	13	17	16	20	9	-2	92	97	85	91	89	88	91	76	-2	172	180	166	165	187	191	177	162	-1
1001001000	-2	14045	10196.333	4085.344	15.125	3.855	93	6.5	176.125	10.005	10289	176.125	0	0	0	9	9	11393	7056	13939	11966	11563	11117	10690	14045	-2	19	13	11	14	18	16	21	9	-2	96	101	87	94	93	97	97	79	-2	171	181	179	168	187	190	176	157	-1
1001001000	-2	13598	9968.778	3933.485	15.125	3.855	93	6.5	176.125	10.005	10289	176.125	0	0	0	9	9	11155	7056	12990	11987	11563	10699	10673	13598	-2	19	13	11	14	18	16	21	9	-2	96	101	87	94	93	97	97	79	-2	171	181	179	168	187	190	176	157	-1
1001001000	-2	9942	5910.556	3347.155	18.875	3.689	103.125	8.115	173.625	8.817	5912.444	173.625	0	0	0	9	9	6887	2493	9942	9401	6557	5169	2953	9795	-2	14	22	20	19	20	18	25	13	-2	103	115	96	97	102	106	115	91	-2	182	182	180	162	169	177	179	158	-1
1001001000	-2	10229	6058.556	3496.542	19.875	4.014	103	9.138	178.625	4.948	6059	178.625	0	0	0	9	9	8732	2322	10229	8911	5972	5191	3026	10146	-2	14	22	20	20	22	20	27	14	-2	99	116	95	98	100	107	118	91	-2	183	188	180	176	170	177	178	177	-1
1001001000	-2	11587	7125.778	3614.819	19.75	4.116	101	8.276	178.75	5.117	7126.111	178.75	0	0	0	9	9	10738	4179	11587	8778	7999	6240	4080	10533	-2	14	20	19	21	19	20	29	16	-2	95	112	93	98	97	106	115	92	-2	174	184	182	177	170	187	178	178	-1
1001001000	-2	11585	7116.333	3605.411	19.75	4.116	101	8.276	178.75	5.117	7126.111	178.75	0	0	0	9	9	10655	4179	11585	8778	7999	6240	4080	10533	-2	14	20	19	21	19	20	29	16	-2	95	112	93	98	97	106	115	92	-2	174	184	182	177	170	187	178	178	-1
1001001000	-2	12384	9013.778	3639.524	18.375	3.533	107.125	4.961	198.875	21.157	9377	198.875	0	0	0	9	9	10871	11000	11395	7122	7307	11632	9415	12384	-2	19	13	19	15	18	23	16	24	-2	97	105	104	112	114	107	110	108	-2	197	175	236	189	192	232	186	184	-1
1001001000	-2	14588	11447.889	4139.614	21.75	4.918	96.75	4.521	178.125	15.136	14019.778	178.125	0	0	0	9	9	12678	13925	12474	12813	12647	12567	11341	14588	-2	23	14	27	16	25	27	17	25	-2	90	91	100	99	101	101	100	92	-2	159	175	213	176	165	180	173	184	-1
1001001000	-2	14408	11829.444	4265.154	20.75	3.897	94.375	4.948	175.625	9.232	14975	175.625	0	0	0	9	9	13011	14303	12820	13626	13885	12862	11552	14408	-2	23	14	22	16	24	24	18	25	-2	90	86	99	94	96	100	100	90	-2	160	175	190	176	165	182	173	184	-1
1001001000	-2	14271	11707.889	4213.043	20.75	3.897	94.375	4.948	175.625	9.232	14975	175.625	0	0	0	9	9	12640	14271	12559	13581	13862	12802	11688	13970	-2	23	14	22	16	24	24	18	25	-2	90	86	99	94	96	100	100	90	-2	160	175	190	176	165	182	173	184	-1
1001001000	-2	12534	8676.556	3443.452	21	3.571	101.375	5.337	169.125	9.36	9083.444	169.125	0	0	0	9	9	10390	7945	9772	10807	11011	7381	8251	12534	-2	26	15	25	17	21	22	23	19	-2	100	104	109	101	98	105	104	90	-2	170	160	172	167	153	184	167	180	-1
1001001000	-2	13010	10777.778	3845.174	12	4.33	83.125	3.18	159.375	10.641	14233.444	159.375	0	0	0	9	9	13010	11569	11819	11762	12477	12849	11986	11530	-2	21	11	7	11	16	12	7	11	-2	89	85	81	83	83	83	84	77	-2	171	177	143	161	154	162	160	147	-1
1001001000	-2	13010	10777.778	3845.174	12	4.33	83.125	3.18	159.375	10.641	14233.444	159.375	0	0	0	9	9	13010	11569	11819	11762	12477	12849	11986	11530	-2	21	11	7	11	16	12	7	11	-2	89	85	81	83	83	83	84	77	-2	171	177	143	161	154	162	160	147	-1
1001001000	-2	12703	10446.222	3771.984	11.25	3.767	78.125	3.18	140.75	8.729	12267.556	140.75	0	0	0	9	9	12703	11103	12542	11610	12621	12030	11053	10356	-2	19	10	7	11	14	13	7	9	-2	81	78	78	76	81	79	81	71	-2	155	142	134	141	141	143	147	123	-1
1001001000	-2	14270	11253.667	4090.373	11.25	3.767	78.125	3.18	140.75	8.729	12267.556	140.75	0	0	0	9	9	14270	12216	12416	11377	14028	12938	12649	11391	-2	19	10	7	11	14	13	7	9	-2	81	78	78	76	81	79	81	71	-2	155	142	134	141	141	143	147	123	-1
1001001000	-2	13913	10526.333	3917.797	11	3.571	76	3.905	134.25	9.148	10978.556	134.25	0	0	0	9	9	12568	11748	10615	11987	13913	12084	12540	9284	-2	18	9	7	11	14	13	7	9	-2	77	75	76	75	81	78	79	67	-2	141	133	129	135	140	140	143	113	-1
1001001000	-2	13913	10526.333	3917.797	11	3.571	76	3.905	134.25	9.148	10978.556	134.25	0	0	0	9	9	12568	11748	10615	11987	13913	12084	12540	9284	-2	18	9	7	11	14	13	7	9	-2	77	75	76	75	81	78	79	67	-2	141	133	129	135	140	140	143	113	-1
1001001000	-2	13736	10305.889	3922.811	9.875	2.571	74	3.873	129.25	8.348	10821.556	129.25	0	0	0	9	9	12186	12381	9283	12388	13736	11834	12033	8914	-2	14	8	7	11	13	11	7	8	-2	75	76	74	75	77	75	76	64	-2	136	132	128	131	135	132	132	108	-1
1001001000	-2	13736	10305.889	3922.811	9.875	2.571	74	3.873	129.25	8.348	10821.556	129.25	0	0	0	9	9	12186	12381	9283	12388	13736	11834	12033	8914	-2	14	8	7	11	13	11	7	8	-2	75	76	74	75	77	75	76	64	-2	136	132	128	131	135	132	132	108	-1
1001001000	-2	13908	10372.444	3884.934	9.875	2.713	74.125	3.919	129.25	7.742	10827.556	129.25	0	0	0	9	9	12877	11047	9189	12198	13908	11848	11806	10481	-2	14	8	7	10	14	11	7	8	-2	74	78	74	74	79	75	74	65	-2	135	137	127	130	138	127	128	112	-1
1001001000	-2	13827	10284.556	3832.038	9.875	2.713	74.125	3.919	129.25	7.742	10827.556	129.25	0	0	0	9	9	12395	11391	9189	12131	13827	11843	11306	10481	-2	14	8	7	10	14	11	7	8	-2	74	78	74	74	79	75	74	65	-2	135	137	127	130	138	127	128	112	-1
1001001000	-2	13068	10328.778	3700.189	10.125	2.571	75.625	4.091	134.25	8.408	11371.222	134.25	0	0	0	9	9	11518	11445	11204	10834	13068	11813	11838	11241	-2	13	9	7	11	14	12	7	8	-2	75	79	76	76	81	76	76	66	-2	139	145	133	135	143	131	132	116	-1
1001001000	-2	13068	10328.778	3700.189	10.125	2.571	75.625	4.091	134.25	8.408	11371.222	134.25	0	0	0	9	9	11518	11445	11204	10834	13068	11813	11838	11241	-2	13	9	7	11	14	12	7	8	-2	75	79	76	76	81	76	76	66	-2	139	145	133	135	143	131	132	116	-1
1001001000	-2	13350	10987.556	3934.903	10.75	2.487	78.625	5.566	149.5	14.942	12111.111	149.5	0	0	0	9	9	13060	11306	11914	12254	13350	12612	11660	12734	-2	12	10	8	12	15	13	8	8	-2	75	87	80	79	83	77	81	67	-2	152	181	149	145	156	141	148	124	-1
1001001000	-2	15067	12330.889	4421.107	11.75	2.278	83.75	5.286	167.625	14.088	12739.222	167.625	0	0	0	9	9	14337	12930	13375	13970	14800	13687	12814	15067	-2	13	11	8	13	15	14	11	9	-2	81	93	84	84	87	80	87	74	-2	185	189	159	161	180	155	164	148	-1
1001001000	-2	15067	12330.889	4421.107	11.75	2.278	83.75	5.286	167.625	14.088	12739.222	167.625	0	0	0	9	9	14337	12930	13375	13970	14800	13687	12814	15067	-2	13	11	8	13	15	14	11	9	-2	81	93	84	84	87	80	87	74	-2	185	189	159	161	180	155	164	148	-1
1001001000	-2	12580	10040.556	3714.189	13.75	2.222	90.75	5.517	185.625	9.34	11120.222	185.625	0	0	0	9	9	11960	8624	11829	11684	11315	11898	10477	12580	-2	13	13	12	15	15	14	18	10	-2	90	101	87	93	92	86	95	82	-2	195	195	173	179	197	192	177	177	-1
1001001000	-2	12604	10111.889	3772.76	13.75	2.222	90.75	5.517	185.625	9.34	11120.222	185.625	0	0	0	9	9	12118	8625	11883	12393	11225	12058	10103	12604	-2	13	13	12	15	15	14	18	10	-2	90	101	87	93	92	86	95	82	-2	195	195	173	179	197	192	177	177	-1
1001001000	-2	12625	10137.222	3809.121	13.75	2.537	90.625	5.384	184.875	8.253	11042.667	184.875	0	0	0	9	9	12625	8284	12175	12385	10864	12166	10571	12167	-2	12	13	12	14	15	15	19	10	-2	90	102	87	92	93	86	92	83	-2	195	195	173	179	189	192	179	177	-1
1001001000	-2	12414	9892.556	3690.108	13.75	2.537	90.625	5.384	184.875	8.253	11042.667	184.875	0	0	0	9	9	12278	8284	11014	11602	10506	11964	10973	12414	-2	12	13	12	14	15	15	19	10	-2	90	102	87	92	93	86	92	83	-2	195	195	173	179	189	192	179	177	-1
1001001000	-2	12252	9418.333	3818.71	15.125	2.976	94	6.69	182.75	10.615	9725.889	182.75	0	0	0	9	9	12252	6064	12108	12127	9499	11224	9784	11709	-2	13	14	15	15	15	16	22	11	-2	92	109	88	94	96	90	97	86	-2	192	190	180	190	183	191	178	158	-1
1001001000	-2	13511	9288.444	4074.926	15.25	3.382	95.125	7.167	182.25	5.093	9498.556	182.25	0	0	0	9	9	12611	5478	13511	11970	9486	10523	7779	12240	-2	12	14	13	16	15	17	23	12	-2	91	109	89	92	96	97	102	85	-2	182	189	182	176	183	191	178	177	-1
1002002000	-2	11038	1224.778	3469.498	18.571	1.591	149.714	5.257	382.875	57.381	8811.444	382.875	0	0	0	9	9	-2	-2	-2	-2	-2	11038	-2	-1	-2	17	17	18	21	21	18	18	-2	-2	152	149	148	154	153	138	154	-2	-2	403	388	393	433	404	360	438	244	-1
1001001000	-2	14245	11798.444	4223.716	22	4.796	93.75	5.717	171.5	11.023	15710.444	171.5	0	0	0	9	9	12786	14245	13225	13088	13392	13352	11918	14182	-2	24	15	29	16	24	27	18	23	-2	90	87	101	94	98	98	98	84	-2	159	175	184	183	165	181	173	152	-1
1001001000	-2	14215	12085.778	4295.758	20.125	5.555	87.875	6.353	163	17.044	16863.667	163	0	0	0	9	9	14215	13246	12652	13904	13718	13338	13867	13834	-2	24	14	29	15	20	24	12	23	-2	84	82	99	84	89	94	92	79	-2	170	149	189	156	159	182	167	132	-1
1001001000	-2	14163	11880	4246.441	18.5	5.05	83.625	6.46	147.75	19.53	15072.667	147.625	0	0	0	9	9	14163	13480	12619	14153	12130	13342	13343	13692	-2	24	12	24	14	19	22	11	22	-2	82	80	97	76	84	87	87	76	-2	147	138	194	135	138	157	147	126	-1
1001001000	-2	14848	12427.889	4434.949	18.5	5.05	83.625	6.46	147.75	19.53	15072.667	147.625	0	0	0	9	9	14848	14564	13454	14595	12851	13559	13955	14027	-2	24	12	24	14	19	22	11	22	-2	82	80	97	76	84	87	87	76	-2	147	138	194	135	138	157	147	126	-1
1001001000	-2	14840	12109.222	4376.833	20.125	5.487	93.875	6.112	172.5	10.618	14549.556	172.5	0	0	0	9	9	12195	12147	13304	13741	13757	14399	14840	14602	-2	27	14	30	17	21	21	14	17	-2	96	96	106	91	89	97	92	84	-2	171	161	178	178	183	184	174	151	-1
1001001000	-2	14690	12141.667	4383.252	20.125	5.487	93.875	6.112	172.5	10.618	14549.556	172.5	0	0	0	9	9	12259	12147	13198	14252	13973	14328	14690	14430	-2	27	14	30	17	21	21	14	17	-2	96	96	106	91	89	97	92	84	-2	171	161	178	178	183	184	174	151	-1
1001001000	-2	15454	12286.111	4428.946	15	4.69	92.125	4.675	180.375	8.108	14065.111	180.375	0	0	0	9	9	12959	12333	14214	13471	13435	14508	14203	15454	-2	25	13	14	14	19	14	8	13	-2	98	94	95	93	86	94	94	83	-2	179	176	193	186	165	188	176	180	-1
1001001000	-2	13200	10283.667	3842.328	15	4.69	92.125	4.675	180.375	8.108	14065.111	180.375	0	0	0	9	9	9773	10847	13129	11410	12974	11378	9844	13200	-2	25	13	14	14	19	14	8	13	-2	98	94	95	93	86	94	94	83	-2	179	176	193	186	165	188	176	180	-1
1001001000	-2	12069	9118.222	3376.377	12.25	4.176	82.75	3.832	157.375	10.582	13143.333	157.375	0	0	0	9	9	9442	9970	10721	9918	11522	9875	8549	12069	-2	21	11	8	12	16	12	7	11	-2	88	83	81	83	85	83	85	74	-2	171	159	147	161	155	167	163	136	-1
1001001000	-2	12069	9118.222	3376.377	12.25	4.176	82.75	3.832	157.375	10.582	13143.333	157.375	0	0	0	9	9	9442	9970	10721	9918	11522	9875	8549	12069	-2	21	11	8	12	16	12	7	11	-2	88	83	81	83	85	83	85	74	-2	171	159	147	161	155	167	163	136	-1
1001001000	-2	10742	8846	3481.07	8.875	2.421	74	3.5	128.375	8.76	10053.778	128.375	0	0	0	9	9	10646	10689	10209	10194	10741	10742	10691	5704	-2	14	8	7	7	11	9	6	9	-2	75	74	75	75	77	76	75	65	-2	134	130	127	131	132	135	132	106	-1
1001001000	-2	12460	9721.222	3941.98	8.875	2.421	74	3.5	128.375	8.76	10053.778	128.375	0	0	0	9	9	12460	11422	10689	11485	11607	11740	12386	5704	-2	14	8	7	7	11	9	6	9	-2	75	74	75	75	77	76	75	65	-2	134	130	127	131	132	135	132	106	-1
1001001000	-2	12973	9938.778	3945.015	8.75	1.714	72.625	3.199	123.75	7.049	10367.111	123.75	0	0	0	9	9	12144	11237	10237	11486	12973	12554	12204	6616	-2	12	8	7	8	11	8	7	9	-2	72	75	75	73	76	72	73	65	-2	124	128	124	125	131	126	126	106	-1
1001001000	-2	12973	9938.778	3945.015	8.75	1.714	72.625	3.199	123.75	7.049	10367.111	123.75	0	0	0	9	9	12144	11237	10237	11486	12973	12554	12204	6616	-2	12	8	7	8	11	8	7	9	-2	72	75	75	73	76	72	73	65	-2	124	128	124	125	131	126	126	106	-1
1001001000	-2	13125	10098.778	3888.827	8.5	1.5	72.875	3.655	124.875	6.566	10364.333	124.875	0	0	0	9	9	11950	11472	9558	12003	13125	12594	12270	7919	-2	11	8	7	8	11	8	7	8	-2	72	75	75	74	77	73	73	64	-2	125	129	125	124	133	127	127	109	-1
1001001000	-2	13125	10098.778	3888.827	8.5	1.5	72.875	3.655	124.875	6.566	10364.333	124.875	0	0	0	9	9	11950	11472	9558	12003	13125	12594	12270	7919	-2	11	8	7	8	11	8	7	8	-2	72	75	75	74	77	73	73	64	-2	125	129	125	124	133	127	127	109	-1
1001001000	-2	12711	10201.556	3752.876	8.875	1.452	73	3.64	126.625	5.787	10624.222	126.625	0	0	0	9	9	11782	11600	9070	12055	12711	12466	11593	10539	-2	11	8	8	11	10	8	7	8	-2	71	76	74	74	78	72	74	65	-2	124	131	127	126	135	126	130	114	-1
1001001000	-2	13202	10336.333	3840.056	8.875	1.452	73	3.64	126.625	5.787	10624.222	126.625	0	0	0	9	9	11953	10993	9070	12060	13202	12933	12101	10717	-2	11	8	8	11	10	8	7	8	-2	71	76	74	74	78	72	74	65	-2	124	131	127	126	135	126	130	114	-1
1001001000	-2	12990	10641.556	3900.649	8.875	1.452	73.875	4.166	130	6.423	11066.111	130	0	0	0	9	9	12741	11144	9465	12305	12990	12780	12026	12325	-2	10	8	8	11	11	8	7	8	-2	71	77	74	74	81	72	76	66	-2	128	136	131	128	141	126	132	118	-1
1001001000	-2	13156	10839.889	3873.761	10	1.225	77.5	4.472	142.375	7.398	11702.556	142.375	0	0	0	9	9	13156	11243	12432	12109	12983	11885	11854	11899	-2	11	10	8	12	11	10	9	9	-2	74	81	79	77	83	77	81	68	-2	142	154	146	138	147	140	145	127	-1
1001001000	-2	13156	10839.889	3873.761	10	1.225	77.5	4.472	142.375	7.398	11702.556	142.375	0	0	0	9	9	13156	11243	12432	12109	12983	11885	11854	11899	-2	11	10	8	12	11	10	9	9	-2	74	81	79	77	83	77	81	68	-2	142	154	146	138	147	140	145	127	-1
1001001000	-2	12418	10196.889	3682.314	10.125	1.166	78.875	5.036	148.625	12.429	12198.444	148.625	0	0	0	9	9	12418	9830	10698	11854	12220	11521	11422	11811	-2	11	10	8	12	11	10	10	9	-2	75	87	79	77	84	77	82	70	-2	150	175	148	138	157	142	148	131	-1
1001001000	-2	13806	11680.111	4160.57	11.125	1.763	83	5.937	161.75	16.716	12256.889	161.75	0	0	0	9	9	13806	12385	13700	13026	13634	12585	12589	13398	-2	11	11	9	12	11	11	15	9	-2	79	94	83	80	87	81	87	73	-2	162	201	157	148	169	151	162	144	-1
1001001000	-2	13878	11199.222	4078.891	12.125	2.803	85.25	5.826	169.875	16.097	11650.889	169.875	0	0	0	9	9	13679	10585	13878	11804	11931	12891	12682	13345	-2	12	12	10	12	11	12	19	9	-2	81	97	84	82	90	83	88	77	-2	168	201	164	151	189	169	165	152	-1
1001001000	-2	13878	11199.222	4078.891	12.125	2.803	85.25	5.826	169.875	16.097	11650.889	169.875	0	0	0	9	9	13679	10585	13878	11804	11931	12891	12682	13345	-2	12	12	10	12	11	12	19	9	-2	81	97	84	82	90	83	88	77	-2	168	201	164	151	189	169	165	152	-1
1001001000	-2	14272	11270.333	4171.656	12.25	3.419	85.625	5.544	171.625	13.601	11799.889	171.625	0	0	0	9	9	14067	10549	14272	10824	12232	13600	12798	13093	-2	11	11	11	10	11	13	21	10	-2	81	97	85	83	89	83	89	78	-2	165	202	163	156	183	169	171	164	-1
1001001000	-2	14272	11270.333	4171.656	12.25	3.419	85.625	5.544	171.625	13.601	11799.889	171.625	0	0	0	9	9	14067	10549	14272	10824	12232	13600	12798	13093	-2	11	11	11	10	11	13	21	10	-2	81	97	85	83	89	83	89	78	-2	165	202	163	156	183	169	171	164	-1
1001001000	-2	14513	10897.444	3995.832	11.75	2.905	84.125	4.594	167.625	14.15	11794.667	167.625	0	0	0	9	9	14513	11678	12644	11589	11540	12249	10647	13219	-2	11	10	10	10	11	13	19	10	-2	80	94	82	81	88	82	86	80	-2	166	202	157	151	170	165	166	164	-1
1002002000	-2	12703	9437.889	5057.869	13.571	1.498	114.714	2.185	258.375	15.866	12893.556	258.375	0	0	0	9	9	11936	12703	11601	12624	12389	11837	11854	-1	-2	15	13	14	13	13	16	11	-2	-2	112	113	116	115	113	115	119	-2	-2	277	246	247	286	255	242	270	244	-1
1001001000	-2	14107	11086.111	4093.217	14.875	4.428	76.75	5.695	126.5	8.382	11549	126.5	0	0	0	9	9	14107	12782	12477	13371	11663	12749	12970	9658	-2	22	11	17	12	16	20	8	13	-2	78	71	89	70	78	77	79	72	-2	131	119	144	120	127	128	128	115	-1
1001001000	-2	14278	12039.444	4283.777	17.25	5.019	84.375	5.171	148.875	14.066	15239.556	148.875	0	0	0	9	9	12802	14278	13924	12814	13384	13830	13921	13404	-2	25	12	24	16	19	18	10	14	-2	84	83	96	83	84	83	86	76	-2	150	142	179	139	155	147	152	127	-1
1001001000	-2	14554	11196.444	4091.491	16.5	4.031	94.25	5.403	178.875	8.447	14154.222	178.875	0	0	0	9	9	12055	10689	12025	13352	13364	12030	12701	14554	-2	25	13	19	16	19	14	12	14	-2	98	96	104	92	89	96	94	85	-2	179	161	177	180	193	185	176	180	-1
1001001000	-2	14554	11196.444	4091.491	16.5	4.031	94.25	5.403	178.875	8.447	14154.222	178.875	0	0	0	9	9	12055	10689	12025	13352	13364	12030	12701	14554	-2	25	13	19	16	19	14	12	14	-2	98	96	104	92	89	96	94	85	-2	179	161	177	180	193	185	176	180	-1
1001001000	-2	14183	11441.111	4150.957	12.75	3.865	88.25	3.897	178	8.485	13809.111	178	0	0	0	9	9	11909	10869	13220	13042	13575	13515	12659	14183	-2	21	11	9	13	16	12	8	12	-2	96	89	89	89	86	87	89	81	-2	180	178	179	177	160	188	189	173	-1
1001001000	-2	14183	11441.111	4150.957	12.75	3.865	88.25	3.897	178	8.485	13809.111	178	0	0	0	9	9	11909	10869	13220	13042	13575	13515	12659	14183	-2	21	11	9	13	16	12	8	12	-2	96	89	89	89	86	87	89	81	-2	180	178	179	177	160	188	189	173	-1
1001001000	-2	13183	10002.667	4196.387	8.25	2.046	71.875	3.444	121.875	7.043	10293.778	121.875	0	0	0	9	9	13076	11364	11680	13183	11504	11925	12150	5144	-2	13	7	7	7	9	8	6	9	-2	72	74	75	72	76	71	71	64	-2	123	127	123	123	128	125	122	104	-1
1001001000	-2	13183	10002.667	4196.387	8.25	2.046	71.875	3.444	121.875	7.043	10293.778	121.875	0	0	0	9	9	13076	11364	11680	13183	11504	11925	12150	5144	-2	13	7	7	7	9	8	6	9	-2	72	74	75	72	76	71	71	64	-2	123	127	123	123	128	125	122	104	-1
1001001000	-2	11594	8699.667	3907.871	8	1.5	69.75	3.345	116.5	6.021	8756.667	116.5	0	0	0	9	9	11251	11456	9585	10664	9871	11594	10615	3263	-2	11	7	7	8	9	7	6	9	-2	71	71	73	71	72	67	71	62	-2	118	121	118	116	120	119	119	101	-1
1001001000	-2	11594	8699.667	3907.871	8	1.5	69.75	3.345	116.5	6.021	8756.667	116.5	0	0	0	9	9	11251	11456	9585	10664	9871	11594	10615	3263	-2	11	7	7	8	9	7	6	9	-2	71	71	73	71	72	67	71	62	-2	118	121	118	116	120	119	119	101	-1
1001001000	-2	11293	8434.667	3635.974	7.875	1.364	69.5	3.571	116.125	5.904	8478.222	116.125	0	0	0	9	9	10466	11293	8394	10363	11263	10615	9351	4169	-2	10	7	7	8	10	7	6	8	-2	69	72	73	71	73	66	70	62	-2	115	122	119	116	122	117	116	102	-1
1001001000	-2	11293	8434.667	3635.974	7.875	1.364	69.5	3.571	116.125	5.904	8478.222	116.125	0	0	0	9	9	10466	11293	8394	10363	11263	10615	9351	4169	-2	10	7	7	8	10	7	6	8	-2	69	72	73	71	73	66	70	62	-2	115	122	119	116	122	117	116	102	-1
1001001000	-2	12074	8900	3634.732	8	1.225	69.25	2.99	117	5.099	8900.222	117	0	0	0	9	9	10553	11396	7591	10964	12074	11260	10119	6145	-2	10	7	7	7	10	8	7	8	-2	69	72	71	71	72	66	70	63	-2	115	122	119	116	122	119	118	105	-1
1001001000	-2	12074	8900	3634.732	8	1.225	69.25	2.99	117	5.099	8900.222	117	0	0	0	9	9	10553	11396	7591	10964	12074	11260	10119	6145	-2	10	7	7	7	10	8	7	8	-2	69	72	71	71	72	66	70	63	-2	115	122	119	116	122	119	118	105	-1
1001001000	-2	12820	9822.444	3737.959	8.125	1.166	70.25	2.99	121	5.268	9844.222	121	0	0	0	9	9	11635	11482	8329	11105	12820	12335	11665	9033	-2	10	7	7	8	10	8	7	8	-2	69	72	71	70	75	69	72	64	-2	119	123	121	116	129	124	125	111	-1
1001001000	-2	12390	9654	3646.499	8.125	1.166	70.25	2.99	121	5.268	9844.222	121	0	0	0	9	9	11426	10791	8329	11105	12390	12149	11665	9033	-2	10	7	7	8	10	8	7	8	-2	69	72	71	70	75	69	72	64	-2	119	123	121	116	129	124	125	111	-1
1001001000	-2	12297	10038.111	3739.287	8.375	0.992	72.375	3.806	127.625	6.224	10533.222	127.625	0	0	0	9	9	12044	11912	8288	10739	12297	12288	11649	11128	-2	10	8	8	7	10	8	8	8	-2	70	77	72	74	76	72	74	64	-2	124	136	127	125	134	128	132	115	-1
1001001000	-2	12297	10038.111	3739.287	8.375	0.992	72.375	3.806	127.625	6.224	10533.222	127.625	0	0	0	9	9	12044	11912	8288	10739	12297	12288	11649	11128	-2	10	8	8	7	10	8	8	8	-2	70	77	72	74	76	72	74	64	-2	124	136	127	125	134	128	132	115	-1
1001001000	-2	12352	10290	3722.063	8.5	0.866	74.875	4.371	134.625	7.381	10875.222	134.625	0	0	0	9	9	12352	12002	9636	12032	12303	11598	11093	11596	-2	10	8	8	8	10	8	8	8	-2	72	79	74	75	81	74	78	66	-2	132	144	134	132	143	134	139	119	-1
1001001000	-2	12946	10521.111	3830.761	8.5	0.866	74.875	4.371	134.625	7.381	10875.222	134.625	0	0	0	9	9	12946	11578	9636	12032	12923	11622	11819	12136	-2	10	8	8	8	10	8	8	8	-2	72	79	74	75	81	74	78	66	-2	132	144	134	132	143	134	139	119	-1
1001001000	-2	12620	10588.556	3776.818	9.375	0.857	79.75	5.238	149.375	10.012	11346.333	149.375	0	0	0	9	9	12620	11651	11611	12363	12058	10981	11544	12471	-2	10	9	9	8	11	9	10	9	-2	76	87	81	77	85	78	84	70	-2	151	168	150	141	157	145	151	132	-1
1001001000	-2	12620	10588.556	3776.818	9.375	0.857	79.75	5.238	149.375	10.012	11346.333	149.375	0	0	0	9	9	12620	11651	11611	12363	12058	10981	11544	12471	-2	10	9	9	8	11	9	10	9	-2	76	87	81	77	85	78	84	70	-2	151	168	150	141	157	145	151	132	-1
1001001000	-2	13616	11171.667	3997.224	10.25	2.046	82.25	4.918	161.5	16.897	11733.222	161.5	0	0	0	9	9	13406	12196	13616	12715	11962	11562	12512	12578	-2	11	10	9	8	11	9	15	9	-2	78	90	82	79	88	80	86	75	-2	159	203	155	148	169	153	157	148	-1
1001001000	-2	13616	11171.667	3997.224	10.25	2.046	82.25	4.918	161.5	16.897	11733.222	161.5	0	0	0	9	9	13406	12196	13616	12715	11962	11562	12512	12578	-2	11	10	9	8	11	9	15	9	-2	78	90	82	79	88	80	86	75	-2	159	203	155	148	169	153	157	148	-1
1001001000	-2	12498	10579.667	3765.826	10.25	1.714	80.875	4.91	154.625	11.135	11392.889	154.625	0	0	0	9	9	12484	11560	12498	12269	11145	11556	11749	11958	-2	11	10	9	8	11	10	14	9	-2	78	88	80	78	87	78	85	73	-2	158	176	151	145	166	148	154	139	-1
1001001000	-2	12498	10579.667	3765.826	10.25	1.714	80.875	4.91	154.625	11.135	11392.889	154.625	0	0	0	9	9	12484	11560	12498	12269	11145	11556	11749	11958	-2	11	10	9	8	11	10	14	9	-2	78	88	80	78	87	78	85	73	-2	158	176	151	145	166	148	154	139	-1
1001001000	-2	12242	9233.111	3503.602	11.375	3.498	70.75	5.717	117.625	7.035	9946.333	117.625	0	0	0	9	9	9065	12242	10578	11306	8807	11445	11281	8376	-2	16	9	13	10	9	17	6	11	-2	73	61	81	66	69	75	73	68	-2	119	108	129	113	114	127	120	111	-1
1001001000	-2	13588	11266.667	4045.742	14.375	3.426	79.25	5.214	138.25	12.823	13006.778	138.25	0	0	0	9	9	13220	12446	12876	12638	13588	10899	12909	12826	-2	21	12	17	14	16	14	9	12	-2	81	77	91	80	76	75	81	73	-2	140	129	170	132	139	131	138	127	-1
1001001000	-2	13847	11634.222	4155.85	14.375	3.199	89.875	5.904	180.25	6.851	16434.333	180.25	0	0	0	9	9	12250	12668	12246	13847	13788	13266	13721	12924	-2	21	12	16	15	16	13	10	12	-2	93	90	103	89	87	87	89	81	-2	180	178	177	180	179	187	193	168	-1
1001001000	-2	14910	12730.778	4519.464	14.375	3.199	89.875	5.904	180.25	6.851	16434.333	180.25	0	0	0	9	9	14910	13804	13742	14626	14375	14272	14856	13994	-2	21	12	16	15	16	13	10	12	-2	93	90	103	89	87	87	89	81	-2	180	178	177	180	179	187	193	168	-1
1001001000	-2	14095	11793	4238.127	10.625	2.446	80.875	3.407	151.5	8.078	14184	151.5	0	0	0	9	9	13699	11693	13474	12181	13749	13419	13829	14095	-2	16	10	9	12	11	10	7	10	-2	84	81	86	84	81	78	77	76	-2	164	153	156	161	146	147	147	138	-1
1001001000	-2	14095	11793	4238.127	10.625	2.446	80.875	3.407	151.5	8.078	14184	151.5	0	0	0	9	9	13699	11693	13474	12181	13749	13419	13829	14095	-2	16	10	9	12	11	10	7	10	-2	84	81	86	84	81	78	77	76	-2	164	153	156	161	146	147	147	138	-1
1001001000	-2	10825	6924.333	3799.439	7.625	1.654	65.5	4.062	109.75	6.924	7020.222	109.75	0	0	0	9	9	7419	10825	10113	10401	7964	9623	4550	1426	-2	11	7	7	7	8	7	5	9	-2	67	69	72	69	61	64	61	61	-2	109	119	116	114	107	114	101	98	-1
1001001000	-2	10401	6817.889	3701.121	7.625	1.654	65.5	4.062	109.75	6.924	7020.222	109.75	0	0	0	9	9	7419	10150	9830	10401	7964	9623	4550	1426	-2	11	7	7	7	8	7	5	9	-2	67	69	72	69	61	64	61	61	-2	109	119	116	114	107	114	101	98	-1
1001001000	-2	10564	6331.222	3366.117	7.75	1.199	64.5	2.5	105.875	9.103	6331.333	105.875	0	0	0	9	9	7062	10564	7068	7298	8203	8775	7297	716	-2	10	7	7	8	8	7	6	9	-2	66	67	68	66	61	63	64	61	-2	109	115	111	107	107	110	105	83	-1
1001001000	-2	10564	6331.222	3366.117	7.75	1.199	64.5	2.5	105.875	9.103	6331.333	105.875	0	0	0	9	9	7062	10564	7068	7298	8203	8775	7297	716	-2	10	7	7	8	8	7	6	9	-2	66	67	68	66	61	63	64	61	-2	109	115	111	107	107	110	105	83	-1
1001001000	-2	9993	6338.333	3375.837	7.375	1.111	64.625	1.798	106.125	8.992	6338.667	106.125	0	0	0	9	9	5789	9474	7908	7620	9993	8038	7427	798	-2	9	6	7	7	9	7	6	8	-2	64	66	68	66	64	64	63	62	-2	105	114	113	108	110	111	104	84	-1
1001001000	-2	9993	6338.333	3375.837	7.375	1.111	64.625	1.798	106.125	8.992	6338.667	106.125	0	0	0	9	9	5789	9474	7908	7620	9993	8038	7427	798	-2	9	6	7	7	9	7	6	8	-2	64	66	68	66	64	64	63	62	-2	105	114	113	108	110	111	104	84	-1
1001001000	-2	10739	6783	3390.464	7.375	1.111	64.625	1.654	107.25	9.162	6783.333	107.25	0	0	0	9	9	7520	9328	7440	8032	10739	7970	8550	1470	-2	9	6	7	7	9	7	6	8	-2	65	67	66	65	64	65	64	61	-2	108	115	112	108	111	113	107	84	-1
1001001000	-2	10739	6783	3390.464	7.375	1.111	64.625	1.654	107.25	9.162	6783.333	107.25	0	0	0	9	9	7520	9328	7440	8032	10739	7970	8550	1470	-2	9	6	7	7	9	7	6	8	-2	65	67	66	65	64	65	64	61	-2	108	115	112	108	111	113	107	84	-1
1001001000	-2	11697	8437.667	3422.19	7.5	1	66.25	1.561	113.375	4.121	8519.667	113.375	0	0	0	9	9	10181	9601	9042	9888	11697	10067	10286	5179	-2	9	6	7	7	9	7	7	8	-2	67	68	68	65	67	66	66	63	-2	114	117	116	110	116	118	111	105	-1
1001001000	-2	11697	8437.667	3422.19	7.5	1	66.25	1.561	113.375	4.121	8519.667	113.375	0	0	0	9	9	10181	9601	9042	9888	11697	10067	10286	5179	-2	9	6	7	7	9	7	7	8	-2	67	68	68	65	67	66	66	63	-2	114	117	116	110	116	118	111	105	-1
1001001000	-2	11480	9207.333	3434.63	7.875	1.053	68.625	2.342	120.5	4.183	9367.444	120.5	0	0	0	9	9	10750	10596	7462	10834	11480	10905	10849	9992	-2	10	7	8	7	9	7	7	8	-2	70	72	70	67	69	67	70	64	-2	123	127	122	115	122	121	121	113	-1
1001001000	-2	11480	9207.333	3434.63	7.875	1.053	68.625	2.342	120.5	4.183	9367.444	120.5	0	0	0	9	9	10750	10596	7462	10834	11480	10905	10849	9992	-2	10	7	8	7	9	7	7	8	-2	70	72	70	67	69	67	70	64	-2	123	127	122	115	122	121	121	113	-1
1001001000	-2	12288	9736.667	3653.283	8.125	0.927	71	2.598	126.25	4.176	9874.778	126.25	0	0	0	9	9	10526	11449	7846	10671	11712	11305	12288	11835	-2	10	7	8	7	9	8	8	8	-2	71	75	70	70	72	70	74	66	-2	126	133	126	122	127	126	131	119	-1
1001001000	-2	12288	9736.667	3653.283	8.125	0.927	71	2.598	126.25	4.176	9874.778	126.25	0	0	0	9	9	10526	11449	7846	10671	11712	11305	12288	11835	-2	10	7	8	7	9	8	8	8	-2	71	75	70	70	72	70	74	66	-2	126	133	126	122	127	126	131	119	-1
1001001000	-2	11939	9761.889	3650.438	8.875	0.781	74.75	3.112	137.5	5.172	10024.333	137.5	0	0	0	9	9	11939	11799	8145	10300	11755	10252	11840	11829	-2	10	8	8	8	10	9	9	9	-2	74	79	74	74	76	75	78	68	-2	139	145	135	132	140	139	142	128	-1
1001001000	-2	13046	9726.556	3629.734	9.125	1.053	75.375	3.238	140.5	5.59	10201.667	140.5	0	0	0	9	9	11274	13046	8572	10765	11560	9830	11013	11481	-2	11	8	8	8	10	9	10	9	-2	74	80	73	74	77	75	80	70	-2	142	149	134	136	145	141	145	132	-1
1001001000	-2	13046	9726.556	3629.734	9.125	1.053	75.375	3.238	140.5	5.59	10201.667	140.5	0	0	0	9	9	11274	13046	8572	10765	11560	9830	11013	11481	-2	11	8	8	8	10	9	10	9	-2	74	80	73	74	77	75	80	70	-2	142	149	134	136	145	141	145	132	-1
1001001000	-2	11338	9285.778	3401.667	9.125	0.781	73.25	3.382	133.375	5.476	9589.222	133.375	0	0	0	9	9	9878	11338	8190	10753	10586	11068	10809	10952	-2	10	9	8	8	10	9	10	9	-2	73	78	71	72	73	74	78	67	-2	135	141	128	128	134	136	140	125	-1
1001001000	-2	13797	11437.333	4114.115	9.375	2.546	72	4.416	123.25	6.119	12952.333	123.25	0	0	0	9	9	12682	13005	13699	13509	12508	13797	11171	12567	-2	12	8	10	9	8	14	5	9	-2	73	65	80	68	70	75	75	70	-2	122	115	133	118	121	132	126	119	-1
1001001000	-2	12366	10239.556	3666.169	9.375	2.546	72	4.416	123.25	6.119	12952.333	123.25	0	0	0	9	9	10871	12366	11006	12253	11660	12038	10698	11266	-2	12	8	10	9	8	14	5	9	-2	73	65	80	68	70	75	75	70	-2	122	115	133	118	121	132	126	119	-1
1001001000	-2	12387	9359.667	3517.494	12.625	3.08	72	5.59	121	7.73	9381.444	121	0	0	0	9	9	8793	11328	11337	9671	12387	10101	11723	8899	-2	18	10	17	12	12	13	9	10	-2	71	68	85	68	68	72	76	68	-2	117	114	137	113	127	123	123	114	-1
1001001000	-2	12859	10107.667	3743.256	12.5	2.646	74.375	5.407	126.875	8.681	10508.222	126.875	0	0	0	9	9	11754	9429	12711	11244	12859	10931	12193	9850	-2	18	10	15	13	12	12	10	10	-2	78	71	86	74	69	73	76	68	-2	128	118	147	121	129	127	127	118	-1
1001001000	-2	15812	13038.556	4643.382	12.75	2.222	84.375	4.794	172.375	10.086	17706.444	172.375	0	0	0	9	9	15211	14379	14860	14532	14615	13880	15812	14060	-2	17	11	15	14	12	12	10	11	-2	86	82	95	84	78	84	86	80	-2	172	159	180	174	164	189	181	160	-1
1001001000	-2	14397	11865.333	4257.518	9.75	2.107	77.375	3.569	139.625	5.611	13878.444	139.625	0	0	0	9	9	14397	12600	13529	13876	13404	14117	12914	11953	-2	14	8	9	12	9	9	7	10	-2	78	79	84	81	74	75	75	73	-2	139	142	148	147	135	137	139	130	-1
1001001000	-2	14184	11281.333	4113.769	9.75	2.107	77.375	3.569	139.625	5.611	13878.444	139.625	0	0	0	9	9	14184	10976	13281	11411	13809	13070	12827	11976	-2	14	8	9	12	9	9	7	10	-2	78	79	84	81	74	75	75	73	-2	139	142	148	147	135	137	139	130	-1
1001001000	-2	8062	3851.333	2909.091	7.125	1.536	61.25	4.521	97.125	13.167	3851.667	97.125	0	0	1	9	9	899	7067	5770	5371	5105	8062	2390	0	-2	10	6	6	7	7	7	5	9	-2	60	64	67	66	57	64	53	59	-2	81	110	109	106	99	108	91	73	-1
1001001000	-2	8062	3851.333	2909.091	7.125	1.536	61.25	4.521	97.125	13.167	3851.667	97.125	0	0	1	9	9	899	7067	5770	5371	5105	8062	2390	0	-2	10	6	6	7	7	7	5	9	-2	60	64	67	66	57	64	53	59	-2	81	110	109	106	99	108	91	73	-1
1001001000	-2	7203	3884	2723.745	7.375	1.317	62.25	3.231	98.875	11.418	3884.111	98.875	0	0	0	9	9	4319	7203	6336	4103	6043	6181	399	374	-2	9	6	7	8	8	7	5	9	-2	62	64	68	65	59	62	57	61	-2	102	109	110	104	102	104	76	84	-1
1001001000	-2	7203	3884	2723.745	7.375	1.317	62.25	3.231	98.875	11.418	3884.111	98.875	0	0	0	9	9	4319	7203	6336	4103	6043	6181	399	374	-2	9	6	7	8	8	7	5	9	-2	62	64	68	65	59	62	57	61	-2	102	109	110	104	102	104	76	84	-1
1001001000	-2	8104	5184.556	2574.718	7.25	0.968	63.875	2.522	106.5	4.924	5184.889	106.5	0	0	0	9	9	4766	8104	7089	5867	6967	7574	4329	1967	-2	9	6	7	7	8	7	6	8	-2	62	65	69	65	61	65	63	61	-2	102	112	113	106	105	112	103	99	-1
1001001000	-2	8104	5184.556	2574.718	7.25	0.968	63.875	2.522	106.5	4.924	5184.889	106.5	0	0	0	9	9	4766	8104	7089	5867	6967	7574	4329	1967	-2	9	6	7	7	8	7	6	8	-2	62	65	69	65	61	65	63	61	-2	102	112	113	106	105	112	103	99	-1
1001001000	-2	9526	6007.444	2863.675	7.125	1.053	63.125	0.927	106.25	3.7	6007.667	106.25	0	0	0	9	9	5652	8344	8334	7090	9526	6851	5783	2489	-2	9	6	7	7	8	6	6	8	-2	63	63	65	64	63	63	62	62	-2	104	110	111	106	108	109	102	100	-1
1001001000	-2	9526	6007.444	2863.675	7.125	1.053	63.125	0.927	106.25	3.7	6007.667	106.25	0	0	0	9	9	5652	8344	8334	7090	9526	6851	5783	2489	-2	9	6	7	7	8	6	6	8	-2	63	63	65	64	63	63	62	62	-2	104	110	111	106	108	109	102	100	-1
1001001000	-2	10675	7339.333	3032.853	7.375	0.857	64.5	1.225	109.875	3.855	7358.333	109.875	0	0	0	9	9	6886	8818	9187	8715	10675	7853	9142	4780	-2	9	6	7	7	8	7	7	8	-2	63	65	67	64	65	64	65	63	-2	106	114	115	108	112	112	109	103	-1
1001001000	-2	10675	7339.333	3032.853	7.375	0.857	64.5	1.225	109.875	3.855	7358.333	109.875	0	0	0	9	9	6886	8818	9187	8715	10675	7853	9142	4780	-2	9	6	7	7	8	7	7	8	-2	63	65	67	64	65	64	65	63	-2	106	114	115	108	112	112	109	103	-1
1001001000	-2	11214	8860.444	3187.84	7.625	0.857	67.5	1.414	117.5	3.082	8893.667	117.5	0	0	0	9	9	9051	9688	9613	10374	11214	9885	10367	9554	-2	9	6	8	8	8	7	7	8	-2	69	69	69	66	67	68	67	65	-2	120	120	121	114	118	120	114	113	-1
1001001000	-2	11290	8893.333	3205.955	7.625	0.857	67.5	1.414	117.5	3.082	8893.667	117.5	0	0	0	9	9	9051	9688	9613	10480	11290	9885	10481	9554	-2	9	6	8	8	8	7	7	8	-2	69	69	69	66	67	68	67	65	-2	120	120	121	114	118	120	114	113	-1
1001001000	-2	11110	8682	3225.415	8.25	0.829	70.375	1.728	125.375	3.039	8802.444	125.375	0	0	0	9	9	9227	9886	7574	10935	11110	9390	10362	9656	-2	10	7	8	8	9	8	8	8	-2	73	72	71	70	69	70	71	67	-2	129	128	127	121	126	127	125	120	-1
1001001000	-2	11110	8682	3225.415	8.25	0.829	70.375	1.728	125.375	3.039	8802.444	125.375	0	0	0	9	9	9227	9886	7574	10935	11110	9390	10362	9656	-2	10	7	8	8	9	8	8	8	-2	73	72	71	70	69	70	71	67	-2	129	128	127	121	126	127	125	120	-1
1001001000	-2	10700	8606.111	3204.032	8.25	0.829	71.75	2.165	128.875	2.848	8717.778	128.875	0	0	0	9	9	8197	9812	7836	10562	10700	9291	10515	10544	-2	10	7	8	8	9	8	8	8	-2	74	74	72	72	70	72	73	67	-2	132	132	129	126	129	130	130	123	-1
1001001000	-2	10700	8606.111	3204.032	8.25	0.829	71.75	2.165	128.875	2.848	8717.778	128.875	0	0	0	9	9	8197	9812	7836	10562	10700	9291	10515	10544	-2	10	7	8	8	9	8	8	8	-2	74	74	72	72	70	72	73	67	-2	132	132	129	126	129	130	130	123	-1
1001001000	-2	10993	8483.667	3252.82	8.375	0.696	72	2.398	130.75	3.269	8598.333	130.75	0	0	0	9	9	8712	10083	6725	10237	10993	8618	10652	10335	-2	10	8	8	8	9	8	8	8	-2	74	76	70	72	71	71	74	68	-2	135	136	128	128	131	130	132	126	-1
1001001000	-2	10993	8483.667	3252.82	8.375	0.696	72	2.398	130.75	3.269	8598.333	130.75	0	0	0	9	9	8712	10083	6725	10237	10993	8618	10652	10335	-2	10	8	8	8	9	8	8	8	-2	74	76	70	72	71	71	74	68	-2	135	136	128	128	131	130	132	126	-1
1001001000	-2	13880	11513.444	4101.507	9.875	1.269	97.5	3.041	175.625	4.998	13684	175.625	0	0	0	9	9	13880	12811	12674	13044	13041	12815	11945	13413	-2	11	9	11	9	9	12	8	10	-2	99	95	102	96	92	97	98	101	-2	173	174	179	171	168	175	181	184	-1
1001001000	-2	10801	7804.222	2981.613	7	1.581	62.375	3.706	105.5	4.301	7885.444	105.5	0	0	0	9	9	9240	7782	9585	8060	6602	10801	8901	9269	-2	8	7	8	7	6	10	5	5	-2	66	60	70	61	59	64	60	59	-2	109	101	114	103	103	109	103	102	-1
1001001000	-2	14580	11949.556	4358.183	10.25	1.92	78.625	6.081	148.25	8.729	15332.444	148.25	0	0	0	9	9	14470	13332	13802	13583	13878	13197	14580	10706	-2	13	9	12	13	9	9	8	9	-2	84	80	87	82	68	76	81	71	-2	154	149	160	148	140	145	158	132	-1
1001001000	-2	14580	11949.556	4358.183	10.25	1.92	78.625	6.081	148.25	8.729	15332.444	148.25	0	0	0	9	9	14470	13332	13802	13583	13878	13197	14580	10706	-2	13	9	12	13	9	9	8	9	-2	84	80	87	82	68	76	81	71	-2	154	149	160	148	140	145	158	132	-1
1001001000	-2	13200	9928.444	3967.807	9	1.658	74.125	4.702	126.125	7.721	11019.778	126.125	0	0	0	9	9	9630	11950	12974	13200	11315	12280	11214	6795	-2	12	8	8	11	8	8	7	10	-2	75	75	81	80	65	73	72	72	-2	122	132	136	137	116	126	124	116	-1
1001001000	-2	13200	9928.444	3967.807	9	1.658	74.125	4.702	126.125	7.721	11019.778	126.125	0	0	0	9	9	9630	11950	12974	13200	11315	12280	11214	6795	-2	12	8	8	11	8	8	7	10	-2	75	75	81	80	65	73	72	72	-2	122	132	136	137	116	126	124	116	-1
1001001000	-2	4777	2404	1739.73	6.875	1.452	60.875	3.951	93.25	11.322	2404.222	93.25	0	0	0	9	9	3259	4777	4553	3811	763	2089	2369	17	-2	10	6	6	7	6	7	5	8	-2	60	61	68	64	56	63	55	60	-2	98	102	108	103	78	93	90	74	-1
1001001000	-2	4777	2404	1739.73	6.875	1.452	60.875	3.951	93.25	11.322	2404.222	93.25	0	0	0	9	9	3259	4777	4553	3811	763	2089	2369	17	-2	10	6	6	7	6	7	5	8	-2	60	61	68	64	56	63	55	60	-2	98	102	108	103	78	93	90	74	-1
1001001000	-2	4995	2229.889	1793.789	6.75	1.199	60.875	2.619	92.875	9.198	2230	92.875	0	0	0	9	9	4094	4367	4995	663	655	2197	2652	448	-2	9	5	7	7	6	6	6	8	-2	61	61	66	63	57	61	58	60	-2	100	102	107	88	78	89	95	84	-1
1001001000	-2	4995	2229.889	1793.789	6.75	1.199	60.875	2.619	92.875	9.198	2230	92.875	0	0	0	9	9	4094	4367	4995	663	655	2197	2652	448	-2	9	5	7	7	6	6	6	8	-2	61	61	66	63	57	61	58	60	-2	100	102	107	88	78	89	95	84	-1
1001001000	-2	6246	4304.444	1794.063	6.75	1.199	61.625	2.118	102.5	3.5	4429.889	102.5	0	0	0	9	9	3939	4616	6246	4957	6235	5427	3962	3360	-2	9	5	7	7	6	6	6	8	-2	62	62	66	62	58	62	60	61	-2	103	104	110	101	101	104	98	99	-1
1001001000	-2	8155	5223.556	2311.303	6.625	0.696	61.375	1.317	103.625	2.997	5223.889	103.625	0	0	0	9	9	4586	5613	8155	5979	8131	5280	5610	3660	-2	8	6	7	7	6	6	6	7	-2	62	62	64	62	60	61	60	60	-2	103	106	109	103	104	105	100	99	-1
1001001000	-2	8155	5223.556	2311.303	6.625	0.696	61.375	1.317	103.625	2.997	5223.889	103.625	0	0	0	9	9	4586	5613	8155	5979	8131	5280	5610	3660	-2	8	6	7	7	6	6	6	7	-2	62	62	64	62	60	61	60	60	-2	103	106	109	103	104	105	100	99	-1
1001001000	-2	9580	6491.444	2730.323	7.125	0.927	63.375	1.576	107.625	3.773	6511.778	107.625	0	0	0	9	9	5388	6799	9068	6684	9580	7989	8064	4853	-2	9	6	7	7	7	7	6	8	-2	62	62	67	64	62	63	64	63	-2	105	110	115	105	108	110	106	102	-1
1001001000	-2	9580	6491.444	2730.323	7.125	0.927	63.375	1.576	107.625	3.773	6511.778	107.625	0	0	0	9	9	5388	6799	9068	6684	9580	7989	8064	4853	-2	9	6	7	7	7	7	6	8	-2	62	62	67	64	62	63	64	63	-2	105	110	115	105	108	110	106	102	-1
1001001000	-2	11014	8379.333	3139.23	7.25	0.829	65.375	1.409	114.5	2.693	8479.333	114.5	0	0	0	9	9	9323	7207	8487	10479	9809	9404	11014	9693	-2	9	6	7	7	7	7	7	8	-2	67	64	68	65	64	65	66	64	-2	115	116	118	112	115	117	114	109	-1
1001001000	-2	10698	8289.111	3077.608	7.25	0.829	65.375	1.409	114.5	2.693	8479.333	114.5	0	0	0	9	9	9323	7207	8487	10698	9750	9404	10042	9693	-2	9	6	7	7	7	7	7	8	-2	67	64	68	65	64	65	66	64	-2	115	116	118	112	115	117	114	109	-1
1001001000	-2	10835	8061.556	3069.284	7.75	1.09	68.625	1.409	121.25	2.437	8090.778	121.25	0	0	0	9	9	9206	7615	7974	10353	10835	7378	9841	9354	-2	10	6	8	8	8	7	7	8	-2	71	69	70	68	68	69	68	66	-2	124	123	123	118	122	123	120	117	-1
1001001000	-2	10835	8061.556	3069.284	7.75	1.09	68.625	1.409	121.25	2.437	8090.778	121.25	0	0	0	9	9	9206	7615	7974	10353	10835	7378	9841	9354	-2	10	6	8	8	8	7	7	8	-2	71	69	70	68	68	69	68	66	-2	124	123	123	118	122	123	120	117	-1
1001001000	-2	10464	7598.667	3011.686	7.625	0.857	68.125	1.053	121	2.179	7609.333	121	0	0	0	9	9	9016	6664	6326	10306	10464	7673	9130	8811	-2	9	6	8	8	8	7	7	8	-2	70	69	68	68	68	68	68	66	-2	124	123	120	118	122	123	120	118	-1
1001001000	-2	10464	7598.667	3011.686	7.625	0.857	68.125	1.053	121	2.179	7609.333	121	0	0	0	9	9	9016	6664	6326	10306	10464	7673	9130	8811	-2	9	6	8	8	8	7	7	8	-2	70	69	68	68	68	68	68	66	-2	124	123	120	118	122	123	120	118	-1
1001001000	-2	9948	7489.778	2888.695	7.625	0.857	67.375	1.409	119.25	2.107	7503.444	119.25	0	0	0	9	9	8592	6324	6942	9633	9948	8169	9615	8187	-2	9	6	7	8	8	8	7	8	-2	70	68	67	68	68	67	66	65	-2	122	121	118	117	120	122	117	117	-1
1001001000	-2	11871	9375.778	3390.172	6.125	0.781	62.5	4.272	109.75	4.294	10334.222	109.75	0	0	0	9	9	11615	11871	10556	10478	9542	10030	10203	10089	-2	7	6	7	6	6	7	5	5	-2	63	63	72	64	57	61	62	58	-2	112	110	118	113	104	107	109	105	-1
1001001000	-2	11871	9375.778	3390.172	6.125	0.781	62.5	4.272	109.75	4.294	10334.222	109.75	0	0	0	9	9	11615	11871	10556	10478	9542	10030	10203	10089	-2	7	6	7	6	6	7	5	5	-2	63	63	72	64	57	61	62	58	-2	112	110	118	113	104	107	109	105	-1
1001001000	-2	10258	7464.333	3039.803	6.875	1.166	62.5	3.24	107.625	3.839	7464.667	107.625	0	0	0	9	9	8303	6840	5642	9911	9314	9839	10258	7074	-2	9	6	8	8	6	6	6	6	-2	66	60	65	66	56	62	64	61	-2	112	105	110	111	102	108	111	102	-1
1001001000	-2	9128	6306.778	2738.658	7.125	1.053	66.375	3.569	109.375	4.662	6370.556	109.375	0	0	0	9	9	5652	7598	9128	7788	7913	9041	4120	5523	-2	9	6	7	8	6	7	6	8	-2	66	63	70	71	60	70	65	66	-2	107	106	115	115	105	116	105	106	-1
1001001000	-2	6194	3684.111	2227.078	6.75	1.199	61.25	3.345	99	7.632	3684.222	99	0	0	0	9	9	5102	5653	6179	4564	1429	6194	2805	1233	-2	9	5	7	7	6	6	6	8	-2	60	60	68	64	56	62	59	61	-2	101	101	110	104	83	103	97	93	-1
1001001000	-2	5927	3524.333	2095.429	6.75	1.199	61.25	3.345	99	7.632	3684.222	99	0	0	0	9	9	4856	5380	5793	4344	1425	5927	2775	1221	-2	9	5	7	7	6	6	6	8	-2	60	60	68	64	56	62	59	61	-2	101	101	110	104	83	103	97	93	-1
1001001000	-2	5738	4008.222	1662.722	6.75	0.829	60	2	99.75	3.7	4008.444	99.75	0	0	0	9	9	5738	5213	5587	4241	4061	4357	4160	2719	-2	8	6	7	7	6	6	6	8	-2	60	61	64	61	57	60	58	59	-2	100	102	108	100	97	99	96	96	-1
1001001000	-2	5738	4008.222	1662.722	6.75	0.829	60	2	99.75	3.7	4008.444	99.75	0	0	0	9	9	5738	5213	5587	4241	4061	4357	4160	2719	-2	8	6	7	7	6	6	6	8	-2	60	61	64	61	57	60	58	59	-2	100	102	108	100	97	99	96	96	-1
1001001000	-2	6881	4680.556	1856.273	6.625	0.696	60	1.5	100.625	3.08	4680.889	100.625	0	0	0	9	9	5407	4552	6881	4899	6581	4623	4694	4490	-2	8	6	7	7	6	6	6	7	-2	60	61	63	60	58	60	58	60	-2	100	102	108	99	100	100	97	99	-1
1001001000	-2	6574	4613.444	1808.873	6.625	0.696	60	1.5	100.625	3.08	4680.889	100.625	0	0	0	9	9	5386	4510	6507	4897	6574	4539	4645	4465	-2	8	6	7	7	6	6	6	7	-2	60	61	63	60	58	60	58	60	-2	100	102	108	99	100	100	97	99	-1
1001001000	-2	8610	6212.333	2291.409	6.375	0.857	60.25	1.561	103.125	2.522	6319.444	103.125	0	0	0	9	9	6835	6256	7239	6891	8610	6672	7084	6326	-2	8	5	6	7	6	6	6	7	-2	60	59	64	61	59	60	59	60	-2	103	102	109	103	104	103	100	101	-1
1001001000	-2	8622	6319.333	2329.003	6.375	0.857	60.25	1.561	103.125	2.522	6319.444	103.125	0	0	0	9	9	6917	6396	7660	6900	8622	6811	7223	6347	-2	8	5	6	7	6	6	6	7	-2	60	59	64	61	59	60	59	60	-2	103	102	109	103	104	103	100	101	-1
1001001000	-2	8502	6309.444	2347.089	6.625	0.696	61.375	1.654	105.75	2.634	6309.667	105.75	0	0	0	9	9	6271	6193	7694	7344	7633	6721	8502	6429	-2	8	6	7	7	6	6	6	7	-2	62	60	65	62	59	61	61	61	-2	106	104	112	104	105	107	105	103	-1
1001001000	-2	8502	6309.444	2347.089	6.625	0.696	61.375	1.654	105.75	2.634	6309.667	105.75	0	0	0	9	9	6271	6193	7694	7344	7633	6721	8502	6429	-2	8	6	7	7	6	6	6	7	-2	62	60	65	62	59	61	61	61	-2	106	104	112	104	105	107	105	103	-1
1001001000	-2	10911	7872.111	3046.966	6.625	0.696	63.625	1.996	111	2.236	7875.778	111	0	0	0	9	9	9824	7566	7281	9898	8829	7103	10911	9439	-2	8	6	7	7	6	6	6	7	-2	67	61	66	65	62	63	63	62	-2	115	109	114	110	111	111	110	108	-1
1001001000	-2	10911	7872.111	3046.966	6.625	0.696	63.625	1.996	111	2.236	7875.778	111	0	0	0	9	9	9824	7566	7281	9898	8829	7103	10911	9439	-2	8	6	7	7	6	6	6	7	-2	67	61	66	65	62	63	63	62	-2	115	109	114	110	111	111	110	108	-1
1001001000	-2	10460	7833.333	2950.29	7.125	0.599	64.5	2.179	114.125	2.421	7835	114.125	0	0	0	9	9	10187	7175	7714	8980	8802	8020	10460	9164	-2	8	6	7	7	7	7	7	8	-2	69	61	66	65	64	64	63	64	-2	119	112	116	114	114	115	111	112	-1
1001001000	-2	10460	7834	2950.509	7.125	0.599	64.5	2.179	114.125	2.421	7835	114.125	0	0	0	9	9	10187	7175	7714	8980	8808	8020	10460	9164	-2	8	6	7	7	7	7	7	8	-2	69	61	66	65	64	64	63	64	-2	119	112	116	114	114	115	111	112	-1
1001001000	-2	9704	7759	2828.399	7	0.5	63.875	0.927	113.25	1.09	7760.778	113.25	0	0	0	9	9	8659	7295	8207	9263	8952	9412	9704	8341	-2	7	6	7	8	7	7	7	7	-2	65	62	64	65	64	64	63	64	-2	115	113	113	113	114	114	111	113	-1
1001001000	-2	4127	2768.444	1252.29	5.25	0.433	52.125	1.763	89.125	3.444	2768.778	89.125	0	0	0	9	9	3556	3380	3869	4127	2236	3708	2249	1793	-2	6	5	5	5	5	6	5	5	-2	55	51	55	50	51	52	52	51	-2	93	90	94	88	88	90	82	88	-1
1001001000	-2	8348	5265.667	2326.865	7.125	1.053	65.25	3.631	106.5	3.742	5429.111	106.5	0	0	0	9	9	5588	5742	8348	5297	7848	5912	3255	5403	-2	9	6	7	8	6	6	7	8	-2	64	62	70	70	59	68	64	65	-2	106	103	113	111	103	109	103	104	-1
1001001000	-2	5177	3591.889	1590.86	6.5	1	60.5	2.55	99.125	4.166	3688.111	99.125	0	0	0	9	9	5177	4589	5050	4510	3367	4394	3256	1986	-2	8	5	6	7	6	6	6	8	-2	61	60	65	62	56	60	58	62	-2	102	100	107	101	95	99	96	93	-1
1001001000	-2	5271	3688	1648.5	6.5	1	60.5	2.55	99.125	4.166	3688.111	99.125	0	0	0	9	9	5271	4836	5204	4611	3376	4577	3317	2002	-2	8	5	6	7	6	6	6	8	-2	61	60	65	62	56	60	58	62	-2	102	100	107	101	95	99	96	93	-1
1001001000	-2	7343	4904.111	1886.232	6.375	0.857	59	1.871	99.375	2.497	4904.222	99.375	0	0	0	9	9	7343	5865	5851	4975	5176	5213	4812	4904	-2	8	6	7	6	6	5	6	7	-2	59	60	63	59	56	58	59	58	-2	100	101	105	98	97	98	99	97	-1
1001001000	-2	7343	4904.111	1886.232	6.375	0.857	59	1.871	99.375	2.497	4904.222	99.375	0	0	0	9	9	7343	5865	5851	4975	5176	5213	4812	4904	-2	8	6	7	6	6	5	6	7	-2	59	60	63	59	56	58	59	58	-2	100	101	105	98	97	98	99	97	-1
1001001000	-2	8337	6325.889	2343.483	6.125	0.781	58.5	2.121	100.5	2.958	6326.222	100.5	0	0	0	9	9	8337	7042	8010	6849	7464	5918	6523	6792	-2	7	6	7	6	5	5	6	7	-2	57	59	63	60	56	57	57	59	-2	99	100	108	101	99	99	98	100	-1
1001001000	-2	8266	6260.667	2316.844	6.125	0.781	58.5	2.121	100.5	2.958	6326.222	100.5	0	0	0	9	9	8266	6945	7778	6845	7464	5811	6465	6774	-2	7	6	7	6	5	5	6	7	-2	57	59	63	60	56	57	57	59	-2	99	100	108	101	99	99	98	100	-1
1001001000	-2	8429	6534.889	2406.712	5.875	0.781	59	1.732	101.75	2.905	6535	101.75	0	0	0	9	9	7822	8247	8429	7132	7063	6751	7184	6188	-2	7	5	6	6	6	5	5	7	-2	58	58	63	60	57	59	58	59	-2	101	100	109	102	101	102	99	100	-1
1001001000	-2	8429	6534.889	2406.712	5.875	0.781	59	1.732	101.75	2.905	6535	101.75	0	0	0	9	9	7822	8247	8429	7132	7063	6751	7184	6188	-2	7	5	6	6	6	5	5	7	-2	58	58	63	60	57	59	58	59	-2	101	100	109	102	101	102	99	100	-1
1001001000	-2	8968	7175.556	2593.712	6.125	0.599	60.125	1.364	104.375	1.996	7175.778	104.375	0	0	0	9	9	7600	8419	8968	8760	7496	7676	8259	7404	-2	7	6	6	6	6	5	6	7	-2	59	58	62	62	59	60	60	61	-2	104	102	109	105	104	105	103	103	-1
1001001000	-2	10163	7834.778	2902.517	6.125	0.599	61.25	1.479	108.625	1.728	7835.111	108.625	0	0	0	9	9	7707	9140	8077	9737	7519	8663	10163	9509	-2	7	5	6	6	6	6	6	7	-2	63	59	63	63	60	61	60	61	-2	111	107	111	110	107	109	107	107	-1
1001001000	-2	10163	7834.778	2902.517	6.125	0.599	61.25	1.479	108.625	1.728	7835.111	108.625	0	0	0	9	9	7707	9140	8077	9737	7519	8663	10163	9509	-2	7	5	6	6	6	6	6	7	-2	63	59	63	63	60	61	60	61	-2	111	107	111	110	107	109	107	107	-1
1001001000	-2	11473	7899.778	3006.267	6.375	0.484	61.5	1.323	109.75	1.714	7900	109.75	0	0	0	9	9	7369	8028	8525	9385	7989	9052	11473	9279	-2	7	6	6	7	6	6	6	7	-2	63	60	63	63	61	60	60	62	-2	111	108	112	112	109	109	107	110	-1
1001001000	-2	11473	7899.778	3006.267	6.375	0.484	61.5	1.323	109.75	1.714	7900	109.75	0	0	0	9	9	7369	8028	8525	9385	7989	9052	11473	9279	-2	7	6	6	7	6	6	6	7	-2	63	60	63	63	61	60	60	62	-2	111	108	112	112	109	109	107	110	-1
1001001000	-2	7264	3384.556	1886.599	5.75	0.433	53	2	91.75	2.487	3385.222	91.75	0	0	0	9	9	2961	3205	3291	7264	3055	5401	2742	2544	-2	6	6	6	6	5	6	6	5	-2	56	52	56	53	51	53	53	50	-2	95	90	95	93	89	93	91	88	-1
1001001000	-2	6464	4195.222	1775.169	6.625	0.857	62.875	3.295	103.125	3.333	4402	103.125	0	0	0	9	9	4879	3440	6464	3826	6183	4807	4268	3892	-2	8	6	7	7	6	5	7	7	-2	63	59	67	67	57	64	62	64	-2	104	98	109	107	100	103	102	102	-1
1001001000	-2	5609	3188.889	1539.814	6	0.866	58.5	1.871	96.875	3.333	3236.778	96.875	0	0	0	9	9	5609	3810	4835	3632	2482	3551	2622	2161	-2	8	6	6	6	5	5	6	6	-2	59	58	62	59	55	57	59	59	-2	99	97	103	99	93	95	97	92	-1
1001001000	-2	5582	3170	1531.368	6	0.866	58.5	1.871	96.875	3.333	3236.778	96.875	0	0	0	9	9	5582	3766	4829	3588	2482	3521	2612	2152	-2	8	6	6	6	5	5	6	6	-2	59	58	62	59	55	57	59	59	-2	99	97	103	99	93	95	97	92	-1
1001001000	-2	8584	6005.333	2250.069	5.875	0.599	57.75	1.92	98.875	2.26	6005.556	98.875	0	0	0	9	9	8584	6893	7106	6235	6791	6258	5892	6291	-2	7	6	6	6	5	5	6	6	-2	58	58	62	58	56	55	57	58	-2	100	99	104	99	97	96	98	98	-1
1001001000	-2	11259	9842	3483.985	7.125	0.599	73.25	2.278	129.375	3.773	12830.222	129.375	0	0	0	9	9	11081	11082	11171	11151	10896	10722	11218	11259	-2	8	7	7	7	7	8	6	7	-2	75	72	78	74	70	73	72	72	-2	131	129	138	129	125	126	130	127	-1
1001001000	-2	7877	5656.778	2127.491	5.125	0.331	53.25	1.785	93.875	2.472	5657.111	93.875	0	0	0	9	9	7877	7127	6298	5716	5675	5884	6731	5605	-2	6	5	5	5	5	5	5	5	-2	56	51	56	54	52	52	53	52	-2	98	92	98	94	92	92	93	92	-1
1001001000	-2	9462	6301.333	2424.741	5.25	0.433	54.375	2.176	95.625	3.314	6363	95.625	0	0	0	9	9	9462	6584	7058	6887	6259	5861	7320	7283	-2	6	5	5	5	5	6	5	5	-2	59	52	56	55	52	53	54	54	-2	102	92	99	97	92	93	95	95	-1
1001001000	-2	11972	9831.333	3511.335	6.75	0.661	66	3.571	124.875	3.887	12892.333	124.875	0	0	0	9	9	11972	10877	10661	10617	10329	11682	11082	11264	-2	8	7	7	6	6	7	7	6	-2	68	63	67	66	64	62	74	64	-2	128	122	125	126	125	118	132	123	-1
1001001000	-2	9688	6824.667	2740.681	6.875	1.166	65.875	3.1	108.75	2.947	6906	108.75	0	0	0	9	9	8131	7593	9688	6062	8878	8550	5238	7284	-2	7	7	7	8	6	5	9	6	-2	65	63	68	72	61	65	66	67	-2	109	105	114	113	107	108	107	107	-1
1001001000	-2	9617	6463.889	2635.483	6.875	1.166	65.875	3.1	108.75	2.947	6906	108.75	0	0	0	9	9	7151	7267	9617	5381	8458	8064	5198	7041	-2	7	7	7	8	6	5	9	6	-2	65	63	68	72	61	65	66	67	-2	109	105	114	113	107	108	107	107	-1
1001001000	-2	5515	3177.333	1664.732	5.75	0.661	57.625	1.798	95.625	2.997	3177.444	95.625	0	0	0	9	9	5347	3136	5515	4211	2583	3656	2613	1537	-2	7	5	6	6	5	5	6	6	-2	56	57	60	59	55	56	58	60	-2	96	95	101	99	93	94	96	91	-1
