1001001000	-2	472	334.667	140.526	97.625	9.499	190.625	11.725	247.125	16.259	3795.556	247.125	0	0	0	9	9	456	440	390	332	380	472	214	330	-2	97	90	84	109	89	94	108	110	-2	178	179	176	203	199	184	206	200	-2	234	235	224	275	253	237	264	255	-1
1001001000	-2	468	300.111	120.023	111.875	11.516	196	7.697	252.625	14.177	4055.667	252.625	0	0	0	9	9	326	378	276	348	306	468	284	317	-2	117	97	93	112	113	110	130	123	-2	199	184	185	200	204	192	206	198	-2	258	239	230	270	263	242	271	248	-1
1001001000	-2	2869	1924.667	832.173	110.625	5.337	186	4.796	229.375	7.088	2725.222	229.375	0	0	0	9	9	1230	1875	1948	2541	2735	2869	2248	1878	-2	110	100	117	115	117	110	108	108	-2	191	180	184	186	193	191	180	183	-2	235	223	222	235	236	239	225	220	-1
1001001000	-2	2869	1924.667	832.173	110.625	5.337	186	4.796	229.375	7.088	2725.222	229.375	0	0	0	9	9	1230	1875	1948	2541	2735	2869	2248	1878	-2	110	100	117	115	117	110	108	108	-2	191	180	184	186	193	191	180	183	-2	235	223	222	235	236	239	225	220	-1
1002002000	-2	2921	1785.222	1116.772	111.286	5.873	185.857	4.549	203.25	69.153	2583.778	228.5	0	0	1	9	9	825	0	2301	2844	2402	2650	2126	2921	-2	114	-2	113	115	119	110	109	99	-2	190	-2	181	187	193	188	181	181	-2	232	21	221	237	235	235	224	221	-1
1002002000	-2	2921	1785.111	1116.613	111.286	5.873	185.857	4.549	203.25	69.153	2583.778	228.5	0	0	1	9	9	825	0	2302	2842	2402	2650	2126	2921	-2	114	-2	113	115	119	110	109	99	-2	190	-2	181	187	193	188	181	181	-2	232	21	221	237	235	235	224	221	-1
1004004000	-2	2635	1216	1103.706	111	3.406	184.2	4.445	149.125	99.415	2544.667	227	0	0	3	9	9	0	0	2029	2635	0	1918	2110	2254	-2	-2	-2	113	116	-2	106	109	111	-2	-2	-2	179	186	-2	187	190	179	-2	21	21	217	232	21	232	232	217	-1
1004004000	-2	2635	1216	1103.706	111	3.406	184.2	4.445	149.125	99.415	2544.667	227	0	0	3	9	9	0	0	2029	2635	0	1918	2110	2254	-2	-2	-2	113	116	-2	106	109	111	-2	-2	-2	179	186	-2	187	190	179	-2	21	21	217	232	21	232	232	217	-1
1001001000	-2	2616	1304	723.757	114.75	4.409	186.125	4.936	228	6.652	2507.333	228	0	0	0	9	9	616	807	1466	2616	1179	1534	1592	1928	-2	116	115	114	120	120	105	115	113	-2	190	186	179	186	190	187	193	178	-2	231	229	217	233	230	231	236	217	-1
1001001000	-2	2239	1048.556	596.321	114.75	4.409	186.125	4.936	228	6.652	2507.333	228	0	0	0	9	9	486	694	1295	2239	933	1219	1184	1389	-2	116	115	114	120	120	105	115	113	-2	190	186	179	186	190	187	193	178	-2	231	229	217	233	230	231	236	217	-1
1001001000	-2	2376	1401.778	672.695	116.875	6.071	186.625	5.314	228.75	7.479	2565.222	228.75	0	0	0	9	9	1296	1222	1464	2376	1142	1738	1074	2306	-2	116	117	114	122	125	105	123	113	-2	191	187	179	185	192	188	193	178	-2	234	232	216	232	232	232	236	216	-1
1004001000	-2	477	198.222	184.076	74.75	19.753	198.6	10.557	206.375	96.474	2672.778	206.375	0	0	3	9	9	0	336	477	297	0	311	0	365	-2	54	54	80	105	63	84	56	102	-2	-2	187	185	210	-2	203	-2	208	-2	91	265	257	316	77	277	83	285	-1
1001001000	-2	452	313.333	119.183	111.25	9.846	197.75	6.978	255.125	9.918	4083.111	255.125	0	0	0	9	9	332	319	452	397	333	315	349	325	-2	116	97	95	112	114	110	123	123	-2	198	183	191	199	205	202	205	199	-2	257	239	241	269	264	258	261	252	-1
1001001000	-2	3150	878.778	843.199	133.25	6.591	205	4.822	271.625	14.756	4315	271.625	0	0	0	9	9	630	746	932	766	459	3150	777	451	-2	142	129	125	125	140	134	130	141	-2	208	198	206	201	210	206	212	199	-2	289	255	265	261	279	280	293	251	-1
1001001000	-2	4871	1901.556	1349.236	132.75	6.379	205.75	4.684	271.875	15.744	4270.667	271.875	0	0	0	9	9	1017	1908	1734	2831	1618	4871	2560	577	-2	143	129	128	126	139	133	125	139	-2	209	200	207	202	209	210	211	198	-2	290	262	262	264	264	291	293	249	-1
1001001000	-2	4871	1901.556	1349.236	132.75	6.379	205.75	4.684	271.875	15.744	4270.667	271.875	0	0	0	9	9	1017	1908	1734	2831	1618	4871	2560	577	-2	143	129	128	126	139	133	125	139	-2	209	200	207	202	209	210	211	198	-2	290	262	262	264	264	291	293	249	-1
1001001000	-2	5428	3761.778	1504.411	126.25	7.412	202.625	3.706	269	13.775	4032.111	269	0	0	0	9	9	5428	4279	3374	5047	4359	4261	4132	2978	-2	140	120	125	126	135	125	115	124	-2	207	198	202	202	206	206	204	196	-2	290	261	255	274	265	285	275	247	-1
1005005000	-2	3355	1228.778	1397.952	111.5	4.272	183.5	3.571	125	104.13	2538.222	227.875	0	0	4	9	9	0	0	2278	2731	0	3355	2697	0	-2	-2	-2	117	114	-2	109	106	-2	-2	-2	-2	180	186	-2	188	180	-2	-2	21	21	219	237	21	235	225	21	-1
1005005000	-2	3355	1228.778	1397.952	111.5	4.272	183.5	3.571	125	104.13	2538.222	227.875	0	0	4	9	9	0	0	2278	2731	0	3355	2697	0	-2	-2	-2	117	114	-2	109	106	-2	-2	-2	-2	180	186	-2	188	180	-2	-2	21	21	219	237	21	235	225	21	-1
1004004000	-2	2915	1338.111	1238.823	105.6	10.288	179.6	4.454	145.875	96.957	2435.222	222.875	0	0	3	9	9	0	0	2009	2915	0	2851	2408	1862	-2	-2	-2	116	114	-2	107	104	87	-2	-2	-2	177	185	-2	184	179	173	-2	21	21	215	231	21	228	222	208	-1
1004004000	-2	2915	1338.333	1239.095	105.6	10.288	179.6	4.454	145.875	96.957	2435.222	222.875	0	0	3	9	9	0	0	2009	2915	0	2853	2408	1862	-2	-2	-2	116	114	-2	107	104	87	-2	-2	-2	177	185	-2	184	179	173	-2	21	21	215	231	21	228	222	208	-1
1001001000	-2	2924	1616.222	750.335	107.125	8.795	181.25	5.19	221.75	7.137	2278.333	221.75	0	0	0	9	9	1814	1080	1467	2924	1533	1785	2196	1749	-2	113	104	115	115	113	104	106	87	-2	189	180	177	185	186	183	178	172	-2	230	223	214	229	225	226	219	208	-1
1001001000	-2	2924	1692.889	744.526	107.125	8.795	181.25	5.19	221.75	7.137	2278.333	221.75	0	0	0	9	9	1645	1321	1870	2924	1530	2086	2190	1672	-2	113	104	115	115	113	104	106	87	-2	189	180	177	185	186	183	178	172	-2	230	223	214	229	225	226	219	208	-1
1001001000	-2	2813	1631.778	699.077	106.875	9.212	180.5	5.362	220.875	7.424	2332.444	220.875	0	0	0	9	9	1747	1837	1411	2813	1500	1500	1990	1890	-2	111	109	114	115	116	103	100	87	-2	189	180	176	184	185	182	177	171	-2	231	225	213	227	224	223	217	207	-1
1002002000	-2	2813	1348.667	875.904	105.571	9.132	179.857	5.436	195.5	66.361	2332.444	220.875	0	0	1	9	9	1961	1500	1075	2813	0	1044	1895	1852	-2	111	109	114	115	-2	103	100	87	-2	189	180	176	184	-2	182	177	171	-2	231	225	213	227	21	223	217	207	-1
1001001000	-2	2883	1655.556	845.298	106.125	8.978	181.25	5.449	223	7.649	2390.889	223	0	0	0	9	9	2883	1995	1183	2750	1674	907	1582	1928	-2	110	111	114	115	111	103	98	87	-2	190	181	177	183	187	183	177	172	-2	234	229	215	227	228	224	217	210	-1
1001001000	-2	2849	1735.667	811.641	106.125	8.978	181.25	5.449	223	7.649	2390.889	223	0	0	0	9	9	2322	2561	1511	2849	1822	1019	1581	1958	-2	110	111	114	115	111	103	98	87	-2	190	181	177	183	187	183	177	172	-2	234	229	215	227	228	224	217	210	-1
1001001000	-2	2729	1746.111	764.306	109	10.05	186.625	4.662	232.75	6.942	2577	232.75	0	0	0	9	9	2729	2070	1818	2339	2071	1154	1370	2166	-2	111	116	118	116	119	104	99	89	-2	191	185	187	186	191	186	191	176	-2	240	236	231	233	236	232	238	216	-1
1001001000	-2	2810	1797.556	773.719	109	10.05	186.625	4.662	232.75	6.942	2577	232.75	0	0	0	9	9	2810	2118	1905	2339	2132	1240	1435	2201	-2	111	116	118	116	119	104	99	89	-2	191	185	187	186	191	186	191	176	-2	240	236	231	233	236	232	238	216	-1
1001001000	-2	2835	2100.556	797.27	116.5	6.325	193.375	5.83	247.125	11.667	2940.778	247.125	0	0	0	9	9	2835	2191	2385	2482	2504	1699	2316	2495	-2	116	120	124	121	124	107	110	110	-2	195	200	194	192	199	191	196	180	-2	256	265	244	243	254	242	250	223	-1
1001001000	-2	4173	2606.444	1080.365	121.25	5.673	197.375	6.945	259.75	20.945	3153.667	259.75	0	0	0	9	9	2935	4173	2511	2385	3245	2181	3296	2734	-2	126	122	126	123	129	112	118	114	-2	198	209	199	197	202	193	198	183	-2	269	308	253	251	261	248	257	231	-1
1001001000	-2	4103	2566.333	1048.917	121.25	5.673	197.375	6.945	259.75	20.945	3153.667	259.75	0	0	0	9	9	2674	4103	2591	2570	3055	2120	3248	2738	-2	126	122	126	123	129	112	118	114	-2	198	209	199	197	202	193	198	183	-2	269	308	253	251	261	248	257	231	-1
1001001000	-2	3647	2579.889	1013.937	129.375	5.957	208.625	6.836	287.5	14.414	2840.222	287.875	0	0	0	9	9	3061	1943	3647	2711	2830	2972	2733	3324	-2	126	127	122	127	134	134	141	124	-2	206	222	205	203	213	207	214	199	-2	296	308	276	270	289	297	299	265	-1
1001001000	-2	3116	2302.889	933.902	130.875	7.524	210.375	8.774	286.375	14.203	2671	286.375	0	0	0	9	9	3073	1709	3116	2794	2192	2937	2115	2792	-2	124	126	121	134	138	135	144	125	-2	205	225	205	202	213	210	223	200	-2	285	308	276	270	290	297	300	265	-1
1001001000	-2	3461	2520.111	939.177	128.25	6.418	208.625	8.572	283	16.086	2782	283	0	0	0	9	9	3461	2665	2620	2854	2923	3142	2495	2523	-2	125	124	118	127	133	135	139	125	-2	200	221	204	202	212	207	223	200	-2	273	304	272	270	290	298	300	257	-1
1001001000	-2	3452	2513.556	937.122	128.25	6.418	208.625	8.572	283	16.086	2782	283	0	0	0	9	9	3452	2651	2612	2849	2918	3138	2492	2512	-2	125	124	118	127	133	135	139	125	-2	200	221	204	202	212	207	223	200	-2	273	304	272	270	290	298	300	257	-1
1004001000	-2	468	198.889	183.409	79.625	18.357	200.6	5.499	209.125	99.597	3046.444	211.875	0	0	3	9	9	318	0	468	317	0	364	0	325	-2	97	55	84	105	61	93	56	86	-2	198	-2	191	206	-2	204	-2	204	-2	297	85	264	316	77	276	84	274	-1
1001001000	-2	445	320.889	128.651	121.75	12.039	203	5.612	263.125	11.396	4284.333	263.125	0	0	0	9	9	391	260	429	411	297	445	319	338	-2	121	99	109	129	133	121	123	139	-2	203	190	207	202	208	207	207	200	-2	281	243	267	264	264	273	264	249	-1
1001001000	-2	881	323.333	251.199	124.375	10.416	201.875	5.372	256.5	10.735	3939.778	256.5	0	0	0	9	9	347	176	608	215	281	881	251	153	-2	124	103	120	129	135	121	123	140	-2	205	190	204	199	206	204	208	199	-2	272	237	260	255	255	264	265	244	-1
1001001000	-2	794	275.556	223.21	124.375	10.416	201.875	5.372	256.5	10.735	3939.778	256.5	0	0	0	9	9	279	175	509	164	223	794	174	164	-2	124	103	120	129	135	121	123	140	-2	205	190	204	199	206	204	208	199	-2	272	237	260	255	255	264	265	244	-1
1001001000	-2	4835	3660.889	1430.133	135	6.164	212	4.637	287.75	11.903	4070.556	287.75	0	0	0	9	9	4237	4563	3023	4738	4005	3160	4835	4389	-2	145	131	129	134	140	140	125	136	-2	214	209	213	212	210	220	215	203	-2	290	280	298	294	273	304	295	268	-1
1007007000	-2	2533	510.556	962.069	111	8	182	1	72.125	88.554	2823.556	230.375	0	0	6	9	9	0	0	2064	0	0	0	2533	0	-2	-2	-2	119	-2	-2	-2	103	-2	-2	-2	-2	183	-2	-2	-2	181	-2	-2	21	21	224	21	21	21	227	21	-1
1007007000	-2	2533	510.556	962.069	111	8	182	1	72.125	88.554	2823.556	230.375	0	0	6	9	9	0	0	2064	0	0	0	2533	0	-2	-2	-2	119	-2	-2	-2	103	-2	-2	-2	-2	183	-2	-2	-2	181	-2	-2	21	21	224	21	21	21	227	21	-1
1006005000	-2	3000	788.333	1148.311	98.5	14.841	178.333	4.11	106.625	92.174	2078.444	205.25	0	0	5	9	9	0	0	1864	0	0	3000	2233	0	-2	-2	-2	117	82	-2	109	86	-2	-2	-2	-2	179	-2	-2	183	173	-2	-2	21	21	217	109	21	227	216	21	-1
1005004000	-2	3207	1172.444	1333.638	98	13.312	177	4.243	131.125	92.207	2078.444	205.25	0	0	4	9	9	0	2652	2207	0	0	3207	2488	0	-2	-2	96	117	82	-2	109	86	-2	-2	-2	173	179	-2	-2	183	173	-2	-2	21	217	217	109	21	227	216	21	-1
1001001000	-2	3287	2171.222	885.91	96.625	10.897	178.25	6.553	218.25	7.886	2253.222	218.25	0	0	0	9	9	3287	2477	2119	2829	1974	2564	2578	1715	-2	107	85	116	93	96	105	86	85	-2	185	171	178	184	184	180	179	165	-2	224	215	215	226	224	222	220	200	-1
1001001000	-2	3287	2171.222	885.91	96.625	10.897	178.25	6.553	218.25	7.886	2253.222	218.25	0	0	0	9	9	3287	2477	2119	2829	1974	2564	2578	1715	-2	107	85	116	93	96	105	86	85	-2	185	171	178	184	184	180	179	165	-2	224	215	215	226	224	222	220	200	-1
1001001000	-2	2785	1828.556	828.645	98.75	9.47	176.5	6.727	215.125	8.283	2130.667	215.125	0	0	0	9	9	2727	2124	1788	2785	2240	1202	2273	1320	-2	109	99	115	96	97	102	87	85	-2	184	172	177	184	183	171	177	164	-2	222	216	215	225	222	210	214	197	-1
1001001000	-2	2785	1828.556	828.645	98.75	9.47	176.5	6.727	215.125	8.283	2130.667	215.125	0	0	0	9	9	2727	2124	1788	2785	2240	1202	2273	1320	-2	109	99	115	96	97	102	87	85	-2	184	172	177	184	183	171	177	164	-2	222	216	215	225	222	210	214	197	-1
1001001000	-2	2794	1702.556	826.144	100.625	9.823	176	5.937	215.25	7.726	2118.556	215.25	0	0	0	9	9	2794	1970	1618	2621	2127	899	2030	1266	-2	109	105	113	110	98	98	86	86	-2	181	176	175	183	183	170	175	165	-2	221	221	214	223	223	209	211	200	-1
1001001000	-2	2791	1700.778	825.527	100.625	9.823	176	5.937	215.25	7.726	2118.556	215.25	0	0	0	9	9	2791	1970	1610	2621	2123	899	2029	1266	-2	109	105	113	110	98	98	86	86	-2	181	176	175	183	183	170	175	165	-2	221	221	214	223	223	209	211	200	-1
1001001000	-2	2618	1722.333	785.032	101.375	9.899	176.75	5.333	217.5	7.81	2148.444	217.5	0	0	0	9	9	2560	2432	1867	2618	1949	1130	1570	1377	-2	108	108	115	110	98	98	87	87	-2	178	178	176	182	185	171	177	167	-2	220	225	215	225	227	210	215	203	-1
1001001000	-2	2618	1722.333	785.032	101.375	9.899	176.75	5.333	217.5	7.81	2148.444	217.5	0	0	0	9	9	2560	2432	1867	2618	1949	1130	1570	1377	-2	108	108	115	110	98	98	87	87	-2	178	178	176	182	185	171	177	167	-2	220	225	215	225	227	210	215	203	-1
1001001000	-2	2507	1691.111	781.87	103.125	10.659	180	4.77	223.75	6.942	2359.444	223.75	0	0	0	9	9	2494	1612	1762	2507	2086	733	1889	2139	-2	109	110	117	114	98	102	88	87	-2	180	182	178	183	188	179	180	170	-2	222	233	220	228	232	221	224	210	-1
1001001000	-2	2796	2018.444	803.012	105.625	10.38	184.375	4.442	232.625	6.726	2537.111	232.625	0	0	0	9	9	2796	2616	2070	2554	2383	1520	2302	1927	-2	110	115	118	116	100	105	92	89	-2	188	186	187	185	188	186	181	174	-2	238	242	234	232	235	234	228	218	-1
1001001000	-2	2796	2018.444	803.012	105.625	10.38	184.375	4.442	232.625	6.726	2537.111	232.625	0	0	0	9	9	2796	2616	2070	2554	2383	1520	2302	1927	-2	110	115	118	116	100	105	92	89	-2	188	186	187	185	188	186	181	174	-2	238	242	234	232	235	234	228	218	-1
1002001000	-2	3623	1956.556	1192.809	109.125	9.034	191.714	5.65	232.25	44.311	2430.333	232.25	0	0	1	9	9	3171	2740	1670	2123	0	2362	3623	1922	-2	111	118	120	117	102	112	94	99	-2	191	200	190	193	-2	193	195	180	-2	255	274	238	244	120	247	253	227	-1
1002001000	-2	3623	2066.556	1237.796	109.125	9.034	191.714	5.65	232.25	44.311	2430.333	232.25	0	0	1	9	9	3190	3158	1704	2335	0	2462	3623	2129	-2	111	118	120	117	102	112	94	99	-2	191	200	190	193	-2	193	195	180	-2	255	274	238	244	120	247	253	227	-1
1002001000	-2	3641	2146.222	1251.552	108.625	7.745	190.286	5.229	229	42.332	2433.778	229	0	0	1	9	9	2643	3153	2049	2351	0	3299	3641	2182	-2	110	118	115	117	101	108	94	106	-2	187	198	188	190	-2	193	195	181	-2	242	266	236	239	121	249	253	226	-1
1002001000	-2	3641	2018.222	1200.778	108.625	7.745	190.286	5.229	229	42.332	2433.778	229	0	0	1	9	9	2643	2720	1768	2233	0	3112	3641	2049	-2	110	118	115	117	101	108	94	106	-2	187	198	188	190	-2	193	195	181	-2	242	266	236	239	121	249	253	226	-1
1002001000	-2	4151	2314.222	1393.097	114.125	5.061	194.857	6.791	242.625	51.597	2495.778	242.625	0	0	1	9	9	2694	4151	1954	2327	0	3574	3503	2627	-2	111	119	116	122	105	117	111	112	-2	191	207	191	196	-2	195	200	184	-2	253	317	242	250	121	257	266	235	-1
1002001000	-2	3672	2143.556	1276.267	114.875	5.11	195.571	7.129	241.25	48.915	2452.111	241.25	0	0	1	9	9	2354	3672	1878	2171	0	3055	3539	2625	-2	110	118	116	121	106	122	113	113	-2	188	206	191	196	-2	198	204	186	-2	247	295	241	251	121	265	274	236	-1
1001001000	-2	332	244.556	94.652	21.875	5.487	197.5	14.221	301.75	20.395	3233.444	301.75	0	0	0	9	9	270	210	320	228	265	332	292	286	-2	31	22	23	13	29	18	20	19	-2	183	189	180	215	201	186	206	220	-2	292	284	282	335	308	275	313	325	-1
1001001000	-2	672	349	172.695	128.125	12.293	200	4.975	253.25	8.941	3784.111	253.25	0	0	0	9	9	360	267	502	413	345	672	289	295	-2	137	100	122	131	135	137	123	140	-2	202	189	204	200	206	201	202	196	-2	266	239	260	257	254	259	251	240	-1
1001001000	-2	544	247.111	154.951	129.625	12.257	196	5.723	237.875	6.547	3046.556	237.875	0	0	0	9	9	269	78	406	299	164	544	205	261	-2	140	102	124	132	137	139	123	140	-2	199	186	203	189	202	197	199	193	-2	244	226	245	234	242	241	241	230	-1
1001001000	-2	438	195.667	118.177	129.375	11.532	192.625	4.973	231.5	5.339	2756.556	231.5	0	0	0	9	9	289	126	262	147	159	438	121	221	-2	141	104	125	130	136	138	122	139	-2	195	185	201	186	195	194	195	190	-2	236	223	240	228	230	235	234	226	-1
1001001000	-2	440	196.111	117.989	129.375	11.532	192.625	4.973	231.5	5.339	2756.556	231.5	0	0	0	9	9	288	126	263	149	159	440	127	215	-2	141	104	125	130	136	138	122	139	-2	195	185	201	186	195	194	195	190	-2	236	223	240	228	230	235	234	226	-1
1002002000	-2	3101	968.333	931.396	135.857	6.266	200.143	2.85	220.25	75.574	3399.111	250.125	0	0	1	9	9	611	1940	0	469	961	3101	736	899	-2	145	132	-2	135	140	140	124	135	-2	202	201	-2	202	196	200	204	196	-2	250	251	21	247	244	255	258	236	-1
1002002000	-2	3420	1074	1038.085	135.857	6.266	200.143	2.85	219.5	75.334	3399.111	250.125	0	0	1	9	9	733	2203	0	434	1102	3420	807	969	-2	145	132	-2	135	140	140	124	135	-2	202	201	-2	202	196	200	204	196	-2	250	251	21	241	244	255	258	236	-1
1004004000	-2	3790	1842.556	1685.888	124.4	7.605	196.6	3.072	163.375	110.328	3350.778	248.625	0	0	3	9	9	0	3238	2438	0	3525	3790	3594	0	-2	-2	121	125	-2	134	130	112	-2	-2	-2	196	200	-2	195	200	192	-2	-2	21	249	248	21	244	256	247	21	-1
1001001000	-2	5110	3236.667	1309.83	125.625	8.873	196.125	5.6	248.625	9.746	3350.778	248.625	0	0	0	9	9	5110	3238	2644	3868	3738	3790	3594	3150	-2	139	121	125	130	134	130	112	114	-2	203	196	200	199	195	200	192	184	-2	264	249	248	253	244	256	247	228	-1
1001001000	-2	3338	2610.222	973.388	104.75	11.486	185.375	4.846	230.875	6.99	2664.222	230.875	0	0	0	9	9	3338	3282	2462	3024	2690	3325	2669	2704	-2	109	100	122	115	100	114	91	87	-2	190	186	192	187	184	188	179	177	-2	237	234	234	235	229	237	226	215	-1
1001001000	-2	3338	2610.222	973.388	104.75	11.486	185.375	4.846	230.875	6.99	2664.222	230.875	0	0	0	9	9	3338	3282	2462	3024	2690	3325	2669	2704	-2	109	100	122	115	100	114	91	87	-2	190	186	192	187	184	188	179	177	-2	237	234	234	235	229	237	226	215	-1
1001001000	-2	2291	1694.667	627.456	86.125	15.839	169.25	6.418	209.375	7.088	1723.444	209.375	0	0	0	9	9	1819	2291	2017	1867	2020	1725	1908	1607	-2	95	70	115	71	79	105	73	81	-2	174	162	178	171	172	174	165	158	-2	212	206	215	213	212	217	207	193	-1
1002002000	-2	2139	1445.556	786.582	88.571	15.472	170.286	6.204	186.125	62.794	1723.444	209.375	0	0	1	9	9	1819	0	2139	1775	2020	1725	1908	1626	-2	95	-2	115	72	79	105	73	81	-2	174	-2	178	171	172	174	165	158	-2	212	21	215	212	212	217	207	193	-1
1001001000	-2	2392	1636	650.32	86.5	13.143	167.875	5.819	206.625	5.808	1682.222	206.625	0	0	0	9	9	2005	2193	2392	1618	1780	1754	1612	1372	-2	100	71	108	79	79	100	73	82	-2	173	161	176	170	171	170	164	158	-2	210	205	213	209	209	210	204	193	-1
1001001000	-2	2392	1636	650.32	86.5	13.143	167.875	5.819	206.625	5.808	1682.222	206.625	0	0	0	9	9	2005	2193	2392	1618	1780	1754	1612	1372	-2	100	71	108	79	79	100	73	82	-2	173	161	176	170	171	170	164	158	-2	210	205	213	209	209	210	204	193	-1
1001001000	-2	2376	1623	677.875	87.625	11.521	168.375	5.073	207.75	5.847	1763.556	207.75	0	0	0	9	9	2258	2376	2198	1546	1617	1824	1543	1247	-2	102	74	105	86	82	97	73	82	-2	174	168	174	171	172	166	163	159	-2	213	212	213	209	211	206	203	195	-1
1001001000	-2	2376	1623	677.875	87.625	11.521	168.375	5.073	207.75	5.847	1763.556	207.75	0	0	0	9	9	2258	2376	2198	1546	1617	1824	1543	1247	-2	102	74	105	86	82	97	73	82	-2	174	168	174	171	172	166	163	159	-2	213	212	213	209	211	206	203	195	-1
1001001000	-2	2432	1595.333	691.295	90.375	11.247	168.625	5.266	208.375	5.999	1805.111	208.375	0	0	0	9	9	2432	2210	2244	1579	1655	1512	1622	1106	-2	101	85	111	91	82	96	73	84	-2	173	171	174	171	173	166	162	159	-2	212	215	213	209	213	206	203	196	-1
1001001000	-2	2432	1595.778	691.626	90.375	11.247	168.625	5.266	208.375	5.999	1805.111	208.375	0	0	0	9	9	2432	2214	2244	1579	1655	1511	1622	1107	-2	101	85	111	91	82	96	73	84	-2	173	171	174	171	173	166	162	159	-2	212	215	213	209	213	206	203	196	-1
1001001000	-2	2469	1729.111	687.834	89.625	11.575	168	7	208.875	7.424	1878.333	208.875	0	0	0	9	9	2469	2294	2223	1829	1862	1389	1807	1691	-2	97	81	112	92	81	97	73	84	-2	173	171	175	173	173	165	155	159	-2	213	217	215	212	215	203	199	197	-1
1001001000	-2	2821	1940.667	743.363	90.25	11.267	173.25	5.214	217.125	6.333	2130.444	217.125	0	0	0	9	9	2821	2208	2165	2384	2047	2006	2130	1707	-2	96	83	112	92	81	99	74	85	-2	178	174	176	178	176	172	171	161	-2	221	224	218	221	220	216	215	202	-1
1001001000	-2	2821	1940.667	743.363	90.25	11.267	173.25	5.214	217.125	6.333	2130.444	217.125	0	0	0	9	9	2821	2208	2165	2384	2047	2006	2130	1707	-2	96	83	112	92	81	99	74	85	-2	178	174	176	178	176	172	171	161	-2	221	224	218	221	220	216	215	202	-1
1002001000	-2	2716	1657.667	941.339	90.25	10.545	174.143	5.139	203.5	37.934	1854.333	203.5	0	0	1	9	9	2716	0	2191	2353	1762	2253	2110	1536	-2	96	82	110	92	82	99	75	86	-2	178	-2	176	180	178	172	171	164	-2	221	104	218	223	222	218	216	206	-1
1001001000	-2	2685	1982	788.811	93.25	10.86	179.75	3.631	227.5	6.225	2366.111	227.5	0	0	0	9	9	2685	2469	2318	2196	2108	2491	2246	1327	-2	94	104	107	92	82	105	75	87	-2	181	182	180	181	182	184	176	172	-2	229	238	225	226	230	232	225	215	-1
1001001000	-2	2702	2033.222	792.221	92.5	11.747	182.25	4.023	232.25	6.722	2473.111	232.25	0	0	0	9	9	2661	2242	2436	1919	2229	2702	2507	1605	-2	83	106	107	91	84	107	75	87	-2	184	184	183	183	184	188	178	174	-2	234	242	231	230	234	240	228	219	-1
1001001000	-2	2702	2033.222	792.221	92.5	11.747	182.25	4.023	232.25	6.722	2473.111	232.25	0	0	0	9	9	2661	2242	2436	1919	2229	2702	2507	1605	-2	83	106	107	91	84	107	75	87	-2	184	184	183	183	184	188	178	174	-2	234	242	231	230	234	240	228	219	-1
1002001000	-2	2707	1779.444	995.75	90.125	10.856	181.571	4.655	214.25	42.16	2156.333	214.25	0	0	1	9	9	2707	0	2447	1995	1845	2579	2535	1909	-2	83	84	107	92	84	108	76	87	-2	183	-2	183	181	184	189	178	173	-2	233	104	230	228	234	241	227	217	-1
1002001000	-2	2707	1779.444	995.75	90.125	10.856	181.571	4.655	214.25	42.16	2156.333	214.25	0	0	1	9	9	2707	0	2447	1995	1845	2579	2535	1909	-2	83	84	107	92	84	108	76	87	-2	183	-2	183	181	184	189	178	173	-2	233	104	230	228	234	241	227	217	-1
1002001000	-2	2300	1537.889	842.19	90.25	10.825	179.714	5.391	212.125	41.074	2148.889	212.125	0	0	1	9	9	1652	0	2062	2006	1961	1742	2300	2120	-2	83	83	106	91	85	109	76	89	-2	181	-2	179	178	185	188	177	170	-2	231	105	224	224	233	239	227	214	-1
1001001000	-2	313	225.444	89.365	19.25	4.684	161.5	10.368	238.625	12.629	4486.889	241	0	0	0	9	9	313	234	309	233	193	276	264	209	-2	27	20	20	12	25	15	19	16	-2	154	141	155	173	169	166	161	173	-2	213	224	237	252	242	247	246	248	-1
1001001000	-2	327	181.222	90.246	123.125	12.374	186.25	6.629	221.75	7.067	2395.444	221.75	0	0	0	9	9	173	167	327	121	192	294	209	150	-2	137	100	121	125	133	137	109	123	-2	190	179	199	182	187	192	179	182	-2	225	214	234	218	221	231	216	215	-1
1001001000	-2	1098	482.667	280.832	132	5	192.375	5.023	232.125	7.061	2548.222	232.125	0	0	0	9	9	381	402	612	315	1098	450	658	430	-2	140	129	132	133	137	132	122	131	-2	195	189	203	193	193	193	186	187	-2	235	227	246	232	236	234	225	222	-1
1001001000	-2	4354	3233.556	1186.151	130.25	6.476	198.5	5.612	252.75	8.842	3438.444	252.75	0	0	0	9	9	4354	3737	3311	3194	3582	3834	3555	3537	-2	138	128	131	133	137	132	116	127	-2	199	199	211	199	197	199	194	190	-2	256	252	271	250	250	256	250	237	-1
1001001000	-2	4354	3233.556	1186.151	130.25	6.476	198.5	5.612	252.75	8.842	3438.444	252.75	0	0	0	9	9	4354	3737	3311	3194	3582	3834	3555	3537	-2	138	128	131	133	137	132	116	127	-2	199	199	211	199	197	199	194	190	-2	256	252	271	250	250	256	250	237	-1
1007007000	-2	3217	687.444	1287.921	116	9	188.5	1.5	76	95.268	2945.444	238.75	0	0	6	9	9	0	2972	0	0	0	3217	0	0	-2	-2	107	-2	-2	-2	125	-2	-2	-2	-2	187	-2	-2	-2	190	-2	-2	-2	21	239	21	21	21	243	21	21	-1
1007007000	-2	3217	687.444	1287.921	116	9	188.5	1.5	76	95.268	2945.444	238.75	0	0	6	9	9	0	2972	0	0	0	3217	0	0	-2	-2	107	-2	-2	-2	125	-2	-2	-2	-2	187	-2	-2	-2	190	-2	-2	-2	21	239	21	21	21	243	21	21	-1
1004004000	-2	2245	1032.333	936.753	82	19.339	164.8	9.368	134.625	88.33	1723.222	200.375	0	0	3	9	9	1835	0	2245	0	1753	1623	0	1837	-2	74	-2	108	-2	65	102	-2	61	-2	166	-2	177	-2	158	172	-2	151	-2	201	21	214	21	199	212	21	188	-1
1004004000	-2	2245	1032.333	936.753	82	19.339	164.8	9.368	134.625	88.33	1723.222	200.375	0	0	3	9	9	1835	0	2245	0	1753	1623	0	1837	-2	74	-2	108	-2	65	102	-2	61	-2	166	-2	177	-2	158	172	-2	151	-2	201	21	214	21	199	212	21	188	-1
1001001000	-2	2330	1670.111	642.843	75.125	16.027	157.5	7.858	196.5	6.614	1683.444	196.5	0	0	0	9	9	1545	2330	1941	1801	1749	1996	2163	1508	-2	80	62	103	54	65	97	69	71	-2	163	154	174	153	157	161	150	148	-2	199	197	210	194	195	200	191	186	-1
1001001000	-2	2330	1670.111	642.843	75.125	16.027	157.5	7.858	196.5	6.614	1683.444	196.5	0	0	0	9	9	1545	2330	1941	1801	1749	1996	2163	1508	-2	80	62	103	54	65	97	69	71	-2	163	154	174	153	157	161	150	148	-2	199	197	210	194	195	200	191	186	-1
1001001000	-2	2447	1621.222	651.068	77.625	14.309	156.75	8.303	196.125	7.132	1651	196.125	0	0	0	9	9	1405	2447	2064	1529	1652	1976	1962	1558	-2	81	66	104	63	66	97	70	74	-2	160	157	173	154	159	160	146	145	-2	196	199	210	194	197	200	187	186	-1
1001001000	-2	2447	1621.222	651.068	77.625	14.309	156.75	8.303	196.125	7.132	1651	196.125	0	0	0	9	9	1405	2447	2064	1529	1652	1976	1962	1558	-2	81	66	104	63	66	97	70	74	-2	160	157	173	154	159	160	146	145	-2	196	199	210	194	197	200	187	186	-1
1001001000	-2	2697	1644.667	700.307	78.125	12.201	157.375	7.432	196.75	6.704	1735.889	196.75	0	0	0	9	9	1411	2697	2151	1364	1828	1912	1931	1510	-2	81	70	103	70	66	92	70	73	-2	159	158	171	159	159	160	148	145	-2	195	201	209	196	198	200	189	186	-1
1001001000	-2	2697	1644.667	700.307	78.125	12.201	157.375	7.432	196.75	6.704	1735.889	196.75	0	0	0	9	9	1411	2697	2151	1364	1828	1912	1931	1510	-2	81	70	103	70	66	92	70	73	-2	159	158	171	159	159	160	148	145	-2	195	201	209	196	198	200	189	186	-1
1001001000	-2	2692	1766.222	705.417	78.125	11.174	157.875	7.507	198.25	6.647	1789.333	198	0	0	0	9	9	1737	2692	2264	1522	1908	2134	1933	1708	-2	81	72	100	70	67	92	70	73	-2	160	160	171	157	160	161	150	144	-2	197	202	209	196	202	202	192	186	-1
1001001000	-2	2690	1765.444	704.904	78.125	11.174	157.875	7.507	198.25	6.647	1789.333	198	0	0	0	9	9	1737	2690	2264	1522	1908	2130	1933	1707	-2	81	72	100	70	67	92	70	73	-2	160	160	171	157	160	161	150	144	-2	197	202	209	196	202	202	192	186	-1
1001001000	-2	2271	1815.556	663.437	79	11.705	161.25	7.693	203	7.937	1842.444	203	0	0	0	9	9	1904	2271	2200	1747	2195	2160	1925	1940	-2	81	74	103	70	67	92	70	75	-2	161	169	173	163	162	162	153	147	-2	200	215	213	202	205	204	196	189	-1
1001001000	-2	2271	1815.556	663.437	79	11.705	161.25	7.693	203	7.937	1842.444	203	0	0	0	9	9	1904	2271	2200	1747	2195	2160	1925	1940	-2	81	74	103	70	67	92	70	75	-2	161	169	173	163	162	162	153	147	-2	200	215	213	202	205	204	196	189	-1
1001001000	-2	2455	1827.667	692.075	80.5	12.339	164.25	5.804	207.25	6.666	1944.556	207.25	0	0	0	9	9	2015	2455	2069	1979	2342	2131	1927	1533	-2	81	74	104	72	67	97	71	78	-2	162	171	173	165	165	166	155	157	-2	204	219	215	205	209	208	200	198	-1
1001001000	-2	2457	1828.111	692.254	80.5	12.339	164.25	5.804	207.25	6.666	1944.556	207.25	0	0	0	9	9	2015	2457	2069	1980	2342	2131	1927	1534	-2	81	74	104	72	67	97	71	78	-2	162	171	173	165	165	166	155	157	-2	204	219	215	205	209	208	200	198	-1
1001001000	-2	2571	1974.111	780.174	83.625	11.989	170.25	5.739	216.375	5.894	2052	216.375	0	0	0	9	9	2571	2560	2029	2556	2361	2375	1764	1553	-2	81	81	105	76	71	101	71	83	-2	173	173	176	173	166	177	160	164	-2	217	224	220	216	214	224	209	207	-1
1001001000	-2	2571	1974.111	780.174	83.625	11.989	170.25	5.739	216.375	5.894	2052	216.375	0	0	0	9	9	2571	2560	2029	2556	2361	2375	1764	1553	-2	81	81	105	76	71	101	71	83	-2	173	173	176	173	166	177	160	164	-2	217	224	220	216	214	224	209	207	-1
1001001000	-2	2867	1987.889	805.724	84.625	11.51	173.125	5.302	220.875	6.508	2085.556	220.875	0	0	0	9	9	2867	2660	1946	2088	1960	2585	1525	2262	-2	81	80	104	84	72	102	71	83	-2	176	175	178	174	170	181	166	165	-2	222	231	223	219	220	228	215	209	-1
1001001000	-2	2867	1987.889	805.724	84.625	11.51	173.125	5.302	220.875	6.508	2085.556	220.875	0	0	0	9	9	2867	2660	1946	2088	1960	2585	1525	2262	-2	81	80	104	84	72	102	71	83	-2	176	175	178	174	170	181	166	165	-2	222	231	223	219	220	228	215	209	-1
1001001000	-2	2338	1767.889	681.74	81.375	11.757	169.75	5.804	216.625	7.035	2155.111	216.625	0	0	0	9	9	2264	2043	2276	1666	2048	1531	1747	2338	-2	80	75	101	72	73	101	70	79	-2	166	175	174	168	166	181	164	164	-2	213	227	219	213	215	228	211	207	-1
1001001000	-2	2338	1767.889	681.74	81.375	11.757	169.75	5.804	216.625	7.035	2155.111	216.625	0	0	0	9	9	2264	2043	2276	1666	2048	1531	1747	2338	-2	80	75	101	72	73	101	70	79	-2	166	175	174	168	166	181	164	164	-2	213	227	219	213	215	228	211	207	-1
1001001000	-2	440	275.889	112.885	33.25	9.107	154	8.617	194.375	8.154	2294.333	194.375	0	0	0	9	9	260	259	347	280	308	440	335	256	-2	39	32	53	27	36	32	24	23	-2	157	137	165	159	149	164	151	150	-2	194	178	206	196	196	204	191	190	-1
1002002000	-2	789	365.667	268.107	123.571	6.068	186.429	4.066	199.75	67.727	2499.444	227.625	0	0	1	9	9	766	442	0	237	444	348	267	789	-2	125	116	-2	129	132	126	114	123	-2	193	183	-2	189	187	189	184	180	-2	233	220	21	227	230	227	222	218	-1
1005005000	-2	3211	1363.333	1527.442	121.5	7.089	190.25	2.681	131.125	110.166	3308.111	245.5	0	0	4	9	9	0	0	0	0	3130	3211	2843	3088	-2	-2	-2	-2	-2	130	127	115	114	-2	-2	-2	-2	-2	192	193	190	186	-2	21	21	21	21	243	245	243	234	-1
1005005000	-2	3211	1364.111	1528.365	121.5	7.089	190.25	2.681	131.125	110.166	3308.111	245.5	0	0	4	9	9	0	0	0	0	3138	3211	2842	3088	-2	-2	-2	-2	-2	130	127	115	114	-2	-2	-2	-2	-2	192	193	190	186	-2	21	21	21	21	243	245	243	234	-1
1007007000	-2	3459	666.556	1266.131	105	8	180.5	4.5	73.125	90.325	2814.556	229.375	0	0	6	9	9	0	0	0	0	2542	3459	0	0	-2	-2	-2	-2	-2	97	113	-2	-2	-2	-2	-2	-2	-2	176	185	-2	-2	-2	21	21	21	21	224	235	21	21	-1
1007007000	-2	3459	666.556	1266.131	105	8	180.5	4.5	73.125	90.325	2814.556	229.375	0	0	6	9	9	0	0	0	0	2542	3459	0	0	-2	-2	-2	-2	-2	97	113	-2	-2	-2	-2	-2	-2	-2	176	185	-2	-2	-2	21	21	21	21	224	235	21	21	-1
1002002000	-2	2512	1593.444	896.865	60.429	25.839	151.429	10.377	170.5	57.099	1865.444	190.375	0	0	1	9	9	1552	2315	2101	2231	2512	1929	0	1703	-2	51	52	102	38	55	96	-2	29	-2	148	142	173	143	153	158	-2	143	-2	186	188	211	188	190	197	21	183	-1
1003003000	-2	2512	1289.556	947.269	61.833	27.661	153	10.408	149.625	74.699	1865.444	190.375	0	0	2	9	9	1553	0	2101	1959	2512	1780	0	1703	-2	51	-2	102	38	55	96	-2	29	-2	148	-2	173	143	153	158	-2	143	-2	186	21	211	188	190	197	21	183	-1
1001001000	-2	2596	1766.556	715.296	60.5	21.714	150.75	8.7	189.875	6.772	1750.444	189.5	0	0	0	9	9	1480	2273	1531	2215	2055	2084	2596	1667	-2	57	53	99	38	47	95	49	46	-2	158	145	166	142	153	158	142	142	-2	194	188	203	185	190	195	182	182	-1
1001001000	-2	2596	1766.556	715.296	60.5	21.714	150.75	8.7	189.875	6.772	1750.444	189.5	0	0	0	9	9	1480	2273	1531	2215	2055	2084	2596	1667	-2	57	53	99	38	47	95	49	46	-2	158	145	166	142	153	158	142	142	-2	194	188	203	185	190	195	182	182	-1
1001001000	-2	2233	1517.222	650.266	65.5	17.755	150.25	8.333	189.25	6.534	1612.889	188.875	0	0	0	9	9	943	2025	1480	1858	1824	2233	1923	1371	-2	57	55	97	39	62	90	64	60	-2	156	147	164	141	156	156	141	141	-2	191	189	201	184	193	194	181	181	-1
1001001000	-2	2233	1517.222	650.266	65.5	17.755	150.25	8.333	189.25	6.534	1612.889	188.875	0	0	0	9	9	943	2025	1480	1858	1824	2233	1923	1371	-2	57	55	97	39	62	90	64	60	-2	156	147	164	141	156	156	141	141	-2	191	189	201	184	193	194	181	181	-1
1002002000	-2	2255	1300.222	768.841	68.571	13.595	147.714	7.459	167.125	55.53	1652.667	187.125	0	0	1	9	9	1151	1953	1474	0	1800	2255	1838	1233	-2	57	60	93	-2	63	86	64	57	-2	151	146	160	-2	148	153	136	140	-2	188	189	198	21	190	192	179	180	-1
1002002000	-2	2255	1300.222	768.841	68.571	13.595	147.714	7.459	167.125	55.53	1652.667	187.125	0	0	1	9	9	1151	1953	1474	0	1800	2255	1838	1233	-2	57	60	93	-2	63	86	64	57	-2	151	146	160	-2	148	153	136	140	-2	188	189	198	21	190	192	179	180	-1
1001001000	-2	2217	1578.444	596.797	66.75	15.498	150.125	7.557	190.75	6.119	1682	190.625	0	0	0	9	9	1466	1965	1662	1617	1878	2217	1770	1633	-2	58	62	97	59	63	87	61	47	-2	151	147	163	151	156	154	138	141	-2	190	190	201	191	196	194	181	183	-1
1001001000	-2	2217	1578.444	596.797	66.75	15.498	150.125	7.557	190.75	6.119	1682	190.625	0	0	0	9	9	1466	1965	1662	1617	1878	2217	1770	1633	-2	58	62	97	59	63	87	61	47	-2	151	147	163	151	156	154	138	141	-2	190	190	201	191	196	194	181	183	-1
1001001000	-2	2467	1691.444	652.83	68.25	15.106	154.5	6.982	196.375	6.224	1810.667	196.375	0	0	0	9	9	1657	2467	1965	1576	2183	1788	1844	1745	-2	59	67	98	51	64	87	65	55	-2	153	155	166	154	160	159	146	143	-2	194	199	206	195	202	200	188	187	-1
1001001000	-2	2467	1691.444	652.83	68.25	15.106	154.5	6.982	196.375	6.224	1810.667	196.375	0	0	0	9	9	1657	2467	1965	1576	2183	1788	1844	1745	-2	59	67	98	51	64	87	65	55	-2	153	155	166	154	160	159	146	143	-2	194	199	206	195	202	200	188	187	-1
1001001000	-2	2577	1756.556	699.975	70.5	15.851	157.625	7.432	200.75	6.924	1904.778	200.75	0	0	0	9	9	2121	2577	1992	1462	2310	1582	1887	1880	-2	60	70	98	51	64	95	65	61	-2	161	161	168	156	161	162	148	144	-2	202	207	210	197	205	204	192	189	-1
1001001000	-2	2577	1756.556	699.975	70.5	15.851	157.625	7.432	200.75	6.924	1904.778	200.75	0	0	0	9	9	2121	2577	1992	1462	2310	1582	1887	1880	-2	60	70	98	51	64	95	65	61	-2	161	161	168	156	161	162	148	144	-2	202	207	210	197	205	204	192	189	-1
1001001000	-2	2322	1693.889	849.583	72.5	14.56	161.5	7.382	207.375	7.052	1790	207.375	0	0	0	9	9	2299	2228	2130	264	2322	1834	2002	2168	-2	62	71	95	60	65	99	61	67	-2	164	165	170	156	166	169	154	148	-2	207	214	214	201	213	214	201	195	-1
1002001000	-2	2267	1445.111	859.457	66.625	14.142	158.143	7.53	191.125	39.244	1634.889	191.125	0	0	1	9	9	2134	2267	0	881	2001	1876	1778	2071	-2	60	68	74	51	66	99	53	62	-2	154	163	-2	157	166	169	151	147	-2	202	212	89	202	214	216	199	195	-1
1002001000	-2	2267	1445.111	859.457	66.625	14.142	158.143	7.53	191.125	39.244	1634.889	191.125	0	0	1	9	9	2134	2267	0	881	2001	1876	1778	2071	-2	60	68	74	51	66	99	53	62	-2	154	163	-2	157	166	169	151	147	-2	202	212	89	202	214	216	199	195	-1
1001001000	-2	2151	1653.889	613.669	59.875	16.937	155.75	6.514	201.125	6.412	1944.778	201.125	0	0	0	9	9	2151	1948	1901	1450	1880	1686	1923	1948	-2	59	64	71	48	66	92	32	47	-2	152	159	162	155	160	165	147	146	-2	198	207	205	199	207	209	193	191	-1
1001001000	-2	591	414.889	161.579	17.375	5.765	125.5	10.654	178.25	7.031	2882.778	177.625	0	0	0	9	9	488	500	530	427	591	381	371	448	-2	15	13	17	30	22	10	17	15	-2	131	103	131	138	122	137	121	121	-2	182	163	185	184	177	185	176	174	-1
1001001000	-2	485	335.444	135.278	17.375	5.765	125.5	10.654	178.25	7.031	2882.778	177.625	0	0	0	9	9	429	391	426	339	485	310	260	381	-2	15	13	17	30	22	10	17	15	-2	131	103	131	138	122	137	121	121	-2	182	163	185	184	177	185	176	174	-1
1002002000	-2	483	198	140.266	118.429	8.069	180	4.375	191.75	64.749	2183.667	218.375	0	0	1	9	9	205	165	0	148	483	234	276	273	-2	118	105	-2	124	128	128	114	112	-2	185	178	-2	182	180	186	176	173	-2	218	211	21	216	222	225	213	208	-1
1003003000	-2	735	283	241.215	116.5	7.274	180	4.472	168.25	85.145	2175.222	220	0	0	2	9	9	735	290	0	0	452	278	289	505	-2	116	114	-2	-2	127	124	113	105	-2	186	180	-2	-2	179	185	177	173	-2	224	215	21	21	220	223	213	209	-1
1003003000	-2	4150	2222.333	1622.745	117.833	7.312	191	6.506	187.625	96.427	3218.556	241.875	0	0	2	9	9	3469	0	4150	0	3222	3303	3397	2462	-2	112	-2	126	-2	125	124	112	108	-2	192	-2	204	-2	183	191	189	187	-2	242	21	258	21	235	246	242	236	-1
1004004000	-2	3306	1655	1505.158	90.4	12.611	172.4	5.426	143.125	94.749	2607.556	218.875	0	0	3	9	9	2889	3154	0	0	3306	3236	0	2312	-2	94	73	-2	-2	91	111	-2	83	-2	173	173	-2	-2	171	181	-2	164	-2	216	219	21	21	216	226	21	205	-1
1001001000	-2	3259	2589	966.042	93	13.82	174.375	6.726	218.875	7.737	2607.556	218.875	0	0	0	9	9	2889	3154	2926	2547	3259	3236	3025	2267	-2	94	73	118	86	91	111	88	83	-2	173	173	187	177	171	181	169	164	-2	216	219	231	225	216	226	213	205	-1
1002002000	-2	2064	1474.333	805.303	49	22.709	138.714	13.833	160.625	53.796	1976.889	178.5	0	0	1	9	9	1666	1977	1951	2021	2034	2064	0	1558	-2	47	42	71	27	41	92	-2	23	-2	134	133	162	133	134	156	-2	119	-2	175	178	200	178	173	194	21	166	-1
1002002000	-2	2064	1474.333	805.303	49	22.709	138.714	13.833	160.625	53.796	1976.889	178.5	0	0	1	9	9	1666	1977	1951	2021	2034	2064	0	1558	-2	47	42	71	27	41	92	-2	23	-2	134	133	162	133	134	156	-2	119	-2	175	178	200	178	173	194	21	166	-1
1003002000	-2	2571	1354.333	989.052	51.429	19.949	137.5	7.61	147.875	57.067	1681.111	166	0	0	2	9	9	1699	1982	0	2571	1686	2141	0	2112	-2	50	49	71	33	43	88	-2	26	-2	135	131	-2	137	135	154	-2	133	-2	178	176	86	181	175	191	21	175	-1
1003002000	-2	2571	1354.333	989.052	51.429	19.949	137.5	7.61	147.875	57.067	1681.111	166	0	0	2	9	9	1699	1982	0	2571	1686	2141	0	2112	-2	50	49	71	33	43	88	-2	26	-2	135	131	-2	137	135	154	-2	133	-2	178	176	86	181	175	191	21	175	-1
1001001000	-2	2240	1651.444	653.903	55.5	19.551	141	10.235	182.875	8.81	1705.667	182.5	0	0	0	9	9	1798	1905	1301	2057	1438	2136	2240	1990	-2	51	51	88	38	45	89	40	42	-2	137	135	161	139	137	155	130	134	-2	178	180	200	182	178	195	175	175	-1
1001001000	-2	2240	1651.444	653.903	55.5	19.551	141	10.235	182.875	8.81	1705.667	182.5	0	0	0	9	9	1798	1905	1301	2057	1438	2136	2240	1990	-2	51	51	88	38	45	89	40	42	-2	137	135	161	139	137	155	130	134	-2	178	180	200	182	178	195	175	175	-1
1003002000	-2	2263	1386.778	987.597	52.143	17.956	133	8.563	145.625	55.7	1693.444	165.25	0	0	2	9	9	1867	1972	0	0	2020	2206	2263	2155	-2	51	49	71	-2	42	85	31	36	-2	138	129	-2	-2	135	148	126	122	-2	179	175	87	21	177	188	170	168	-1
1003002000	-2	2263	1387.222	987.887	52.143	17.956	133	8.563	145.625	55.7	1693.444	165.25	0	0	2	9	9	1867	1974	0	0	2021	2206	2263	2156	-2	51	49	71	-2	42	85	31	36	-2	138	129	-2	-2	135	148	126	122	-2	179	175	87	21	177	188	170	168	-1
1002001000	-2	2253	1572.889	854.667	48.5	21.708	136.143	7.882	168.125	30.86	1645.444	168.25	0	0	1	9	9	1889	1883	0	1767	2253	2149	2014	2203	-2	52	52	73	39	38	86	11	37	-2	141	134	-2	138	138	150	127	125	-2	181	178	88	182	182	191	173	170	-1
1002001000	-2	2253	1572.889	854.667	48.5	21.708	136.143	7.882	168.125	30.86	1645.444	168.25	0	0	1	9	9	1889	1883	0	1767	2253	2149	2014	2203	-2	52	52	73	39	38	86	11	37	-2	141	134	-2	138	138	150	127	125	-2	181	178	88	182	182	191	173	170	-1
1002001000	-2	2110	1512.778	819.756	50.5	21.325	140.429	7.423	173.375	32.741	1580.111	173.375	0	0	1	9	9	2061	2030	0	1789	1996	1969	1662	2110	-2	57	54	73	44	39	85	10	42	-2	146	138	-2	138	141	155	131	134	-2	188	184	88	185	188	197	178	179	-1
1002001000	-2	2110	1513.222	819.967	50.5	21.325	140.429	7.423	173.375	32.741	1580.111	173.375	0	0	1	9	9	2062	2030	0	1791	1996	1970	1662	2110	-2	57	54	73	44	39	85	10	42	-2	146	138	-2	138	141	155	131	134	-2	188	184	88	185	188	197	178	179	-1
1002001000	-2	2149	1472.111	812.426	52.25	21.111	146	8.485	179.375	34.688	1561.111	179.375	0	0	1	9	9	1982	1896	0	1580	2057	2149	1527	2060	-2	58	56	73	46	46	86	10	43	-2	150	144	-2	149	145	162	133	139	-2	194	192	89	194	194	204	182	186	-1
1002001000	-2	2149	1472.111	812.426	52.25	21.111	146	8.485	179.375	34.688	1561.111	179.375	0	0	1	9	9	1982	1896	0	1580	2057	2149	1527	2060	-2	58	56	73	46	46	86	10	43	-2	150	144	-2	149	145	162	133	139	-2	194	192	89	194	194	204	182	186	-1
1002001000	-2	2100	1228.667	751.895	49.875	21.098	145.286	7.959	179.875	34.898	1364.556	179.875	0	0	1	9	9	1715	1024	0	948	2100	1971	1510	1792	-2	54	53	71	40	45	85	9	42	-2	147	146	-2	145	144	162	135	138	-2	193	195	89	192	194	206	184	186	-1
1002001000	-2	2100	1228.667	751.895	49.875	21.098	145.286	7.959	179.875	34.898	1364.556	179.875	0	0	1	9	9	1715	1024	0	948	2100	1971	1510	1792	-2	54	53	71	40	45	85	9	42	-2	147	146	-2	145	144	162	135	138	-2	193	195	89	192	194	206	184	186	-1
1001001000	-2	2161	1523.667	586.244	51	21.296	148.75	8.786	195.875	7.407	1777	195.875	0	0	0	9	9	1765	1346	1914	1545	2161	1823	1682	1479	-2	53	51	72	45	47	88	10	42	-2	148	147	161	151	143	163	136	141	-2	195	197	205	196	194	208	184	188	-1
1001001000	-2	2161	1523.667	586.244	51	21.296	148.75	8.786	195.875	7.407	1777	195.875	0	0	0	9	9	1765	1346	1914	1545	2161	1823	1682	1479	-2	53	51	72	45	47	88	10	42	-2	148	147	161	151	143	163	136	141	-2	195	197	205	196	194	208	184	188	-1
1001001000	-2	648	300	207.035	15.625	5.872	120.875	8.95	197.875	8.022	4001.222	196.25	0	0	0	9	9	306	97	648	94	436	504	187	430	-2	12	11	20	28	19	9	13	13	-2	126	103	128	133	120	126	113	118	-2	203	182	208	207	192	199	194	198	-1
1001001000	-2	432	244.333	121.212	22.375	5.589	119.75	9.922	164.75	7.172	2454.667	163.5	0	0	0	9	9	293	273	432	105	333	252	204	309	-2	23	20	28	32	25	13	18	20	-2	120	102	127	130	119	133	108	119	-2	167	152	176	169	164	171	158	161	-1
1001001000	-2	3339	2401.444	919.172	108.25	8.729	181.125	5.51	227.25	5.117	2855.778	227.25	0	0	0	9	9	2784	3339	3053	2434	2275	2443	2991	2296	-2	105	105	124	103	115	114	107	93	-2	178	185	193	179	177	184	175	178	-2	227	230	238	222	226	230	224	221	-1
1001001000	-2	3339	2401.444	919.172	108.25	8.729	181.125	5.51	227.25	5.117	2855.778	227.25	0	0	0	9	9	2784	3339	3053	2434	2275	2443	2991	2296	-2	105	105	124	103	115	114	107	93	-2	178	185	193	179	177	184	175	178	-2	227	230	238	222	226	230	224	221	-1
1001001000	-2	2631	2114.556	789.27	82.875	16.534	165.875	6.79	208.125	6.547	2159.333	208.125	0	0	0	9	9	2432	2598	2315	2187	2631	2562	2526	1782	-2	79	69	114	70	81	107	72	71	-2	164	164	179	163	164	175	159	159	-2	204	208	221	210	204	215	203	200	-1
1001001000	-2	2631	2114.556	789.27	82.875	16.534	165.875	6.79	208.125	6.547	2159.333	208.125	0	0	0	9	9	2432	2598	2315	2187	2631	2562	2526	1782	-2	79	69	114	70	81	107	72	71	-2	164	164	179	163	164	175	159	159	-2	204	208	221	210	204	215	203	200	-1
1002002000	-2	2523	1787.111	969.119	40.571	15.674	131.143	13.239	156.125	51.979	2186.556	173.375	0	0	1	9	9	2396	2523	2478	2272	2337	2079	0	2001	-2	45	39	59	19	38	63	-2	21	-2	129	129	156	119	126	144	-2	115	-2	172	174	196	168	168	185	21	165	-1
1002002000	-2	2523	1712.889	937.93	40.571	15.674	131.143	13.239	156.125	51.979	2186.556	173.375	0	0	1	9	9	2154	2523	2478	2191	2200	2079	0	1793	-2	45	39	59	19	38	63	-2	21	-2	129	129	156	119	126	144	-2	115	-2	172	174	196	168	168	185	21	165	-1
1002001000	-2	2341	1574.778	873.647	40.125	19.675	125.286	8.647	159	27.924	1736.222	158.875	0	0	1	9	9	2206	2341	0	1960	2287	1955	1514	1912	-2	46	41	59	21	38	78	17	21	-2	128	128	-2	119	125	143	120	114	-2	171	172	87	167	168	183	163	161	-1
1002001000	-2	2341	1574.778	873.647	40.125	19.675	125.286	8.647	159	27.924	1736.222	158.875	0	0	1	9	9	2206	2341	0	1960	2287	1955	1514	1912	-2	46	41	59	21	38	78	17	21	-2	128	128	-2	119	125	143	120	114	-2	171	172	87	167	168	183	163	161	-1
1002001000	-2	2145	1322.889	760.977	40.375	19.78	126	9.592	160.125	27.746	1598.333	160	0	0	1	9	9	1477	2035	0	1267	2145	1343	1842	1799	-2	46	43	55	27	35	81	15	21	-2	129	128	-2	120	125	146	121	113	-2	172	172	89	168	168	186	165	161	-1
1001001000	-2	2308	1609.111	636.634	37.875	20.883	126.375	13.009	170.5	9.785	1733.778	170.375	0	0	0	9	9	1354	2308	1650	1583	1995	1674	2180	1740	-2	45	43	55	19	25	80	14	22	-2	128	126	148	114	123	145	118	109	-2	170	171	187	164	167	185	162	158	-1
1001001000	-2	2308	1609.111	636.634	37.875	20.883	126.375	13.009	170.5	9.785	1733.778	170.375	0	0	0	9	9	1354	2308	1650	1583	1995	1674	2180	1740	-2	45	43	55	19	25	80	14	22	-2	128	126	148	114	123	145	118	109	-2	170	171	187	164	167	185	162	158	-1
1003001000	-2	2164	1247.444	911.097	37.375	24.062	127.333	10.044	143.875	52.71	1408.111	143.875	0	0	2	9	9	1530	2128	0	1545	0	1732	2164	2130	-2	46	44	63	27	8	80	8	23	-2	131	128	-2	122	-2	147	119	117	-2	174	173	89	170	26	188	166	165	-1
1003001000	-2	2164	1247.444	911.097	37.375	24.062	127.333	10.044	143.875	52.71	1408.111	143.875	0	0	2	9	9	1530	2128	0	1545	0	1732	2164	2130	-2	46	44	63	27	8	80	8	23	-2	131	128	-2	122	-2	147	119	117	-2	174	173	89	170	26	188	166	165	-1
1002001000	-2	2242	1491.444	834.637	37.375	22.045	129.286	9.129	165.125	29.489	1773	165.125	0	0	1	9	9	1492	1975	0	1503	2112	1990	2111	2242	-2	46	45	56	29	11	78	8	26	-2	132	130	-2	124	129	149	122	119	-2	178	176	89	174	175	191	170	168	-1
1002001000	-2	2242	1439.556	810.852	37.375	22.045	129.286	9.129	165.125	29.489	1773	165.125	0	0	1	9	9	1400	1975	0	1442	1999	1932	1968	2242	-2	46	45	56	29	11	78	8	26	-2	132	130	-2	124	129	149	122	119	-2	178	176	89	174	175	191	170	168	-1
1001001000	-2	2494	1787.111	690.522	40.875	22.054	138.25	10.232	185.125	8.506	2061.333	185.125	0	0	0	9	9	1673	1877	2067	1637	2494	2004	1909	2425	-2	45	49	63	35	16	80	9	30	-2	136	134	156	137	134	154	127	128	-2	183	182	199	185	184	198	175	175	-1
1001001000	-2	2494	1787.111	690.522	40.875	22.054	138.25	10.232	185.125	8.506	2061.333	185.125	0	0	0	9	9	1673	1877	2067	1637	2494	2004	1909	2425	-2	45	49	63	35	16	80	9	30	-2	136	134	156	137	134	154	127	128	-2	183	182	199	185	184	198	175	175	-1
1001001000	-2	2472	1810.444	711.479	38.375	19.773	134	11.969	181.75	9.484	2005.333	181.75	0	0	0	9	9	1725	1884	2012	1431	2413	2165	2194	2472	-2	43	45	52	29	18	77	9	34	-2	132	133	154	128	132	152	118	123	-2	180	181	197	177	182	196	169	172	-1
1001001000	-2	2472	1810.444	711.479	38.375	19.773	134	11.969	181.75	9.484	2005.333	181.75	0	0	0	9	9	1725	1884	2012	1431	2413	2165	2194	2472	-2	43	45	52	29	18	77	9	34	-2	132	133	154	128	132	152	118	123	-2	180	181	197	177	182	196	169	172	-1
1001001000	-2	2376	1773.333	709.694	33.5	19.013	131.625	12.815	179.125	9.905	1888.222	179.125	0	0	0	9	9	1782	1672	2286	1292	2376	2232	2128	2194	-2	34	42	31	27	17	77	9	31	-2	124	133	152	128	129	152	116	119	-2	174	181	194	176	178	195	167	168	-1
1003003000	-2	805	297.444	304.305	16.667	7.11	96	12.166	115.25	55.504	2614.333	142.75	0	0	2	9	9	547	42	588	0	563	805	134	0	-2	11	9	30	-2	18	20	12	-2	-2	100	82	113	-2	89	109	83	-2	-2	149	131	165	21	141	160	134	21	-1
1003003000	-2	805	297.444	304.305	16.667	7.11	96	12.166	115.25	55.504	2614.333	142.75	0	0	2	9	9	547	42	588	0	563	805	134	0	-2	11	9	30	-2	18	20	12	-2	-2	100	82	113	-2	89	109	83	-2	-2	149	131	165	21	141	160	134	21	-1
1001001000	-2	2408	1025.444	793.146	67.875	22.464	149.875	8.238	188.875	8.146	2038.222	188.875	0	0	0	9	9	2408	2208	510	1102	282	1274	386	1061	-2	76	53	102	57	61	98	67	29	-2	156	148	164	150	142	157	145	137	-2	195	190	202	188	176	196	184	180	-1
1001001000	-2	2957	1808.444	793.309	50.625	15.953	142.25	8.771	186.75	7.965	2073.556	186.5	0	0	0	9	9	1962	1775	2957	2497	1317	1978	1520	2272	-2	52	46	73	39	46	76	49	24	-2	137	136	159	137	140	155	140	134	-2	183	182	202	187	180	198	181	181	-1
1001001000	-2	2558	2017.222	760.832	32.75	11.808	124.25	12.296	169.5	10.173	2157.556	169	0	0	0	9	9	2539	2558	2462	2128	2217	2336	1635	2282	-2	43	38	47	18	34	45	17	20	-2	125	121	146	117	123	140	117	105	-2	170	167	188	166	166	183	160	156	-1
1001001000	-2	2449	1896.222	739.066	32.875	11.826	124.375	12.288	169.5	10.173	2157.556	169	0	0	0	9	9	2265	2449	2427	2119	2207	2009	1343	2249	-2	43	38	47	18	35	45	17	20	-2	125	121	146	117	124	140	117	105	-2	170	167	188	166	166	183	160	156	-1
1001001000	-2	2167	1659.111	615.017	29.25	11.009	116.5	12.659	162.75	9.484	1680.444	162.625	0	0	0	9	9	1825	2046	1778	1551	2061	2167	1704	1802	-2	42	35	42	18	29	38	14	16	-2	118	117	137	108	118	133	101	100	-2	165	163	178	161	162	174	149	150	-1
1001001000	-2	2167	1659.111	615.017	29.25	11.009	116.5	12.659	162.75	9.484	1680.444	162.625	0	0	0	9	9	1825	2046	1778	1551	2061	2167	1704	1802	-2	42	35	42	18	29	38	14	16	-2	118	117	137	108	118	133	101	100	-2	165	163	178	161	162	174	149	150	-1
1001001000	-2	2124	1522.667	608.074	27	12.176	112.125	11.826	159.125	8.667	1625.111	159.125	0	0	0	9	9	1590	1813	1739	1619	1045	2124	1860	1916	-2	41	37	41	17	17	37	12	14	-2	110	114	130	105	107	132	99	100	-2	157	160	172	158	156	173	148	149	-1
1001001000	-2	2056	1381.667	578.61	27	12.176	112.125	11.826	159.125	8.667	1625.111	159.125	0	0	0	9	9	1548	1724	1595	1261	929	2056	1466	1858	-2	41	37	41	17	17	37	12	14	-2	110	114	130	105	107	132	99	100	-2	157	160	172	158	156	173	148	149	-1
1001001000	-2	1923	1240.333	665.001	24.875	13.642	111.5	11.281	158.75	8.166	1549.111	158.625	0	0	0	9	9	1531	1666	1552	1399	122	1923	1161	1811	-2	39	35	41	17	7	37	7	16	-2	111	113	129	106	103	130	100	100	-2	159	157	172	159	153	171	150	149	-1
1001001000	-2	2000	1407.889	735.293	24.875	13.642	111.5	11.281	158.75	8.166	1549.111	158.625	0	0	0	9	9	1502	1728	1735	1836	112	2000	1860	1900	-2	39	35	41	17	7	37	7	16	-2	111	113	129	106	103	130	100	100	-2	159	157	172	159	153	171	150	149	-1
1001001000	-2	2031	1404.333	768.258	24.75	12.527	111.875	11.942	156.75	13.8	1547	156.75	0	0	1	9	9	1410	1894	1743	1922	0	2031	1836	1805	-2	35	36	38	18	7	37	7	20	-2	112	113	129	104	103	133	101	100	-2	160	158	172	159	127	175	152	151	-1
1001001000	-2	2031	1404.333	768.258	24.75	12.527	111.875	11.942	156.75	13.8	1547	156.75	0	0	1	9	9	1410	1894	1743	1922	0	2031	1836	1805	-2	35	36	38	18	7	37	7	20	-2	112	113	129	104	103	133	101	100	-2	160	158	172	159	127	175	152	151	-1
1001001000	-2	1956	1364.111	741.276	23.875	11.185	114.375	11.81	160.125	13.869	1531.111	160.125	0	0	1	9	9	1471	1866	1681	1863	0	1739	1956	1703	-2	33	37	37	18	8	29	8	21	-2	116	115	131	108	105	135	102	103	-2	166	161	175	161	130	178	156	154	-1
1001001000	-2	1956	1364.111	741.276	23.875	11.185	114.375	11.81	160.125	13.869	1531.111	160.125	0	0	1	9	9	1471	1866	1681	1863	0	1739	1956	1703	-2	33	37	37	18	8	29	8	21	-2	116	115	131	108	105	135	102	103	-2	166	161	175	161	130	178	156	154	-1
1002001000	-2	1830	1299.333	703.364	23.75	10.744	118.857	13.054	153.75	36.612	1512.778	153.75	0	0	1	9	9	1507	1830	1797	1492	0	1732	1688	1650	-2	24	39	31	19	10	37	8	22	-2	117	118	136	111	-2	140	104	106	-2	168	163	180	163	60	183	157	156	-1
1002001000	-2	1888	1365.111	734.73	23.75	10.744	118.857	13.054	153.75	36.612	1512.778	153.75	0	0	1	9	9	1621	1888	1798	1739	0	1732	1858	1652	-2	24	39	31	19	10	37	8	22	-2	117	118	136	111	-2	140	104	106	-2	168	163	180	163	60	183	157	156	-1
1001001000	-2	2069	1412	750.91	20.625	8.703	113.375	12.318	162.875	8.343	1564.667	162.875	0	0	0	9	9	1952	1921	1700	1665	66	2069	1706	1631	-2	18	36	24	20	9	28	8	22	-2	110	117	131	106	105	135	100	103	-2	162	162	175	159	158	178	154	155	-1
1001001000	-2	834	377.556	264.232	17.375	5.43	103.125	10.517	145	8.675	2040.667	145.5	0	0	0	9	9	275	718	293	360	585	241	834	94	-2	22	17	24	10	25	12	17	12	-2	106	96	118	100	95	121	100	89	-2	148	140	158	142	141	158	142	131	-1
1002002000	-2	2570	1515	920.843	45.857	12.688	136	8.298	161.5	53.477	2160.111	180.25	0	0	1	9	9	2346	1602	2305	2570	1067	1607	0	2140	-2	50	42	66	40	43	57	-2	23	-2	134	135	147	135	133	147	-2	121	-2	180	180	191	184	173	190	21	173	-1
1001001000	-2	2336	1696.778	700.525	25.125	9.13	110.125	11.72	157	9.179	1863.778	156.5	0	0	0	9	9	1867	2209	2021	1374	2089	2336	1205	2172	-2	38	32	36	16	27	24	14	14	-2	108	114	131	103	108	124	100	93	-2	158	160	173	156	154	166	146	143	-1
1001001000	-2	2398	1783.667	728.148	25.125	9.13	110.125	11.72	157	9.179	1863.778	156.5	0	0	0	9	9	2111	2398	2033	1378	2101	2367	1372	2295	-2	38	32	36	16	27	24	14	14	-2	108	114	131	103	108	124	100	93	-2	158	160	173	156	154	166	146	143	-1
1001001000	-2	2128	1634.444	607.944	20.875	7.623	103.25	12.255	151	8.888	1644.333	151.125	0	0	0	9	9	2128	1828	1679	1593	1587	1963	1840	2094	-2	32	31	24	15	18	24	12	11	-2	105	109	121	92	99	121	92	87	-2	153	154	165	148	147	162	142	137	-1
1001001000	-2	2128	1634.444	607.944	20.875	7.623	103.25	12.255	151	8.888	1644.333	151.125	0	0	0	9	9	2128	1828	1679	1593	1587	1963	1840	2094	-2	32	31	24	15	18	24	12	11	-2	105	109	121	92	99	121	92	87	-2	153	154	165	148	147	162	142	137	-1
1001001000	-2	2032	1525.778	574.405	17.125	7.079	98.5	10.77	146	7.81	1595.222	146	0	0	0	9	9	1776	1884	2032	1592	1339	1555	1676	1880	-2	23	27	22	15	9	23	7	11	-2	99	103	115	91	96	113	89	82	-2	147	148	159	145	144	154	139	132	-1
1001001000	-2	1876	1415.333	552.811	17.5	6.595	98.625	10.665	146.125	7.705	1595.222	146	0	0	0	9	9	1650	1869	1876	1143	1330	1567	1492	1813	-2	23	27	22	15	9	23	10	11	-2	99	103	115	91	96	113	90	82	-2	147	148	159	145	144	154	140	132	-1
1001001000	-2	2032	1388.444	619.076	16.875	7.557	99	9.95	146.875	7.322	1540.333	146.875	0	0	0	9	9	1623	1833	2032	1606	647	1341	1557	1859	-2	22	28	22	15	6	23	7	12	-2	99	103	115	92	94	113	90	86	-2	148	147	159	146	144	156	140	135	-1
1001001000	-2	2032	1388.444	619.076	16.875	7.557	99	9.95	146.875	7.322	1540.333	146.875	0	0	0	9	9	1623	1833	2032	1606	647	1341	1557	1859	-2	22	28	22	15	6	23	7	12	-2	99	103	115	92	94	113	90	86	-2	148	147	159	146	144	156	140	135	-1
1001001000	-2	2097	1457.667	699.898	16.625	7.21	99.5	10.583	148.375	7.841	1577	148.375	0	0	0	9	9	2013	1751	2097	1718	411	1438	1780	1913	-2	20	27	22	16	6	23	7	12	-2	99	101	116	91	93	117	90	89	-2	149	147	162	145	143	160	142	139	-1
1001001000	-2	2252	1498.889	752.525	15.625	6.594	100.125	11.263	149.5	8.231	1580.333	149.5	0	0	0	9	9	2252	1721	2131	1850	300	1513	1826	1899	-2	16	27	17	16	7	23	7	12	-2	96	102	117	93	94	120	89	90	-2	148	148	163	147	145	163	142	140	-1
1001001000	-2	2252	1498.889	752.525	15.625	6.594	100.125	11.263	149.5	8.231	1580.333	149.5	0	0	0	9	9	2252	1721	2131	1850	300	1513	1826	1899	-2	16	27	17	16	7	23	7	12	-2	96	102	117	93	94	120	89	90	-2	148	148	163	147	145	163	142	140	-1
1001001000	-2	2378	1474.222	771.716	16.375	6.945	99.875	12.036	150.125	8.477	1539.111	150.125	0	0	0	9	9	2378	1684	2060	1848	198	1637	1577	1888	-2	15	28	20	17	8	24	7	12	-2	97	101	116	94	94	122	84	91	-2	150	148	162	149	146	165	139	142	-1
1001001000	-2	2378	1474.222	771.716	16.375	6.945	99.875	12.036	150.125	8.477	1539.111	150.125	0	0	0	9	9	2378	1684	2060	1848	198	1637	1577	1888	-2	15	28	20	17	8	24	7	12	-2	97	101	116	94	94	122	84	91	-2	150	148	162	149	146	165	139	142	-1
1001001000	-2	975	347.222	280.182	19.25	4.465	106.75	8.671	150	6.982	2016.222	150	0	0	0	9	9	334	975	199	218	421	283	615	82	-2	22	19	28	15	23	16	17	14	-2	108	107	119	103	97	119	108	93	-2	150	151	161	145	143	158	153	139	-1
1001001000	-2	2613	1974.556	765.285	30.625	6.981	120.625	7.809	167.25	6.119	2404.556	167	0	0	0	9	9	2548	2613	2343	2228	1690	1859	1941	2551	-2	35	36	41	35	31	24	23	20	-2	118	129	131	116	122	126	118	105	-2	167	174	174	169	163	173	162	156	-1
1002002000	-2	2388	1573.889	883.602	17.143	3.27	97.286	9.035	129.375	41.452	1867.444	142.75	0	0	1	9	9	2193	2196	2120	1596	2388	1524	0	2150	-2	20	19	20	15	15	20	-2	11	-2	95	103	109	88	98	106	-2	82	-2	146	149	154	142	143	149	21	131	-1
1002002000	-2	2386	1572.333	883.659	17.143	3.27	97.286	9.035	129.375	41.452	1867.444	142.75	0	0	1	9	9	2225	2185	2110	1611	2386	1500	0	2136	-2	20	19	20	15	15	20	-2	11	-2	95	103	109	88	98	106	-2	82	-2	146	149	154	142	143	149	21	131	-1
1001001000	-2	2237	1595.333	665.286	12.75	3.631	87.625	8.901	135.75	6.887	1603.556	135.75	0	0	0	9	9	2109	1839	2237	1560	1817	943	1913	1942	-2	16	17	15	13	9	16	7	9	-2	88	92	103	80	85	98	78	77	-2	137	140	148	131	133	142	129	126	-1
1003003000	-2	957	270.556	337.551	10.333	4.534	71.167	7.493	97	46.76	2888.333	129	0	0	3	9	9	212	0	0	577	70	621	957	0	-2	8	10	-2	6	10	20	8	-2	-2	73	68	-2	65	67	87	67	-2	-2	136	91	21	123	110	150	124	21	-1
1001001000	-2	1275	593.222	464.031	8	1.5	67.875	5.254	114	6.461	2014.444	115.5	0	0	0	9	9	686	830	50	1275	163	1056	1062	219	-2	8	10	9	6	10	6	8	7	-2	73	67	74	64	63	74	69	59	-2	119	115	109	112	109	127	116	105	-1
1001001000	-2	2218	874.778	588.048	8.5	1.225	73.875	4.807	124.875	5.51	2306.889	124.875	0	0	0	9	9	780	2218	330	994	543	877	1200	933	-2	8	8	10	7	11	8	8	8	-2	77	70	81	70	71	81	73	68	-2	127	125	131	121	120	134	125	116	-1
1001001000	-2	2004	770.667	581.747	20.875	3.257	118.375	5.936	166.5	6.164	2575.889	166.5	0	0	0	9	9	684	1424	427	450	1015	586	2004	348	-2	22	24	25	19	24	20	18	15	-2	119	121	126	116	114	124	121	106	-2	168	167	173	163	163	169	175	154	-1
1001001000	-2	2887	2113.444	827.934	23.125	8.054	115.75	8.828	166	6	2519.778	166	0	0	0	9	9	1784	2887	2102	2558	2325	2490	1996	2881	-2	23	34	24	37	14	21	13	19	-2	112	130	126	113	119	118	103	105	-2	165	177	170	170	164	166	159	157	-1
1001001000	-2	2477	1904.333	704.825	24.75	7.327	116	8.944	166.25	5.953	2519.778	166	0	0	0	9	9	1857	2459	2034	2477	2028	1923	2262	2101	-2	23	34	24	37	27	21	13	19	-2	112	130	126	113	121	118	103	105	-2	165	177	170	170	166	166	159	157	-1
1001001000	-2	2155	1429	658.603	12.125	3.018	86.125	8.447	133.375	7.449	2058.111	133.375	0	0	0	9	9	1550	1936	1390	1805	2112	998	917	2155	-2	11	15	14	14	13	15	6	9	-2	86	94	99	79	86	94	77	74	-2	134	142	144	130	133	138	125	121	-1
