1001001000	-2	1318	421.444	439.925	17.625	4.121	96.625	4.386	159.25	39.752	12880.111	199.25	0	0	3	9	9	1318	0	0	0	645	532	822	478	-2	15	13	12	17	22	19	18	25	-2	89	92	93	102	99	99	98	101	-2	200	113	112	125	183	183	221	137	-1
1001001000	-2	804	360.222	273.975	19	4.123	92.75	3.666	157.875	24.101	13307	173.875	0	0	1	9	9	804	339	0	329	507	766	302	197	-2	19	13	14	17	24	22	18	25	-2	89	87	90	94	98	95	97	92	-2	173	156	109	182	166	181	166	130	-1
1001001000	-2	10941	7862.333	3328.594	12.875	4.91	82.25	4.71	159.125	18.698	14473.556	161.875	0	0	0	9	9	9688	9468	5476	10941	10413	10710	7664	6403	-2	22	10	8	11	16	18	7	11	-2	85	79	80	79	89	89	82	75	-2	170	164	138	153	192	177	139	140	-1
1001001000	-2	10941	7862.333	3328.594	12.875	4.91	82.25	4.71	159.125	18.698	14473.556	161.875	0	0	0	9	9	9688	9468	5476	10941	10413	10710	7664	6403	-2	22	10	8	11	16	18	7	11	-2	85	79	80	79	89	89	82	75	-2	170	164	138	153	192	177	139	140	-1
1001001000	-2	12909	8772.667	3588.774	13.125	4.594	81.875	4.649	157.25	18.899	13940	158.75	0	0	0	9	9	8929	8816	8837	12909	12300	9708	6672	10785	-2	22	10	11	12	15	18	7	10	-2	86	77	81	79	88	88	81	75	-2	170	151	144	153	192	176	136	136	-1
1001001000	-2	13136	8874.111	3676.501	13.125	4.594	81.875	4.649	157.25	18.899	13940	158.75	0	0	0	9	9	8952	8816	8887	13136	12704	9714	6672	10988	-2	22	10	11	12	15	18	7	10	-2	86	77	81	79	88	88	81	75	-2	170	151	144	153	192	176	136	136	-1
1001001000	-2	10161	5462.667	2638.226	13.5	4.472	80.5	4.301	149.25	12.183	13287.222	148.625	0	0	0	9	9	6247	6076	7112	10161	4878	3789	4064	6839	-2	22	10	14	12	15	18	8	9	-2	85	76	80	78	86	84	82	73	-2	170	141	141	143	160	159	150	130	-1
1001001000	-2	10161	5462.667	2638.226	13.5	4.472	80.5	4.301	149.25	12.183	13287.222	148.625	0	0	0	9	9	6247	6076	7112	10161	4878	3789	4064	6839	-2	22	10	14	12	15	18	8	9	-2	85	76	80	78	86	84	82	73	-2	170	141	141	143	160	159	150	130	-1
1001001000	-2	9589	4288.333	2626.972	13.375	4.554	79.875	3.756	147.875	11.241	13100.778	147.375	0	0	0	9	9	4729	4432	6325	9589	1483	2868	3818	5353	-2	22	10	16	12	14	17	8	8	-2	85	77	80	79	82	83	81	72	-2	170	149	141	144	145	154	152	128	-1
1001001000	-2	5616	3096.333	1859.006	13.375	4.554	79.875	3.756	145.25	13.962	13100.778	147.375	0	0	0	9	9	3754	3889	5616	5324	927	2045	1870	4444	-2	22	10	16	12	14	17	8	8	-2	85	77	80	79	82	83	81	72	-2	170	149	141	123	145	154	152	128	-1
1001001000	-2	6175	3963.222	1955.797	12.875	4.371	80.125	4.226	148.875	13.129	12596.889	148.375	0	0	0	9	9	4959	4543	5333	6175	1549	3476	3577	6059	-2	22	10	15	11	14	15	8	8	-2	86	80	80	81	81	81	82	70	-2	171	164	142	147	145	145	152	125	-1
1001001000	-2	859	276.222	328.312	18.5	3.808	112.25	6.629	176.375	42.296	7032.333	196	0	0	3	9	9	859	0	622	43	301	663	0	0	-2	18	14	14	16	22	22	17	25	-2	103	114	105	116	125	107	114	114	-2	199	138	269	159	192	181	136	137	-1
1001001000	-2	1222	637.111	323.084	19.625	4.357	95.75	4.576	177.5	6.856	13460.444	177.5	0	0	0	9	9	1222	324	733	619	606	696	914	622	-2	20	13	17	16	25	23	17	26	-2	89	89	94	99	102	95	100	98	-2	187	175	171	183	166	181	173	184	-1
1001001000	-2	5431	1131.667	1582.906	20.875	4.226	96.125	4.729	151.875	19.173	12252	167.5	0	0	0	9	9	835	1622	495	651	322	5431	675	156	-2	24	14	18	16	26	24	20	25	-2	94	90	98	97	99	101	102	88	-2	159	148	147	129	166	181	166	119	-1
1001001000	-2	11107	3256	3108.512	20.875	3.919	96.625	5.171	157.75	21.902	12030.333	167.625	0	0	1	9	9	3283	1909	2872	4472	2438	11107	3225	0	-2	25	14	22	15	25	21	23	22	-2	94	93	101	98	97	103	101	86	-2	159	149	171	163	166	183	166	105	-1
1001001000	-2	11107	3256	3108.512	20.875	3.919	96.625	5.171	157.75	21.902	12030.333	167.625	0	0	1	9	9	3283	1909	2872	4472	2438	11107	3225	0	-2	25	14	22	15	25	21	23	22	-2	94	93	101	98	97	103	101	86	-2	159	149	171	163	166	183	166	105	-1
1001001000	-2	12540	9947.222	3648.206	16	4.123	95.125	5.207	174.25	7.98	10851.889	174.25	0	0	0	9	9	11758	12540	11397	10440	11719	9875	9577	12221	-2	24	12	11	14	20	17	13	17	-2	94	92	92	97	98	102	101	85	-2	170	170	172	168	192	182	167	173	-1
1001001000	-2	14981	11415.111	4411.316	12.25	4.38	81.75	3.832	157.875	12.293	13844.222	157.875	0	0	0	9	9	12711	13863	8170	13501	14981	13202	13523	12787	-2	21	11	7	11	16	14	7	11	-2	84	80	80	81	88	84	83	74	-2	170	164	140	154	168	170	160	137	-1
1001001000	-2	14981	11415.111	4411.316	12.25	4.38	81.75	3.832	157.875	12.293	13844.222	157.875	0	0	0	9	9	12711	13863	8170	13501	14981	13202	13523	12787	-2	21	11	7	11	16	14	7	11	-2	84	80	80	81	88	84	83	74	-2	170	164	140	154	168	170	160	137	-1
1001001000	-2	12646	8704.444	3594.844	12	4.031	78.75	3.455	143	11.747	12850.889	143	0	0	0	9	9	9663	7208	6922	12646	11622	10380	11401	8500	-2	20	10	9	11	15	15	7	9	-2	82	76	77	78	83	81	81	72	-2	167	139	131	143	145	145	149	125	-1
1001001000	-2	13162	8920	3741.631	12	4.031	78.75	3.455	143	11.747	12850.889	143	0	0	0	9	9	9947	7207	6912	13162	12208	10523	11561	8762	-2	20	10	9	11	15	15	7	9	-2	82	76	77	78	83	81	81	72	-2	167	139	131	143	145	145	149	125	-1
1001001000	-2	12965	7552	3392.439	11.875	3.951	78.125	4.045	140.875	10.822	11834	140.625	0	0	0	9	9	7257	7102	6472	12965	9136	7399	11057	6582	-2	20	9	10	11	14	15	7	9	-2	81	76	78	77	82	80	82	69	-2	155	142	132	140	143	146	151	118	-1
1001001000	-2	12489	7837.444	3207.428	11.625	4.121	77.875	4.106	140.625	11.045	11834	140.625	0	0	0	9	9	8702	8596	6534	12489	8908	8486	9869	6955	-2	20	9	8	11	14	15	7	9	-2	81	76	76	77	82	80	82	69	-2	155	142	130	140	143	146	151	118	-1
1001001000	-2	12680	6926.889	3244.78	11.5	4.213	76.875	3.822	138.75	12.08	11847.111	138.75	0	0	0	9	9	8523	8434	4255	12680	7835	6217	6873	7527	-2	20	9	8	11	14	15	7	8	-2	81	78	76	76	78	77	81	68	-2	161	145	129	135	136	138	148	118	-1
1001001000	-2	11989	5674.333	2966.92	12.125	4.014	77.125	3.822	139.125	11.816	11847.111	138.75	0	0	0	9	9	6485	6537	4332	11989	6067	3773	5874	6014	-2	20	9	13	11	14	15	7	8	-2	81	78	78	76	78	77	81	68	-2	161	145	132	135	136	138	148	118	-1
1001001000	-2	8935	5300.444	2819.223	11.875	4.4	78.5	4.093	142.25	11.562	12349.667	142.25	0	0	0	9	9	8708	6622	5104	8935	2785	2715	5613	7224	-2	21	10	8	10	15	15	8	8	-2	84	80	78	77	81	79	80	69	-2	163	152	136	138	144	138	146	121	-1
1001001000	-2	10610	6219.556	2771.695	11.875	4.4	78.5	4.093	142.25	11.562	12349.667	142.25	0	0	0	9	9	8187	7662	6663	10610	5551	4358	5778	7169	-2	21	10	8	10	15	15	8	8	-2	84	80	78	77	81	79	80	69	-2	163	152	136	138	144	138	146	121	-1
1001001000	-2	10736	7188.444	3245.241	12.375	4.241	83	5.362	159.25	14.618	12733.667	159.25	0	0	0	9	9	7370	8183	10097	10736	7161	3313	8971	8867	-2	21	10	8	11	16	15	9	9	-2	88	91	81	81	85	81	85	72	-2	172	180	152	154	168	146	169	133	-1
1001001000	-2	11901	7777.556	3456.073	12.375	4.241	83	5.362	159.25	14.618	12733.667	159.25	0	0	0	9	9	8058	8150	10717	11901	8028	3971	9670	9505	-2	21	10	8	11	16	15	9	9	-2	88	91	81	81	85	81	85	72	-2	172	180	152	154	168	146	169	133	-1
1001001000	-2	10171	6460.222	2893.444	14.375	4.241	88.625	5.765	175	9.925	11795.778	175	0	0	0	9	9	6347	5800	9822	7705	7517	4143	6639	10171	-2	20	11	9	13	17	16	20	9	-2	92	97	85	91	89	88	91	76	-2	172	180	166	165	187	191	177	162	-1
1001001000	-2	10075	6535.556	3050.139	15.125	3.855	93	6.5	176.125	10.005	10289	176.125	0	0	0	9	9	5207	6720	9888	5689	7037	4475	9731	10075	-2	19	13	11	14	18	16	21	9	-2	96	101	87	94	93	97	97	79	-2	171	181	179	168	187	190	176	157	-1
1001001000	-2	10986	5981.111	3099.802	15.125	3.855	93	6.5	176.125	10.005	10289	176.125	0	0	0	9	9	4924	6047	9228	5262	5209	3555	8621	10986	-2	19	13	11	14	18	16	21	9	-2	96	101	87	94	93	97	97	79	-2	171	181	179	168	187	190	176	157	-1
1001001000	-2	9471	4829.778	2814.501	18.875	3.689	103.125	8.115	173.625	8.817	5912.444	173.625	0	0	0	9	9	4672	2493	9471	3869	6212	5169	2953	8631	-2	14	22	20	19	20	18	25	13	-2	103	115	96	97	102	106	115	91	-2	182	182	180	162	169	177	179	158	-1
1001001000	-2	8651	4514.556	2472.139	19.875	4.014	103	9.138	178.625	4.948	6059	178.625	0	0	0	9	9	4603	2322	8651	4025	5617	4968	2986	7461	-2	14	22	20	20	22	20	27	14	-2	99	116	95	98	100	107	118	91	-2	183	188	180	176	170	177	178	177	-1
1001001000	-2	11301	5917.111	3245.233	19.75	4.116	101	8.276	178.75	5.117	7126.111	178.75	0	0	0	9	9	5675	4024	11301	5027	8040	5042	4042	10105	-2	14	20	19	21	19	20	29	16	-2	95	112	93	98	97	106	115	92	-2	174	184	182	177	170	187	178	178	-1
1001001000	-2	11113	5828.444	3193.397	19.75	4.116	101	8.276	178.75	5.117	7126.111	178.75	0	0	0	9	9	5641	3971	11113	4833	7769	5071	4017	10043	-2	14	20	19	21	19	20	29	16	-2	95	112	93	98	97	106	115	92	-2	174	184	182	177	170	187	178	178	-1
1001001000	-2	1344	344.222	504.253	18.375	3.533	107.125	4.961	166.5	40.069	9377	198.875	0	0	5	9	9	936	0	1344	0	0	820	0	0	-2	19	13	19	15	18	23	16	24	-2	97	105	104	112	114	107	110	108	-2	197	132	236	145	142	216	132	132	-1
1001001000	-2	1129	508.333	316.782	21.75	4.918	96.75	4.521	164	22.079	14019.778	178.125	0	0	0	9	9	772	405	751	292	569	1129	285	374	-2	23	14	27	16	25	27	17	25	-2	90	91	100	99	101	101	100	92	-2	160	152	205	176	165	180	147	127	-1
1001001000	-2	1284	420	521.996	20.75	3.897	94.375	4.948	153.125	31.291	14975	175.625	0	0	2	9	9	974	76	1184	0	125	1284	0	139	-2	23	14	22	16	24	24	18	25	-2	90	86	99	94	96	100	100	90	-2	160	109	190	115	165	182	120	184	-1
1001001000	-2	1079	239.444	335.979	20.75	3.897	94.375	4.948	145.5	29	14975	175.625	0	0	3	9	9	502	0	248	0	150	1079	0	178	-2	23	14	22	16	24	24	18	25	-2	90	86	99	94	96	100	100	90	-2	160	106	132	115	165	182	120	184	-1
1001001000	-2	12617	8025.667	3653.169	21	3.571	101.375	5.337	169.125	9.36	9083.444	169.125	0	0	0	9	9	10272	7945	4260	10807	10700	7381	8251	12617	-2	26	15	25	17	21	22	23	19	-2	100	104	109	101	98	105	104	90	-2	170	160	172	167	153	184	167	180	-1
1001001000	-2	13017	10518.556	3902.025	12	4.33	83.125	3.18	159.375	10.641	14233.444	159.375	0	0	0	9	9	12855	11785	8759	12074	12485	13017	12105	11589	-2	21	11	7	11	16	12	7	11	-2	89	85	81	83	83	83	84	77	-2	171	177	143	161	154	162	160	147	-1
1001001000	-2	13017	10518.556	3902.025	12	4.33	83.125	3.18	159.375	10.641	14233.444	159.375	0	0	0	9	9	12855	11785	8759	12074	12485	13017	12105	11589	-2	21	11	7	11	16	12	7	11	-2	89	85	81	83	83	83	84	77	-2	171	177	143	161	154	162	160	147	-1
1001001000	-2	12459	9587.889	3647.035	11.25	3.767	78.125	3.18	140.75	8.729	12267.556	140.75	0	0	0	9	9	12459	10756	8526	11331	12099	11714	10952	8456	-2	19	10	7	11	14	13	7	9	-2	81	78	78	76	81	79	81	71	-2	155	142	134	141	141	143	147	123	-1
1001001000	-2	14237	10729.889	4054.675	11.25	3.767	78.125	3.18	140.75	8.729	12267.556	140.75	0	0	0	9	9	14237	11927	9860	11377	13847	12721	12633	9969	-2	19	10	7	11	14	13	7	9	-2	81	78	78	76	81	79	81	71	-2	155	142	134	141	141	143	147	123	-1
1001001000	-2	12998	9460.778	3928.125	11	3.571	76	3.905	134.25	9.148	10978.556	134.25	0	0	0	9	9	12013	10455	8553	11967	12998	10557	12540	6066	-2	18	9	7	11	14	13	7	9	-2	77	75	76	75	81	78	79	67	-2	141	133	129	135	140	140	143	113	-1
1001001000	-2	12998	9460.778	3928.125	11	3.571	76	3.905	134.25	9.148	10978.556	134.25	0	0	0	9	9	12013	10455	8553	11967	12998	10557	12540	6066	-2	18	9	7	11	14	13	7	9	-2	77	75	76	75	81	78	79	67	-2	141	133	129	135	140	140	143	113	-1
1001001000	-2	12642	6895	3878.725	9.875	2.571	74	3.873	129.25	8.348	10821.556	129.25	0	0	0	9	9	7752	7662	6036	12642	10452	3909	10749	2855	-2	14	8	7	11	13	11	7	8	-2	75	76	74	75	77	75	76	64	-2	136	132	128	131	135	132	132	108	-1
1001001000	-2	12642	6895	3878.725	9.875	2.571	74	3.873	129.25	8.348	10821.556	129.25	0	0	0	9	9	7752	7662	6036	12642	10452	3909	10749	2855	-2	14	8	7	11	13	11	7	8	-2	75	76	74	75	77	75	76	64	-2	136	132	128	131	135	132	132	108	-1
1001001000	-2	12198	6040.556	3424.543	9.875	2.713	74.125	3.919	129.25	7.742	10827.556	129.25	0	0	0	9	9	7947	5951	6251	12198	8380	2517	7693	3430	-2	14	8	7	10	14	11	7	8	-2	74	78	74	74	79	75	74	65	-2	135	137	127	130	138	127	128	112	-1
1001001000	-2	12126	5993.667	3400.749	9.875	2.713	74.125	3.919	129.25	7.742	10827.556	129.25	0	0	0	9	9	7908	5952	6260	12126	8321	2517	7511	3350	-2	14	8	7	10	14	11	7	8	-2	74	78	74	74	79	75	74	65	-2	135	137	127	130	138	127	128	112	-1
1001001000	-2	11098	6639.667	3177.697	10.125	2.571	75.625	4.091	134.25	8.408	11371.222	134.25	0	0	0	9	9	8774	7243	6592	11098	10346	4068	5450	6188	-2	13	9	7	11	14	12	7	8	-2	75	79	76	76	81	76	76	66	-2	139	145	133	135	143	131	132	116	-1
1001001000	-2	11098	6639.667	3177.697	10.125	2.571	75.625	4.091	134.25	8.408	11371.222	134.25	0	0	0	9	9	8774	7243	6592	11098	10346	4068	5450	6188	-2	13	9	7	11	14	12	7	8	-2	75	79	76	76	81	76	76	66	-2	139	145	133	135	143	131	132	116	-1
1001001000	-2	12532	5867.333	3685.656	10.75	2.487	78.625	5.566	141.875	22.02	12111.111	149.5	0	0	0	9	9	6452	6189	6661	12532	4855	669	5806	9644	-2	12	10	8	12	15	13	8	8	-2	75	87	80	79	83	77	81	67	-2	130	181	149	145	156	102	148	124	-1
1001001000	-2	11956	8459.222	3435.281	11.75	2.278	83.75	5.286	167.625	14.088	12739.222	167.625	0	0	0	9	9	10219	10304	9434	11956	9090	5700	8343	11089	-2	13	11	8	13	15	14	11	9	-2	81	93	84	84	87	80	87	74	-2	185	189	159	161	180	155	164	148	-1
1001001000	-2	11956	8459.222	3435.281	11.75	2.278	83.75	5.286	167.625	14.088	12739.222	167.625	0	0	0	9	9	10219	10304	9434	11956	9090	5700	8343	11089	-2	13	11	8	13	15	14	11	9	-2	81	93	84	84	87	80	87	74	-2	185	189	159	161	180	155	164	148	-1
1001001000	-2	10406	6782.333	2929.874	13.75	2.222	90.75	5.517	185.625	9.34	11120.222	185.625	0	0	0	9	9	8488	6125	8587	6454	6718	4772	10406	9493	-2	13	13	12	15	15	14	18	10	-2	90	101	87	93	92	86	95	82	-2	195	195	173	179	197	192	177	177	-1
1001001000	-2	10689	7677	3009.808	13.75	2.222	90.75	5.517	185.625	9.34	11120.222	185.625	0	0	0	9	9	9112	7405	9990	6852	7850	7257	9940	10689	-2	13	13	12	15	15	14	18	10	-2	90	101	87	93	92	86	95	82	-2	195	195	173	179	197	192	177	177	-1
1001001000	-2	10955	8058.222	3278	13.75	2.537	90.625	5.384	184.875	8.253	11042.667	184.875	0	0	0	9	9	9855	6936	10955	6014	8004	9895	10329	10538	-2	12	13	12	14	15	15	19	10	-2	90	102	87	92	93	86	92	83	-2	195	195	173	179	189	192	179	177	-1
1001001000	-2	10906	7165.444	3154.489	13.75	2.537	90.625	5.384	184.875	8.253	11042.667	184.875	0	0	0	9	9	8730	5855	10439	5098	6474	7778	10906	9211	-2	12	13	12	14	15	15	19	10	-2	90	102	87	92	93	86	92	83	-2	195	195	173	179	189	192	179	177	-1
1001001000	-2	11497	7478.556	3193.218	15.125	2.976	94	6.69	182.75	10.615	9725.889	182.75	0	0	0	9	9	7991	6064	11497	5851	7442	8221	9784	10459	-2	13	14	15	15	15	16	22	11	-2	92	109	88	94	96	90	97	86	-2	192	190	180	190	183	191	178	158	-1
1001001000	-2	11518	6403.111	3121.948	15.25	3.382	95.125	7.167	173.625	19.319	9498.556	182.25	0	0	0	9	9	5813	5094	11518	4508	7182	6957	6418	10140	-2	12	14	13	16	15	17	23	12	-2	91	109	89	92	96	97	102	85	-2	182	189	182	132	183	191	178	152	-1
1002002000	-2	0	-1.667	0.667	19	1.512	150.429	5.827	359.125	93.199	8811.444	382.875	0	0	1	9	9	-2	-2	-2	-2	-2	0	-2	-1	-2	20	17	18	21	21	18	18	-2	-2	157	149	148	154	153	138	154	-2	-2	409	388	393	433	404	164	438	244	-1
1001001000	-2	1586	709.111	476.444	22	4.796	93.75	5.717	171.5	11.023	15710.444	171.5	0	0	0	9	9	1126	485	1142	195	436	1586	802	612	-2	24	15	29	16	24	27	18	23	-2	90	87	101	94	98	98	98	84	-2	159	175	184	183	165	181	173	152	-1
1001001000	-2	921	320	372.475	20.125	5.555	87.875	6.353	146	31.321	16863.667	163	0	0	2	9	9	820	0	778	114	137	921	0	112	-2	24	14	29	15	20	24	12	23	-2	84	82	99	84	89	94	92	79	-2	170	101	189	125	159	182	110	132	-1
1002001000	-2	702	178.889	216.954	18.5	5.05	83.143	6.77	133.625	31.575	15072.667	147.625	0	0	2	9	9	702	0	273	93	184	316	0	44	-2	24	12	24	14	19	22	11	22	-2	82	80	97	76	84	87	-2	76	-2	147	98	193	135	128	157	85	126	-1
1002001000	-2	651	171.444	202.39	18.5	5.05	83.143	6.77	132.5	31.914	15072.667	147.625	0	0	2	9	9	651	0	270	96	172	309	0	47	-2	24	12	24	14	19	22	11	22	-2	82	80	97	76	84	87	-2	76	-2	147	98	193	135	119	157	85	126	-1
1001001000	-2	4828	1753.444	1845.891	20.125	5.487	93.875	6.112	138.5	23.308	14549.556	172.5	0	0	0	9	9	511	1647	324	430	3785	4828	4175	83	-2	27	14	30	17	21	21	14	17	-2	96	96	106	91	89	97	92	84	-2	119	136	133	116	176	148	171	109	-1
1001001000	-2	5633	1965	2098.47	20.125	5.487	93.875	6.112	143.375	28.151	14549.556	172.5	0	0	0	9	9	550	1739	344	509	4430	5633	4395	87	-2	27	14	30	17	21	21	14	17	-2	96	96	106	91	89	97	92	84	-2	119	136	133	116	176	184	174	109	-1
1001001000	-2	15467	11907.222	4375.571	15	4.69	92.125	4.675	180.375	8.108	14065.111	180.375	0	0	0	9	9	12956	12333	11149	13471	13030	14460	14301	15467	-2	25	13	14	14	19	14	8	13	-2	98	94	95	93	86	94	94	83	-2	179	176	193	186	165	188	176	180	-1
1001001000	-2	13190	10014.889	3694.476	15	4.69	92.125	4.675	180.375	8.108	14065.111	180.375	0	0	0	9	9	10059	10828	10594	11562	12659	11429	9815	13190	-2	25	13	14	14	19	14	8	13	-2	98	94	95	93	86	94	94	83	-2	179	176	193	186	165	188	176	180	-1
1001001000	-2	11870	9128.667	3375.837	12.25	4.176	82.75	3.832	157.375	10.582	13143.333	157.375	0	0	0	9	9	9427	9970	11000	9918	11551	9875	8549	11870	-2	21	11	8	12	16	12	7	11	-2	88	83	81	83	85	83	85	74	-2	171	159	147	161	155	167	163	136	-1
1001001000	-2	11870	9128.667	3375.837	12.25	4.176	82.75	3.832	157.375	10.582	13143.333	157.375	0	0	0	9	9	9427	9970	11000	9918	11551	9875	8549	11870	-2	21	11	8	12	16	12	7	11	-2	88	83	81	83	85	83	85	74	-2	171	159	147	161	155	167	163	136	-1
1001001000	-2	10874	8522.778	3854.733	8.875	2.421	74	3.5	128.375	8.76	10053.778	128.375	0	0	0	9	9	10402	10860	10210	10305	10495	10874	10689	2872	-2	14	8	7	7	11	9	6	9	-2	75	74	75	75	77	76	75	65	-2	134	130	127	131	132	135	132	106	-1
1001001000	-2	12457	9359.889	4387.998	8.875	2.421	74	3.5	128.375	8.76	10053.778	128.375	0	0	0	9	9	12457	11412	10576	11485	11607	11739	12386	2579	-2	14	8	7	7	11	9	6	9	-2	75	74	75	75	77	76	75	65	-2	134	130	127	131	132	135	132	106	-1
1001001000	-2	12942	8919.222	4344.851	8.75	1.714	72.625	3.199	123.75	7.049	10367.111	123.75	0	0	0	9	9	10773	10185	10015	11486	12942	10664	12188	2022	-2	12	8	7	8	11	8	7	9	-2	72	75	75	73	76	72	73	65	-2	124	128	124	125	131	126	126	106	-1
1001001000	-2	12942	8919.222	4344.851	8.75	1.714	72.625	3.199	123.75	7.049	10367.111	123.75	0	0	0	9	9	10773	10185	10015	11486	12942	10664	12188	2022	-2	12	8	7	8	11	8	7	9	-2	72	75	75	73	76	72	73	65	-2	124	128	124	125	131	126	126	106	-1
1001001000	-2	13112	7930.889	4178.21	8.5	1.5	72.875	3.655	124.875	6.566	10364.333	124.875	0	0	0	9	9	9295	7975	8665	12003	13112	5243	12062	3025	-2	11	8	7	8	11	8	7	8	-2	72	75	75	74	77	73	73	64	-2	125	129	125	124	133	127	127	109	-1
1001001000	-2	13112	7930.889	4178.21	8.5	1.5	72.875	3.655	124.875	6.566	10364.333	124.875	0	0	0	9	9	9295	7975	8665	12003	13112	5243	12062	3025	-2	11	8	7	8	11	8	7	8	-2	72	75	75	74	77	73	73	64	-2	125	129	125	124	133	127	127	109	-1
1001001000	-2	12051	7235.667	4047.913	8.875	1.452	73	3.64	124.125	8.964	10624.222	126.625	0	0	0	9	9	9067	6143	8201	12051	11936	1961	10681	5083	-2	11	8	8	11	10	8	7	8	-2	71	76	74	74	78	72	74	65	-2	124	131	127	126	135	106	130	114	-1
1001001000	-2	12489	7356.778	4131.591	8.875	1.452	73	3.64	124.125	8.964	10624.222	126.625	0	0	0	9	9	9102	6129	8247	12053	12489	1949	10890	5354	-2	11	8	8	11	10	8	7	8	-2	71	76	74	74	78	72	74	65	-2	124	131	127	126	135	106	130	114	-1
1001001000	-2	12303	7946.556	3973.47	8.875	1.452	73.875	4.166	130	6.423	11066.111	130	0	0	0	9	9	11727	6787	9083	12303	12170	3074	8999	7378	-2	10	8	8	11	11	8	7	8	-2	71	77	74	74	81	72	76	66	-2	128	136	131	128	141	126	132	118	-1
1001001000	-2	13063	8378	3974.815	10	1.225	77.5	4.472	142.375	7.398	11702.556	142.375	0	0	0	9	9	13063	8234	11935	11956	10920	4318	7583	7395	-2	11	10	8	12	11	10	9	9	-2	74	81	79	77	83	77	81	68	-2	142	154	146	138	147	140	145	127	-1
1001001000	-2	13063	8378	3974.815	10	1.225	77.5	4.472	142.375	7.398	11702.556	142.375	0	0	0	9	9	13063	8234	11935	11956	10920	4318	7583	7395	-2	11	10	8	12	11	10	9	9	-2	74	81	79	77	83	77	81	68	-2	142	154	146	138	147	140	145	127	-1
1001001000	-2	12195	8138.889	3430.475	10.125	1.166	78.875	5.036	148.625	12.429	12198.444	148.625	0	0	0	9	9	12195	8396	10722	10182	7735	5213	9821	8988	-2	11	10	8	12	11	10	10	9	-2	75	87	79	77	84	77	82	70	-2	150	175	148	138	157	142	148	131	-1
1001001000	-2	13668	8892.222	3942.312	11.125	1.763	83	5.937	161.75	16.716	12256.889	161.75	0	0	0	9	9	13668	9564	12377	10517	8827	5288	11860	7931	-2	11	11	9	12	11	11	15	9	-2	79	94	83	80	87	81	87	73	-2	162	201	157	148	169	151	162	144	-1
1001001000	-2	12775	8046.111	3754.817	12.125	2.803	85.25	5.826	169.875	16.097	11650.889	169.875	0	0	0	9	9	12775	5815	11813	7699	7456	6020	11960	8879	-2	12	12	10	12	11	12	19	9	-2	81	97	84	82	90	83	88	77	-2	168	201	164	151	189	169	165	152	-1
1001001000	-2	12775	8046.111	3754.817	12.125	2.803	85.25	5.826	169.875	16.097	11650.889	169.875	0	0	0	9	9	12775	5815	11813	7699	7456	6020	11960	8879	-2	12	12	10	12	11	12	19	9	-2	81	97	84	82	90	83	88	77	-2	168	201	164	151	189	169	165	152	-1
1001001000	-2	10820	6663.889	3215.198	12.25	3.419	85.625	5.544	171.625	13.601	11799.889	171.625	0	0	0	9	9	7725	3673	10221	6311	6203	5664	10820	9360	-2	11	11	11	10	11	13	21	10	-2	81	97	85	83	89	83	89	78	-2	165	202	163	156	183	169	171	164	-1
1001001000	-2	10820	6663.889	3215.198	12.25	3.419	85.625	5.544	171.625	13.601	11799.889	171.625	0	0	0	9	9	7725	3673	10221	6311	6203	5664	10820	9360	-2	11	11	11	10	11	13	21	10	-2	81	97	85	83	89	83	89	78	-2	165	202	163	156	183	169	171	164	-1
1001001000	-2	10891	6647.111	2822.944	11.75	2.905	84.125	4.594	164.375	16.874	11794.667	167.625	0	0	0	9	9	5722	5937	8246	8007	7810	5516	7697	10891	-2	11	10	10	10	11	13	19	10	-2	80	94	82	81	88	82	86	80	-2	140	202	157	151	170	165	166	164	-1
1001001000	-2	0	-0.222	0.629	15	2.449	116.25	2.107	142.875	1.269	12893.556	258.375	0	0	8	9	9	0	0	0	0	0	0	0	0	-2	18	17	14	13	13	16	11	18	-2	116	116	116	115	113	115	119	120	-2	145	142	144	143	141	142	144	142	-1
1001001000	-2	581	158.111	178.939	18	6.708	78	7	120.375	16.077	11549	126.5	0	0	2	9	9	84	171	581	71	266	252	0	0	-2	22	11	17	12	16	20	33	13	-2	78	71	89	70	78	77	89	72	-2	131	119	144	120	127	128	107	87	-1
1001001000	-2	5505	1842.889	1704.693	17.25	5.019	84.375	5.171	145.375	16.605	15239.556	148.875	0	0	0	9	9	414	2540	3352	511	5505	2638	741	887	-2	25	12	24	16	19	18	10	14	-2	84	83	96	83	84	83	86	76	-2	122	142	179	139	155	147	152	127	-1
1001001000	-2	14633	10461.778	3999.568	16.5	4.031	94.25	5.403	178.875	8.447	14154.222	178.875	0	0	0	9	9	11985	10834	9239	10153	12021	11921	13372	14633	-2	25	13	19	16	19	14	12	14	-2	98	96	104	92	89	96	94	85	-2	179	161	177	180	193	185	176	180	-1
1001001000	-2	14633	10461.778	3999.568	16.5	4.031	94.25	5.403	178.875	8.447	14154.222	178.875	0	0	0	9	9	11985	10834	9239	10153	12021	11921	13372	14633	-2	25	13	19	16	19	14	12	14	-2	98	96	104	92	89	96	94	85	-2	179	161	177	180	193	185	176	180	-1
1001001000	-2	14183	11452.667	4156.273	12.75	3.865	88.25	3.897	178	8.485	13809.111	178	0	0	0	9	9	11908	10869	13298	13042	13602	13515	12659	14183	-2	21	11	9	13	16	12	8	12	-2	96	89	89	89	86	87	89	81	-2	180	178	179	177	160	188	189	173	-1
1001001000	-2	14183	11452.667	4156.273	12.75	3.865	88.25	3.897	178	8.485	13809.111	178	0	0	0	9	9	11908	10869	13298	13042	13602	13515	12659	14183	-2	21	11	9	13	16	12	8	12	-2	96	89	89	89	86	87	89	81	-2	180	178	179	177	160	188	189	173	-1
1001001000	-2	13183	9782.222	4433.598	8.25	2.046	71.875	3.444	121.875	7.043	10293.778	121.875	0	0	0	9	9	13076	11234	11534	13183	11504	11935	12149	3427	-2	13	7	7	7	9	8	6	9	-2	72	74	75	72	76	71	71	64	-2	123	127	123	123	128	125	122	104	-1
1001001000	-2	13183	9782.222	4433.598	8.25	2.046	71.875	3.444	121.875	7.043	10293.778	121.875	0	0	0	9	9	13076	11234	11534	13183	11504	11935	12149	3427	-2	13	7	7	7	9	8	6	9	-2	72	74	75	72	76	71	71	64	-2	123	127	123	123	128	125	122	104	-1
1001001000	-2	11594	8326.444	4211.753	8	1.5	69.75	3.345	116.5	6.021	8756.667	116.5	0	0	0	9	9	10907	11248	9112	10664	9777	11594	10491	1147	-2	11	7	7	8	9	7	6	9	-2	71	71	73	71	72	67	71	62	-2	118	121	118	116	120	119	119	101	-1
1001001000	-2	11594	8326.444	4211.753	8	1.5	69.75	3.345	116.5	6.021	8756.667	116.5	0	0	0	9	9	10907	11248	9112	10664	9777	11594	10491	1147	-2	11	7	7	8	9	7	6	9	-2	71	71	73	71	72	67	71	62	-2	118	121	118	116	120	119	119	101	-1
1001001000	-2	10989	7544.778	3777.306	7.875	1.364	69.5	3.571	116.125	5.904	8478.222	116.125	0	0	0	9	9	7546	10262	7952	9771	10989	10594	9174	1617	-2	10	7	7	8	10	7	6	8	-2	69	72	73	71	73	66	70	62	-2	115	122	119	116	122	117	116	102	-1
1001001000	-2	10989	7544.778	3777.306	7.875	1.364	69.5	3.571	116.125	5.904	8478.222	116.125	0	0	0	9	9	7546	10262	7952	9771	10989	10594	9174	1617	-2	10	7	7	8	10	7	6	8	-2	69	72	73	71	73	66	70	62	-2	115	122	119	116	122	117	116	102	-1
1001001000	-2	11546	7199	3499.07	8	1.225	69.25	2.99	117	5.099	8900.222	117	0	0	0	9	9	6777	8467	7315	7621	11546	10208	10119	2740	-2	10	7	7	7	10	8	7	8	-2	69	72	71	71	72	66	70	63	-2	115	122	119	116	122	119	118	105	-1
1001001000	-2	11546	7199	3499.07	8	1.225	69.25	2.99	117	5.099	8900.222	117	0	0	0	9	9	6777	8467	7315	7621	11546	10208	10119	2740	-2	10	7	7	7	10	8	7	8	-2	69	72	71	71	72	66	70	63	-2	115	122	119	116	122	119	118	105	-1
1001001000	-2	12247	8329.556	3520.205	8.125	1.166	70.25	2.99	121	5.268	9844.222	121	0	0	0	9	9	10438	8200	8329	10419	12247	8210	11547	5578	-2	10	7	7	8	10	8	7	8	-2	69	72	71	70	75	69	72	64	-2	119	123	121	116	129	124	125	111	-1
1001001000	-2	11617	8177	3423.511	8.125	1.166	70.25	2.99	121	5.268	9844.222	121	0	0	0	9	9	10343	8106	8329	10116	11617	8185	11460	5439	-2	10	7	7	8	10	8	7	8	-2	69	72	71	70	75	69	72	64	-2	119	123	121	116	129	124	125	111	-1
1001001000	-2	11884	8986.556	3394.267	8.375	0.992	72.375	3.806	127.625	6.224	10533.222	127.625	0	0	0	9	9	11884	8704	8288	10739	11841	9201	10371	9853	-2	10	8	8	7	10	8	8	8	-2	70	77	72	74	76	72	74	64	-2	124	136	127	125	134	128	132	115	-1
1001001000	-2	11884	8986.556	3394.267	8.375	0.992	72.375	3.806	127.625	6.224	10533.222	127.625	0	0	0	9	9	11884	8704	8288	10739	11841	9201	10371	9853	-2	10	8	8	7	10	8	8	8	-2	70	77	72	74	76	72	74	64	-2	124	136	127	125	134	128	132	115	-1
1001001000	-2	12349	9140.333	3502.512	8.5	0.866	74.875	4.371	134.625	7.381	10875.222	134.625	0	0	0	9	9	12349	8854	9636	11807	11932	9655	9724	8308	-2	10	8	8	8	10	8	8	8	-2	72	79	74	75	81	74	78	66	-2	132	144	134	132	143	134	139	119	-1
1001001000	-2	12946	9353.778	3643.36	8.5	0.866	74.875	4.371	134.625	7.381	10875.222	134.625	0	0	0	9	9	12946	8688	9636	11999	12526	9684	10172	8535	-2	10	8	8	8	10	8	8	8	-2	72	79	74	75	81	74	78	66	-2	132	144	134	132	143	134	139	119	-1
1001001000	-2	12606	9898.778	3642.392	9.375	0.857	79.75	5.238	149.375	10.012	11346.333	149.375	0	0	0	9	9	12606	9944	11611	12283	11953	9545	10868	10281	-2	10	9	9	8	11	9	10	9	-2	76	87	81	77	85	78	84	70	-2	151	168	150	141	157	145	151	132	-1
1001001000	-2	12606	9898.778	3642.392	9.375	0.857	79.75	5.238	149.375	10.012	11346.333	149.375	0	0	0	9	9	12606	9944	11611	12283	11953	9545	10868	10281	-2	10	9	9	8	11	9	10	9	-2	76	87	81	77	85	78	84	70	-2	151	168	150	141	157	145	151	132	-1
1001001000	-2	13583	9331.444	3930.058	10.25	2.046	82.25	4.918	161.5	16.897	11733.222	161.5	0	0	0	9	9	13355	7293	13583	8661	11803	7729	11054	10507	-2	11	10	9	8	11	9	15	9	-2	78	90	82	79	88	80	86	75	-2	159	203	155	148	169	153	157	148	-1
1001001000	-2	13583	9331.444	3930.058	10.25	2.046	82.25	4.918	161.5	16.897	11733.222	161.5	0	0	0	9	9	13355	7293	13583	8661	11803	7729	11054	10507	-2	11	10	9	8	11	9	15	9	-2	78	90	82	79	88	80	86	75	-2	159	203	155	148	169	153	157	148	-1
1001001000	-2	11363	6978.667	3941.281	10.25	1.714	80.875	4.91	147.25	13.764	11392.889	154.625	0	0	0	9	9	11363	1151	10307	5065	8687	6070	9833	10334	-2	11	10	9	8	11	10	14	9	-2	78	88	80	78	87	78	85	73	-2	158	117	151	145	166	148	154	139	-1
1001001000	-2	11363	6978.667	3941.281	10.25	1.714	80.875	4.91	147.25	13.764	11392.889	154.625	0	0	0	9	9	11363	1151	10307	5065	8687	6070	9833	10334	-2	11	10	9	8	11	10	14	9	-2	78	88	80	78	87	78	85	73	-2	158	117	151	145	166	148	154	139	-1
1002002000	-2	530	275.667	179.697	11.857	3.603	71.571	5.341	104.625	31.8	9946.333	117.625	0	0	1	9	9	350	530	214	259	272	519	339	0	-2	16	12	13	10	9	17	6	-2	-2	73	64	81	66	69	75	73	-2	-2	119	111	117	113	114	122	120	21	-1
1001001000	-2	4525	1605.444	1563.402	14.375	3.426	79.25	5.214	131.375	18.661	13006.778	138.25	0	0	1	9	9	548	1882	4525	469	2748	734	0	3545	-2	21	12	17	14	16	14	9	12	-2	81	77	91	80	76	75	81	73	-2	126	129	170	132	139	131	97	127	-1
1001001000	-2	13846	11405.778	4078.159	14.375	3.199	89.875	5.904	180.25	6.851	16434.333	180.25	0	0	0	9	9	12146	12664	12064	12162	13545	12963	13846	13264	-2	21	12	16	15	16	13	10	12	-2	93	90	103	89	87	87	89	81	-2	180	178	177	180	179	187	193	168	-1
1001001000	-2	14648	12189.444	4363.104	14.375	3.199	89.875	5.904	180.25	6.851	16434.333	180.25	0	0	0	9	9	14406	13404	13255	12406	13665	13402	14648	14521	-2	21	12	16	15	16	13	10	12	-2	93	90	103	89	87	87	89	81	-2	180	178	177	180	179	187	193	168	-1
1001001000	-2	14368	11843.222	4266.55	10.625	2.446	80.875	3.407	151.5	8.078	14184	151.5	0	0	0	9	9	13699	11693	13390	12181	13746	13419	14368	14095	-2	16	10	9	12	11	10	7	10	-2	84	81	86	84	81	78	77	76	-2	164	153	156	161	146	147	147	138	-1
1001001000	-2	14368	11843.222	4266.55	10.625	2.446	80.875	3.407	151.5	8.078	14184	151.5	0	0	0	9	9	13699	11693	13390	12181	13746	13419	14368	14095	-2	16	10	9	12	11	10	7	10	-2	84	81	86	84	81	78	77	76	-2	164	153	156	161	146	147	147	138	-1
1001001000	-2	10825	6639.222	3921.695	7.625	1.654	65.5	4.062	109.75	6.924	7020.222	109.75	0	0	0	9	9	7308	10825	9511	10401	7627	9623	3840	620	-2	11	7	7	7	8	7	5	9	-2	67	69	72	69	61	64	61	61	-2	109	119	116	114	107	114	101	98	-1
1001001000	-2	10401	6397.333	3822.762	7.625	1.654	65.5	4.062	109.75	6.924	7020.222	109.75	0	0	0	9	9	7138	10150	8744	10401	7338	9623	3830	354	-2	11	7	7	7	8	7	5	9	-2	67	69	72	69	61	64	61	61	-2	109	119	116	114	107	114	101	98	-1
1001001000	-2	10564	5699	3416.187	7.75	1.199	64.5	2.5	105.875	9.103	6331.333	105.875	0	0	0	9	9	4368	10564	6549	6946	7515	8775	6484	92	-2	10	7	7	8	8	7	6	9	-2	66	67	68	66	61	63	64	61	-2	109	115	111	107	107	110	105	83	-1
1001001000	-2	10564	5699	3416.187	7.75	1.199	64.5	2.5	105.875	9.103	6331.333	105.875	0	0	0	9	9	4368	10564	6549	6946	7515	8775	6484	92	-2	10	7	7	8	8	7	6	9	-2	66	67	68	66	61	63	64	61	-2	109	115	111	107	107	110	105	83	-1
1001001000	-2	9471	5368.111	3283.087	7.375	1.111	64.625	1.798	106.125	8.992	6338.667	106.125	0	0	0	9	9	2884	9471	7109	6833	7619	8038	6199	162	-2	9	6	7	7	9	7	6	8	-2	64	66	68	66	64	64	63	62	-2	105	114	113	108	110	111	104	84	-1
1001001000	-2	9471	5368.111	3283.087	7.375	1.111	64.625	1.798	106.125	8.992	6338.667	106.125	0	0	0	9	9	2884	9471	7109	6833	7619	8038	6199	162	-2	9	6	7	7	9	7	6	8	-2	64	66	68	66	64	64	63	62	-2	105	114	113	108	110	111	104	84	-1
1001001000	-2	7970	5161.222	2956.718	7.375	1.111	64.625	1.654	107.25	9.162	6783.333	107.25	0	0	0	9	9	3272	7325	6845	7277	6446	7970	7006	312	-2	9	6	7	7	9	7	6	8	-2	65	67	66	65	64	65	64	61	-2	108	115	112	108	111	113	107	84	-1
1001001000	-2	7970	5161.222	2956.718	7.375	1.111	64.625	1.654	107.25	9.162	6783.333	107.25	0	0	0	9	9	3272	7325	6845	7277	6446	7970	7006	312	-2	9	6	7	7	9	7	6	8	-2	65	67	66	65	64	65	64	61	-2	108	115	112	108	111	113	107	84	-1
1001001000	-2	10498	7262.444	3583.2	7.5	1	66.25	1.561	113.375	4.121	8519.667	113.375	0	0	0	9	9	5725	7575	9042	9795	10498	10067	10247	2415	-2	9	6	7	7	9	7	7	8	-2	67	68	68	65	67	66	66	63	-2	114	117	116	110	116	118	111	105	-1
1001001000	-2	10498	7262.444	3583.2	7.5	1	66.25	1.561	113.375	4.121	8519.667	113.375	0	0	0	9	9	5725	7575	9042	9795	10498	10067	10247	2415	-2	9	6	7	7	9	7	7	8	-2	67	68	68	65	67	66	66	63	-2	114	117	116	110	116	118	111	105	-1
1001001000	-2	11415	8950.111	3360.332	7.875	1.053	68.625	2.342	120.5	4.183	9367.444	120.5	0	0	0	9	9	9649	10330	7462	10834	11415	10855	10842	9166	-2	10	7	8	7	9	7	7	8	-2	70	72	70	67	69	67	70	64	-2	123	127	122	115	122	121	121	113	-1
1001001000	-2	11415	8950.111	3360.332	7.875	1.053	68.625	2.342	120.5	4.183	9367.444	120.5	0	0	0	9	9	9649	10330	7462	10834	11415	10855	10842	9166	-2	10	7	8	7	9	7	7	8	-2	70	72	70	67	69	67	70	64	-2	123	127	122	115	122	121	121	113	-1
1001001000	-2	12260	9643.889	3605.231	8.125	0.927	71	2.598	126.25	4.176	9874.778	126.25	0	0	0	9	9	10526	11320	7846	10671	11365	11238	12260	11571	-2	10	7	8	7	9	8	8	8	-2	71	75	70	70	72	70	74	66	-2	126	133	126	122	127	126	131	119	-1
1001001000	-2	12260	9643.889	3605.231	8.125	0.927	71	2.598	126.25	4.176	9874.778	126.25	0	0	0	9	9	10526	11320	7846	10671	11365	11238	12260	11571	-2	10	7	8	7	9	8	8	8	-2	71	75	70	70	72	70	74	66	-2	126	133	126	122	127	126	131	119	-1
1001001000	-2	12084	9756.667	3648.533	8.875	0.781	74.75	3.112	137.5	5.172	10024.333	137.5	0	0	0	9	9	12084	11736	8145	10300	11755	10252	11801	11739	-2	10	8	8	8	10	9	9	9	-2	74	79	74	74	76	75	78	68	-2	139	145	135	132	140	139	142	128	-1
1001001000	-2	11274	9117	3348.337	9.125	1.053	75.375	3.238	140.5	5.59	10201.667	140.5	0	0	0	9	9	11274	10891	8572	10261	10905	8984	9943	11225	-2	11	8	8	8	10	9	10	9	-2	74	80	73	74	77	75	80	70	-2	142	149	134	136	145	141	145	132	-1
1001001000	-2	11274	9117	3348.337	9.125	1.053	75.375	3.238	140.5	5.59	10201.667	140.5	0	0	0	9	9	11274	10891	8572	10261	10905	8984	9943	11225	-2	11	8	8	8	10	9	10	9	-2	74	80	73	74	77	75	80	70	-2	142	149	134	136	145	141	145	132	-1
1001001000	-2	10945	7617.111	3020.194	9.125	0.781	73.25	3.382	133.375	5.476	9589.222	133.375	0	0	0	9	9	9754	9312	8190	5777	7453	8583	8542	10945	-2	10	9	8	8	10	9	10	9	-2	73	78	71	72	73	74	78	67	-2	135	141	128	128	134	136	140	125	-1
1005005000	-2	691	217.778	271.322	16	4.637	75.75	6.057	74.25	53.49	12952.333	123.25	0	0	4	9	9	364	0	691	269	0	638	0	0	-2	17	-2	22	9	-2	16	-2	-2	-2	75	-2	85	68	-2	75	-2	-2	-2	124	21	137	118	21	131	21	21	-1
1005005000	-2	94	10.222	29.626	16	4.637	75.75	6.057	58.75	37.864	12952.333	123.25	0	0	7	9	9	0	0	0	94	0	0	0	0	-2	17	-2	22	9	-2	16	-2	-2	-2	75	-2	85	68	-2	75	-2	-2	-2	92	21	103	97	21	94	21	21	-1
1001001000	-2	1065	443.556	381.364	12.875	2.848	72	5.59	117.5	11.467	9381.444	121	0	0	0	9	9	335	201	957	130	873	262	171	1065	-2	18	10	17	12	12	13	11	10	-2	71	68	85	68	68	72	76	68	-2	117	114	137	113	127	123	95	114	-1
1001001000	-2	2848	917.778	1037.158	12.5	2.646	74.375	5.407	115.5	16.8	10508.222	126.875	0	0	1	9	9	0	500	2848	285	1596	284	276	2473	-2	18	10	15	13	12	12	10	10	-2	78	71	86	74	69	73	76	68	-2	95	118	147	121	129	100	96	118	-1
1001001000	-2	15835	12385.444	4496.256	12.75	2.222	84.375	4.794	172.375	10.086	17706.444	172.375	0	0	0	9	9	14986	12802	14602	12691	13762	12798	15835	13995	-2	17	11	15	14	12	12	10	11	-2	86	82	95	84	78	84	86	80	-2	172	159	180	174	164	189	181	160	-1
1001001000	-2	14385	11643.778	4275.904	9.75	2.107	77.375	3.569	139.625	5.611	13878.444	139.625	0	0	0	9	9	14385	12600	13483	13876	13254	14097	12874	10227	-2	14	8	9	12	9	9	7	10	-2	78	79	84	81	74	75	75	73	-2	139	142	148	147	135	137	139	130	-1
1001001000	-2	14143	11088.556	4095.312	9.75	2.107	77.375	3.569	139.625	5.611	13878.444	139.625	0	0	0	9	9	14143	10976	13708	11411	13193	13038	12836	10494	-2	14	8	9	12	9	9	7	10	-2	78	79	84	81	74	75	75	73	-2	139	142	148	147	135	137	139	130	-1
1001001000	-2	7799	3206	2792.485	7.125	1.536	61.25	4.521	97.125	13.167	3851.667	97.125	0	0	1	9	9	576	6918	4554	4909	2514	7799	1586	0	-2	10	6	6	7	7	7	5	9	-2	60	64	67	66	57	64	53	59	-2	81	110	109	106	99	108	91	73	-1
1001001000	-2	7799	3206	2792.485	7.125	1.536	61.25	4.521	97.125	13.167	3851.667	97.125	0	0	1	9	9	576	6918	4554	4909	2514	7799	1586	0	-2	10	6	6	7	7	7	5	9	-2	60	64	67	66	57	64	53	59	-2	81	110	109	106	99	108	91	73	-1
1001001000	-2	7162	3171.667	2502.444	7.375	1.317	62.25	3.231	98.875	11.418	3884.111	98.875	0	0	0	9	9	2961	7162	4983	3644	3593	5982	165	57	-2	9	6	7	8	8	7	5	9	-2	62	64	68	65	59	62	57	61	-2	102	109	110	104	102	104	76	84	-1
1001001000	-2	7181	3152.889	2502.417	7.375	1.317	62.25	3.231	98.875	11.418	3884.111	98.875	0	0	0	9	9	2941	7181	4976	3628	3463	5972	160	57	-2	9	6	7	8	8	7	5	9	-2	62	64	68	65	59	62	57	61	-2	102	109	110	104	102	104	76	84	-1
1001001000	-2	7891	3838.333	2792.011	7.25	0.968	63.875	2.522	106.5	4.924	5184.889	106.5	0	0	0	9	9	2774	7891	5599	4897	4472	7504	986	424	-2	9	6	7	7	8	7	6	8	-2	62	65	69	65	61	65	63	61	-2	102	112	113	106	105	112	103	99	-1
1001001000	-2	7891	3838.333	2792.011	7.25	0.968	63.875	2.522	106.5	4.924	5184.889	106.5	0	0	0	9	9	2774	7891	5599	4897	4472	7504	986	424	-2	9	6	7	7	8	7	6	8	-2	62	65	69	65	61	65	63	61	-2	102	112	113	106	105	112	103	99	-1
1001001000	-2	7503	4316.778	2820.733	7.125	1.053	63.125	0.927	106.25	3.7	6007.667	106.25	0	0	0	9	9	3368	7503	7261	6228	5599	6769	1673	452	-2	9	6	7	7	8	6	6	8	-2	63	63	65	64	63	63	62	62	-2	104	110	111	106	108	109	102	100	-1
1001001000	-2	7518	4336.556	2822.051	7.125	1.053	63.125	0.927	106.25	3.7	6007.667	106.25	0	0	0	9	9	3432	7518	7280	6232	5627	6788	1682	472	-2	9	6	7	7	8	6	6	8	-2	63	63	65	64	63	63	62	62	-2	104	110	111	106	108	109	102	100	-1
1001001000	-2	9089	6117.111	3095.007	8.25	2.332	65.25	2.165	110.5	3.905	7358.333	109.875	0	0	0	9	9	4426	8327	9089	8464	8608	7853	6345	1944	-2	9	6	7	14	8	7	7	8	-2	63	65	67	70	65	64	65	63	-2	106	114	115	113	112	112	109	103	-1
1001001000	-2	9089	6117.111	3095.007	8.25	2.332	65.25	2.165	110.5	3.905	7358.333	109.875	0	0	0	9	9	4426	8327	9089	8464	8608	7853	6345	1944	-2	9	6	7	14	8	7	7	8	-2	63	65	67	70	65	64	65	63	-2	106	114	115	113	112	112	109	103	-1
1001001000	-2	11067	8792.556	3177.452	8.375	2.288	68.25	1.92	118.25	2.861	8893.667	117.5	0	0	0	9	9	8585	9688	9613	10420	11067	9885	10364	9513	-2	9	6	8	14	8	7	7	8	-2	69	69	69	72	67	68	67	65	-2	120	120	121	120	118	120	114	113	-1
1001001000	-2	11227	8832.333	3197.492	8.375	2.288	68.25	1.92	118.25	2.861	8893.667	117.5	0	0	0	9	9	8634	9688	9613	10420	11227	9885	10481	9545	-2	9	6	8	14	8	7	7	8	-2	69	69	69	72	67	68	67	65	-2	120	120	121	120	118	120	114	113	-1
1001001000	-2	11139	8714.889	3247.193	8.25	0.829	70.375	1.728	125.375	3.039	8802.444	125.375	0	0	0	9	9	9227	9886	7574	11139	11110	9390	10454	9656	-2	10	7	8	8	9	8	8	8	-2	73	72	71	70	69	70	71	67	-2	129	128	127	121	126	127	125	120	-1
1001001000	-2	11139	8714.889	3247.193	8.25	0.829	70.375	1.728	125.375	3.039	8802.444	125.375	0	0	0	9	9	9227	9886	7574	11139	11110	9390	10454	9656	-2	10	7	8	8	9	8	8	8	-2	73	72	71	70	69	70	71	67	-2	129	128	127	121	126	127	125	120	-1
1001001000	-2	10782	8631.889	3220.463	8.25	0.829	71.75	2.165	128.875	2.848	8717.778	128.875	0	0	0	9	9	8197	9812	7836	10782	10703	9291	10524	10544	-2	10	7	8	8	9	8	8	8	-2	74	74	72	72	70	72	73	67	-2	132	132	129	126	129	130	130	123	-1
1001001000	-2	10782	8631.889	3220.463	8.25	0.829	71.75	2.165	128.875	2.848	8717.778	128.875	0	0	0	9	9	8197	9812	7836	10782	10703	9291	10524	10544	-2	10	7	8	8	9	8	8	8	-2	74	74	72	72	70	72	73	67	-2	132	132	129	126	129	130	130	123	-1
1001001000	-2	11003	8482.556	3252.223	8.375	0.696	72	2.398	130.75	3.269	8598.333	130.75	0	0	0	9	9	8712	10082	6725	10237	11003	8618	10633	10335	-2	10	8	8	8	9	8	8	8	-2	74	76	70	72	71	71	74	68	-2	135	136	128	128	131	130	132	126	-1
1001001000	-2	11003	8482.556	3252.223	8.375	0.696	72	2.398	130.75	3.269	8598.333	130.75	0	0	0	9	9	8712	10082	6725	10237	11003	8618	10633	10335	-2	10	8	8	8	9	8	8	8	-2	74	76	70	72	71	71	74	68	-2	135	136	128	128	131	130	132	126	-1
1007007000	-2	0	-0.222	0.629	12.5	3.5	98.5	2.5	46.125	43.553	13684	175.625	0	0	8	9	9	0	0	0	0	0	0	0	0	-2	-2	-2	-2	9	-2	16	-2	-2	-2	-2	-2	-2	96	-2	101	-2	-2	-2	21	21	21	118	21	125	21	21	-1
1007007000	-2	52	5.556	16.432	11	4	63.5	2.5	36	25.986	7885.444	105.5	0	0	7	9	9	0	0	0	52	0	0	0	0	-2	-2	-2	-2	7	-2	15	-2	-2	-2	-2	-2	-2	61	-2	66	-2	-2	-2	21	21	21	80	21	82	21	21	-1
1001001000	-2	14948	10881.889	4260.005	10.25	1.92	78.625	6.081	148.25	8.729	15332.444	148.25	0	0	0	9	9	14145	13267	13858	10172	10906	11324	14948	9319	-2	13	9	12	13	9	9	8	9	-2	84	80	87	82	68	76	81	71	-2	154	149	160	148	140	145	158	132	-1
1001001000	-2	14948	10881.889	4260.005	10.25	1.92	78.625	6.081	148.25	8.729	15332.444	148.25	0	0	0	9	9	14145	13267	13858	10172	10906	11324	14948	9319	-2	13	9	12	13	9	9	8	9	-2	84	80	87	82	68	76	81	71	-2	154	149	160	148	140	145	158	132	-1
1001001000	-2	12832	7569.667	4103.228	9	1.658	74.125	4.702	126.125	7.721	11019.778	126.125	0	0	0	9	9	5259	11896	10600	12832	6432	10170	8333	2607	-2	12	8	8	11	8	8	7	10	-2	75	75	81	80	65	73	72	72	-2	122	132	136	137	116	126	124	116	-1
1001001000	-2	12832	7569.667	4103.228	9	1.658	74.125	4.702	126.125	7.721	11019.778	126.125	0	0	0	9	9	5259	11896	10600	12832	6432	10170	8333	2607	-2	12	8	8	11	8	8	7	10	-2	75	75	81	80	65	73	72	72	-2	122	132	136	137	116	126	124	116	-1
1001001000	-2	3697	1528.333	1355.055	6.875	1.452	60.875	3.951	93.25	11.322	2404.222	93.25	0	0	0	9	9	1253	3697	3078	3168	404	1474	681	2	-2	10	6	6	7	6	7	5	8	-2	60	61	68	64	56	63	55	60	-2	98	102	108	103	78	93	90	74	-1
1001001000	-2	3482	1398	1275.892	6.875	1.452	60.875	3.951	93.5	11.269	2404.222	93.25	0	0	0	9	9	1035	3482	2845	3007	409	1140	665	1	-2	10	6	6	7	6	7	5	8	-2	60	61	68	64	56	63	55	60	-2	98	102	108	103	78	93	92	74	-1
1001001000	-2	3658	1167.778	1310.176	6.75	1.199	60.875	2.619	92.875	9.198	2230	92.875	0	0	0	9	9	1060	3256	3658	144	279	1479	571	65	-2	9	5	7	7	6	6	6	8	-2	61	61	66	63	57	61	58	60	-2	100	102	107	88	78	89	95	84	-1
1001001000	-2	3658	1167.778	1310.176	6.75	1.199	60.875	2.619	92.875	9.198	2230	92.875	0	0	0	9	9	1060	3256	3658	144	279	1479	571	65	-2	9	5	7	7	6	6	6	8	-2	61	61	66	63	57	61	58	60	-2	100	102	107	88	78	89	95	84	-1
1001001000	-2	5177	2134.778	1776.269	6.75	1.199	61.625	2.118	102.5	3.5	4429.889	102.5	0	0	0	9	9	1316	3079	5177	963	3147	4458	778	297	-2	9	5	7	7	6	6	6	8	-2	62	62	66	62	58	62	60	61	-2	103	104	110	101	101	104	98	99	-1
1001001000	-2	7026	3001.333	2199.313	6.75	0.829	61.5	1.414	103.625	2.997	5223.889	103.625	0	0	0	9	9	1863	4212	7026	2600	5183	4325	1090	715	-2	8	6	7	8	6	6	6	7	-2	62	62	64	63	60	61	60	60	-2	103	106	109	103	104	105	100	99	-1
1001001000	-2	7026	3001.333	2199.313	6.75	0.829	61.5	1.414	103.625	2.997	5223.889	103.625	0	0	0	9	9	1863	4212	7026	2600	5183	4325	1090	715	-2	8	6	7	8	6	6	6	7	-2	62	62	64	63	60	61	60	60	-2	103	106	109	103	104	105	100	99	-1
1001001000	-2	8849	4630.111	2820.382	7.25	0.968	63.5	1.658	107.75	3.7	6511.778	107.625	0	0	0	9	9	2857	6526	8849	4337	7025	7456	3032	1591	-2	9	6	7	8	7	7	6	8	-2	62	62	67	65	62	63	64	63	-2	105	110	115	106	108	110	106	102	-1
1001001000	-2	8849	4630.111	2820.382	7.25	0.968	63.5	1.658	107.75	3.7	6511.778	107.625	0	0	0	9	9	2857	6526	8849	4337	7025	7456	3032	1591	-2	9	6	7	8	7	7	6	8	-2	62	62	67	65	62	63	64	63	-2	105	110	115	106	108	110	106	102	-1
1001001000	-2	10826	8036.222	3012.668	8	2.062	66.25	2.586	115.25	2.727	8479.333	114.5	0	0	0	9	9	7942	7207	8487	9819	9473	9383	10826	9191	-2	9	6	7	13	7	7	7	8	-2	67	64	68	72	64	65	66	64	-2	115	116	118	118	115	117	114	109	-1
1001001000	-2	10178	7833.111	2906.398	8	2.062	66.25	2.586	115.25	2.727	8479.333	114.5	0	0	0	9	9	7618	7207	8487	9572	9158	9335	10178	8945	-2	9	6	7	13	7	7	7	8	-2	67	64	68	72	64	65	66	64	-2	115	116	118	118	115	117	114	109	-1
1001001000	-2	10860	8080.889	3084.469	7.75	1.09	68.625	1.409	121.25	2.437	8090.778	121.25	0	0	0	9	9	9206	7615	7974	10502	10860	7378	9841	9354	-2	10	6	8	8	8	7	7	8	-2	71	69	70	68	68	69	68	66	-2	124	123	123	118	122	123	120	117	-1
1001001000	-2	10860	8080.889	3084.469	7.75	1.09	68.625	1.409	121.25	2.437	8090.778	121.25	0	0	0	9	9	9206	7615	7974	10502	10860	7378	9841	9354	-2	10	6	8	8	8	7	7	8	-2	71	69	70	68	68	69	68	66	-2	124	123	123	118	122	123	120	117	-1
1001001000	-2	10441	7596.111	3009.263	7.625	0.857	68.125	1.053	121	2.179	7609.333	121	0	0	0	9	9	9016	6664	6326	10306	10441	7673	9130	8811	-2	9	6	8	8	8	7	7	8	-2	70	69	68	68	68	68	68	66	-2	124	123	120	118	122	123	120	118	-1
1001001000	-2	10441	7596.111	3009.263	7.625	0.857	68.125	1.053	121	2.179	7609.333	121	0	0	0	9	9	9016	6664	6326	10306	10441	7673	9130	8811	-2	9	6	8	8	8	7	7	8	-2	70	69	68	68	68	68	68	66	-2	124	123	120	118	122	123	120	118	-1
1001001000	-2	9973	7492.556	2891.068	7.625	0.857	67.375	1.409	119.25	2.107	7503.444	119.25	0	0	0	9	9	8592	6324	6942	9633	9973	8169	9615	8187	-2	9	6	7	8	8	8	7	8	-2	70	68	67	68	68	67	66	65	-2	122	121	118	117	120	122	117	117	-1
1009009000	-2	0	-0.222	0.629	-0.01	-0.01	-0.01	-0.01	21	0	10334.222	109.75	0	0	8	9	9	0	0	0	0	0	0	0	0	-2	-2	-2	-2	-2	-2	-2	-2	-2	-2	-2	-2	-2	-2	-2	-2	-2	-2	-2	21	21	21	21	21	21	21	21	-1
1009009000	-2	0	-0.222	0.629	-0.01	-0.01	-0.01	-0.01	21	0	10334.222	109.75	0	0	8	9	9	0	0	0	0	0	0	0	0	-2	-2	-2	-2	-2	-2	-2	-2	-2	-2	-2	-2	-2	-2	-2	-2	-2	-2	-2	21	21	21	21	21	21	21	21	-1
1001001000	-2	5642	2320.778	1784.232	6.875	1.166	62.5	3.24	107.625	3.839	7464.667	107.625	0	0	0	9	9	2441	4183	1083	4003	1408	1507	5642	622	-2	9	6	8	8	6	6	6	6	-2	66	60	65	66	56	62	64	61	-2	112	105	110	111	102	108	111	102	-1
1001001000	-2	5851	2870.444	2178.541	7.125	1.053	66.375	3.569	109.375	4.662	6370.556	109.375	0	0	0	9	9	1611	5551	4241	5851	1978	5121	700	783	-2	9	6	7	8	6	7	6	8	-2	66	63	70	71	60	70	65	66	-2	107	106	115	115	105	116	105	106	-1
1001001000	-2	4940	1978.222	1818.766	6.75	1.199	61.25	3.345	99	7.632	3684.222	99	0	0	0	9	9	1307	3278	4096	3323	461	4940	305	96	-2	9	5	7	7	6	6	6	8	-2	60	60	68	64	56	62	59	61	-2	101	101	110	104	83	103	97	93	-1
1001001000	-2	4332	1534.111	1527.866	6.75	1.199	61.25	3.345	96.5	10.817	3684.222	99	0	0	0	9	9	630	2788	2706	2778	446	4332	127	2	-2	9	5	7	7	6	6	6	8	-2	60	60	68	64	56	62	59	61	-2	101	101	110	104	79	103	95	79	-1
1001001000	-2	3640	1192.222	1083.379	6.75	0.829	60	2	99.75	3.7	4008.444	99.75	0	0	0	9	9	717	2134	3640	594	1128	1766	450	303	-2	8	6	7	7	6	6	6	8	-2	60	61	64	61	57	60	58	59	-2	100	102	108	100	97	99	96	96	-1
1001001000	-2	3640	1192.222	1083.379	6.75	0.829	60	2	99.75	3.7	4008.444	99.75	0	0	0	9	9	717	2134	3640	594	1128	1766	450	303	-2	8	6	7	7	6	6	6	8	-2	60	61	64	61	57	60	58	59	-2	100	102	108	100	97	99	96	96	-1
1001001000	-2	4155	1244.778	1274.699	6.625	0.696	60	1.5	100.625	3.08	4680.889	100.625	0	0	0	9	9	711	1017	4155	438	2846	911	629	498	-2	8	6	7	7	6	6	6	7	-2	60	61	63	60	58	60	58	60	-2	100	102	108	99	100	100	97	99	-1
1001001000	-2	4439	1001	1384.324	6.625	0.696	60	1.5	99.125	5.207	4680.889	100.625	0	0	0	9	9	161	509	4439	203	2365	621	332	381	-2	8	6	7	7	6	6	6	7	-2	60	61	63	60	58	60	58	60	-2	88	102	108	99	100	100	97	99	-1
1001001000	-2	5885	1731.667	1751.298	6.375	0.857	60.25	1.561	103.125	2.522	6319.444	103.125	0	0	0	9	9	924	893	5885	876	3735	1192	1065	1017	-2	8	5	6	7	6	6	6	7	-2	60	59	64	61	59	60	59	60	-2	103	102	109	103	104	103	100	101	-1
1001001000	-2	6141	2123.556	1914.661	6.375	0.857	60.25	1.561	103.125	2.522	6319.444	103.125	0	0	0	9	9	1451	1396	6141	1095	5011	1613	1154	1253	-2	8	5	6	7	6	6	6	7	-2	60	59	64	61	59	60	59	60	-2	103	102	109	103	104	103	100	101	-1
1001001000	-2	6896	2755.111	1865.541	6.75	0.829	61.625	1.867	106	2.55	6309.667	105.75	0	0	0	9	9	1801	2924	6896	1143	4449	2570	2577	2438	-2	8	6	7	8	6	6	6	7	-2	62	60	65	64	59	61	61	61	-2	106	104	112	106	105	107	105	103	-1
1001001000	-2	6896	2755.111	1865.541	6.75	0.829	61.625	1.867	106	2.55	6309.667	105.75	0	0	0	9	9	1801	2924	6896	1143	4449	2570	2577	2438	-2	8	6	7	8	6	6	6	7	-2	62	60	65	64	59	61	61	61	-2	106	104	112	106	105	107	105	103	-1
1001001000	-2	10761	5987.333	2915.9	7.25	1.92	64	2.449	111.375	2.288	7875.778	111	0	0	0	9	9	4876	7566	7083	3088	7134	5635	10761	7745	-2	8	6	7	12	6	6	6	7	-2	67	61	66	68	62	63	63	62	-2	115	109	114	113	111	111	110	108	-1
1001001000	-2	10761	5987.333	2915.9	7.25	1.92	64	2.449	111.375	2.288	7875.778	111	0	0	0	9	9	4876	7566	7083	3088	7134	5635	10761	7745	-2	8	6	7	12	6	6	6	7	-2	67	61	66	68	62	63	63	62	-2	115	109	114	113	111	111	110	108	-1
1001001000	-2	10127	7569.444	2820.681	7.125	0.599	64.5	2.179	114.125	2.421	7835	114.125	0	0	0	9	9	8965	7175	7462	8888	8727	7619	10127	9164	-2	8	6	7	7	7	7	7	8	-2	69	61	66	65	64	64	63	64	-2	119	112	116	114	114	115	111	112	-1
1001001000	-2	10460	7643.556	2856.769	7.625	1.409	64.875	2.472	114.375	2.497	7835	114.125	0	0	0	9	9	9221	7175	7714	8793	8478	7789	10460	9164	-2	8	6	7	11	7	7	7	8	-2	69	61	66	68	64	64	63	64	-2	119	112	116	116	114	115	111	112	-1
1001001000	-2	9704	7619.222	2778.333	7	0.5	63.875	0.927	113.25	1.09	7760.778	113.25	0	0	0	9	9	8513	7295	8207	9070	8117	9328	9704	8341	-2	7	6	7	8	7	7	7	7	-2	65	62	64	65	64	64	63	64	-2	115	113	113	113	114	114	111	113	-1
1005005000	-2	140	26.889	46.131	5	0	52.25	1.639	50.5	30.561	2768.778	89.125	0	0	5	9	9	0	0	140	0	70	0	34	0	-2	-2	5	5	-2	5	-2	5	-2	-2	-2	51	55	-2	51	-2	52	-2	-2	21	67	94	21	88	21	71	21	-1
1001001000	-2	2473	693.333	807.75	7.125	1.053	65.25	3.631	90.75	10.207	5429.111	106.5	0	0	0	9	9	362	1824	505	2473	375	321	354	28	-2	9	6	7	8	6	6	7	8	-2	64	62	70	70	59	68	64	65	-2	83	102	90	111	79	91	89	81	-1
1001001000	-2	1671	643.889	628.522	6.5	1	60.5	2.55	93	8.426	3688.111	99.125	0	0	0	9	9	525	701	1125	1671	104	1563	87	21	-2	8	5	6	7	6	6	6	8	-2	61	60	65	62	56	60	58	62	-2	100	100	94	101	80	99	91	79	-1
1001001000	-2	2713	1216.667	1028.432	6.5	1	60.5	2.55	99.125	4.166	3688.111	99.125	0	0	0	9	9	790	1529	2713	2481	517	2443	322	157	-2	8	5	6	7	6	6	6	8	-2	61	60	65	62	56	60	58	62	-2	102	100	107	101	95	99	96	93	-1
1001001000	-2	2804	809.889	749.022	6.375	0.857	59	1.871	99.375	2.497	4904.222	99.375	0	0	0	9	9	458	845	2804	341	735	826	695	587	-2	8	6	7	6	6	5	6	7	-2	59	60	63	59	56	58	59	58	-2	100	101	105	98	97	98	99	97	-1
1001001000	-2	2804	809.889	749.022	6.375	0.857	59	1.871	99.375	2.497	4904.222	99.375	0	0	0	9	9	458	845	2804	341	735	826	695	587	-2	8	6	7	6	6	5	6	7	-2	59	60	63	59	56	58	59	58	-2	100	101	105	98	97	98	99	97	-1
1001001000	-2	3066	869.667	862.603	6.125	0.781	58.5	2.121	100.5	2.958	6326.222	100.5	0	0	0	9	9	340	465	3066	441	1448	587	878	604	-2	7	6	7	6	5	5	6	7	-2	57	59	63	60	56	57	57	59	-2	99	100	108	101	99	99	98	100	-1
1001001000	-2	2224	533.667	643.139	6.125	0.781	58.5	2.121	96.125	7.688	6326.222	100.5	0	0	0	9	9	235	137	2224	137	771	342	674	285	-2	7	6	7	6	5	5	6	7	-2	57	59	63	60	56	57	57	59	-2	97	85	108	83	99	99	98	100	-1
1001001000	-2	4558	1236	1297.801	5.875	0.781	59	1.732	101.75	2.905	6535	101.75	0	0	0	9	9	447	554	4558	734	2141	1068	960	664	-2	7	5	6	6	6	5	5	7	-2	58	58	63	60	57	59	58	59	-2	101	100	109	102	101	102	99	100	-1
1001001000	-2	4558	1236	1297.801	5.875	0.781	59	1.732	101.75	2.905	6535	101.75	0	0	0	9	9	447	554	4558	734	2141	1068	960	664	-2	7	5	6	6	6	5	5	7	-2	58	58	63	60	57	59	58	59	-2	101	100	109	102	101	102	99	100	-1
1001001000	-2	6078	2109.556	1631.004	6.25	0.661	60.125	1.364	104.375	1.996	7175.778	104.375	0	0	0	9	9	1495	1414	6078	1367	3157	2591	1215	1671	-2	7	6	6	7	6	5	6	7	-2	59	58	62	62	59	60	60	61	-2	104	102	109	105	104	105	103	103	-1
1001001000	-2	6653	3920.889	1892.058	6.25	0.661	61.375	1.654	108.625	1.728	7835.111	108.625	0	0	0	9	9	2373	4169	6653	2502	5347	5120	5110	4016	-2	7	5	6	7	6	6	6	7	-2	63	59	63	64	60	61	60	61	-2	111	107	111	110	107	109	107	107	-1
1001001000	-2	6653	3920.889	1892.058	6.25	0.661	61.375	1.654	108.625	1.728	7835.111	108.625	0	0	0	9	9	2373	4169	6653	2502	5347	5120	5110	4016	-2	7	5	6	7	6	6	6	7	-2	63	59	63	64	60	61	60	61	-2	111	107	111	110	107	109	107	107	-1
1001001000	-2	9099	6632.333	2673.337	6.375	0.484	61.5	1.323	109.75	1.714	7900	109.75	0	0	0	9	9	5026	7375	7808	8506	7138	5813	9099	8928	-2	7	6	6	7	6	6	6	7	-2	63	60	63	63	61	60	60	62	-2	111	108	112	112	109	109	107	110	-1
1001001000	-2	9099	6632.333	2673.337	6.375	0.484	61.5	1.323	109.75	1.714	7900	109.75	0	0	0	9	9	5026	7375	7808	8506	7138	5813	9099	8928	-2	7	6	6	7	6	6	6	7	-2	63	60	63	63	61	60	60	62	-2	111	108	112	112	109	109	107	110	-1
1006006000	-2	123	13.444	38.739	6	0	53.667	1.7	41.875	28.096	3385.222	91.75	0	0	7	9	9	0	0	123	0	0	0	0	0	-2	-2	6	6	-2	-2	-2	6	-2	-2	-2	52	56	-2	-2	-2	53	-2	-2	21	67	95	21	21	21	68	21	-1
1001001000	-2	2766	1017.444	866.318	6.625	0.857	62.875	3.295	99.125	6.604	4402	103.125	0	0	0	9	9	1851	1042	594	2766	91	1704	671	440	-2	8	6	7	7	6	5	7	7	-2	63	59	67	67	57	64	62	64	-2	104	98	87	107	90	103	102	102	-1
1001001000	-2	1146	293.111	332.078	6	0.866	58.5	1.871	90.875	7.407	3236.778	96.875	0	0	0	9	9	251	347	331	1146	14	369	34	148	-2	8	6	6	6	5	5	6	6	-2	59	58	62	59	55	57	59	59	-2	99	97	84	99	76	91	90	91	-1
1001001000	-2	1390	420.667	415.656	6	0.866	58.5	1.871	96.875	3.333	3236.778	96.875	0	0	0	9	9	374	377	826	1390	89	435	78	219	-2	8	6	6	6	5	5	6	6	-2	59	58	62	59	55	57	59	59	-2	99	97	103	99	93	95	97	92	-1
1001001000	-2	784	462.778	214.053	5.875	0.599	57.75	1.92	98.875	2.26	6005.556	98.875	0	0	0	9	9	575	333	784	538	500	579	572	286	-2	7	6	6	6	5	5	6	6	-2	58	58	62	58	56	55	57	58	-2	100	99	104	99	97	96	98	98	-1
1009009000	-2	0	-0.222	0.629	-0.01	-0.01	-0.01	-0.01	21	0	12830.222	129.375	0	0	8	9	9	0	0	0	0	0	0	0	0	-2	-2	-2	-2	-2	-2	-2	-2	-2	-2	-2	-2	-2	-2	-2	-2	-2	-2	-2	21	21	21	21	21	21	21	21	-1
1008008000	-2	96	10.444	30.255	7	0	56	0	30.375	24.804	5657.111	93.875	0	0	7	9	9	0	0	0	0	0	0	96	0	-2	-2	-2	-2	-2	-2	-2	7	-2	-2	-2	-2	-2	-2	-2	-2	56	-2	-2	21	21	21	21	21	21	96	21	-1
1008008000	-2	106	11.556	33.397	7	0	56	0	30.375	24.804	6363	95.625	0	0	7	9	9	0	0	0	0	0	0	106	0	-2	-2	-2	-2	-2	-2	-2	7	-2	-2	-2	-2	-2	-2	-2	-2	56	-2	-2	21	21	21	21	21	21	96	21	-1
1002002000	-2	13802	8366.889	4941.311	10.429	6.068	70	5.732	115.625	36.107	12892.333	124.875	0	0	1	9	9	13802	10211	5579	11999	10657	10994	12062	0	-2	8	7	7	14	6	24	7	-2	-2	68	63	67	74	64	80	74	-2	-2	128	122	125	134	125	138	132	21	-1
1001001000	-2	2528	1112.444	754.687	6.875	1.166	65.875	3.1	101.75	9.497	6906	108.75	0	0	0	9	9	1260	1156	2528	1623	722	1006	1667	52	-2	7	7	7	8	6	5	9	6	-2	65	63	68	72	61	65	66	67	-2	99	99	114	113	107	93	105	84	-1
1001001000	-2	2815	1121.222	832.791	6.875	1.166	65.875	3.1	101.875	9.905	6906	108.75	0	0	0	9	9	1679	1165	820	2815	92	1766	1117	639	-2	7	7	7	8	6	5	9	6	-2	65	63	68	72	61	65	66	67	-2	109	105	92	113	81	108	107	100	-1
1001001000	-2	868	295.444	262.446	5.75	0.661	57.625	1.798	95.625	2.997	3177.444	95.625	0	0	0	9	9	332	140	868	523	134	453	146	65	-2	7	5	6	6	5	5	6	6	-2	56	57	60	59	55	56	58	60	-2	96	95	101	99	93	94	96	91	-1
